5 10 2 2.000000	0.984553 0.001460	0.030654 0.002874	0.002525 0.007574	0.004788 0.005409	0.003691 0.008299	0.003033 0.009099	
5 10 2 2.010000	0.984393 0.002260	0.030969 0.004449	-0.000484 0.001453	0.003448 0.005796	-0.001347 0.005966	0.001048 0.003551	
5 10 2 2.020000	0.984160 0.000600	0.031429 0.001181	0.000000 0.000000	0.005296 0.003810	0.003753 0.005639	0.000153 0.009219	
5 10 2 2.030000	0.983833 0.000500	0.032072 0.000984	0.001405 0.004984	-0.000321 0.003416	0.001742 0.005226	0.002072 0.003830	
5 10 2 2.040000	0.982393 0.000400	0.034903 0.000786	0.001848 0.004765	0.005303 0.004814	0.002103 0.001586	0.003303 0.008814	
5 10 2 2.050000	0.982473 0.000640	0.034746 0.001257	0.000446 0.001337	0.001007 0.003022	0.003013 0.005057	0.000446 0.001337	
5 10 2 2.060000	0.982827 0.001180	0.034051 0.002320	0.004155 0.009370	0.000723 0.002170	0.005251 0.005477	0.000000 0.000000	
5 10 2 2.070000	0.982527 0.000980	0.034641 0.001926	0.003464 0.007232	0.000519 0.001558	0.000764 0.001958	0.002764 0.006333	
5 10 2 2.080000	0.981853 0.001100	0.035964 0.002160	0.000000 0.000000	0.000897 0.001040	0.004252 0.009779	0.003637 0.007136	
5 10 2 2.090000	0.980353 0.000760	0.038907 0.001490	0.006641 0.002510	0.001859 0.005577	0.000839 0.002518	0.005041 0.009090	
5 10 2 2.100000	0.980593 0.000560	0.038437 0.001098	0.002403 0.004737	0.000914 0.002271	0.000000 0.000000	0.002213 0.003769	
5 10 2 2.110000	0.979427 0.000820	0.040723 0.001606	0.000559 0.001676	0.000000 0.000000	0.002590 0.000447	0.001759 0.005276	
5 10 2 2.120000	0.979640 0.001840	0.040305 0.003604	0.002038 0.005659	0.002438 0.003196	0.000133 0.000400	0.003485 0.007255	
5 10 2 2.130000	0.979160 0.000200	0.041246 0.000392	0.000666 0.004925	0.001287 0.003861	0.002936 0.007736	0.000000 0.000000	
5 10 2 2.140000	0.978867 0.001920	0.041819 0.003759	0.000000 0.000000	0.001822 0.003316	0.001650 0.004951	0.003422 0.006916	
5 10 2 2.150000	0.978040 0.000660	0.043438 0.001291	0.005447 0.008277	0.001058 0.003173	0.001212 0.003173	0.000000 0.000000	
5 10 2 2.160000	0.976800 0.002600	0.045861 0.005079	0.000504 0.001512	0.002915 0.006433	0.005890 0.009637	0.000927 0.001079	
5 10 2 2.170000	0.976716 0.000207	0.046027 0.000404	0.004373 0.003844	0.005280 0.009836	0.001358 0.002239	0.007767 0.003844	
5 10 2 2.180000	0.975713 0.000960	0.047983 0.001873	0.002247 0.006741	0.002136 0.004868	0.003336 0.005941	0.002650 0.004127	
5 10 2 2.190000	0.975077 0.001450	0.049225 0.002828	0.000806 0.005445	0.002130 0.006131	-0.000338 0.001014	0.001488 0.004464	
5 10 2 2.200000	0.974893 0.001040	0.049583 0.002028	0.001384 0.006214	0.002922 0.005769	0.000000 0.000000	0.001728 0.005183	
5 10 2 2.210000	0.973930 0.000160	0.051460 0.000312	0.003749 0.001794	0.001018 0.003055	0.000127 0.000382	0.001513 0.004482	
5 10 2 2.220000	0.973593 0.000300	0.052116 0.000584	0.007316 0.005572	0.001156 0.003469	0.002693 0.004825	0.003174 0.007069	
5 10 2 2.230000	0.973960 0.001140	0.051402 0.002221	0.001680 0.005041	0.001364 0.004092	0.000000 0.000000	0.000491 0.001472	
5 10 2 2.240000	0.972447 0.000440	0.054347 0.000856	0.000618 0.001855	0.000292 0.000877	0.001759 0.005277	0.002237 0.006710	
5 10 2 2.250000	0.972820 0.000780	0.053621 0.001518	0.001848 0.003105	0.000781 0.001638	0.002040 0.006121	0.003035 0.009105	
5 10 2 2.260000	0.971333 0.000680	0.056511 0.001321	0.001706 0.005118	0.002808 0.005052	0.001454 0.007342	0.002208 0.006252	
5 10 2 2.270000	0.970173 0.000880	0.058764 0.001707	0.002826 0.008479	0.000000 0.000000	0.002960 0.008879	0.000000 0.000000	
5 10 2 2.280000	0.969587 0.001187	0.059901 0.002301	0.002113 0.006338	0.000134 0.008419	0.000836 0.005032	0.002236 0.006395	
5 10 2 2.290000	0.969430 0.000345	0.060205 0.000669	0.003524 0.009695	0.002304 0.004969	0.000000 0.000000	0.001278 0.002626	
5 10 2 2.300000	0.967687 0.000930	0.063582 0.001800	0.003853 0.009789	0.004859 0.008989	0.000000 0.000000	0.003253 0.007455	
5 10 2 2.310000	0.967993 0.002760	0.062987 0.005341	0.000000 0.000000	0.000785 0.002355	0.005402 0.008510	0.004155 0.006510	
5 10 2 2.320000	0.967464 0.000693	0.064012 0.001342	0.002256 0.006767	0.002846 0.004787	0.002707 0.008122	0.003490 0.006589	
5 10 2 2.330000	0.966293 0.000980	0.066277 0.001894	0.000000 0.000000	0.002882 0.005091	0.000082 0.002064	0.001128 0.003385	
5 10 2 2.340000	0.966300 0.000800	0.066264 0.001546	0.001012 0.003037	0.003607 0.008050	-0.000410 0.001230	0.002346 0.007039	
5 10 2 2.350000	0.965200 0.001680	0.068388 0.003243	0.001963 0.005888	0.000011 0.005593	0.001551 0.005343	0.001851 0.005554	
5 10 2 2.360000	0.964549 0.000520	0.069645 0.001003	0.002499 0.004714	0.002190 0.006571	0.003896 0.009451	0.001740 0.003248	
5 10 2 2.370000	0.963202 0.000800	0.072241 0.001541	-0.000427 0.007872	0.002727 0.006336	0.002808 0.008424	0.000000 0.000000	
5 10 2 2.380000	0.963080 0.000580	0.072477 0.001117	0.002706 0.008118	0.005732 0.009918	0.002745 0.008235	0.002826 0.008477	
5 10 2 2.390000	0.961900 0.001580	0.074748 0.003039	0.000000 0.000000	0.000000 0.000000	0.002481 0.002261	0.000000 0.000000	
5 10 2 2.400000	0.961320 0.000380	0.075864 0.000731	0.005490 0.003184	0.004245 0.007054	-0.000781 0.009439	-0.001204 0.003613	
5 10 2 2.410000	0.960620 0.000453	0.077209 0.000871	0.003050 0.009149	0.003294 0.009881	0.001903 0.005709	0.000413 0.001238	
5 10 2 2.420000	0.959477 0.000430	0.079404 0.000825	0.003682 0.008788	0.004618 0.008521	0.000931 0.002792	0.003004 0.002575	
5 10 2 2.430000	0.958962 0.000245	0.080393 0.000470	0.004596 0.003162	0.005762 0.009937	0.000942 0.002826	0.001728 0.004826	
5 10 2 2.440000	0.957740 0.001040	0.082734 0.001992	0.004206 0.008377	0.002792 0.008377	0.001987 0.004784	-0.000541 0.001623	
5 10 2 2.450000	0.957477 0.001790	0.083238 0.003427	0.005039 0.007623	0.000000 0.000000	0.000932 0.002795	0.001208 0.003623	
5 10 2 2.460000	0.956584 0.000780	0.084946 0.001492	0.005594 0.009258	0.003130 0.009389	-0.000248 0.000744	0.001682 0.005414	
5 10 2 2.470000	0.955968 0.001230	0.086124 0.002352	0.004137 0.006348	0.002930 0.007060	0.000000 0.000000	0.003122 0.008488	
5 10 2 2.480000	0.954151 0.000647	0.089596 0.001234	0.005368 0.009436	0.000000 0.000000	0.004223 0.008682	0.003957 0.007188	
5 10 2 2.490000	0.953696 0.001480	0.090464 0.002823	0.005069 0.007571	0.003075 0.009226	0.000186 0.000559	0.004509 0.008002	
5 10 2 2.500000	0.952063 0.000590	0.093575 0.001123	0.007775 0.008791	0.001121 0.003363	0.003229 0.009686	0.002861 0.007696	
5 10 2 2.510000	0.951973 0.001707	0.093746 0.003249	0.007444 0.007716	0.002646 0.007937	0.001616 0.003080	0.001069 0.003208	
5 10 2 2.520000	0.951000 0.001033	0.095599 0.001965	0.001275 0.002086	0.000000 0.000000	0.003384 0.009018	0.006825 0.007948	
5 10 2 2.530000	0.950387 0.001780	0.096765 0.003382	0.002679 0.004227	0.005831 0.006369	0.000209 0.000627	0.002822 0.008582	
5 10 2 2.540000	0.948598 0.000920	0.100162 0.001745	0.003023 0.005076	0.004337 0.008218	0.002322 0.009745	-0.000487 0.001462	
5 10 2 2.550000	0.948211 0.002533	0.100894 0.004802	0.007834 0.008249	0.002629 0.007888	0.001332 0.003997	0.002053 0.006159	
5 10 2 2.560000	0.948013 0.003100	0.101269 0.005877	0.000000 0.000000	0.002296 0.006888	0.001385 0.004155	0.001588 0.004765	
5 10 2 2.570000	0.946138 0.002250	0.104821 0.004259	0.003576 0.004050	0.001544 0.004633	0.002810 0.006824	0.002030 0.006091	
5 10 2 2.580000	0.945180 0.002700	0.106633 0.005106	0.001641 0.004924	0.005300 0.009694	0.002841 0.008524	0.003714 0.006618	
5 10 2 2.590000	0.943830 0.002420	0.109184 0.004567	0.002755 0.008266	0.002862 0.008585	0.002162 0.003048	0.000000 0.000000	
5 10 2 2.600000	0.941353 0.001690	0.113853 0.003182	0.005542 0.002273	0.002445 0.007335	0.002148 0.004510	0.000792 0.002376	
5 10 2 2.610000	0.942364 0.001153	0.111949 0.002174	0.002953 0.007327	0.004271 0.008174	0.001551 0.003214	0.001227 0.003680	
5 10 2 2.620000	0.940964 0.001060	0.114586 0.001995	0.000000 0.000000	0.002386 0.007157	0.001311 0.004138	0.003292 0.009877	
5 10 2 2.630000	0.941627 0.002840	0.113338 0.005349	0.011471 0.003293	0.000664 0.001992	0.001445 0.004336	0.003492 0.008392	
5 10 2 2.640000	0.939123 0.001045	0.118047 0.001963	0.002295 0.005976	0.003488 0.003350	0.002056 0.006169	0.002233 0.004205	
5 10 2 2.650000	0.936744 0.000307	0.122510 0.000575	0.010670 0.005420	0.001843 0.004235	0.004141 0.006688	-0.001077 0.003232	
5 10 2 2.660000	0.936344 0.001307	0.123259 0.002447	0.008299 0.003707	0.003630 0.007466	0.002986 0.005492	0.001444 0.004332	
5 10 2 2.670000	0.935607 0.001165	0.124640 0.002180	0.001625 0.003298	0.000000 0.000000	0.000301 0.000904	0.002638 0.004269	
5 10 2 2.680000	0.934220 0.004680	0.127229 0.008738	0.003724 0.007555	0.002844 0.007715	0.000305 0.000915	0.000918 0.002755	
5 10 2 2.690000	0.933993 0.004220	0.127653 0.007886	0.007520 0.009252	0.005120 0.005366	0.009120 0.008566	0.002949 0.004966	
5 10 2 2.700000	0.932513 0.001160	0.130419 0.002164	0.002882 0.008647	0.002390 0.009724	0.000189 0.000567	0.003129 0.005153	
5 10 2 2.710000	0.931313 0.001433	0.132655 0.002670	0.007162 0.006020	0.000774 0.002322	0.000684 0.002052	0.003611 0.006992	
5 10 2 2.720000	0.929527 0.000267	0.135980 0.000496	0.003794 0.009636	-0.000031 0.000094	0.004870 0.009636	0.000022 0.000066	
5 10 2 2.730000	0.927517 0.000570	0.139713 0.001057	0.003966 0.008211	0.000000 0.000000	0.001340 0.004020	-0.001586 0.004759	
5 10 2 2.740000	0.927433 0.003000	0.139866 0.005563	0.005110 0.008429	-0.001004 0.004971	0.005485 0.009342	0.000000 0.000000	
5 10 2 2.750000	0.925975 0.002130	0.142570 0.003944	0.006246 0.004127	0.000000 0.000000	0.001538 0.004615	0.007216 0.008404	
5 10 2 2.760000	0.923527 0.000990	0.147098 0.001829	0.000000 0.000000	0.002148 0.008404	-0.000309 0.003025	0.000000 0.000000	
5 10 2 2.770000	0.923058 0.001080	0.147964 0.001994	0.010151 0.003477	0.002920 0.008760	0.006531 0.002011	0.000484 0.004483	
5 10 2 2.780000	0.922781 0.001423	0.148475 0.002626	0.005888 0.002890	0.001672 0.002615	0.001231 0.003692	0.003892 0.007459	
5 10 2 2.790000	0.920553 0.000788	0.152581 0.001451	0.005544 0.009038	0.000525 0.001576	0.004297 0.007703	0.002310 0.006931	
5 10 2 2.800000	0.919537 0.002970	0.154451 0.005462	-0.001313 0.005195	0.002411 0.007233	0.001642 0.004694	0.000075 0.000225	
5 10 2 2.810000	0.918509 0.000673	0.156341 0.001237	0.002598 0.007794	0.000000 0.000000	0.001657 0.004972	0.003183 0.006272	
5 10 2 2.820000	0.916688 0.001480	0.159682 0.002713	0.008520 0.002259	0.002019 0.006056	0.001961 0.005884	-0.000715 0.001228	
5 10 2 2.830000	0.915307 0.002773	0.162212 0.005076	0.003769 0.008065	0.003441 0.007499	0.001133 0.001721	0.002106 0.006317	
5 10 2 2.840000	0.913621 0.000880	0.165297 0.001608	0.005990 0.009822	0.003371 0.007834	0.001881 0.003020	0.001753 0.005260	
5 10 2 2.850000	0.913261 0.000909	0.165954 0.001660	0.005718 0.008492	0.001541 0.004622	0.002217 0.006650	0.002514 0.003983	
5 10 2 2.860000	0.912004 0.002660	0.168247 0.004853	0.006440 0.003483	0.002862 0.008586	0.003643 0.002195	0.001414 0.000987	
5 10 2 2.870000	0.910403 0.001928	0.171167 0.003509	0.005144 0.008960	0.000000 0.000000	0.001586 0.003449	0.001730 0.005190	
5 10 2 2.880000	0.908853 0.003660	0.173983 0.006653	0.010383 0.008986	-0.003280 0.006247	0.001786 0.003353	0.000000 0.000000	
5 10 2 2.890000	0.906662 0.002050	0.177964 0.003718	0.003079 0.006136	0.000708 0.002651	0.006019 0.009501	0.000000 0.000000	
5 10 2 2.900000	0.905671 0.001676	0.179760 0.003036	0.009204 0.008972	0.000194 0.001492	-0.001001 0.003002	0.001685 0.005056	
5 10 2 2.910000	0.904268 0.001711	0.182300 0.003096	0.005489 0.008867	0.002116 0.004576	0.001572 0.004717	-0.000142 0.000426	
5 10 2 2.920000	0.903364 0.000572	0.183933 0.001033	0.007645 0.007023	0.001159 0.003476	0.001486 0.004457	0.003575 0.008685	
5 10 2 2.930000	0.901557 0.000620	0.187194 0.001118	0.007548 0.008789	0.002000 0.006001	0.000000 0.000000	0.002000 0.003607	
5 10 2 2.940000	0.899535 0.000500	0.190837 0.000900	0.009872 0.009543	0.002203 0.006609	0.004364 0.008043	0.004429 0.007594	
5 10 2 2.950000	0.898038 0.001705	0.193527 0.003062	0.004043 0.008838	0.003852 0.007577	0.001418 0.004254	0.000937 0.002811	
5 10 2 2.960000	0.897031 0.001480	0.195335 0.002655	0.002989 0.008967	0.000000 0.000000	0.000000 0.000000	0.003653 0.005858	
5 10 2 2.970000	0.895472 0.001540	0.198129 0.002757	0.006397 0.007203	0.000420 0.001259	0.000573 0.001719	0.003894 0.005957	
5 10 2 2.980000	0.892782 0.001120	0.202940 0.002000	0.013873 0.007733	0.001180 0.006587	0.000118 0.000355	0.002825 0.008475	
5 10 2 2.990000	0.891692 0.001453	0.204885 0.002591	0.009419 0.004104	0.000651 0.001954	0.005091 0.009682	-0.000596 0.001788	
5 10 2 3.000000	0.890122 0.002470	0.207682 0.004398	0.008425 0.006820	0.001523 0.003154	0.000885 0.002654	-0.000815 0.002446	
5 10 2 3.010000	0.888616 0.001890	0.210362 0.003359	0.013750 0.003047	0.004185 0.006638	0.002445 0.007334	0.000000 0.000000	
5 10 2 3.020000	0.887075 0.000235	0.213097 0.000418	0.009775 0.009794	0.000519 0.001556	0.001945 0.005836	0.000398 0.001195	
5 10 2 3.030000	0.884323 0.001040	0.217972 0.001840	0.006641 0.009966	0.001598 0.004793	0.001944 0.005832	0.000086 0.000259	
5 10 2 3.040000	0.883960 0.001407	0.218614 0.002487	0.012647 0.009736	0.000956 0.002867	0.001870 0.005610	0.001562 0.004687	
5 10 2 3.050000	0.880608 0.003450	0.224527 0.006075	0.016494 0.009775	0.002609 0.004537	0.002261 0.006783	0.000836 0.002508	
5 10 2 3.060000	0.880650 0.000935	0.224455 0.001647	0.012889 0.004550	0.000000 0.000000	0.002574 0.007721	-0.000140 0.000421	
5 10 2 3.070000	0.877800 0.001900	0.229467 0.003336	0.006418 0.009446	0.001234 0.003701	0.001634 0.004901	0.004651 0.009219	
5 10 2 3.080000	0.876382 0.001893	0.231953 0.003318	0.021127 0.006021	0.002902 0.008707	0.000000 0.000000	0.000631 0.001892	
5 10 2 3.090000	0.874694 0.002136	0.234909 0.003735	0.014228 0.006354	0.005769 0.009479	0.002679 0.008036	0.001606 0.002769	
5 10 2 3.100000	0.872607 0.001280	0.238557 0.002234	0.008931 0.006098	0.002983 0.004509	0.003716 0.005818	0.002789 0.008367	
5 10 2 3.110000	0.870880 0.002610	0.241567 0.004547	0.012951 0.009979	0.001554 0.002751	0.005103 0.009531	0.001061 0.003182	
5 10 2 3.120000	0.868856 0.001193	0.245090 0.002073	0.014068 0.008719	0.001899 0.005697	0.000000 0.000000	-0.000293 0.001859	
5 10 2 3.130000	0.867659 0.000640	0.247168 0.001111	0.008448 0.009086	0.002534 0.007603	0.001630 0.002787	0.001368 0.003098	
5 10 2 3.140000	0.865004 0.001393	0.251768 0.002409	0.010492 0.006502	0.001136 0.002514	0.000441 0.001324	0.002559 0.007676	
5 10 2 3.150000	0.863023 0.003105	0.255189 0.005358	0.009170 0.005072	0.002289 0.004611	0.000000 0.000000	0.000000 0.000000	
5 10 2 3.160000	0.862296 0.003880	0.256443 0.006693	0.014040 0.002604	0.002162 0.006486	0.002077 0.004565	0.004314 0.009336	
5 10 2 3.170000	0.859630 0.000556	0.261036 0.000955	0.011880 0.009059	0.003736 0.007771	0.000917 0.001745	0.000976 0.002927	
5 10 2 3.180000	0.857385 0.000416	0.264890 0.000713	0.014410 0.004798	0.002408 0.007223	0.001163 0.003490	0.002699 0.006873	
5 10 2 3.190000	0.855240 0.001346	0.268564 0.002302	0.012399 0.005966	0.006230 0.001439	-0.000491 0.001473	0.000000 0.000000	
5 10 2 3.200000	0.853373 0.003307	0.271752 0.005643	0.008054 0.009317	0.004043 0.006297	0.003331 0.009992	-0.000077 0.000232	
5 10 2 3.210000	0.851599 0.000216	0.274780 0.000368	0.018069 0.007599	0.002849 0.006961	-0.000755 0.002264	0.000720 0.002161	
5 10 2 3.220000	0.849104 0.001307	0.279021 0.002219	0.009199 0.008279	0.010075 0.002761	0.001681 0.005042	0.001381 0.009406	
5 10 2 3.230000	0.845493 0.004050	0.285138 0.006852	0.013438 0.006734	0.001449 0.006882	0.000289 0.000867	0.002278 0.006833	
5 10 2 3.240000	0.843931 0.001424	0.287781 0.002403	0.021487 0.003837	0.003078 0.005468	0.003244 0.001677	0.005387 0.008577	
5 10 2 3.250000	0.842679 0.000900	0.289891 0.001517	0.013946 0.008248	0.001465 0.004394	0.002143 0.006430	0.000289 0.001485	
5 10 2 3.260000	0.840693 0.001297	0.293234 0.002180	0.017212 0.007286	0.008688 0.006070	0.002381 0.006376	0.002851 0.004531	
5 10 2 3.270000	0.839039 0.001358	0.296013 0.002278	0.015272 0.009644	0.002252 0.004404	0.004594 0.008904	0.003315 0.009946	
5 10 2 3.280000	0.835580 0.000375	0.301806 0.000627	0.016006 0.009573	0.005062 0.008590	0.000000 0.000000	0.006030 0.000105	
5 10 2 3.290000	0.832131 0.002213	0.307557 0.003683	0.028721 0.008554	0.009050 0.005004	0.002559 0.007677	0.000000 0.000000	
5 10 2 3.300000	0.830825 0.001314	0.309730 0.002184	0.015525 0.005138	0.001858 0.005573	0.000806 0.002419	0.003158 0.007055	
5 10 2 3.310000	0.829553 0.001983	0.311840 0.003289	0.022712 0.006963	0.003779 0.007553	0.002223 0.006670	0.001761 0.002670	
5 10 2 3.320000	0.825151 0.001352	0.319126 0.002232	0.021892 0.006318	0.002822 0.008467	0.001073 0.003220	0.000000 0.000000	
5 10 2 3.330000	0.824554 0.001100	0.320110 0.001814	0.019519 0.007788	-0.000356 0.001068	0.002173 0.004852	0.000177 0.000531	
5 10 2 3.340000	0.821295 0.000855	0.325474 0.001405	0.016846 0.007584	0.002875 0.008626	0.000000 0.000000	0.000000 0.000000	
5 10 2 3.350000	0.819546 0.001244	0.328344 0.002039	0.018544 0.008459	0.004455 0.009534	0.000000 0.000000	0.003259 0.009777	
5 10 2 3.360000	0.815436 0.003728	0.335061 0.006083	0.019408 0.004157	0.010999 0.008479	0.001604 0.004812	0.001409 0.004227	
5 10 2 3.370000	0.813355 0.001528	0.338454 0.002486	0.025734 0.009446	0.001522 0.004565	0.000000 0.000000	0.002647 0.006417	
5 10 2 3.380000	0.812257 0.003457	0.340237 0.005614	0.021602 0.008422	0.001099 0.003296	0.003809 0.009807	0.000000 0.000000	
5 10 2 3.390000	0.808808 0.000554	0.345830 0.000897	0.017143 0.005546	0.003321 0.002787	0.003374 0.008512	0.001375 0.004124	
5 10 2 3.400000	0.806719 0.000109	0.349205 0.000176	0.024288 0.007824	0.002415 0.007245	0.004831 0.009607	0.002117 0.006351	
5 10 2 3.410000	0.803594 0.002414	0.354235 0.003879	0.020502 0.008892	-0.000484 0.001451	0.002666 0.007999	0.002747 0.006214	
5 10 2 3.420000	0.801389 0.002200	0.357775 0.003525	0.018034 0.006772	0.002638 0.006402	-0.000087 0.000262	0.002981 0.008942	
5 10 2 3.430000	0.798669 0.000923	0.362128 0.001474	0.020169 0.001690	0.001943 0.005828	0.000000 0.000000	0.010466 0.007220	
5 10 2 3.440000	0.796997 0.002290	0.364795 0.003651	0.012795 0.002867	0.003373 0.007733	0.000000 0.000000	0.001706 0.005117	
5 10 2 3.450000	0.792840 0.002709	0.371403 0.004294	0.023575 0.008763	0.005686 0.003501	0.000713 0.002139	0.003518 0.005683	
5 10 2 3.460000	0.791157 0.002615	0.374070 0.004138	0.019022 0.008491	0.000000 0.000000	0.000000 0.000000	0.000000 0.000000	
5 10 2 3.470000	0.786118 0.001000	0.382018 0.001572	0.027684 0.008652	-0.002054 0.003822	0.002770 0.008311	0.000000 0.000000	
5 10 2 3.480000	0.784455 0.001160	0.384630 0.001820	0.025277 0.008565	0.005907 0.007569	0.000402 0.001206	0.001371 0.003460	
5 10 2 3.490000	0.782773 0.002536	0.387265 0.003969	0.029810 0.008015	0.004585 0.008885	0.002067 0.003537	0.001918 0.005753	
5 10 2 3.500000	0.779146 0.002508	0.392930 0.003907	0.030738 0.008835	0.003621 0.007309	0.001544 0.004632	0.003695 0.009266	
5 10 2 3.510000	0.777818 0.004890	0.394994 0.007612	0.030023 0.009068	0.002202 0.006621	0.002150 0.006449	0.001640 0.004920	
5 10 2 3.520000	0.773717 0.000767	0.401362 0.001187	0.026352 0.008558	0.002570 0.007710	0.002677 0.008032	0.000000 0.000000	
5 10 2 3.530000	0.769402 0.002185	0.408019 0.003363	0.027302 0.008487	0.001878 0.006391	0.000000 0.000000	0.002428 0.007693	
5 10 2 3.540000	0.766622 0.002184	0.412290 0.003350	0.027851 0.009876	0.002860 0.007347	0.005058 0.009059	0.004112 0.008526	
5 10 2 3.550000	0.763769 0.000970	0.416656 0.001482	0.030056 0.009758	0.001610 0.004831	0.001871 0.005613	0.000531 0.001594	
5 10 2 3.560000	0.761523 0.002874	0.420081 0.004376	0.029025 0.009825	0.002752 0.004784	0.002967 0.008900	0.001118 0.001677	
5 10 2 3.570000	0.756765 0.002740	0.427305 0.004146	0.027591 0.007406	0.005372 0.005920	0.005304 0.009253	0.003989 0.007116	
5 10 2 3.580000	0.753298 0.001891	0.432541 0.002849	0.034332 0.009134	0.003863 0.006923	0.001812 0.005827	0.002256 0.006769	
5 10 2 3.590000	0.750164 0.003810	0.437251 0.005716	0.042899 0.008134	0.002452 0.007355	0.002045 0.006135	0.000255 0.001255	
5 10 2 3.600000	0.747273 0.001709	0.441582 0.002555	0.036256 0.008739	0.008981 0.008566	0.000768 0.002303	0.000000 0.000000	
5 10 2 3.610000	0.745608 0.004944	0.444065 0.007372	0.038118 0.009745	0.002547 0.007642	0.000847 0.002540	0.000000 0.000000	
5 10 2 3.620000	0.740039 0.003772	0.452340 0.005584	0.033700 0.003022	0.004600 0.009193	-0.000115 0.000346	0.001817 0.005452	
5 10 2 3.630000	0.738336 0.002147	0.454858 0.003170	0.037101 0.008806	0.001031 0.003092	0.002963 0.008890	0.002344 0.006676	
5 10 2 3.640000	0.734688 0.004128	0.460230 0.006061	0.041777 0.007715	0.002595 0.007784	0.002399 0.007198	0.002011 0.006034	
5 10 2 3.650000	0.729943 0.000987	0.467183 0.001440	0.039265 0.008038	0.003855 0.004698	0.003080 0.007232	0.003334 0.008792	
5 10 2 3.660000	0.728967 0.001940	0.468607 0.002829	0.028340 0.005730	0.000451 0.001354	0.000000 0.000000	0.000985 0.002954	
5 10 2 3.670000	0.723521 0.001325	0.476517 0.001917	0.036701 0.008245	0.004943 0.009329	0.000000 0.000000	0.001314 0.003943	
5 10 2 3.680000	0.718969 0.002344	0.483083 0.003370	0.045906 0.007182	0.003783 0.009913	0.002262 0.003474	0.003831 0.009374	
5 10 2 3.690000	0.717363 0.002844	0.485389 0.004080	0.040069 0.009600	0.003462 0.005596	0.003678 0.006714	0.007305 0.003927	
5 10 2 3.700000	0.711819 0.001062	0.493314 0.001512	0.041508 0.008273	0.002293 0.004436	0.003182 0.007478	0.002790 0.008370	
5 10 2 3.710000	0.709078 0.001094	0.497209 0.001551	0.042369 0.008588	0.002936 0.005758	0.001790 0.005370	0.001027 0.003082	
5 10 2 3.720000	0.704524 0.002866	0.503644 0.004040	0.046106 0.005095	0.004215 0.008054	0.001227 0.003682	0.001475 0.004425	
5 10 2 3.730000	0.700566 0.004331	0.509204 0.006064	0.042899 0.008223	0.005915 0.009760	0.002029 0.006087	0.000000 0.000000	
5 10 2 3.740000	0.697471 0.001663	0.513533 0.002321	0.041946 0.004697	0.003567 0.007513	-0.000125 0.000376	0.000556 0.001668	
5 10 2 3.750000	0.693816 0.003262	0.518618 0.004525	0.046275 0.009268	0.002847 0.005756	0.003847 0.002660	0.002621 0.007864	
5 10 2 3.760000	0.688766 0.002718	0.525600 0.003743	0.038596 0.007869	0.003870 0.006052	0.001533 0.004600	0.003858 0.006989	
5 10 2 3.770000	0.684943 0.003542	0.530852 0.004854	0.055012 0.004587	0.007241 0.005759	0.001761 0.006227	0.003332 0.009075	
5 10 2 3.780000	0.681552 0.003278	0.535485 0.004471	0.045111 0.003431	0.009850 0.009736	0.001938 0.003347	0.004618 0.007637	
5 10 2 3.790000	0.675610 0.001317	0.543551 0.001779	0.048905 0.004641	0.006971 0.009715	0.000519 0.001556	0.001920 0.004978	
5 10 2 3.800000	0.671729 0.003247	0.548778 0.004359	0.058467 0.006708	0.000123 0.003559	0.002817 0.006326	0.000041 0.000124	
5 10 2 3.810000	0.668417 0.003028	0.553217 0.004048	0.044923 0.002371	0.002323 0.007314	0.000000 0.000000	0.001050 0.003149	
5 10 2 3.820000	0.663774 0.005593	0.559398 0.007420	0.054776 0.007401	0.000000 0.000000	0.003794 0.007793	0.003061 0.007702	
5 10 2 3.830000	0.658927 0.003273	0.565812 0.004310	0.050829 0.005970	0.004518 0.006862	0.003080 0.009239	0.002564 0.003910	
5 10 2 3.840000	0.652279 0.004878	0.574528 0.006366	0.057961 0.006634	0.005956 0.009027	0.002212 0.006637	0.000385 0.001156	
5 10 2 3.850000	0.651249 0.003669	0.575873 0.004778	0.054376 0.004049	0.006299 0.006129	0.003096 0.008706	0.001232 0.003697	
5 10 2 3.860000	0.643596 0.000750	0.585784 0.000965	0.057233 0.009280	0.008720 0.004682	0.002840 0.005319	0.000000 0.000000	
5 10 2 3.870000	0.641209 0.000741	0.588851 0.000951	0.050060 0.006495	0.003265 0.009794	0.005447 0.003614	0.001341 0.004024	
5 10 2 3.880000	0.634872 0.007804	0.596927 0.009921	0.058435 0.008167	0.007577 0.007462	0.001229 0.003688	0.003132 0.009397	
5 10 2 3.890000	0.629759 0.001940	0.603403 0.002445	0.054928 0.006815	0.005022 0.003693	0.000000 0.000000	0.001385 0.005004	
5 10 2 3.900000	0.625639 0.002502	0.608574 0.003129	0.055023 0.007613	0.011309 0.003924	0.001493 0.006493	0.000000 0.000000	
5 10 2 3.910000	0.622255 0.003409	0.612796 0.004244	0.056178 0.005153	0.009812 0.007883	0.002933 0.006226	0.004580 0.008562	
5 10 2 3.920000	0.615973 0.005944	0.620571 0.007323	0.060862 0.005477	0.004348 0.008956	0.001780 0.005341	0.003096 0.009287	
5 10 2 3.930000	0.609763 0.003568	0.628187 0.004348	0.062491 0.009623	0.007186 0.009181	0.000130 0.000390	0.002846 0.008607	
5 10 2 3.940000	0.604071 0.001220	0.635098 0.001474	0.059776 0.008021	0.002367 0.008340	0.000808 0.002425	0.002317 0.006950	
5 10 2 3.950000	0.599482 0.006282	0.640615 0.007533	0.062151 0.004524	0.005115 0.008123	0.000423 0.001269	0.002061 0.006183	
5 10 2 3.960000	0.592859 0.003720	0.648516 0.004406	0.065631 0.008749	0.017238 0.004465	0.002599 0.007798	0.002026 0.006078	
5 10 2 3.970000	0.587171 0.005108	0.655225 0.005992	0.054781 0.002889	0.004949 0.008562	0.002395 0.007186	0.000000 0.000000	
5 10 2 3.980000	0.581583 0.005209	0.661756 0.006054	0.064382 0.005008	0.009165 0.007233	0.008456 0.008983	0.001276 0.003829	
5 10 2 3.990000	0.574485 0.002780	0.669965 0.003192	0.063280 0.008277	0.005878 0.009402	0.003317 0.008069	0.001013 0.009747	
5 10 2 4.000000	0.569637 0.003072	0.675512 0.003501	0.067578 0.008873	0.003766 0.007936	0.003191 0.005484	0.001560 0.004681	
5 10 2 4.010000	0.561872 0.006234	0.684293 0.007009	0.058785 0.008302	0.008266 0.006673	0.003375 0.008597	0.001457 0.004371	
5 10 2 4.020000	0.557734 0.000527	0.688933 0.000588	0.070158 0.009531	0.009641 0.003623	0.004668 0.007951	0.000496 0.001489	
5 10 2 4.030000	0.552106 0.006596	0.695170 0.007271	0.068035 0.008228	0.005841 0.008351	0.001648 0.004943	0.000294 0.000882	
5 10 2 4.040000	0.546085 0.004903	0.701787 0.005358	0.072469 0.006964	0.005534 0.002291	0.005249 0.009922	0.002809 0.006274	
5 10 2 4.050000	0.540834 0.005670	0.707493 0.006127	0.074980 0.007272	0.008080 0.009980	0.001292 0.002462	0.000319 0.000956	
5 10 2 4.060000	0.531872 0.007842	0.717101 0.008353	0.077535 0.003560	0.004050 0.006946	0.003301 0.009296	0.000000 0.000000	
5 10 2 4.070000	0.526024 0.002338	0.723298 0.002459	0.074491 0.008246	0.006650 0.004796	0.000000 0.000000	0.000452 0.001355	
5 10 2 4.080000	0.516949 0.004531	0.732760 0.004682	0.074356 0.003426	0.010693 0.009860	0.001921 0.003244	0.002475 0.005467	
5 10 2 4.090000	0.510269 0.001260	0.739625 0.001285	0.075470 0.003219	0.008518 0.008005	0.000000 0.000000	0.002988 0.005603	
5 10 2 4.100000	0.500231 0.008720	0.749754 0.008744	0.082101 0.004565	0.014551 0.008852	0.004013 0.007224	0.002978 0.005851	
5 10 2 4.110000	0.497277 0.008025	0.752705 0.007981	0.084571 0.005981	0.005319 0.006588	0.001704 0.003355	0.001255 0.003764	
5 10 2 4.120000	0.491209 0.003649	0.758712 0.003586	0.092312 0.009614	0.015855 0.004079	0.003317 0.009950	0.003243 0.009730	
5 10 2 4.130000	0.478643 0.007600	0.770891 0.007272	0.088129 0.003168	0.010803 0.004705	0.000760 0.002280	0.000000 0.000000	
5 10 2 4.140000	0.473746 0.005800	0.775559 0.005502	0.086754 0.008373	0.012017 0.006320	0.001183 0.004027	0.002196 0.006589	
5 10 2 4.150000	0.462164 0.005442	0.786399 0.005024	0.084307 0.008924	0.013886 0.008715	0.001364 0.005224	0.003133 0.008939	
5 10 2 4.160000	0.457864 0.004697	0.790357 0.004305	0.089572 0.007757	0.009691 0.003971	0.004432 0.008759	0.001444 0.004332	
5 10 2 4.170000	0.449888 0.003017	0.797599 0.002716	0.091733 0.001757	0.020879 0.008724	0.007537 0.004432	0.002679 0.008037	
5 10 2 4.180000	0.435974 0.001725	0.809926 0.001503	0.090357 0.003530	0.009390 0.006987	0.004103 0.008413	0.000758 0.002275	
5 10 2 4.190000	0.430948 0.003479	0.814282 0.002998	0.091565 0.007818	0.016477 0.006626	0.003940 0.006445	0.002347 0.003882	
5 10 2 4.200000	0.420008 0.006833	0.823586 0.005740	0.094871 0.006903	0.016834 0.005740	0.000882 0.002647	0.002328 0.002423	
5 10 2 4.210000	0.409058 0.003314	0.832669 0.002708	0.099013 0.004239	0.011093 0.009143	0.004503 0.007227	0.003113 0.006758	
5 10 2 4.220000	0.399256 0.009818	0.840578 0.007835	0.095378 0.003200	0.009250 0.006958	0.000000 0.000000	0.000000 0.000000	
5 10 2 4.230000	0.390933 0.003230	0.847170 0.002525	0.093720 0.007375	0.011187 0.005225	0.007103 0.008282	0.001430 0.007118	
5 10 2 4.240000	0.377476 0.004851	0.857507 0.003667	0.100707 0.005168	0.010756 0.008880	0.000737 0.002211	-0.000006 0.000017	
5 10 2 4.250000	0.366094 0.007142	0.865967 0.005234	0.104258 0.009594	0.013587 0.005288	0.005979 0.004229	0.001994 0.005982	
5 10 2 4.260000	0.357746 0.005571	0.872012 0.003979	0.107227 0.002245	0.016486 0.003490	0.002351 0.007054	0.001666 0.004999	
5 10 2 4.270000	0.337868 0.008007	0.885834 0.005399	0.106761 0.007953	0.017066 0.002195	0.008982 0.007029	0.001429 0.004286	
5 10 2 4.280000	0.331081 0.009849	0.890368 0.006504	0.108437 0.007090	0.017344 0.008104	0.003976 0.008380	0.001368 0.004103	
5 10 2 4.290000	0.320767 0.008027	0.897095 0.005169	0.116089 0.005148	0.014493 0.007542	0.002740 0.008219	0.004799 0.009251	
5 10 2 4.300000	0.297294 0.008422	0.911602 0.004989	0.113246 0.002278	0.025246 0.006699	0.005587 0.009766	0.005604 0.008805	
5 10 2 4.310000	0.287380 0.009886	0.917396 0.005690	0.116356 0.006682	0.016356 0.002426	0.004148 0.005553	0.003763 0.007832	
5 10 2 4.320000	0.264125 0.008540	0.930223 0.004491	0.119080 0.003837	0.015138 0.008546	0.002647 0.007942	0.000000 0.000000	
5 10 2 4.330000	0.248644 0.009013	0.938158 0.004508	0.118958 0.008327	0.020370 0.004430	0.000865 0.002596	0.002352 0.003907	
5 10 2 4.340000	0.225975 0.004127	0.948932 0.001861	0.124109 0.008647	0.017139 0.006218	0.005295 0.008247	0.000000 0.000000	
5 10 2 4.350000	0.203410 0.007722	0.958614 0.003136	0.126965 0.009994	0.019730 0.005510	0.005136 0.009878	0.002851 0.008554	
5 10 2 4.360000	0.170410 0.008737	0.970946 0.002994	0.120946 0.002556	0.025213 0.007844	0.007411 0.007614	-0.000293 0.000880	
5 10 2 4.370000	0.152965 0.002387	0.976601 0.000731	0.128490 0.005612	0.019930 0.009172	0.006497 0.000873	0.002091 0.006273	
5 10 2 4.380000	0.127130 0.009838	0.983821 0.002515	0.131296 0.001983	0.024082 0.001897	0.009096 0.005874	0.003333 0.004387	
5 10 2 4.390000	0.095725 0.002936	0.990835 0.000564	0.136598 0.005133	0.021763 0.006209	0.006010 0.008882	0.001563 0.004689	
5 10 2 4.400000	0.069299 0.009446	0.995180 0.001332	0.134544 0.007663	0.021488 0.006159	0.007294 0.006444	0.004018 0.005248	
5 10 2 4.410000	0.055577 0.004565	0.996908 0.000507	0.133480 0.008483	0.023755 0.005983	0.005836 0.005571	0.004404 0.008779	
5 10 2 4.420000	0.056608 0.008104	0.996781 0.000939	0.135339 0.005593	0.026066 0.004661	0.004902 0.004127	0.001345 0.004036	
5 10 2 4.430000	0.042107 0.005114	0.998222 0.000424	0.130610 0.007000	0.017525 0.009207	0.004303 0.001168	0.003725 0.006484	
5 10 2 4.440000	0.032216 0.004388	0.998959 0.000284	0.138203 0.003843	0.025374 0.004865	0.001514 0.008959	0.007303 0.008271	
5 10 2 4.450000	0.033367 0.006363	0.998880 0.000426	0.133644 0.007733	0.023591 0.008080	0.008122 0.009530	0.001084 0.003252	
5 10 2 4.460000	0.033061 0.005433	0.998901 0.000352	0.131163 0.003404	0.020555 0.009759	0.005422 0.009423	0.004819 0.007393	
5 10 2 4.470000	0.025873 0.007520	0.999321 0.000391	0.133321 0.009191	0.021112 0.009932	0.002359 0.004534	-0.000207 0.000620	
5 10 2 4.480000	0.023014 0.005824	0.999464 0.000274	0.131347 0.008141	0.018947 0.008635	0.000839 0.002352	0.001078 0.002058	
5 10 2 4.490000	0.021453 0.008058	0.999528 0.000334	0.130982 0.007936	0.022048 0.006388	0.002900 0.004388	0.004857 0.000960	
5 10 2 4.500000	0.022554 0.005243	0.999486 0.000243	0.133571 0.003559	0.019971 0.009059	0.015298 0.002138	0.002751 0.004789	
5 10 2 4.510000	0.019664 0.007836	0.999603 0.000307	0.125444 0.007407	0.017406 0.009427	0.005776 0.005089	0.003961 0.008332	
5 10 2 4.520000	0.015384 0.007323	0.999754 0.000217	0.126368 0.006327	0.017551 0.006719	0.004702 0.008276	-0.000114 0.000341	
5 10 2 4.530000	0.019172 0.007796	0.999622 0.000304	0.126822 0.002387	0.018033 0.006336	0.001114 0.002082	0.000389 0.001547	
5 10 2 4.540000	0.021752 0.004891	0.999523 0.000212	0.132056 0.009912	0.016350 0.006750	0.004978 0.006912	0.001068 0.003203	
5 10 2 4.550000	0.022255 0.003215	0.999503 0.000142	0.126081 0.009499	0.013610 0.007298	0.001205 0.003616	0.001162 0.003304	
5 10 2 4.560000	0.014628 0.004780	0.999781 0.000133	0.121348 0.009067	0.017881 0.005633	0.000399 0.003471	0.000000 0.000000	
5 10 2 4.570000	0.016267 0.005754	0.999729 0.000181	0.123977 0.007300	0.017215 0.007795	0.003269 0.008817	0.000084 0.000251	
5 10 2 4.580000	0.013450 0.002862	0.999818 0.000078	0.126048 0.006049	0.018824 0.004667	0.005147 0.008195	0.000845 0.002534	
5 10 2 4.590000	0.011049 0.007087	0.999867 0.000140	0.125212 0.008618	0.021394 0.008842	0.001839 0.003584	0.004231 0.008989	
5 10 2 4.600000	0.012307 0.003531	0.999846 0.000086	0.128323 0.009114	0.021459 0.006496	0.001907 0.005720	0.005209 0.006014	
5 10 2 4.610000	0.010657 0.002920	0.999885 0.000061	0.124677 0.002704	0.015377 0.007414	0.001735 0.004585	0.001134 0.004656	
5 10 2 4.620000	0.012154 0.009624	0.999834 0.000257	0.124697 0.000987	0.019316 0.007460	0.001560 0.004681	0.001691 0.002896	
5 10 2 4.630000	0.010496 0.006852	0.999882 0.000151	0.124122 0.009477	0.015722 0.008631	0.005372 0.005273	0.001611 0.004832	
5 10 2 4.640000	0.012303 0.008190	0.999834 0.000180	0.123734 0.009603	0.012134 0.007603	0.004427 0.008976	0.001837 0.005510	
5 10 2 4.650000	0.011859 0.007265	0.999850 0.000164	0.125545 0.008004	0.018244 0.008739	0.001010 0.003414	0.003444 0.003254	
5 10 2 4.660000	0.010588 0.004983	0.999884 0.000107	0.122199 0.003051	0.014938 0.008115	0.001479 0.004438	0.003693 0.005826	
5 10 2 4.670000	0.012570 0.002041	0.999841 0.000052	0.121420 0.009344	0.016550 0.006496	0.001414 0.003634	0.003200 0.003356	
5 10 2 4.680000	0.013025 0.006494	0.999821 0.000156	0.120608 0.009072	0.021408 0.006436	0.004543 0.008565	0.003005 0.005341	
5 10 2 4.690000	0.010319 0.002219	0.999893 0.000046	0.119645 0.007639	0.015597 0.008519	0.004748 0.009053	0.001198 0.002866	
5 10 2 4.700000	0.010269 0.004493	0.999891 0.000090	0.120047 0.007123	0.015906 0.005235	0.005955 0.009875	0.002335 0.007004	
5 10 2 4.710000	0.011781 0.000980	0.999861 0.000023	0.120172 0.007489	0.012822 0.004623	0.003014 0.007254	0.002328 0.005554	
5 10 2 4.720000	0.011459 0.002018	0.999868 0.000046	0.123394 0.004846	0.017172 0.006979	0.001227 0.003681	0.000113 0.001610	
5 10 2 4.730000	0.010800 0.007515	0.999874 0.000156	0.112740 0.007863	0.015274 0.007137	0.003864 0.007692	0.004126 0.006163	
5 10 2 4.740000	0.010097 0.004228	0.999895 0.000086	0.113006 0.005789	0.016117 0.009391	0.001388 0.003560	0.002501 0.007503	
5 10 2 4.750000	0.009824 0.003472	0.999901 0.000069	0.122765 0.007017	0.015494 0.003641	0.001239 0.003717	0.003493 0.006872	
5 10 2 4.760000	0.009105 0.005840	0.999911 0.000110	0.114489 0.008523	0.013141 0.006855	0.001881 0.003444	0.002783 0.006343	
5 10 2 4.770000	0.012850 0.004322	0.999832 0.000112	0.117361 0.002581	0.019114 0.005861	0.006005 0.001541	0.001117 0.003350	
5 10 2 4.780000	0.011629 0.005080	0.999860 0.000121	0.117816 0.005408	0.015336 0.006702	0.000454 0.001362	0.002481 0.007443	
5 10 2 4.790000	0.009778 0.005382	0.999899 0.000108	0.117335 0.005143	0.012315 0.007956	0.004089 0.004966	0.000000 0.000000	
5 10 2 4.800000	0.007648 0.002797	0.999940 0.000042	0.119467 0.003558	0.016983 0.004977	0.000799 0.001854	0.003259 0.001458	
5 10 2 4.810000	0.011965 0.006177	0.999850 0.000148	0.116374 0.006277	0.007461 0.003441	0.000000 0.000000	0.009956 0.007003	
5 10 2 4.820000	0.009036 0.006378	0.999911 0.000119	0.115645 0.005361	0.012511 0.009321	0.001250 0.003751	-0.000335 0.001005	
5 10 2 4.830000	0.009916 0.005673	0.999895 0.000120	0.116266 0.009631	0.012999 0.007121	0.002703 0.004340	0.003204 0.009611	
5 10 2 4.840000	0.008547 0.000835	0.999927 0.000014	0.124822 0.008959	0.014536 0.003884	0.006936 0.007198	0.002457 0.007370	
5 10 2 4.850000	0.008333 0.002149	0.999930 0.000035	0.112730 0.002315	0.012025 0.003664	0.002386 0.007487	0.000000 0.000000	
5 10 2 4.860000	0.006959 0.008332	0.999937 0.000135	0.111819 0.006705	0.018949 0.001879	0.005582 0.003329	0.000000 0.000000	
5 10 2 4.870000	0.009371 0.003615	0.999910 0.000069	0.108746 0.002500	0.015962 0.008949	0.006579 0.009916	0.000384 0.001152	
5 10 2 4.880000	0.009303 0.003460	0.999911 0.000065	0.106464 0.006873	0.013588 0.005052	0.007589 0.007374	0.005949 0.008417	
5 10 2 4.890000	0.007912 0.002200	0.999937 0.000035	0.113845 0.008964	0.017165 0.006050	0.003273 0.008976	0.000435 0.001304	
5 10 2 4.900000	0.008151 0.002380	0.999933 0.000039	0.119545 0.002854	0.018224 0.008342	0.005911 0.008349	0.001838 0.005515	
5 10 2 4.910000	0.008983 0.001956	0.999919 0.000035	0.114859 0.009202	0.012523 0.005142	0.002879 0.005565	0.002011 0.006032	
5 10 2 4.920000	0.008007 0.002045	0.999935 0.000032	0.112266 0.009064	0.013708 0.009852	0.003586 0.001680	0.004122 0.008812	
5 10 2 4.930000	0.008168 0.002162	0.999932 0.000034	0.107558 0.008625	0.010732 0.008560	0.003690 0.002902	0.002417 0.007251	
5 10 2 4.940000	0.009726 0.002853	0.999904 0.000057	0.109849 0.005846	0.015582 0.006603	0.000000 0.000000	0.000461 0.001383	
5 10 2 4.950000	0.006628 0.007555	0.999944 0.000116	0.110044 0.002594	0.019354 0.004466	0.000000 0.000000	0.002760 0.008279	
5 10 2 4.960000	0.009069 0.004590	0.999914 0.000087	0.112847 0.009863	0.017331 0.007218	0.001297 0.004291	0.000091 0.000274	
5 10 2 4.970000	0.007330 0.004330	0.999943 0.000060	0.111898 0.003873	0.014933 0.006479	0.004280 0.007177	0.000191 0.000574	
5 10 2 4.980000	0.009113 0.005303	0.999912 0.000090	0.110927 0.008398	0.009691 0.003503	0.000365 0.001094	0.001874 0.004966	
5 10 2 4.990000	0.007131 0.005444	0.999943 0.000087	0.113223 0.003756	0.014562 0.005081	0.000000 0.000000	0.000382 0.005728	
5 10 2 5.000000	0.009531 0.006347	0.999902 0.000127	0.107769 0.009233	0.011235 0.008906	0.002229 0.006093	0.003473 0.006226	
