5 10 3 2.000000	0.976915 0.000360	0.045637 0.000703	0.001854 0.005561	0.004178 0.009461	0.004437 0.007888	0.003678 0.006973	
5 10 3 2.010000	0.975370 0.001028	0.048653 0.002005	0.006520 0.002217	0.003417 0.007224	0.001069 0.003207	0.001675 0.005024	
5 10 3 2.020000	0.975200 0.001095	0.048985 0.002136	0.002778 0.008257	0.000307 0.000922	0.001544 0.003775	0.002699 0.007222	
5 10 3 2.030000	0.974000 0.000427	0.051324 0.000833	0.003360 0.008025	0.000000 0.000000	0.004824 0.005928	0.003549 0.007493	
5 10 3 2.040000	0.972873 0.000862	0.053519 0.001678	0.001887 0.005296	0.005197 0.009046	0.001154 0.002644	0.001047 0.002494	
5 10 3 2.050000	0.973145 0.001365	0.052988 0.002657	0.006688 0.006043	0.000174 0.000521	0.000514 0.001543	0.001715 0.004543	
5 10 3 2.060000	0.972190 0.001395	0.054846 0.002713	0.000000 0.000000	0.001814 0.003859	0.003860 0.009983	0.001414 0.003083	
5 10 3 2.070000	0.971010 0.001755	0.057139 0.003409	0.002717 0.006722	0.006539 0.006357	0.006439 0.008291	0.001917 0.004131	
5 10 3 2.080000	0.969904 0.001631	0.059286 0.003165	0.003273 0.009591	0.002314 0.006942	0.000942 0.002826	0.001530 0.003099	
5 10 3 2.090000	0.969710 0.000765	0.059662 0.001484	-0.000983 0.009284	0.004868 0.007767	0.002240 0.005783	-0.000188 0.000564	
5 10 3 2.100000	0.967845 0.001680	0.063275 0.003252	0.003075 0.005352	0.004022 0.007107	0.002653 0.007959	0.000000 0.000000	
5 10 3 2.110000	0.967360 0.002610	0.064213 0.005049	0.000469 0.001408	0.002844 0.007591	0.006813 0.004332	0.000130 0.000391	
5 10 3 2.120000	0.967192 0.001030	0.064540 0.001992	0.000000 0.000000	0.000000 0.000000	0.004046 0.009446	0.001480 0.002273	
5 10 3 2.130000	0.965290 0.003720	0.068212 0.007178	0.001772 0.004619	0.001080 0.002519	0.010812 0.006599	0.000433 0.001298	
5 10 3 2.140000	0.965320 0.001290	0.068157 0.002490	0.005707 0.004290	0.000808 0.002424	0.002221 0.006662	0.001704 0.005112	
5 10 3 2.150000	0.964015 0.002025	0.070674 0.003904	0.002136 0.003211	0.000000 0.000000	0.003807 0.006882	0.002470 0.007411	
5 10 3 2.160000	0.963322 0.000363	0.072010 0.000700	0.001196 0.002984	0.000301 0.000904	0.002826 0.004873	0.002521 0.007564	
5 10 3 2.170000	0.962089 0.000173	0.074385 0.000332	0.003199 0.009597	0.004627 0.007494	0.002091 0.004282	0.001276 0.003828	
5 10 3 2.180000	0.960905 0.000300	0.076661 0.000576	0.001615 0.006617	0.002657 0.004231	0.002031 0.005431	0.000910 0.002731	
5 10 3 2.190000	0.960805 0.000845	0.076853 0.001624	0.002373 0.005764	0.003159 0.007462	0.001437 0.004310	0.004173 0.006712	
5 10 3 2.200000	0.958600 0.003209	0.081083 0.006151	0.000000 0.000000	0.005483 0.004049	0.005383 0.002760	0.000464 0.001393	
5 10 3 2.210000	0.957655 0.001117	0.082897 0.002140	0.001241 0.003724	0.008347 0.003191	0.001685 0.004182	0.002597 0.007201	
5 10 3 2.220000	0.956005 0.004110	0.086051 0.007858	0.001183 0.003549	0.001103 0.003308	0.000566 0.001697	0.000000 0.000000	
5 10 3 2.230000	0.956355 0.002348	0.085384 0.004490	0.005121 0.008164	0.000000 0.000000	0.001000 0.003000	0.001188 0.002664	
5 10 3 2.240000	0.954635 0.000195	0.088672 0.000373	0.002980 0.008333	0.000000 0.000000	0.000000 0.000000	0.000078 0.000233	
5 10 3 2.250000	0.954472 0.001025	0.088983 0.001957	0.002450 0.007351	-0.000070 0.000209	0.002907 0.005367	0.002123 0.006368	
5 10 3 2.260000	0.953343 0.001230	0.091138 0.002345	-0.001120 0.003361	0.000727 0.002180	0.002388 0.002814	0.000760 0.002280	
5 10 3 2.270000	0.951618 0.001717	0.094424 0.003269	0.002517 0.007552	0.001757 0.002542	0.001857 0.001231	0.000000 0.000000	
5 10 3 2.280000	0.951485 0.001950	0.094675 0.003711	0.001244 0.002382	0.000094 0.000282	0.000000 0.000000	0.003544 0.007482	
5 10 3 2.290000	0.948989 0.001343	0.099420 0.002548	0.005220 0.005686	0.003177 0.004562	0.004390 0.009288	0.002196 0.004722	
5 10 3 2.300000	0.948547 0.000480	0.100258 0.000911	0.004807 0.009480	0.002924 0.008771	0.001441 0.004324	0.000000 0.000000	
5 10 3 2.310000	0.947195 0.001763	0.102821 0.003339	0.003892 0.008699	0.004083 0.008201	0.000550 0.001649	0.006471 0.002114	
5 10 3 2.320000	0.946140 0.002085	0.104818 0.003946	0.001308 0.003923	0.002671 0.004223	0.003571 0.007223	0.000863 0.002589	
5 10 3 2.330000	0.944845 0.000540	0.107268 0.001020	0.011968 0.004205	0.001895 0.005686	0.002773 0.008206	0.006168 0.005105	
5 10 3 2.340000	0.943657 0.001445	0.109511 0.002727	0.002857 0.006602	0.001988 0.006039	0.005358 0.003628	0.006331 0.007648	
5 10 3 2.350000	0.941645 0.000885	0.113304 0.001666	0.009671 0.007583	0.002342 0.005304	0.000293 0.000879	0.000000 0.000000	
5 10 3 2.360000	0.941463 0.002670	0.113647 0.005027	0.003860 0.005887	0.000962 0.002887	0.005247 0.002734	0.002899 0.009377	
5 10 3 2.370000	0.939067 0.000210	0.118154 0.000395	0.004904 0.009244	0.000000 0.000000	0.002179 0.006537	0.001547 0.004642	
5 10 3 2.380000	0.937635 0.000563	0.120840 0.001057	0.004840 0.007507	-0.000425 0.001274	0.000708 0.002125	0.007623 0.009142	
5 10 3 2.390000	0.937047 0.001569	0.121942 0.002940	0.002949 0.008846	0.002336 0.007008	0.002109 0.006326	0.001149 0.003448	
5 10 3 2.400000	0.934804 0.001176	0.126141 0.002199	0.004118 0.006376	0.000834 0.002502	0.004304 0.007694	0.004810 0.005425	
5 10 3 2.410000	0.933635 0.002585	0.128324 0.004825	0.009184 0.009755	0.004264 0.008003	0.007714 0.008766	0.001951 0.005853	
5 10 3 2.420000	0.930306 0.002967	0.134529 0.005521	0.009029 0.007457	0.004144 0.007634	0.000000 0.000000	0.000945 0.002834	
5 10 3 2.430000	0.930141 0.002282	0.134837 0.004244	0.002252 0.006700	0.000233 0.000700	0.001718 0.004155	0.000000 0.000000	
5 10 3 2.440000	0.928959 0.001000	0.137036 0.001857	0.005176 0.002823	0.001839 0.003829	0.000000 0.000000	0.002964 0.008891	
5 10 3 2.450000	0.926915 0.001695	0.140828 0.003143	0.001100 0.003299	0.004128 0.007642	0.002147 0.006442	0.000580 0.000899	
5 10 3 2.460000	0.926545 0.002295	0.141513 0.004254	0.015713 0.008767	0.003162 0.009487	0.006063 0.007854	0.001611 0.004832	
5 10 3 2.470000	0.925200 0.002210	0.144004 0.004090	0.001374 0.004121	0.000000 0.000000	0.003751 0.005911	0.000011 0.000021	
5 10 3 2.480000	0.923372 0.003905	0.147382 0.007212	0.007362 0.009240	0.000666 0.001998	0.003030 0.009090	0.002616 0.004638	
5 10 3 2.490000	0.920728 0.000813	0.152259 0.001496	0.008228 0.008996	0.000736 0.003941	0.002904 0.003386	0.000000 0.000000	
5 10 3 2.500000	0.919594 0.002617	0.154346 0.004812	0.005977 0.008883	0.002969 0.005043	0.002003 0.005422	0.002320 0.006960	
5 10 3 2.510000	0.918067 0.002210	0.157152 0.004059	0.000000 0.000000	0.000502 0.001505	0.005591 0.009845	0.000501 0.001866	
5 10 3 2.520000	0.916363 0.000597	0.160278 0.001094	0.001429 0.002774	0.002020 0.006061	0.003284 0.009852	0.000000 0.000000	
5 10 3 2.530000	0.913335 0.001530	0.165818 0.002795	0.008385 0.009650	0.000000 0.000000	0.007218 0.003455	0.001750 0.005250	
5 10 3 2.540000	0.913730 0.001364	0.165096 0.002492	0.006090 0.006904	0.003858 0.006839	0.001427 0.004280	-0.000035 0.001414	
5 10 3 2.550000	0.910409 0.003830	0.171153 0.006977	0.004593 0.004363	0.003780 0.007342	0.001427 0.004282	0.008873 0.004842	
5 10 3 2.560000	0.910113 0.000800	0.171695 0.001456	0.003204 0.008248	0.001831 0.005494	0.001679 0.005231	0.002463 0.005277	
5 10 3 2.570000	0.906982 0.001308	0.177383 0.002373	0.005152 0.006769	0.001015 0.003046	0.004312 0.008077	0.000000 0.000000	
5 10 3 2.580000	0.903008 0.004005	0.184574 0.007235	0.004207 0.006065	0.002339 0.007017	0.004207 0.008765	0.004235 0.007582	
5 10 3 2.590000	0.903598 0.000525	0.183510 0.000950	0.012244 0.005050	-0.001649 0.004946	-0.000282 0.000846	0.000000 0.000000	
5 10 3 2.600000	0.901732 0.000643	0.186880 0.001160	0.003696 0.008628	0.002531 0.006227	0.003620 0.009268	0.000333 0.000999	
5 10 3 2.610000	0.897388 0.002017	0.194693 0.003620	0.010143 0.007480	0.000204 0.000611	-0.000146 0.000439	0.002904 0.008711	
5 10 3 2.620000	0.896928 0.002254	0.195519 0.004043	0.006869 0.004504	0.000249 0.004963	0.005861 0.009846	0.001260 0.003780	
5 10 3 2.630000	0.895270 0.001617	0.198491 0.002894	0.006816 0.008955	0.004136 0.009993	0.000677 0.002030	0.000240 0.000721	
5 10 3 2.640000	0.892875 0.000893	0.202774 0.001594	0.005124 0.008494	0.000375 0.005744	0.000083 0.000248	0.003294 0.005348	
5 10 3 2.650000	0.890729 0.003416	0.206599 0.006082	0.007574 0.009143	0.000000 0.000000	-0.000856 0.002569	-0.000426 0.001278	
5 10 3 2.660000	0.888365 0.002269	0.210806 0.004032	0.010771 0.008063	0.002528 0.007583	0.003968 0.005687	0.001206 0.003103	
5 10 3 2.670000	0.886774 0.000401	0.213632 0.000711	0.011789 0.008284	0.000894 0.002681	0.000000 0.000000	0.003768 0.009401	
5 10 3 2.680000	0.882257 0.001710	0.221622 0.003016	0.010372 0.007759	0.003167 0.005305	0.002954 0.005532	0.004534 0.008115	
5 10 3 2.690000	0.881388 0.001182	0.223155 0.002083	0.010447 0.005505	0.002338 0.008640	0.002542 0.007627	0.003262 0.009787	
5 10 3 2.700000	0.877142 0.001015	0.230621 0.001780	0.024231 0.004953	0.001558 0.004673	0.002509 0.007526	0.002804 0.005126	
5 10 3 2.710000	0.876652 0.001699	0.231481 0.002979	0.012723 0.009342	0.001419 0.004257	0.000000 0.000000	0.000680 0.002039	
5 10 3 2.720000	0.873211 0.000367	0.237503 0.000641	0.012259 0.007969	0.001915 0.004471	0.000000 0.000000	0.002112 0.006336	
5 10 3 2.730000	0.871804 0.001186	0.239958 0.002068	0.008466 0.006376	0.003739 0.007339	0.004258 0.009957	0.000106 0.000317	
5 10 3 2.740000	0.869180 0.003139	0.244525 0.005458	0.013096 0.006292	0.002870 0.008609	0.000265 0.007020	0.000000 0.000000	
5 10 3 2.750000	0.865589 0.002940	0.250755 0.005089	0.008235 0.008831	0.000000 0.000000	0.000000 0.000000	0.003028 0.009083	
5 10 3 2.760000	0.862720 0.000608	0.255715 0.001049	0.015265 0.004242	0.002475 0.005477	0.002197 0.006592	0.000364 0.001092	
5 10 3 2.770000	0.861500 0.004680	0.257813 0.008060	0.010933 0.009427	0.002804 0.008411	0.002365 0.004945	0.000000 0.000000	
5 10 3 2.780000	0.858429 0.002610	0.263099 0.004482	0.007109 0.007674	0.003214 0.006161	0.000000 0.000000	0.002039 0.006116	
5 10 3 2.790000	0.853711 0.004504	0.271174 0.007690	0.011314 0.008896	0.005099 0.005960	0.001245 0.003736	0.004604 0.003914	
5 10 3 2.800000	0.851134 0.001860	0.275571 0.003166	0.014331 0.002206	0.002791 0.008373	0.000000 0.000000	0.006861 0.008984	
5 10 3 2.810000	0.849260 0.001970	0.278758 0.003346	0.012158 0.006374	0.006548 0.009887	0.001405 0.004214	0.000372 0.000981	
5 10 3 2.820000	0.845781 0.001100	0.284655 0.001860	0.014669 0.008332	0.011927 0.003961	0.001099 0.003296	-0.000179 0.000537	
5 10 3 2.830000	0.842519 0.001243	0.290162 0.002094	0.014445 0.005387	0.005623 0.007236	0.003173 0.007582	0.002118 0.004302	
5 10 3 2.840000	0.839359 0.002042	0.295475 0.003428	0.018087 0.006243	0.001203 0.003308	0.003724 0.008216	0.000132 0.000396	
5 10 3 2.850000	0.835961 0.001223	0.301169 0.002044	0.012978 0.005405	0.005510 0.008649	0.001029 0.003087	0.002239 0.004367	
5 10 3 2.860000	0.833599 0.004151	0.305110 0.006925	0.017918 0.009644	0.003926 0.007724	0.003250 0.008435	0.000000 0.000000	
5 10 3 2.870000	0.830073 0.004021	0.310976 0.006681	0.019076 0.006718	0.000000 0.000000	0.000000 0.000000	0.000000 0.000000	
5 10 3 2.880000	0.826834 0.002780	0.316345 0.004600	0.022645 0.006199	0.003795 0.009680	0.001850 0.007540	0.001987 0.008419	
5 10 3 2.890000	0.822344 0.004159	0.323746 0.006845	0.020908 0.006862	0.002233 0.006698	0.002513 0.007538	0.002886 0.007764	
5 10 3 2.900000	0.819572 0.000570	0.328302 0.000935	0.020145 0.009900	0.004642 0.008785	0.000310 0.000931	0.000000 0.000000	
5 10 3 2.910000	0.815140 0.001617	0.335546 0.002636	0.022388 0.003801	0.004589 0.009060	0.002253 0.006758	0.002106 0.003806	
5 10 3 2.920000	0.812684 0.002151	0.339544 0.003495	0.023511 0.009797	0.001134 0.003402	0.003819 0.004380	0.005010 0.009469	
5 10 3 2.930000	0.809487 0.005115	0.344727 0.008281	0.016077 0.007600	0.009210 0.009575	0.000722 0.002165	0.002255 0.006765	
5 10 3 2.940000	0.805172 0.001190	0.351697 0.001917	0.023297 0.009703	0.001915 0.003004	0.004687 0.009398	0.003707 0.008392	
5 10 3 2.950000	0.800413 0.000944	0.359338 0.001511	0.025043 0.006650	0.003185 0.009556	0.000083 0.000249	0.002113 0.006338	
5 10 3 2.960000	0.796430 0.005775	0.365693 0.009191	0.026747 0.007530	0.001788 0.005364	0.003315 0.006833	0.003427 0.007501	
5 10 3 2.970000	0.789789 0.004574	0.376229 0.007225	0.025275 0.009658	0.000082 0.000246	0.001393 0.004180	0.002981 0.008943	
5 10 3 2.980000	0.785970 0.002636	0.382251 0.004143	0.025251 0.009316	0.003520 0.006879	0.000927 0.002780	0.003434 0.007194	
5 10 3 2.990000	0.783723 0.006263	0.385771 0.009827	0.024357 0.009545	0.003718 0.007346	0.003419 0.008153	0.007342 0.002460	
5 10 3 3.000000	0.778792 0.004178	0.393480 0.006506	0.026237 0.008077	0.003242 0.009592	0.000000 0.000000	0.000000 0.000000	
5 10 3 3.010000	0.774287 0.001814	0.400479 0.002810	0.028475 0.007048	0.001847 0.004063	0.000547 0.001641	0.000000 0.000000	
5 10 3 3.020000	0.768666 0.000900	0.409153 0.001384	0.025871 0.007425	0.002285 0.006855	0.000433 0.001298	0.004265 0.007882	
5 10 3 3.030000	0.763637 0.002035	0.416858 0.003107	0.028130 0.007436	0.003277 0.004995	0.001416 0.004247	0.001787 0.005361	
5 10 3 3.040000	0.756698 0.001722	0.427408 0.002607	0.026865 0.008933	0.000000 0.000000	0.000000 0.000000	0.003670 0.005552	
5 10 3 3.050000	0.753573 0.003083	0.432125 0.004644	0.029114 0.006285	0.003569 0.005383	0.000000 0.000000	0.000000 0.000000	
5 10 3 3.060000	0.748252 0.001311	0.440118 0.001962	0.031048 0.002644	0.003013 0.009039	0.004692 0.009301	0.000000 0.000000	
5 10 3 3.070000	0.743233 0.003262	0.447603 0.004846	0.033253 0.002344	0.002392 0.007176	0.001173 0.002962	0.003206 0.007670	
5 10 3 3.080000	0.738071 0.004799	0.455248 0.007083	0.036981 0.005217	0.002055 0.003637	0.002690 0.008071	0.000575 0.001134	
5 10 3 3.090000	0.732093 0.002874	0.464038 0.004207	0.023488 0.007004	0.009291 0.009936	0.002815 0.008234	0.000000 0.000000	
5 10 3 3.100000	0.724549 0.005737	0.475024 0.008312	0.036999 0.004712	0.001334 0.004002	0.002917 0.008752	0.001495 0.004484	
5 10 3 3.110000	0.716756 0.005882	0.486254 0.008426	0.031726 0.002580	0.002871 0.005931	0.001586 0.003746	0.001997 0.005991	
5 10 3 3.120000	0.712901 0.003269	0.491770 0.004660	0.036642 0.006111	0.004495 0.004197	0.003688 0.007087	0.003235 0.009704	
5 10 3 3.130000	0.705613 0.002510	0.502109 0.003541	0.036077 0.008654	0.008610 0.007911	0.000206 0.000619	0.001323 0.002860	
5 10 3 3.140000	0.698109 0.006576	0.512636 0.009190	0.037093 0.008597	0.001087 0.003261	0.002543 0.007699	0.002672 0.004851	
5 10 3 3.150000	0.692161 0.004617	0.520910 0.006394	0.041226 0.004174	0.004463 0.009677	0.002346 0.006843	0.002347 0.007042	
5 10 3 3.160000	0.685794 0.002380	0.529686 0.003263	0.046202 0.008721	0.001944 0.004830	0.003122 0.009367	0.001310 0.003931	
5 10 3 3.170000	0.676367 0.001708	0.542527 0.002310	0.043727 0.001194	0.005562 0.007090	0.002355 0.006800	0.000162 0.000469	
5 10 3 3.180000	0.670166 0.002118	0.550877 0.002840	0.042648 0.009993	0.004659 0.005360	0.003684 0.008713	0.006148 0.007409	
5 10 3 3.190000	0.659183 0.007491	0.565468 0.009872	0.049012 0.006172	0.011498 0.006747	0.001974 0.005923	0.002549 0.005453	
5 10 3 3.200000	0.650152 0.005321	0.577298 0.006920	0.043290 0.005587	0.002775 0.008325	0.000000 0.000000	0.000000 0.000000	
5 10 3 3.210000	0.636844 0.003112	0.594428 0.003964	0.049088 0.006540	0.000000 0.000000	0.001944 0.005832	0.000708 0.002124	
5 10 3 3.220000	0.634659 0.006152	0.597202 0.007815	0.052808 0.006816	0.005382 0.002175	0.001464 0.004445	0.000000 0.000000	
5 10 3 3.230000	0.625757 0.005906	0.608422 0.007388	0.056277 0.009624	0.002264 0.006791	0.001137 0.003410	0.000000 0.000000	
5 10 3 3.240000	0.611714 0.005445	0.625800 0.006660	0.054434 0.001795	0.006740 0.009957	0.000000 0.000000	0.000000 0.000000	
5 10 3 3.250000	0.599215 0.008351	0.640926 0.009986	0.059893 0.005576	0.006951 0.001149	0.001023 0.003070	0.002793 0.006041	
5 10 3 3.260000	0.025700 0.004451	0.999336 0.000232	0.128554 0.009279	0.020114 0.003623	0.006841 0.009729	0.000463 0.001388	
5 10 3 3.270000	0.015808 0.003570	0.999748 0.000115	0.130048 0.009325	0.018781 0.006610	0.004391 0.009132	0.001994 0.003419	
5 10 3 3.280000	0.013503 0.004238	0.999815 0.000117	0.121181 0.002569	0.023531 0.003581	0.009241 0.006975	0.001449 0.004347	
5 10 3 3.290000	0.015828 0.008100	0.999739 0.000256	0.122972 0.006523	0.024950 0.005444	0.002084 0.004448	0.004373 0.008418	
5 10 3 3.300000	0.016827 0.005216	0.999712 0.000174	0.124072 0.001460	0.017052 0.009566	0.003254 0.009761	0.000750 0.002250	
5 10 3 3.310000	0.013501 0.002541	0.999816 0.000071	0.123179 0.009708	0.018216 0.009229	0.003895 0.003113	0.000651 0.001987	
5 10 3 3.320000	0.012522 0.002410	0.999842 0.000061	0.122285 0.002633	0.017842 0.002801	0.005674 0.001697	0.001339 0.004018	
5 10 3 3.330000	0.008589 0.007243	0.999917 0.000117	0.131817 0.006074	0.013967 0.007243	0.008834 0.004676	0.003038 0.009114	
5 10 3 3.340000	0.015284 0.007145	0.999757 0.000226	0.125117 0.004733	0.019817 0.003173	0.002099 0.004037	0.002822 0.008467	
5 10 3 3.350000	0.010738 0.001980	0.999884 0.000043	0.122157 0.004789	0.011720 0.007626	0.003282 0.009846	0.006353 0.009567	
5 10 3 3.360000	0.011795 0.004685	0.999857 0.000107	0.117224 0.009030	0.016535 0.004670	0.001704 0.005111	0.003320 0.009961	
5 10 3 3.370000	0.009577 0.002255	0.999907 0.000044	0.120087 0.006288	0.018567 0.009328	0.000616 0.001849	0.002243 0.003866	
5 10 3 3.380000	0.012631 0.004463	0.999836 0.000107	0.118554 0.005637	0.020473 0.008435	0.000622 0.001865	0.003460 0.009198	
5 10 3 3.390000	0.011468 0.001607	0.999868 0.000037	0.121895 0.006563	0.015323 0.007709	0.004910 0.008623	0.000946 0.002838	
5 10 3 3.400000	0.012750 0.005303	0.999833 0.000137	0.116066 0.004487	0.017116 0.007987	0.002315 0.004277	0.004462 0.009459	
5 10 3 3.410000	0.011388 0.006057	0.999863 0.000131	0.115163 0.006999	0.024597 0.007131	0.001930 0.002301	0.003517 0.008709	
5 10 3 3.420000	0.010177 0.002553	0.999895 0.000051	0.116295 0.006465	0.011962 0.009949	0.003234 0.008127	-0.000044 0.000131	
5 10 3 3.430000	0.008469 0.003786	0.999926 0.000064	0.117253 0.007138	0.013717 0.007654	0.004641 0.003974	0.002909 0.008726	
5 10 3 3.440000	0.008004 0.002276	0.999935 0.000035	0.118568 0.004365	0.012535 0.004408	0.000602 0.001432	0.001010 0.003828	
5 10 3 3.450000	0.009840 0.003426	0.999901 0.000068	0.119164 0.004112	0.012714 0.003818	0.003515 0.009222	0.001658 0.003973	
5 10 3 3.460000	0.011315 0.003853	0.999869 0.000083	0.117309 0.008617	0.017269 0.008289	0.006744 0.004642	0.003179 0.009538	
5 10 3 3.470000	0.007576 0.002333	0.999942 0.000035	0.120042 0.006020	0.009092 0.007635	0.000878 0.001410	-0.000092 0.000275	
5 10 3 3.480000	0.007067 0.004189	0.999947 0.000062	0.116022 0.001888	0.014272 0.007112	0.003480 0.004712	0.002403 0.007210	
5 10 3 3.490000	0.011489 0.002589	0.999867 0.000059	0.111556 0.007169	0.014267 0.007659	0.002278 0.004797	0.000000 0.000000	
5 10 3 3.500000	0.007728 0.004414	0.999937 0.000070	0.107612 0.003230	0.009212 0.009169	0.004238 0.009948	0.000272 0.000817	
5 10 3 3.510000	0.011961 0.005062	0.999851 0.000129	0.108576 0.006729	0.015926 0.008178	0.003156 0.009467	0.000753 0.001193	
5 10 3 3.520000	0.009636 0.005533	0.999901 0.000098	0.112323 0.009736	0.013923 0.006998	0.004135 0.008366	0.002519 0.006348	
5 10 3 3.530000	0.009806 0.001742	0.999903 0.000033	0.114103 0.006220	0.012546 0.008257	0.002651 0.007952	0.003312 0.007490	
5 10 3 3.540000	0.007740 0.004277	0.999937 0.000062	0.110679 0.005266	0.017579 0.004634	0.002828 0.007311	0.000000 0.000000	
5 10 3 3.550000	0.008464 0.003046	0.999927 0.000053	0.107727 0.003686	0.013716 0.005886	0.005455 0.008396	0.004786 0.006224	
5 10 3 3.560000	0.007215 0.002568	0.999947 0.000038	0.109913 0.007809	0.006296 0.009662	0.001115 0.002512	0.000000 0.000000	
5 10 3 3.570000	0.008004 0.002728	0.999935 0.000043	0.107492 0.006404	0.016235 0.008382	0.003958 0.006614	0.000633 0.001900	
5 10 3 3.580000	0.006824 0.001433	0.999953 0.000019	0.109553 0.004655	0.009353 0.006469	0.000453 0.002386	0.000000 0.000000	
5 10 3 3.590000	0.010296 0.002249	0.999893 0.000045	0.109668 0.005781	0.009018 0.008139	0.002515 0.006535	0.002717 0.008151	
5 10 3 3.600000	0.007694 0.002930	0.999939 0.000043	0.107906 0.003567	0.018773 0.004057	0.000000 0.000000	0.001007 0.003021	
5 10 3 3.610000	0.007566 0.002126	0.999942 0.000031	0.108675 0.005303	0.008775 0.004628	0.005768 0.007548	0.004197 0.007562	
5 10 3 3.620000	0.006952 0.004152	0.999948 0.000062	0.110463 0.007567	0.013091 0.006281	0.000000 0.000000	0.003475 0.006694	
5 10 3 3.630000	0.006540 0.004132	0.999954 0.000050	0.109454 0.008411	0.015197 0.008097	0.000000 0.000000	0.001097 0.003291	
5 10 3 3.640000	0.007814 0.005175	0.999933 0.000088	0.110600 0.009806	0.013067 0.007312	0.004675 0.009865	0.003292 0.009877	
5 10 3 3.650000	0.006656 0.002166	0.999955 0.000028	0.102995 0.004828	0.015455 0.006752	0.005511 0.008984	0.000000 0.000000	
5 10 3 3.660000	0.006489 0.004908	0.999953 0.000059	0.103039 0.004243	0.008096 0.005614	0.000000 0.000000	0.003318 0.009567	
5 10 3 3.670000	0.008003 0.003718	0.999934 0.000059	0.104520 0.004781	0.011347 0.009892	0.001072 0.003217	0.003239 0.004904	
5 10 3 3.680000	0.007295 0.003248	0.999945 0.000049	0.107705 0.005689	0.009365 0.005560	0.002465 0.007395	0.002143 0.006430	
5 10 3 3.690000	0.009115 0.004076	0.999914 0.000073	0.106989 0.009822	0.013564 0.007684	0.000000 0.000000	0.000717 0.002152	
5 10 3 3.700000	0.008019 0.003280	0.999934 0.000051	0.099448 0.006779	0.007534 0.006506	0.003429 0.003992	0.000504 0.001512	
5 10 3 3.710000	0.007627 0.001182	0.999942 0.000018	0.101492 0.009868	0.012625 0.004918	0.001683 0.005050	0.003687 0.009343	
5 10 3 3.720000	0.007051 0.001019	0.999950 0.000014	0.107100 0.005086	0.017650 0.009440	0.000516 0.001548	0.004531 0.009344	
5 10 3 3.730000	0.007975 0.004431	0.999933 0.000074	0.104508 0.006464	0.013358 0.007636	0.002874 0.006274	0.002842 0.006362	
5 10 3 3.740000	0.006937 0.006309	0.999944 0.000096	0.102087 0.002818	0.018259 0.003311	0.000966 0.003139	-0.000230 0.000691	
5 10 3 3.750000	0.005650 0.000565	0.999968 0.000006	0.104454 0.004461	0.010297 0.005404	0.002855 0.008565	0.000000 0.000000	
5 10 3 3.760000	0.006966 0.001569	0.999951 0.000023	0.096680 0.004202	0.009089 0.007473	0.000000 0.000000	0.002762 0.008286	
5 10 3 3.770000	0.006763 0.001787	0.999954 0.000024	0.104012 0.006199	0.012262 0.008870	0.003110 0.005243	0.002060 0.002655	
5 10 3 3.780000	0.007653 0.001255	0.999941 0.000019	0.099108 0.006598	0.005008 0.004217	0.001551 0.004653	0.000034 0.000103	
5 10 3 3.790000	0.006884 0.004533	0.999949 0.000062	0.097483 0.009562	0.012049 0.009366	0.004610 0.007751	0.005232 0.008117	
5 10 3 3.800000	0.006126 0.002773	0.999961 0.000034	0.100511 0.005910	0.011461 0.009960	0.000921 0.001501	0.001810 0.003344	
5 10 3 3.810000	0.005976 0.002727	0.999963 0.000034	0.098213 0.009754	0.014738 0.004609	-0.000125 0.000374	0.002725 0.008176	
5 10 3 3.820000	0.007891 0.004251	0.999935 0.000067	0.100010 0.009067	0.006528 0.004281	0.000659 0.002049	0.000000 0.000000	
5 10 3 3.830000	0.007946 0.008984	0.999923 0.000144	0.100223 0.006756	0.010223 0.008652	0.008273 0.004703	0.000738 0.002215	
5 10 3 3.840000	0.006652 0.004269	0.999952 0.000051	0.094666 0.001162	0.010452 0.008105	0.000362 0.001085	0.000000 0.000000	
5 10 3 3.850000	0.006944 0.008544	0.999939 0.000124	0.103139 0.007592	0.006373 0.009892	0.000000 0.000000	0.005342 0.008668	
5 10 3 3.860000	0.008165 0.003115	0.999931 0.000054	0.097265 0.008954	0.010126 0.004302	0.001341 0.004023	0.002033 0.006100	
5 10 3 3.870000	0.005992 0.002198	0.999963 0.000025	0.099063 0.007881	0.004110 0.006253	-0.001016 0.003047	0.004012 0.009159	
5 10 3 3.880000	0.006899 0.002523	0.999951 0.000034	0.098451 0.005464	0.012772 0.006077	0.000000 0.000000	0.000623 0.001869	
5 10 3 3.890000	0.007786 0.001962	0.999939 0.000029	0.093372 0.002171	0.008672 0.008299	-0.000290 0.000871	0.002349 0.005429	
5 10 3 3.900000	0.006529 0.000455	0.999957 0.000006	0.097382 0.008698	0.011807 0.007427	0.000418 0.001254	0.000069 0.000208	
5 10 3 3.910000	0.009952 0.002916	0.999899 0.000057	0.099099 0.009843	0.020699 0.008440	0.003489 0.007175	0.000992 0.002975	
5 10 3 3.920000	0.006614 0.001255	0.999956 0.000017	0.096829 0.006979	0.011016 0.008737	0.000829 0.002488	0.002854 0.005162	
5 10 3 3.930000	0.005251 0.006566	0.999965 0.000069	0.094515 0.009277	0.011840 0.006144	-0.000019 0.005798	0.001474 0.004423	
5 10 3 3.940000	0.007454 0.001766	0.999944 0.000026	0.093484 0.003286	0.009604 0.007726	0.001410 0.004230	0.000005 0.004126	
5 10 3 3.950000	0.006318 0.001192	0.999960 0.000015	0.090760 0.007699	0.013446 0.007657	0.004035 0.006452	0.002582 0.006550	
5 10 3 3.960000	0.005404 0.003394	0.999968 0.000040	0.100454 0.005874	0.008640 0.008917	0.004308 0.009643	0.002584 0.004457	
5 10 3 3.970000	0.005727 0.003545	0.999965 0.000044	0.095131 0.002543	0.009931 0.004601	0.001012 0.003035	0.003706 0.005499	
5 10 3 3.980000	0.005418 0.002164	0.999970 0.000023	0.096120 0.004339	0.009303 0.006989	0.002327 0.006982	0.002650 0.005182	
5 10 3 3.990000	0.006471 0.000425	0.999958 0.000006	0.094483 0.007856	0.010516 0.009805	0.003249 0.005686	0.002158 0.004031	
5 10 3 4.000000	0.005864 0.002229	0.999965 0.000025	0.087585 0.008456	0.005620 0.007235	0.002470 0.007409	0.002895 0.004430	
5 10 3 4.010000	0.005178 0.001691	0.999973 0.000018	0.093773 0.006114	0.006473 0.004686	-0.000430 0.001291	0.003046 0.007341	
5 10 3 4.020000	0.005639 0.001485	0.999968 0.000017	0.093888 0.008623	0.009128 0.003883	0.001751 0.006417	0.001442 0.002376	
5 10 3 4.030000	0.005846 0.002292	0.999965 0.000025	0.090625 0.004920	0.007345 0.008315	0.001965 0.004100	0.001563 0.004690	
5 10 3 4.040000	0.007705 0.000821	0.999941 0.000013	0.090895 0.005335	0.005604 0.006996	0.002276 0.005253	0.001794 0.008145	
5 10 3 4.050000	0.005303 0.005077	0.999967 0.000057	0.097307 0.007077	0.010007 0.009769	0.000000 0.000000	0.003737 0.008779	
5 10 3 4.060000	0.006388 0.001868	0.999958 0.000025	0.083992 0.005598	0.010692 0.005423	0.000022 0.000067	0.000000 0.000000	
5 10 3 4.070000	0.006227 0.000325	0.999961 0.000004	0.090061 0.000604	0.006880 0.005670	0.000403 0.001210	0.002413 0.004264	
5 10 3 4.080000	0.007182 0.005804	0.999943 0.000080	0.092193 0.008692	0.008299 0.007383	0.001938 0.003708	0.000490 0.001469	
5 10 3 4.090000	0.004683 0.002808	0.999976 0.000029	0.087491 0.006927	0.009922 0.008893	0.001257 0.003772	0.000000 0.000000	
5 10 3 4.100000	0.006976 0.004946	0.999947 0.000067	0.086667 0.007829	0.007527 0.007709	0.001107 0.003321	0.000000 0.000000	
5 10 3 4.110000	0.004942 0.005301	0.999970 0.000057	0.097670 0.001452	0.004890 0.006852	0.002015 0.007677	0.002919 0.005004	
5 10 3 4.120000	0.005583 0.002080	0.999968 0.000024	0.089668 0.004924	0.007168 0.009324	0.000000 0.000000	0.000217 0.000652	
5 10 3 4.130000	0.006221 0.001498	0.999961 0.000019	0.091428 0.006635	0.009394 0.003136	0.000907 0.001935	-0.000210 0.000631	
5 10 3 4.140000	0.006292 0.002146	0.999960 0.000027	0.093120 0.006405	0.006365 0.007152	0.003139 0.008521	0.000000 0.000000	
5 10 3 4.150000	0.006427 0.001374	0.999958 0.000018	0.091144 0.007318	0.012244 0.009721	0.002403 0.004257	0.000131 0.000393	
5 10 3 4.160000	0.006379 0.002919	0.999958 0.000036	0.089258 0.004224	0.005008 0.005826	0.001658 0.000855	0.001326 0.003977	
5 10 3 4.170000	0.005461 0.003939	0.999968 0.000043	0.081918 0.007302	0.007368 0.007398	0.000000 0.000000	0.002440 0.007319	
5 10 3 4.180000	0.005481 0.002301	0.999969 0.000024	0.091236 0.006476	0.004002 0.006176	0.004137 0.009383	0.005941 0.008229	
5 10 3 4.190000	0.005453 0.003479	0.999968 0.000037	0.089205 0.001428	0.007165 0.007484	0.007462 0.003230	0.003154 0.003497	
5 10 3 4.200000	0.004536 0.003210	0.999978 0.000031	0.087611 0.007793	0.001348 0.002859	0.002220 0.006659	0.001553 0.004659	
5 10 3 4.210000	0.006922 0.003817	0.999950 0.000053	0.080650 0.009569	0.012250 0.009878	0.004650 0.007169	0.004942 0.009375	
5 10 3 4.220000	0.005148 0.000464	0.999973 0.000005	0.090245 0.005526	0.005440 0.009098	-0.000135 0.000404	0.001735 0.008395	
5 10 3 4.230000	0.006433 0.002005	0.999958 0.000025	0.088250 0.009761	0.005181 0.005978	0.002840 0.004435	0.000000 0.000000	
5 10 3 4.240000	0.004771 0.002165	0.999976 0.000020	0.084343 0.002684	0.016643 0.006704	0.000857 0.002572	0.000000 0.000000	
5 10 3 4.250000	0.004947 0.000996	0.999975 0.000010	0.091267 0.009802	0.007759 0.003491	0.001995 0.003369	0.000000 0.000000	
5 10 3 4.260000	0.006515 0.002893	0.999956 0.000039	0.088931 0.001911	0.007570 0.002025	0.000461 0.001382	0.004612 0.005336	
5 10 3 4.270000	0.006408 0.000577	0.999959 0.000007	0.085506 0.009322	0.007018 0.007672	0.001919 0.005756	0.000000 0.000000	
5 10 3 4.280000	0.007078 0.002819	0.999948 0.000042	0.084728 0.009904	0.008483 0.009202	0.003072 0.006997	0.000381 0.001144	
5 10 3 4.290000	0.006529 0.002960	0.999956 0.000041	0.082984 0.007159	0.007670 0.006462	0.002356 0.007067	0.000000 0.000000	
5 10 3 4.300000	0.005520 0.002049	0.999969 0.000021	0.082941 0.008788	0.006778 0.008188	0.002723 0.004562	0.000000 0.000000	
5 10 3 4.310000	0.005835 0.001088	0.999966 0.000012	0.087649 0.008550	0.002495 0.005412	0.000000 0.000000	0.001094 0.002349	
5 10 3 4.320000	0.005823 0.001891	0.999965 0.000022	0.084912 0.005388	0.010381 0.001674	0.002529 0.009856	0.000738 0.001658	
5 10 3 4.330000	0.005139 0.001220	0.999973 0.000012	0.081084 0.008946	0.008607 0.005408	-0.000077 0.000232	0.000112 0.000337	
5 10 3 4.340000	0.005227 0.002757	0.999971 0.000027	0.085371 0.002847	0.002631 0.006453	0.000696 0.002088	0.002670 0.005762	
5 10 3 4.350000	0.005779 0.005013	0.999961 0.000051	0.076195 0.009056	0.000831 0.002493	0.002416 0.007249	0.002964 0.007249	
5 10 3 4.360000	0.005773 0.001809	0.999966 0.000021	0.090477 0.007404	0.005971 0.009208	0.001830 0.000517	0.000000 0.000000	
5 10 3 4.370000	0.005300 0.001385	0.999972 0.000014	0.082032 0.009890	0.003648 0.009065	0.002025 0.009784	0.000000 0.000000	
5 10 3 4.380000	0.006168 0.001239	0.999962 0.000016	0.080407 0.009138	0.012398 0.007130	0.000961 0.002116	0.001331 0.002441	
5 10 3 4.390000	0.005266 0.001745	0.999972 0.000018	0.082652 0.008025	0.007989 0.003504	0.000930 0.002790	0.000129 0.000388	
5 10 3 4.400000	0.005448 0.001288	0.999970 0.000014	0.084315 0.008926	0.011223 0.006220	0.001885 0.005654	-0.000129 0.000387	
5 10 3 4.410000	0.004711 0.002414	0.999977 0.000023	0.081186 0.004387	0.002698 0.003415	0.001729 0.003773	-0.000087 0.000931	
5 10 3 4.420000	0.005441 0.000789	0.999970 0.000009	0.080095 0.002397	0.006770 0.003029	0.001209 0.004237	0.004965 0.009430	
5 10 3 4.430000	0.004571 0.000219	0.999979 0.000002	0.081934 0.007663	0.007156 0.006749	0.000000 0.000000	0.005839 0.008689	
5 10 3 4.440000	0.004006 0.001582	0.999983 0.000012	0.079026 0.007587	0.006312 0.008989	0.007598 0.002187	0.000000 0.000000	
5 10 3 4.450000	0.006038 0.004389	0.999960 0.000055	0.077027 0.007340	0.005699 0.008729	-0.000168 0.003760	0.003043 0.009128	
5 10 3 4.460000	0.004157 0.002458	0.999981 0.000022	0.088315 0.005800	0.001715 0.008800	0.002163 0.006489	0.003193 0.008789	
5 10 3 4.470000	0.005055 0.003370	0.999972 0.000037	0.076094 0.004800	0.008294 0.008370	-0.000173 0.000518	0.001595 0.004786	
5 10 3 4.480000	0.005511 0.005081	0.999965 0.000050	0.083831 0.002991	0.009156 0.006834	0.010038 0.004350	0.003116 0.009204	
5 10 3 4.490000	0.005357 0.001673	0.999971 0.000019	0.079635 0.005013	0.008171 0.009328	0.000000 0.000000	0.000043 0.000128	
5 10 3 4.500000	0.005662 0.002535	0.999967 0.000029	0.084867 0.009929	0.009410 0.007657	0.000944 0.004471	0.002066 0.006197	
5 10 3 4.510000	0.006480 0.003464	0.999956 0.000046	0.082406 0.004246	0.009756 0.001454	0.002073 0.006746	-0.000525 0.001575	
5 10 3 4.520000	0.006426 0.003243	0.999957 0.000041	0.079646 0.009141	0.009310 0.007588	0.003398 0.005263	0.004103 0.007057	
5 10 3 4.530000	0.004167 0.000835	0.999983 0.000007	0.078183 0.009936	0.005744 0.008886	0.002979 0.008936	0.004065 0.007579	
5 10 3 4.540000	0.004262 0.003616	0.999979 0.000034	0.076879 0.006570	0.011313 0.004770	-0.000404 0.001212	0.000000 0.000000	
5 10 3 4.550000	0.005808 0.002864	0.999965 0.000032	0.081265 0.007658	0.004865 0.006632	0.001465 0.004395	-0.000022 0.000067	
5 10 3 4.560000	0.005543 0.001599	0.999969 0.000018	0.082191 0.007163	0.005547 0.006363	0.000000 0.000000	0.001248 0.003743	
5 10 3 4.570000	0.004670 0.004775	0.999974 0.000044	0.063374 0.003925	0.018774 0.006044	0.007574 0.008356	0.002257 0.004577	
5 10 3 4.580000	0.001794 0.001918	0.999996 0.000007	0.091896 0.009903	0.022596 0.008097	0.000796 0.007497	0.002063 0.003396	
5 10 3 4.590000	0.005114 0.001375	0.999974 0.000014	0.076474 0.001739	0.007516 0.007428	0.000858 0.002574	-0.000409 0.001226	
5 10 3 4.600000	0.006161 0.001093	0.999962 0.000014	0.076812 0.004214	0.005362 0.007042	0.002894 0.006813	0.002444 0.005463	
5 10 3 4.610000	0.006143 0.002868	0.999961 0.000034	0.085011 0.003811	0.012854 0.008937	0.001856 0.003834	0.000643 0.001930	
5 10 3 4.620000	0.004955 0.001293	0.999975 0.000013	0.074253 0.004321	0.008365 0.007492	0.004788 0.005900	0.001341 0.004023	
5 10 3 4.630000	0.005908 0.004763	0.999961 0.000051	0.088461 0.009041	0.002730 0.008191	0.006161 0.005410	0.000000 0.000000	
5 10 3 4.640000	0.004829 0.001683	0.999976 0.000016	0.078210 0.008358	0.005875 0.007146	0.002995 0.006751	0.005099 0.008484	
5 10 3 4.650000	0.004668 0.000836	0.999978 0.000008	0.083118 0.008227	0.008849 0.008599	0.000392 0.001175	0.000000 0.000000	
5 10 3 4.660000	0.006052 0.003488	0.999961 0.000043	0.081641 0.008803	0.003511 0.008474	0.001167 0.003500	0.002665 0.006006	
5 10 3 4.670000	0.004614 0.003148	0.999977 0.000028	0.078750 0.007854	0.007141 0.003161	0.002735 0.004202	0.001946 0.003064	
5 10 3 4.680000	0.005714 0.002161	0.999967 0.000025	0.075167 0.006385	0.012327 0.003944	0.000161 0.002144	-0.000302 0.000907	
5 10 3 4.690000	0.004741 0.002418	0.999976 0.000022	0.074916 0.005558	0.010031 0.008701	0.002199 0.006598	0.003734 0.007933	
5 10 3 4.700000	0.005379 0.003261	0.999969 0.000038	0.079694 0.008513	0.009169 0.003487	0.000000 0.000000	0.000415 0.001244	
5 10 3 4.710000	0.004597 0.002416	0.999978 0.000024	0.079618 0.007802	0.012133 0.002916	0.001750 0.003363	0.004319 0.008454	
5 10 3 4.720000	0.005022 0.003007	0.999973 0.000030	0.077707 0.007070	0.011460 0.009556	0.001400 0.004199	0.001405 0.004214	
5 10 3 4.730000	0.004910 0.003579	0.999974 0.000033	0.078449 0.005615	0.010174 0.007885	0.000631 0.001892	0.001815 0.004902	
5 10 3 4.740000	0.004708 0.002981	0.999976 0.000029	0.069476 0.001949	0.007876 0.005561	0.001026 0.004580	0.000066 0.004820	
5 10 3 4.750000	0.006003 0.009962	0.999946 0.000103	0.068846 0.005297	0.002414 0.007241	0.004232 0.008200	0.001799 0.005397	
5 10 3 4.760000	0.005607 0.002205	0.999968 0.000026	0.073334 0.007470	0.002287 0.005285	0.002638 0.007351	0.000148 0.000444	
5 10 3 4.770000	0.004492 0.002962	0.999978 0.000027	0.075298 0.009693	0.014218 0.007647	0.002837 0.009551	0.003828 0.007820	
5 10 3 4.780000	0.004158 0.003840	0.999980 0.000034	0.075607 0.005666	0.005410 0.007076	0.003498 0.000971	0.000517 0.001551	
5 10 3 4.790000	0.005339 0.000600	0.999971 0.000006	0.070031 0.005946	0.000748 0.004266	0.003721 0.007946	0.002573 0.007719	
5 10 3 4.800000	0.003843 0.001582	0.999985 0.000012	0.071985 0.005526	0.005363 0.008700	0.004028 0.008437	0.000000 0.000000	
5 10 3 4.810000	0.002826 0.001414	0.999992 0.000008	0.069958 0.008496	0.002163 0.006488	0.000593 0.007804	0.000029 0.000088	
5 10 3 4.820000	0.004893 0.001882	0.999975 0.000019	0.074875 0.009738	0.002148 0.005283	0.000000 0.000000	0.001843 0.002867	
5 10 3 4.830000	0.004400 0.001108	0.999980 0.000009	0.074005 0.005692	0.009005 0.008474	0.003155 0.009464	-0.000921 0.002764	
5 10 3 4.840000	0.004611 0.002646	0.999978 0.000025	0.072363 0.008033	0.009295 0.005305	0.000950 0.002849	0.001127 0.003382	
5 10 3 4.850000	0.006361 0.001743	0.999959 0.000021	0.075448 0.006588	0.005392 0.004753	0.002034 0.004322	0.000958 0.001585	
5 10 3 4.860000	0.004462 0.001278	0.999980 0.000011	0.075469 0.005344	0.001895 0.003644	0.000000 0.000000	0.002305 0.003490	
5 10 3 4.870000	0.004125 0.001712	0.999982 0.000015	0.072271 0.002466	0.001585 0.004754	0.001878 0.006961	0.002009 0.005524	
5 10 3 4.880000	0.005350 0.002218	0.999971 0.000023	0.069871 0.007523	0.006771 0.006877	0.004471 0.005377	0.000423 0.001269	
5 10 3 4.890000	0.005172 0.001746	0.999973 0.000018	0.080406 0.005087	0.003912 0.007765	0.001184 0.003383	0.000000 0.000000	
5 10 3 4.900000	0.003487 0.003075	0.999986 0.000024	0.081353 0.005597	-0.001138 0.003105	0.005788 0.009371	0.000000 0.000000	
5 10 3 4.910000	0.004691 0.001435	0.999978 0.000013	0.075914 0.005466	0.007111 0.009606	0.002158 0.004049	0.000372 0.001117	
5 10 3 4.920000	0.004495 0.000610	0.999980 0.000005	0.071353 0.002919	0.006937 0.005226	0.002063 0.003106	0.000160 0.000479	
5 10 3 4.930000	0.004311 0.001041	0.999981 0.000009	0.071758 0.008316	0.004064 0.006661	0.004428 0.002791	0.000000 0.000000	
5 10 3 4.940000	0.005177 0.003851	0.999970 0.000036	0.076020 0.004014	0.001602 0.003812	0.000268 0.006980	0.000756 0.006644	
5 10 3 4.950000	0.005180 0.004730	0.999969 0.000051	0.072812 0.005606	0.005296 0.008692	0.001373 0.004119	0.000383 0.001149	
5 10 3 4.960000	0.004412 0.000591	0.999980 0.000005	0.074019 0.009141	0.003945 0.007996	0.001647 0.004941	0.000000 0.000000	
5 10 3 4.970000	0.004626 0.003096	0.999977 0.000028	0.069477 0.003313	0.003597 0.009932	0.000000 0.000000	-0.000054 0.000163	
5 10 3 4.980000	0.004752 0.002403	0.999976 0.000021	0.080143 0.005918	0.003847 0.007668	0.003119 0.007968	0.000000 0.000000	
5 10 3 4.990000	0.005399 0.001470	0.999970 0.000016	0.070590 0.007004	0.002165 0.005520	0.002338 0.004710	0.003054 0.004961	
5 10 3 5.000000	0.004887 0.001899	0.999976 0.000019	0.072303 0.009611	0.004365 0.002671	0.002071 0.003568	0.000309 0.000928	
