5 10 5 2.000000	0.954702 0.001376	0.088543 0.002627	0.004658 0.009446	0.003358 0.005620	0.000783 0.002350	0.000188 0.000564	
5 10 5 2.010000	0.950026 0.003015	0.097449 0.005730	0.002718 0.008155	0.000000 0.000000	0.000000 0.000000	0.002747 0.005835	
5 10 5 2.020000	0.947870 0.005087	0.101538 0.009647	0.000840 0.002022	0.000000 0.000000	-0.000093 0.000474	0.002049 0.006148	
5 10 5 2.030000	0.951196 0.001068	0.095227 0.002032	0.004530 0.005673	0.002068 0.006203	0.003461 0.008820	0.000604 0.001812	
5 10 5 2.040000	0.948134 0.000694	0.101041 0.001317	0.005047 0.008165	0.000242 0.000727	0.009060 0.005361	0.003568 0.009352	
5 10 5 2.050000	0.946813 0.005141	0.103540 0.009729	0.005508 0.007248	0.002338 0.007013	0.000932 0.002797	0.001863 0.005588	
5 10 5 2.060000	0.945331 0.004047	0.106346 0.007646	0.008606 0.007597	0.002568 0.007704	0.002235 0.006704	0.003142 0.009427	
5 10 5 2.070000	0.945105 0.001414	0.106776 0.002672	0.004053 0.009863	0.000000 0.000000	0.001699 0.005096	0.000485 0.001454	
5 10 5 2.080000	0.940391 0.004702	0.115661 0.008844	0.000623 0.001870	0.000000 0.000000	0.000000 0.000000	-0.000489 0.001468	
5 10 5 2.090000	0.941292 0.001094	0.113970 0.002059	0.005375 0.009530	0.002922 0.008766	0.001140 0.002309	0.001332 0.002706	
5 10 5 2.100000	0.939195 0.000233	0.117913 0.000438	0.002993 0.008979	0.000862 0.002585	0.005226 0.009512	0.002801 0.007443	
5 10 5 2.110000	0.937618 0.003260	0.120870 0.006111	0.000295 0.000884	0.007114 0.005774	0.002290 0.005872	0.003204 0.006900	
5 10 5 2.120000	0.932961 0.003747	0.129582 0.006990	0.000638 0.001913	0.005895 0.005755	0.001317 0.003951	0.001253 0.003760	
5 10 5 2.130000	0.934012 0.001355	0.127621 0.002530	0.003942 0.004732	0.000000 0.000000	0.002464 0.007164	0.002932 0.007114	
5 10 5 2.140000	0.932509 0.000806	0.130428 0.001503	0.003746 0.009199	0.001820 0.003914	0.001971 0.005914	0.000000 0.000000	
5 10 5 2.150000	0.927289 0.004830	0.140130 0.008951	0.009689 0.005835	0.000914 0.002741	0.002449 0.007348	0.000776 0.002328	
5 10 5 2.160000	0.928349 0.001037	0.138169 0.001925	0.004417 0.007096	0.001374 0.002248	0.004845 0.009079	0.001661 0.004984	
5 10 5 2.170000	0.924957 0.001183	0.144453 0.002189	0.006167 0.009721	0.001582 0.004746	0.002296 0.006887	0.000645 0.001935	
5 10 5 2.180000	0.922275 0.002123	0.149408 0.003915	0.003535 0.002514	0.002597 0.007792	0.001170 0.003509	0.001297 0.003387	
5 10 5 2.190000	0.919188 0.001456	0.155092 0.002676	0.010870 0.005417	0.001402 0.004205	0.000184 0.000553	0.001386 0.002793	
5 10 5 2.200000	0.917995 0.002140	0.157284 0.003928	0.001475 0.004425	0.004936 0.008152	0.000000 0.000000	0.000399 0.001198	
5 10 5 2.210000	0.913771 0.003498	0.165021 0.006391	0.002774 0.005171	0.000479 0.001436	0.003969 0.006977	0.003377 0.008477	
5 10 5 2.220000	0.913044 0.004335	0.166347 0.007915	0.010444 0.006220	0.003036 0.009107	0.001886 0.005657	0.000000 0.000000	
5 10 5 2.230000	0.906116 0.004486	0.178950 0.008123	0.004199 0.006505	0.000000 0.000000	0.000184 0.000551	0.001184 0.003551	
5 10 5 2.240000	0.906338 0.005166	0.178546 0.009362	0.002996 0.008987	0.004127 0.007948	0.002160 0.006480	0.002423 0.007269	
5 10 5 2.250000	0.906008 0.001245	0.179149 0.002256	0.004364 0.007192	0.000458 0.001375	0.006353 0.008276	0.000000 0.000000	
5 10 5 2.260000	0.902057 0.001313	0.186292 0.002369	0.004616 0.009787	0.000000 0.000000	0.000000 0.000000	0.002706 0.008117	
5 10 5 2.270000	0.899866 0.004595	0.190238 0.008270	0.007363 0.006056	0.001835 0.005504	0.001569 0.004708	0.001500 0.001790	
5 10 5 2.280000	0.896907 0.004299	0.195553 0.007706	0.006701 0.006042	0.000000 0.000000	0.000000 0.000000	0.004863 0.007552	
5 10 5 2.290000	0.012818 0.002062	0.999835 0.000053	0.116192 0.007506	0.015188 0.003372	0.004148 0.001972	0.000630 0.001889	
5 10 5 2.300000	0.010807 0.009069	0.999867 0.000176	0.112089 0.002781	0.019145 0.009092	0.004895 0.009978	0.001047 0.003140	
5 10 5 2.310000	0.012414 0.008016	0.999835 0.000194	0.112656 0.001035	0.012014 0.008265	0.002521 0.007563	0.003080 0.009241	
5 10 5 2.320000	0.008721 0.001759	0.999923 0.000030	0.110697 0.008172	0.012673 0.004102	0.002629 0.006411	0.002804 0.008411	
5 10 5 2.330000	0.007536 0.003637	0.999941 0.000053	0.109358 0.009283	0.015913 0.009030	0.004302 0.009187	0.000361 0.001083	
5 10 5 2.340000	0.011955 0.003974	0.999854 0.000095	0.115164 0.007758	0.013128 0.006298	0.000000 0.000000	0.001074 0.003222	
5 10 5 2.350000	0.009972 0.002737	0.999899 0.000055	0.118427 0.009519	0.016427 0.005314	0.002871 0.006195	0.005487 0.008507	
5 10 5 2.360000	0.009894 0.006608	0.999895 0.000125	0.110471 0.006951	0.013234 0.005778	0.001509 0.002545	0.000651 0.001336	
5 10 5 2.370000	0.010647 0.004867	0.999881 0.000111	0.105065 0.007811	0.015065 0.002039	0.004754 0.008495	0.000819 0.002457	
5 10 5 2.380000	0.007834 0.002934	0.999937 0.000043	0.111175 0.004502	0.014568 0.009079	0.001625 0.003350	0.000426 0.001279	
5 10 5 2.390000	0.008519 0.007592	0.999916 0.000145	0.103949 0.008391	0.016032 0.003041	0.002862 0.007543	-0.000381 0.001142	
5 10 5 2.400000	0.008360 0.004510	0.999926 0.000071	0.111393 0.009896	0.014065 0.008132	0.000195 0.000585	0.001324 0.003598	
5 10 5 2.410000	0.008904 0.001186	0.999920 0.000021	0.108120 0.009445	0.014970 0.006405	0.004390 0.009612	0.000070 0.005605	
5 10 5 2.420000	0.007275 0.001362	0.999947 0.000020	0.106113 0.008620	0.012676 0.001583	0.002297 0.006241	0.001517 0.004268	
5 10 5 2.430000	0.006720 0.005529	0.999949 0.000066	0.106726 0.007093	0.014254 0.009907	0.000530 0.001590	-0.000776 0.006806	
5 10 5 2.440000	0.006440 0.005821	0.999952 0.000080	0.102919 0.008334	0.016369 0.008014	0.002757 0.008270	0.001968 0.004670	
5 10 5 2.450000	0.010544 0.004099	0.999886 0.000089	0.107124 0.001552	0.011195 0.005677	0.001751 0.005253	0.004317 0.009440	
5 10 5 2.460000	0.007736 0.002780	0.999939 0.000042	0.099939 0.007547	0.013404 0.007223	0.003265 0.002499	0.001175 0.003524	
5 10 5 2.470000	0.006896 0.001778	0.999952 0.000024	0.102952 0.003510	0.011985 0.004286	0.003244 0.007865	0.002025 0.006075	
5 10 5 2.480000	0.008278 0.001497	0.999931 0.000025	0.098711 0.008328	0.013620 0.006305	0.002049 0.007305	0.001929 0.005292	
5 10 5 2.490000	0.005609 0.008972	0.999952 0.000125	0.099618 0.005753	0.016368 0.002628	0.005535 0.001125	0.002288 0.003869	
5 10 5 2.500000	0.008198 0.003809	0.999930 0.000058	0.098180 0.006593	0.010130 0.001607	0.000437 0.001310	0.000220 0.000661	
5 10 5 2.510000	0.007567 0.003920	0.999940 0.000063	0.097898 0.001437	0.011315 0.003812	0.000988 0.002964	0.004528 0.008538	
5 10 5 2.520000	0.006630 0.003086	0.999954 0.000043	0.098919 0.008070	0.010514 0.009573	-0.000036 0.000108	0.004296 0.003186	
5 10 5 2.530000	0.009292 0.001307	0.999913 0.000025	0.097559 0.008122	0.010142 0.003897	0.002957 0.005045	0.001153 0.003460	
5 10 5 2.540000	0.006395 0.008717	0.999943 0.000136	0.103693 0.006635	0.004693 0.007115	-0.001974 0.001386	-0.001383 0.004148	
5 10 5 2.550000	0.005186 0.003081	0.999971 0.000031	0.097110 0.006597	0.005555 0.007768	0.005387 0.009623	0.000518 0.001553	
5 10 5 2.560000	0.007780 0.004595	0.999936 0.000068	0.093352 0.000952	0.014811 0.007077	-0.001031 0.003093	-0.000316 0.000949	
5 10 5 2.570000	0.004746 0.002101	0.999977 0.000019	0.098116 0.006987	0.009643 0.003987	0.006310 0.007154	0.000941 0.002135	
5 10 5 2.580000	0.007900 0.001036	0.999937 0.000016	0.091621 0.009843	0.008537 0.007040	0.000666 0.001999	0.002708 0.008124	
5 10 5 2.590000	0.008719 0.003854	0.999921 0.000065	0.094388 0.004393	0.007355 0.004972	0.001019 0.002142	0.001755 0.005264	
5 10 5 2.600000	0.006458 0.004011	0.999956 0.000052	0.099039 0.003686	0.014150 0.002020	0.005285 0.009980	0.010122 0.008448	
5 10 5 2.610000	0.006001 0.000969	0.999964 0.000012	0.092047 0.006587	0.009375 0.002078	0.000405 0.001215	0.004103 0.004287	
5 10 5 2.620000	0.005741 0.000936	0.999967 0.000011	0.100238 0.004434	0.009092 0.008573	0.003790 0.006218	0.002611 0.001990	
5 10 5 2.630000	0.007443 0.003091	0.999943 0.000049	0.095109 0.002999	0.008070 0.009199	0.000956 0.002709	0.003898 0.008109	
5 10 5 2.640000	0.006760 0.001142	0.999954 0.000015	0.091454 0.007392	0.015654 0.006958	0.001939 0.005104	0.003472 0.006962	
5 10 5 2.650000	0.007191 0.002699	0.999947 0.000040	0.089935 0.006405	0.009310 0.006010	0.002717 0.005720	0.003176 0.008889	
5 10 5 2.660000	0.005206 0.002020	0.999972 0.000020	0.091016 0.008156	0.009546 0.005495	0.000000 0.000000	0.000585 0.001756	
5 10 5 2.670000	0.005696 0.009175	0.999954 0.000104	0.091412 0.007968	0.009808 0.008479	0.000000 0.000000	0.007481 0.001949	
5 10 5 2.680000	0.005388 0.004685	0.999967 0.000048	0.090106 0.004188	0.008634 0.009973	0.003173 0.004777	0.001134 0.004818	
5 10 5 2.690000	0.006181 0.000913	0.999962 0.000011	0.089000 0.007125	0.009901 0.005618	0.000826 0.001910	0.003758 0.003650	
5 10 5 2.700000	0.005824 0.000977	0.999966 0.000012	0.084716 0.005887	0.010716 0.007301	0.003236 0.009709	0.003133 0.005658	
5 10 5 2.710000	0.006846 0.003392	0.999951 0.000046	0.089406 0.008047	0.006110 0.003090	0.001475 0.003701	0.000000 0.000000	
5 10 5 2.720000	0.006384 0.005880	0.999953 0.000081	0.088647 0.004402	0.010425 0.006165	0.004351 0.008734	0.004397 0.009502	
5 10 5 2.730000	0.004741 0.002532	0.999976 0.000024	0.082421 0.008238	0.008671 0.002857	0.003076 0.009227	0.001776 0.004162	
5 10 5 2.740000	0.005782 0.006571	0.999958 0.000066	0.090875 0.005681	-0.000375 0.006319	0.000000 0.000000	0.001033 0.003098	
5 10 5 2.750000	0.005342 0.008335	0.999958 0.000104	0.084542 0.009675	0.003653 0.003179	0.002047 0.006141	0.007292 0.007846	
5 10 5 2.760000	0.004678 0.002360	0.999977 0.000023	0.091910 0.005823	0.011327 0.006827	0.003544 0.006921	0.002904 0.008712	
5 10 5 2.770000	0.005980 0.002063	0.999963 0.000023	0.082769 0.006273	0.008241 0.007273	0.004145 0.008229	0.001034 0.004144	
5 10 5 2.780000	0.005563 0.000767	0.999969 0.000009	0.083445 0.008220	0.006576 0.003783	0.002029 0.003616	0.001727 0.004889	
5 10 5 2.790000	0.005029 0.002593	0.999973 0.000027	0.083335 0.005245	0.005784 0.008729	0.000000 0.000000	0.002703 0.006540	
5 10 5 2.800000	0.008978 0.001101	0.999919 0.000020	0.082586 0.006020	0.005586 0.004984	0.003336 0.003496	0.001391 0.004173	
5 10 5 2.810000	0.005991 0.001230	0.999964 0.000015	0.079853 0.005409	0.008853 0.000492	0.000240 0.000721	0.001485 0.004456	
5 10 5 2.820000	0.006576 0.003640	0.999955 0.000048	0.083316 0.006687	0.007288 0.005063	0.004552 0.003889	0.000000 0.000000	
5 10 5 2.830000	0.005091 0.006110	0.999968 0.000064	0.076701 0.007836	0.011384 0.006145	0.005351 0.007031	0.000844 0.002532	
5 10 5 2.840000	0.005146 0.004932	0.999969 0.000046	0.087886 0.003954	0.009677 0.008704	0.004231 0.008949	0.003071 0.009214	
5 10 5 2.850000	0.006255 0.004225	0.999958 0.000055	0.079687 0.007367	0.007416 0.001492	0.003479 0.006074	0.000656 0.001967	
5 10 5 2.860000	0.005353 0.002671	0.999970 0.000030	0.083228 0.004984	0.007985 0.008226	0.001809 0.004326	-0.000703 0.002110	
5 10 5 2.870000	0.005776 0.005656	0.999961 0.000068	0.083428 0.007519	0.009311 0.004631	-0.000039 0.005219	0.002829 0.007048	
5 10 5 2.880000	0.005061 0.001814	0.999974 0.000018	0.088390 0.006504	0.002890 0.001996	0.004985 0.009734	0.000745 0.002234	
5 10 5 2.890000	0.004748 0.004941	0.999973 0.000047	0.084140 0.004953	0.007682 0.009797	0.000939 0.002322	-0.000518 0.001553	
5 10 5 2.900000	0.004727 0.002811	0.999976 0.000025	0.085793 0.001725	0.009743 0.009825	0.004293 0.006470	0.005318 0.003950	
5 10 5 2.910000	0.006746 0.004541	0.999950 0.000066	0.077825 0.006493	0.008034 0.002632	0.004584 0.007968	0.001767 0.005301	
5 10 5 2.920000	0.003581 0.004796	0.999983 0.000038	0.081233 0.005172	0.005733 0.004538	0.004289 0.007742	0.004066 0.006328	
5 10 5 2.930000	0.005266 0.002397	0.999971 0.000027	0.076916 0.008806	0.008554 0.000808	0.003304 0.000665	0.003589 0.007454	
5 10 5 2.940000	0.005917 0.002194	0.999964 0.000027	0.074678 0.006830	0.009036 0.006120	0.002352 0.007055	0.000000 0.000000	
5 10 5 2.950000	0.005224 0.003221	0.999970 0.000037	0.083970 0.007713	0.004470 0.003537	0.005643 0.008733	-0.005274 0.009267	
5 10 5 2.960000	0.006110 0.006206	0.999956 0.000082	0.076983 0.005987	0.004261 0.006069	0.001822 0.001832	0.002450 0.007349	
5 10 5 2.970000	0.004841 0.001265	0.999976 0.000013	0.080198 0.003678	0.004698 0.006251	0.001244 0.003731	0.000000 0.000000	
5 10 5 2.980000	0.003316 0.002333	0.999988 0.000014	0.075113 0.005254	0.005946 0.008239	0.000000 0.000000	0.001993 0.009514	
5 10 5 2.990000	0.003306 0.000618	0.999989 0.000004	0.073683 0.006171	0.003909 0.007074	0.002742 0.006574	0.000000 0.000000	
5 10 5 3.000000	0.004650 0.002729	0.999977 0.000026	0.080677 0.003226	0.004960 0.007690	0.002863 0.008589	0.002131 0.006164	
5 10 5 3.010000	0.005097 0.003164	0.999972 0.000035	0.081055 0.004496	0.008722 0.005496	0.001977 0.003950	0.004222 0.006715	
5 10 5 3.020000	0.005383 0.001757	0.999970 0.000018	0.078158 0.009816	0.007822 0.005494	0.000000 0.000000	0.001350 0.004050	
5 10 5 3.030000	0.005609 0.004151	0.999965 0.000041	0.077632 0.007041	0.003090 0.008291	0.000773 0.001450	0.000747 0.002242	
5 10 5 3.040000	0.005182 0.002051	0.999972 0.000022	0.072806 0.001377	0.008806 0.001855	0.000132 0.000395	0.002361 0.005605	
5 10 5 3.050000	0.004959 0.001634	0.999975 0.000016	0.078142 0.004365	0.008197 0.006558	0.003442 0.007343	0.001783 0.005349	
5 10 5 3.060000	0.004882 0.001254	0.999976 0.000012	0.074115 0.005238	0.007287 0.001256	0.002574 0.007722	0.000939 0.002817	
5 10 5 3.070000	0.004032 0.001197	0.999983 0.000009	0.074067 0.002491	0.004567 0.005508	0.002740 0.007731	0.000410 0.001231	
5 10 5 3.080000	0.005855 0.001545	0.999965 0.000017	0.080060 0.007089	0.003775 0.005855	0.000000 0.000000	0.004573 0.007511	
5 10 5 3.090000	0.003746 0.002161	0.999985 0.000015	0.077414 0.006710	0.007856 0.001907	0.001748 0.005244	0.001415 0.004244	
5 10 5 3.100000	0.004824 0.000979	0.999977 0.000010	0.073768 0.003053	0.001609 0.003596	0.000980 0.002939	0.003397 0.005854	
5 10 5 3.110000	0.003916 0.001839	0.999984 0.000014	0.073484 0.009844	0.006467 0.007109	0.002499 0.002580	0.000000 0.000000	
5 10 5 3.120000	0.004127 0.001387	0.999983 0.000012	0.075030 0.003512	0.008016 0.007316	0.001544 0.003575	0.002745 0.008236	
5 10 5 3.130000	0.006047 0.003546	0.999961 0.000042	0.069711 0.004728	0.005795 0.007542	0.000891 0.001691	0.005141 0.007941	
5 10 5 3.140000	0.004378 0.000261	0.999981 0.000002	0.071136 0.007466	0.011870 0.005046	0.001061 0.003182	0.000091 0.001386	
5 10 5 3.150000	0.005025 0.001705	0.999974 0.000016	0.072752 0.008984	0.007736 0.003381	-0.000118 0.000353	0.001305 0.003914	
5 10 5 3.160000	0.003047 0.001695	0.999990 0.000011	0.067907 0.004009	0.004824 0.002252	0.005490 0.008002	0.000000 0.000000	
5 10 5 3.170000	0.004111 0.003569	0.999981 0.000032	0.081647 0.009782	0.002231 0.004777	0.002733 0.009723	0.002897 0.005223	
5 10 5 3.180000	0.003940 0.002112	0.999984 0.000016	0.069622 0.007349	0.001956 0.004849	0.001331 0.003993	0.000000 0.000000	
5 10 5 3.190000	0.003978 0.005289	0.999979 0.000038	0.068646 0.006017	0.003646 0.008962	0.002729 0.008771	0.006063 0.008233	
5 10 5 3.200000	0.003999 0.001443	0.999984 0.000011	0.072650 0.001910	0.004903 0.007481	0.002549 0.004031	0.000647 0.001941	
5 10 5 3.210000	0.004642 0.001678	0.999978 0.000015	0.075428 0.007962	0.002078 0.000703	0.002253 0.005037	0.001507 0.004522	
5 10 5 3.220000	0.004077 0.001074	0.999983 0.000008	0.072197 0.008242	0.003725 0.006373	0.003146 0.009439	0.004941 0.002678	
5 10 5 3.230000	0.005431 0.004599	0.999967 0.000046	0.075467 0.008454	0.003633 0.009204	0.000000 0.000000	0.000133 0.006487	
5 10 5 3.240000	0.007212 0.001471	0.999948 0.000022	0.071059 0.007671	0.008392 0.009478	0.001997 0.004535	0.001956 0.005868	
5 10 5 3.250000	0.004932 0.001281	0.999975 0.000013	0.072654 0.006130	0.006997 0.001900	0.001732 0.005110	0.001021 0.003063	
5 10 5 3.260000	0.002685 0.002712	0.999992 0.000015	0.071603 0.004902	0.003637 0.008327	0.001717 0.005150	0.001994 0.005983	
5 10 5 3.270000	0.003221 0.000978	0.999989 0.000006	0.075537 0.008003	0.004541 0.007852	0.000216 0.000569	0.000000 0.000000	
5 10 5 3.280000	0.004370 0.003510	0.999979 0.000032	0.070419 0.007136	0.003911 0.003918	0.003170 0.004942	0.000000 0.000000	
5 10 5 3.290000	0.003668 0.001887	0.999986 0.000015	0.069903 0.006485	0.009069 0.005752	0.003573 0.007491	0.001080 0.003240	
5 10 5 3.300000	0.004949 0.006937	0.999965 0.000084	0.070132 0.007166	0.001662 0.003743	0.001248 0.003743	0.001664 0.004993	
5 10 5 3.310000	0.003881 0.001411	0.999985 0.000011	0.070642 0.007142	0.006278 0.009761	0.000485 0.001455	0.000858 0.002574	
5 10 5 3.320000	0.004873 0.003747	0.999974 0.000038	0.069664 0.002176	0.006081 0.007600	0.002648 0.000766	0.003226 0.005698	
5 10 5 3.330000	0.004467 0.002693	0.999979 0.000023	0.073729 0.007073	0.005042 0.008051	0.003014 0.006574	0.002715 0.008144	
5 10 5 3.340000	0.004702 0.000740	0.999978 0.000007	0.070061 0.008411	0.004817 0.007892	0.001188 0.003565	0.000000 0.000000	
5 10 5 3.350000	0.005079 0.002755	0.999973 0.000028	0.064077 0.009544	0.004061 0.008645	0.000000 0.000000	0.000000 0.000000	
5 10 5 3.360000	0.004437 0.002475	0.999979 0.000020	0.069312 0.007519	0.000000 0.000000	0.002324 0.006972	0.003148 0.006723	
5 10 5 3.370000	0.004788 0.000597	0.999977 0.000006	0.068977 0.004084	0.002187 0.006562	0.004949 0.004328	0.000465 0.001395	
5 10 5 3.380000	0.004555 0.003639	0.999977 0.000032	0.065171 0.001301	0.001553 0.004660	0.001348 0.004044	0.000553 0.001660	
5 10 5 3.390000	0.004853 0.001382	0.999976 0.000013	0.073948 0.002922	0.004837 0.002820	0.000000 0.000000	0.003326 0.009977	
5 10 5 3.400000	0.004891 0.002029	0.999975 0.000019	0.065642 0.008918	0.005342 0.005269	0.004335 0.008019	0.003613 0.005620	
5 10 5 3.410000	0.005135 0.003191	0.999971 0.000036	0.071055 0.009453	0.003583 0.007286	0.003227 0.007614	0.001805 0.003564	
5 10 5 3.420000	0.003549 0.003220	0.999986 0.000024	0.066486 0.006494	0.002412 0.004996	0.001824 0.005472	0.001996 0.005989	
5 10 5 3.430000	0.003345 0.002324	0.999988 0.000015	0.066405 0.007657	0.005128 0.008237	-0.000062 0.000186	0.000026 0.000079	
5 10 5 3.440000	0.005452 0.000664	0.999970 0.000007	0.068587 0.008044	0.001891 0.005672	0.001888 0.005316	0.000305 0.000916	
5 10 5 3.450000	0.004896 0.002005	0.999975 0.000020	0.063920 0.004593	0.002761 0.008647	0.002295 0.002939	0.002028 0.006085	
5 10 5 3.460000	0.006290 0.006206	0.999954 0.000080	0.070704 0.003774	0.007287 0.008774	0.000553 0.001659	0.001080 0.003239	
5 10 5 3.470000	0.005024 0.004128	0.999972 0.000042	0.070847 0.005349	0.006680 0.006234	0.000580 0.001741	0.000283 0.000850	
5 10 5 3.480000	0.004609 0.001504	0.999978 0.000013	0.067187 0.006763	0.004624 0.005451	0.000523 0.001570	0.000000 0.000000	
5 10 5 3.490000	0.006101 0.002213	0.999962 0.000028	0.061295 0.004624	0.005088 0.007768	0.004999 0.004047	0.003495 0.007674	
5 10 5 3.500000	0.003766 0.002501	0.999985 0.000019	0.062846 0.004512	0.005263 0.004507	0.004487 0.007236	0.000489 0.001058	
5 10 5 3.510000	0.003049 0.003156	0.999989 0.000018	0.065406 0.009510	0.003159 0.008730	0.001406 0.003739	0.004572 0.009018	
5 10 5 3.520000	0.002479 0.003884	0.999991 0.000023	0.065866 0.004352	0.003574 0.008853	0.001866 0.005603	0.004157 0.008773	
5 10 5 3.530000	0.003480 0.001686	0.999987 0.000013	0.067904 0.008737	0.009987 0.008500	0.000247 0.000742	0.001247 0.003741	
5 10 5 3.540000	0.004913 0.002368	0.999975 0.000024	0.067204 0.008192	0.006183 0.006716	0.003259 0.007294	0.001398 0.004226	
5 10 5 3.550000	0.006063 0.003533	0.999961 0.000040	0.066836 0.006343	0.012461 0.002218	-0.000621 0.001140	0.004947 0.004123	
5 10 5 3.560000	0.004129 0.002319	0.999982 0.000020	0.057482 0.007063	0.003176 0.009913	0.001329 0.003986	0.000245 0.000736	
5 10 5 3.570000	0.003895 0.001691	0.999984 0.000013	0.068151 0.006244	0.001698 0.002616	0.000773 0.002318	0.000787 0.002360	
5 10 5 3.580000	0.005117 0.004158	0.999971 0.000042	0.062193 0.004126	0.001758 0.003241	0.000636 0.001908	0.007999 0.004642	
5 10 5 3.590000	0.003939 0.003879	0.999982 0.000034	0.061798 0.008720	0.004017 0.007111	0.001884 0.008530	0.002902 0.007161	
5 10 5 3.600000	0.004312 0.001920	0.999981 0.000016	0.066647 0.009158	0.003812 0.007873	0.002095 0.005659	0.004346 0.007056	
5 10 5 3.610000	0.004889 0.003227	0.999974 0.000029	0.062557 0.006971	0.002071 0.006213	0.001405 0.004216	0.000000 0.000000	
5 10 5 3.620000	0.004308 0.004888	0.999977 0.000039	0.059144 0.009728	0.004488 0.005311	0.000547 0.001642	0.002530 0.004792	
5 10 5 3.630000	0.003719 0.001020	0.999986 0.000008	0.066319 0.006246	0.006819 0.003754	0.000244 0.000732	0.002827 0.008482	
5 10 5 3.640000	0.003983 0.002587	0.999983 0.000022	0.068283 0.007479	0.000330 0.000989	0.003180 0.009541	0.000000 0.000000	
5 10 5 3.650000	0.007258 0.003058	0.999946 0.000044	0.067029 0.003562	0.002406 0.007218	0.001944 0.006062	0.000000 0.000000	
5 10 5 3.660000	0.003832 0.002018	0.999985 0.000016	0.062929 0.002907	0.004151 0.005634	0.001479 0.004436	0.001536 0.002819	
5 10 5 3.670000	0.003555 0.001702	0.999987 0.000012	0.062579 0.005923	0.002963 0.006981	-0.000051 0.000152	0.000827 0.002481	
5 10 5 3.680000	0.003974 0.002597	0.999983 0.000023	0.060816 0.007439	0.007566 0.001727	0.001941 0.005823	0.002608 0.007824	
5 10 5 3.690000	0.004875 0.004589	0.999973 0.000043	0.063750 0.009311	0.002322 0.004806	0.007556 0.001479	0.000000 0.000000	
5 10 5 3.700000	0.004618 0.001927	0.999978 0.000018	0.059784 0.009982	0.003373 0.006718	-0.000451 0.001353	0.001372 0.003884	
5 10 5 3.710000	0.003919 0.003003	0.999983 0.000024	0.062011 0.008351	0.002874 0.007636	0.004661 0.009642	0.000000 0.000000	
5 10 5 3.720000	0.003459 0.002659	0.999987 0.000019	0.061737 0.009236	0.000000 0.000000	-0.001670 0.005010	0.000332 0.000995	
5 10 5 3.730000	0.004939 0.002228	0.999975 0.000023	0.063919 0.008419	0.002077 0.006231	0.000000 0.000000	0.006833 0.004898	
5 10 5 3.740000	0.004448 0.003233	0.999978 0.000027	0.061328 0.009177	0.003153 0.007717	0.003212 0.000523	0.003398 0.006094	
5 10 5 3.750000	0.004909 0.003515	0.999973 0.000031	0.063848 0.001972	-0.000670 0.004065	0.004781 0.009462	0.002309 0.004295	
5 10 5 3.760000	0.004786 0.002411	0.999976 0.000024	0.056837 0.009922	0.002016 0.007422	0.003043 0.009129	0.001049 0.003147	
5 10 5 3.770000	0.002780 0.005660	0.999986 0.000038	0.061070 0.002964	0.009236 0.006214	0.000000 0.000000	0.001417 0.004250	
5 10 5 3.780000	0.004168 0.003603	0.999980 0.000034	0.059746 0.009566	0.003583 0.006057	0.000716 0.003734	0.002400 0.004741	
5 10 5 3.790000	0.004266 0.000911	0.999982 0.000008	0.064232 0.004897	0.004215 0.008728	0.000939 0.002818	0.001034 0.003102	
5 10 5 3.800000	0.003558 0.002831	0.999986 0.000022	0.058569 0.008422	0.005353 0.004578	0.002365 0.007094	0.003212 0.005291	
5 10 5 3.810000	0.005071 0.000525	0.999974 0.000005	0.060274 0.009695	0.002321 0.006191	0.001265 0.005352	0.000825 0.002474	
5 10 5 3.820000	0.004051 0.002610	0.999982 0.000022	0.061732 0.009339	0.004485 0.009236	0.000712 0.002136	0.002344 0.009311	
5 10 5 3.830000	0.004109 0.004372	0.999980 0.000040	0.059396 0.005382	0.004426 0.009872	0.003179 0.009538	0.002093 0.004656	
5 10 5 3.840000	0.004883 0.000980	0.999976 0.000010	0.056122 0.008993	0.007345 0.005419	0.001187 0.003561	0.002983 0.007977	
5 10 5 3.850000	0.003402 0.005355	0.999983 0.000041	0.057067 0.006786	0.001236 0.003707	0.003497 0.009994	0.001581 0.005745	
5 10 5 3.860000	0.003223 0.002757	0.999988 0.000020	0.061738 0.009897	0.000046 0.003687	0.000000 0.000000	0.000000 0.000000	
5 10 5 3.870000	0.004523 0.004463	0.999976 0.000042	0.056476 0.008792	0.000000 0.000000	0.003437 0.006983	0.003315 0.006619	
5 10 5 3.880000	0.004142 0.001557	0.999982 0.000013	0.058387 0.007995	0.003608 0.006227	0.000718 0.002155	0.001663 0.004989	
5 10 5 3.890000	0.003980 0.001512	0.999984 0.000012	0.051384 0.006558	0.005262 0.008240	0.002472 0.005871	0.000000 0.000000	
5 10 5 3.900000	0.003951 0.001173	0.999984 0.000010	0.052901 0.007990	0.002471 0.006050	0.000000 0.000000	0.000683 0.001478	
5 10 5 3.910000	0.003395 0.002846	0.999987 0.000019	0.048987 0.009158	0.003855 0.007488	0.001267 0.003801	0.000824 0.001477	
5 10 5 3.920000	0.004728 0.005853	0.999972 0.000059	0.054361 0.001809	0.006138 0.001203	0.004299 0.009495	0.000000 0.000000	
5 10 5 3.930000	0.003187 0.002100	0.999989 0.000013	0.060156 0.005246	0.001411 0.002496	0.001915 0.005746	-0.000004 0.000013	
5 10 5 3.940000	0.004661 0.001236	0.999978 0.000012	0.052770 0.007625	0.002276 0.005595	0.000071 0.001750	0.000000 0.000000	
5 10 5 3.950000	0.004584 0.001705	0.999978 0.000015	0.058595 0.006653	0.005095 0.003715	0.002735 0.004698	0.000438 0.001225	
5 10 5 3.960000	0.004379 0.002398	0.999980 0.000023	0.053535 0.002106	0.004234 0.009131	0.000857 0.002571	0.001218 0.003654	
5 10 5 3.970000	0.003563 0.000242	0.999987 0.000002	0.055210 0.008665	0.003968 0.007291	0.003137 0.004416	0.002107 0.006320	
5 10 5 3.980000	0.003620 0.002000	0.999986 0.000014	0.061014 0.006659	0.004269 0.009993	0.004627 0.009646	0.001387 0.004160	
5 10 5 3.990000	0.005181 0.002022	0.999972 0.000022	0.053406 0.003317	0.002572 0.007131	0.003412 0.006477	0.000220 0.000659	
5 10 5 4.000000	0.003305 0.002943	0.999988 0.000021	0.056488 0.007021	0.002247 0.006742	0.004322 0.006492	0.002162 0.005246	
5 10 5 4.010000	0.003606 0.000753	0.999987 0.000005	0.052520 0.002248	0.003379 0.009447	0.001746 0.003552	0.003929 0.008423	
5 10 5 4.020000	0.004837 0.002825	0.999975 0.000026	0.050392 0.007859	0.004929 0.008990	0.000435 0.001304	0.000812 0.006493	
5 10 5 4.030000	0.003110 0.002128	0.999990 0.000013	0.054940 0.005893	0.003623 0.005294	0.000828 0.002483	0.000000 0.000000	
5 10 5 4.040000	0.002727 0.000987	0.999992 0.000005	0.056937 0.007500	0.006326 0.007505	-0.001201 0.002009	0.002440 0.006991	
5 10 5 4.050000	0.003976 0.001864	0.999984 0.000014	0.057011 0.006004	0.004517 0.005414	0.002744 0.008232	0.000000 0.000000	
5 10 5 4.060000	0.003573 0.002526	0.999986 0.000017	0.055336 0.004733	0.002919 0.007083	0.002621 0.006736	0.000158 0.001017	
5 10 5 4.070000	0.003549 0.001210	0.999987 0.000008	0.051470 0.008242	0.008037 0.003358	0.002079 0.006237	0.001458 0.002892	
5 10 5 4.080000	0.004496 0.001687	0.999979 0.000015	0.054674 0.009990	0.003007 0.006240	0.000710 0.002131	-0.001618 0.004853	
5 10 5 4.090000	0.005595 0.007014	0.999960 0.000080	0.055544 0.005194	0.006044 0.008170	0.000000 0.000000	0.003379 0.005415	
5 10 5 4.100000	0.004035 0.001056	0.999984 0.000008	0.053317 0.008693	0.001960 0.005881	0.000000 0.000000	0.000446 0.001339	
5 10 5 4.110000	0.003545 0.000884	0.999987 0.000006	0.051601 0.009976	0.003896 0.009280	0.000000 0.000000	0.003108 0.005207	
5 10 5 4.120000	0.003478 0.002371	0.999987 0.000016	0.052630 0.008545	0.001653 0.004959	0.001060 0.004795	0.001398 0.004193	
5 10 5 4.130000	0.003037 0.001389	0.999990 0.000008	0.050129 0.007080	0.007102 0.004997	0.000000 0.000000	0.001690 0.005070	
5 10 5 4.140000	0.004159 0.008166	0.999969 0.000087	0.057302 0.008836	0.000970 0.001998	0.001415 0.003247	0.000000 0.000000	
5 10 5 4.150000	0.003130 0.002001	0.999990 0.000013	0.055156 0.008837	0.002856 0.009242	0.001582 0.004745	0.001944 0.005833	
5 10 5 4.160000	0.004204 0.004447	0.999979 0.000041	0.049229 0.002964	0.000413 0.001239	0.000369 0.001072	0.000000 0.000000	
5 10 5 4.170000	0.005394 0.002823	0.999969 0.000033	0.049838 0.008109	0.003918 0.004498	0.001838 0.002766	0.002603 0.005896	
5 10 5 4.180000	0.003445 0.002695	0.999987 0.000020	0.055008 0.005230	0.002212 0.004036	0.000760 0.002280	0.000746 0.001679	
5 10 5 4.190000	0.004727 0.003690	0.999975 0.000035	0.050975 0.008910	0.009517 0.009263	-0.001184 0.001884	0.001157 0.003353	
5 10 5 4.200000	0.004210 0.002613	0.999981 0.000021	0.051564 0.003508	0.005741 0.009229	0.003155 0.006743	0.003164 0.009493	
5 10 5 4.210000	0.004751 0.001931	0.999977 0.000017	0.057060 0.006984	0.000393 0.005983	0.001073 0.003220	0.009893 0.005001	
5 10 5 4.220000	0.003220 0.001739	0.999989 0.000010	0.052614 0.007260	0.004213 0.009153	0.000699 0.001610	0.000000 0.000000	
5 10 5 4.230000	0.003046 0.000967	0.999991 0.000006	0.050713 0.007911	0.001672 0.000979	0.000000 0.000000	0.003081 0.009243	
5 10 5 4.240000	0.005463 0.002474	0.999969 0.000027	0.051441 0.008640	0.003691 0.004140	0.002253 0.007679	-0.000098 0.000294	
5 10 5 4.250000	0.002961 0.003293	0.999989 0.000021	0.054656 0.002729	0.005906 0.009271	0.001989 0.004521	0.004906 0.006018	
5 10 5 4.260000	0.004023 0.001147	0.999984 0.000009	0.055091 0.004036	0.003666 0.003334	0.000000 0.000000	0.000000 0.000000	
5 10 5 4.270000	0.003475 0.002875	0.999987 0.000020	0.049431 0.007563	0.004637 0.003080	0.001053 0.003001	0.002296 0.006889	
5 10 5 4.280000	0.003951 0.002013	0.999984 0.000016	0.052686 0.006938	0.003285 0.006152	0.003472 0.006448	0.000000 0.000000	
5 10 5 4.290000	0.001308 0.000522	0.999998 0.000001	0.049582 0.007501	0.002998 0.007751	-0.001085 0.003252	0.005415 0.003249	
5 10 5 4.300000	0.003322 0.002571	0.999988 0.000015	0.050154 0.006763	0.003493 0.005982	0.002327 0.005497	0.001994 0.005747	
5 10 5 4.310000	0.005289 0.004209	0.999969 0.000046	0.050469 0.004921	0.002223 0.005442	0.001064 0.003192	0.001572 0.003477	
5 10 5 4.320000	0.003236 0.004212	0.999986 0.000033	0.048486 0.008282	0.004820 0.008214	0.003498 0.008246	0.000000 0.000000	
5 10 5 4.330000	0.004162 0.000775	0.999983 0.000006	0.050316 0.008530	0.004069 0.003175	0.001058 0.002563	0.001583 0.002379	
5 10 5 4.340000	0.002772 0.003234	0.999990 0.000016	0.053307 0.007811	0.002124 0.003154	0.000890 0.002516	0.003178 0.009534	
5 10 5 4.350000	0.002898 0.004443	0.999987 0.000032	0.048737 0.006218	0.006404 0.009750	0.002166 0.006498	0.001655 0.004966	
5 10 5 4.360000	0.003381 0.000158	0.999989 0.000001	0.047581 0.009972	0.003476 0.006378	0.000860 0.002175	0.001883 0.003801	
5 10 5 4.370000	0.002926 0.001137	0.999991 0.000007	0.049825 0.002664	0.004491 0.004923	0.001829 0.003078	-0.000337 0.001012	
5 10 5 4.380000	0.005095 0.003071	0.999972 0.000029	0.047056 0.006005	0.001405 0.004216	0.000405 0.001216	0.000072 0.000216	
5 10 5 4.390000	0.002642 0.004420	0.999990 0.000025	0.049906 0.002746	0.004582 0.008750	0.000000 0.000000	0.000000 0.000000	
5 10 5 4.400000	0.006504 0.000100	0.999958 0.000001	0.046124 0.009250	0.006958 0.003415	0.000602 0.001807	0.000736 0.002208	
5 10 5 4.410000	0.005877 0.003724	0.999963 0.000043	0.051880 0.008231	0.001968 0.004212	0.000000 0.000000	0.001135 0.002462	
5 10 5 4.420000	0.008239 0.002490	0.999931 0.000042	0.043014 0.003780	0.005452 0.008907	0.002212 0.003437	0.001962 0.004699	
5 10 5 4.430000	0.003216 0.002157	0.999989 0.000013	0.058572 0.001740	0.001165 0.003496	0.000000 0.000000	0.001828 0.005484	
5 10 5 4.440000	0.004800 0.004920	0.999972 0.000053	0.044356 0.009952	-0.000486 0.005970	0.002871 0.008612	0.001181 0.003542	
5 10 5 4.450000	0.003806 0.001663	0.999985 0.000013	0.047068 0.002827	0.004714 0.007741	0.001301 0.003902	0.003907 0.009312	
5 10 5 4.460000	0.003151 0.000500	0.999990 0.000003	0.053157 0.005164	0.002951 0.002950	0.002284 0.001617	0.001255 0.007616	
5 10 5 4.470000	0.002486 0.002687	0.999992 0.000012	0.053826 0.009252	0.004326 0.007573	0.001472 0.004416	0.001330 0.002249	
5 10 5 4.480000	0.005037 0.002523	0.999973 0.000023	0.042890 0.009273	0.002807 0.006000	0.002488 0.007465	0.001894 0.004466	
5 10 5 4.490000	0.004642 0.001085	0.999978 0.000010	0.045395 0.007993	0.001384 0.005247	0.001715 0.006514	0.000830 0.001306	
5 10 5 4.500000	0.004725 0.005215	0.999973 0.000045	0.046389 0.003471	0.011556 0.007795	0.005473 0.009795	0.005317 0.007997	
5 10 5 4.510000	0.003236 0.001437	0.999989 0.000010	0.048193 0.009704	0.000980 0.001698	0.000000 0.000000	0.000000 0.000000	
5 10 5 4.520000	0.001982 0.000876	0.999996 0.000003	0.051329 0.007502	0.004246 0.008501	0.000000 0.000000	0.003164 0.005494	
5 10 5 4.530000	0.003847 0.001893	0.999985 0.000015	0.048262 0.003265	0.003609 0.006341	0.002247 0.006741	0.001180 0.003541	
5 10 5 4.540000	0.002710 0.001235	0.999992 0.000007	0.055201 0.006368	0.002203 0.003871	0.002661 0.009003	0.000131 0.004173	
5 10 5 4.550000	0.003437 0.002022	0.999987 0.000015	0.046404 0.006237	0.008154 0.009263	0.001664 0.004991	0.000664 0.001993	
5 10 5 4.560000	0.002696 0.001148	0.999992 0.000006	0.046187 0.007499	0.002690 0.005741	0.002104 0.000339	0.002409 0.004256	
5 10 5 4.570000	0.004555 0.003317	0.999977 0.000034	0.045536 0.001217	0.002346 0.006359	0.003088 0.008276	0.000000 0.000000	
5 10 5 4.580000	0.004188 0.001467	0.999982 0.000012	0.040454 0.008262	0.004065 0.004512	0.000881 0.002643	0.000830 0.002489	
5 10 5 4.590000	0.003945 0.001737	0.999984 0.000014	0.045317 0.008245	0.001162 0.003485	0.000000 0.000000	0.002245 0.006735	
5 10 5 4.600000	0.002776 0.003253	0.999990 0.000021	0.051823 0.009020	0.003325 0.006976	0.002916 0.008747	0.003824 0.007976	
5 10 5 4.610000	0.003622 0.001923	0.999986 0.000013	0.046736 0.003166	0.002803 0.006749	0.002298 0.003816	0.001581 0.004744	
5 10 5 4.620000	0.004618 0.004909	0.999974 0.000052	0.048974 0.003698	0.000000 0.000000	0.001060 0.009801	0.000081 0.000242	
5 10 5 4.630000	0.003502 0.003108	0.999986 0.000023	0.044153 0.006481	0.002329 0.006491	0.001322 0.006523	0.000330 0.000991	
5 10 5 4.640000	0.003193 0.001502	0.999989 0.000009	0.043323 0.008175	0.000300 0.001575	0.001301 0.003903	-0.000835 0.002505	
5 10 5 4.650000	0.003087 0.001852	0.999990 0.000010	0.042545 0.009416	0.003408 0.009237	0.001246 0.003737	0.001272 0.003844	
5 10 5 4.660000	0.003973 0.005539	0.999979 0.000046	0.047951 0.007452	0.003840 0.008046	0.001372 0.002202	0.000095 0.000285	
5 10 5 4.670000	0.005043 0.006205	0.999967 0.000072	0.054550 0.007066	0.000000 0.000000	0.000000 0.000000	0.008217 0.005322	
5 10 5 4.680000	0.002689 0.003181	0.999991 0.000018	0.052491 0.004737	0.003326 0.006499	0.002408 0.005494	0.000744 0.002231	
5 10 5 4.690000	0.002648 0.001419	0.999993 0.000007	0.045937 0.008751	0.003437 0.007077	0.001135 0.004576	0.003330 0.009990	
5 10 5 4.700000	0.003842 0.001729	0.999985 0.000013	0.043418 0.007837	0.000363 0.006633	0.000000 0.000000	0.001592 0.004036	
5 10 5 4.710000	0.002943 0.002565	0.999990 0.000013	0.041157 0.009178	0.001467 0.004402	0.001051 0.003152	0.006851 0.009585	
5 10 5 4.720000	0.004394 0.001818	0.999980 0.000017	0.045355 0.003108	0.003152 0.004986	0.003157 0.005735	0.003341 0.006416	
5 10 5 4.730000	0.001902 0.004667	0.999992 0.000024	0.050575 0.003000	0.001825 0.004976	0.000825 0.002476	0.002075 0.005750	
5 10 5 4.740000	0.003696 0.005141	0.999982 0.000042	0.042315 0.007833	0.001441 0.003742	0.006829 0.003714	0.004068 0.009455	
5 10 5 4.750000	0.003657 0.002111	0.999986 0.000015	0.043969 0.004805	0.003325 0.005329	0.000290 0.000869	0.001826 0.005479	
5 10 5 4.760000	0.002518 0.002801	0.999992 0.000013	0.052742 0.004007	0.007492 0.009132	0.000456 0.001367	0.000997 0.002992	
5 10 5 4.770000	0.003453 0.000918	0.999988 0.000007	0.045421 0.008001	0.001462 0.003590	0.000130 0.000389	0.000000 0.000000	
5 10 5 4.780000	0.004043 0.003579	0.999981 0.000025	0.035981 0.009502	0.000658 0.001974	0.000000 0.000000	0.002241 0.006722	
5 10 5 4.790000	0.002936 0.002662	0.999990 0.000018	0.048684 0.008934	0.003490 0.005317	0.000304 0.000913	0.000000 0.000000	
5 10 5 4.800000	0.004936 0.000109	0.999976 0.000001	0.051601 0.005500	0.004692 0.009976	0.000000 0.000000	0.001650 0.003225	
5 10 5 4.810000	0.005869 0.001665	0.999965 0.000019	0.042215 0.007398	0.003361 0.009542	0.003084 0.005292	0.004298 0.003334	
5 10 5 4.820000	0.003126 0.002089	0.999989 0.000014	0.048350 0.007430	0.001357 0.002410	0.002831 0.008493	0.002213 0.003814	
5 10 5 4.830000	0.003911 0.000670	0.999985 0.000005	0.042873 0.003505	0.004818 0.004745	0.001151 0.002283	0.001661 0.004983	
5 10 5 4.840000	0.004108 0.006813	0.999975 0.000057	0.046975 0.009807	0.000250 0.000749	0.004147 0.006942	0.003476 0.006485	
5 10 5 4.850000	0.003887 0.004185	0.999981 0.000027	0.044731 0.003747	0.000907 0.001499	0.002574 0.004224	0.002565 0.004224	
5 10 5 4.860000	0.003653 0.005584	0.999981 0.000048	0.048897 0.009452	0.002815 0.008245	0.001083 0.003248	0.000582 0.001745	
5 10 5 4.870000	0.003731 0.000460	0.999986 0.000003	0.042003 0.005851	0.000945 0.002834	0.000149 0.006772	0.000944 0.005124	
5 10 5 4.880000	0.003750 0.001671	0.999985 0.000012	0.050513 0.005254	0.003491 0.007480	0.002025 0.006075	0.004048 0.007734	
5 10 5 4.890000	0.002721 0.001949	0.999992 0.000010	0.043642 0.003094	0.001499 0.004497	0.000664 0.001991	0.002700 0.004187	
5 10 5 4.900000	0.003587 0.003212	0.999985 0.000026	0.044568 0.003477	0.003404 0.009469	0.002240 0.006719	0.005485 0.007523	
5 10 5 4.910000	0.004492 0.003220	0.999978 0.000031	0.048256 0.003663	0.006950 0.003444	0.002746 0.008239	-0.000962 0.002177	
5 10 5 4.920000	0.003407 0.000471	0.999988 0.000003	0.044122 0.009997	0.006815 0.003805	0.002071 0.005036	0.002463 0.007390	
5 10 5 4.930000	0.005716 0.006592	0.999958 0.000090	0.046124 0.009750	0.003045 0.006898	0.003079 0.009237	0.002045 0.003488	
5 10 5 4.940000	0.003564 0.002739	0.999986 0.000020	0.042236 0.005630	0.000696 0.002088	0.000000 0.000000	0.000079 0.000238	
5 10 5 4.950000	0.003888 0.002644	0.999984 0.000020	0.038067 0.008770	0.002993 0.004734	0.004072 0.006244	0.002411 0.007234	
5 10 5 4.960000	0.004027 0.004230	0.999980 0.000038	0.042314 0.003462	0.006230 0.006783	0.002566 0.005740	0.000832 0.002495	
5 10 5 4.970000	0.002645 0.001889	0.999992 0.000011	0.043242 0.009741	0.000997 0.001745	0.000916 0.002747	0.004744 0.009986	
5 10 5 4.980000	0.003020 0.001795	0.999990 0.000010	0.042074 0.001686	0.002158 0.005613	0.002832 0.008496	0.002432 0.004488	
5 10 5 4.990000	0.004116 0.004283	0.999979 0.000040	0.046063 0.008038	0.000899 0.002493	0.000747 0.002241	0.000828 0.001491	
5 10 5 5.000000	0.003514 0.008134	0.999975 0.000070	0.046725 0.008566	0.001999 0.004250	0.002392 0.003070	0.000667 0.002000	
