2 32 3 0.000000	1.000000 0.000000	0.000000 0.000000	0.000000 0.000000	0.000000 0.000000	0.000000 0.000000	0.000000 0.000000	0.000000 0.000000	0.000000 0.000000	0.000000 0.000000	0.000000 0.000000	0.000000 0.000000	
2 32 3 0.010000	1.000000 0.000000	0.000000 0.000000	0.000000 0.000000	0.000000 0.000000	0.000000 0.000000	0.000000 0.000000	0.000000 0.000000	0.000000 0.000000	0.000000 0.000000	0.000000 0.000000	0.000000 0.000000	
2 32 3 0.020000	1.000000 0.000000	0.000000 0.000000	0.000000 0.000000	0.000000 0.000000	0.000000 0.000000	0.000000 0.000000	0.000000 0.000000	0.000000 0.000000	0.000000 0.000000	0.000000 0.000000	0.000000 0.000000	
2 32 3 0.030000	1.000000 0.000000	0.000000 0.000000	0.000000 0.000000	0.000000 0.000000	0.000000 0.000000	0.000000 0.000000	0.000000 0.000000	0.000000 0.000000	0.000000 0.000000	0.000000 0.000000	0.000000 0.000000	
2 32 3 0.040000	1.000000 0.000000	0.000000 0.000000	0.000000 0.000000	0.000000 0.000000	0.000000 0.000000	0.000000 0.000000	0.000000 0.000000	0.000000 0.000000	0.000000 0.000000	0.000000 0.000000	0.000000 0.000000	
2 32 3 0.050000	1.000000 0.000000	0.000000 0.000000	0.000000 0.000000	0.000000 0.000000	0.000000 0.000000	0.000000 0.000000	0.000000 0.000000	0.000000 0.000000	0.000000 0.000000	0.000000 0.000000	0.000000 0.000000	
2 32 3 0.060000	1.000000 0.000000	0.000000 0.000000	0.000000 0.000000	0.000000 0.000000	0.000000 0.000000	0.000000 0.000000	0.000000 0.000000	0.000000 0.000000	0.000000 0.000000	0.000000 0.000000	0.000000 0.000000	
2 32 3 0.070000	1.000000 0.000000	0.000000 0.000000	0.000000 0.000000	0.000000 0.000000	0.000000 0.000000	0.000000 0.000000	0.000000 0.000000	0.000000 0.000000	0.000000 0.000000	0.000000 0.000000	0.000000 0.000000	
2 32 3 0.080000	1.000000 0.000000	0.000000 0.000000	0.000000 0.000000	0.000000 0.000000	0.000000 0.000000	0.000000 0.000000	0.000000 0.000000	0.000000 0.000000	0.000000 0.000000	0.000000 0.000000	0.000000 0.000000	
2 32 3 0.090000	1.000000 0.000000	0.000000 0.000000	0.000000 0.000000	0.000000 0.000000	0.000000 0.000000	0.000000 0.000000	0.000000 0.000000	0.000000 0.000000	0.000000 0.000000	0.000000 0.000000	0.000000 0.000000	
2 32 3 0.100000	1.000000 0.000000	0.000000 0.000000	0.000000 0.000000	0.000000 0.000000	0.000000 0.000000	0.000000 0.000000	0.000000 0.000000	0.000000 0.000000	0.000000 0.000000	0.000000 0.000000	0.000000 0.000000	
2 32 3 0.110000	1.000000 0.000000	0.000000 0.000000	0.000000 0.000000	0.000000 0.000000	0.000000 0.000000	0.000000 0.000000	0.000000 0.000000	0.000000 0.000000	0.000000 0.000000	0.000000 0.000000	0.000000 0.000000	
2 32 3 0.120000	1.000000 0.000000	0.000000 0.000000	0.000000 0.000000	0.000000 0.000000	0.000000 0.000000	0.000000 0.000000	0.000000 0.000000	0.000000 0.000000	0.000000 0.000000	0.000000 0.000000	0.000000 0.000000	
2 32 3 0.130000	0.999707 0.001464	0.000585 0.002927	0.000585 0.002927	0.000585 0.002927	0.000585 0.002927	0.000000 0.000000	0.000585 0.002927	0.000585 0.002927	0.000000 0.000000	0.000000 0.000000	0.000585 0.002927	
2 32 3 0.140000	1.000000 0.000000	0.000000 0.000000	0.000000 0.000000	0.000000 0.000000	0.000000 0.000000	0.000000 0.000000	0.000000 0.000000	0.000000 0.000000	0.000000 0.000000	0.000000 0.000000	0.000000 0.000000	
2 32 3 0.150000	1.000000 0.000000	0.000000 0.000000	0.000000 0.000000	0.000000 0.000000	0.000000 0.000000	0.000000 0.000000	0.000000 0.000000	0.000000 0.000000	0.000000 0.000000	0.000000 0.000000	0.000000 0.000000	
2 32 3 0.160000	1.000000 0.000000	0.000000 0.000000	0.000000 0.000000	0.000000 0.000000	0.000000 0.000000	0.000000 0.000000	0.000000 0.000000	0.000000 0.000000	0.000000 0.000000	0.000000 0.000000	0.000000 0.000000	
2 32 3 0.170000	1.000000 0.000000	0.000000 0.000000	0.000000 0.000000	0.000000 0.000000	0.000000 0.000000	0.000000 0.000000	0.000000 0.000000	0.000000 0.000000	0.000000 0.000000	0.000000 0.000000	0.000000 0.000000	
2 32 3 0.180000	1.000000 0.000000	0.000000 0.000000	0.000000 0.000000	0.000000 0.000000	0.000000 0.000000	0.000000 0.000000	0.000000 0.000000	0.000000 0.000000	0.000000 0.000000	0.000000 0.000000	0.000000 0.000000	
2 32 3 0.190000	1.000000 0.000000	0.000000 0.000000	0.000000 0.000000	0.000000 0.000000	0.000000 0.000000	0.000000 0.000000	0.000000 0.000000	0.000000 0.000000	0.000000 0.000000	0.000000 0.000000	0.000000 0.000000	
2 32 3 0.200000	1.000000 0.000000	0.000000 0.000000	0.000000 0.000000	0.000000 0.000000	0.000000 0.000000	0.000000 0.000000	0.000000 0.000000	0.000000 0.000000	0.000000 0.000000	0.000000 0.000000	0.000000 0.000000	
2 32 3 0.210000	1.000000 0.000000	0.000000 0.000000	0.000000 0.000000	0.000000 0.000000	0.000000 0.000000	0.000000 0.000000	0.000000 0.000000	0.000000 0.000000	0.000000 0.000000	0.000000 0.000000	0.000000 0.000000	
2 32 3 0.220000	0.999707 0.001464	0.000585 0.002927	0.000585 0.002927	0.000585 0.002927	0.000000 0.000000	0.000585 0.002927	0.000585 0.002927	0.000585 0.002927	0.000585 0.002927	0.000000 0.000000	0.000000 0.000000	
2 32 3 0.230000	1.000000 0.000000	0.000000 0.000000	0.000000 0.000000	0.000000 0.000000	0.000000 0.000000	0.000000 0.000000	0.000000 0.000000	0.000000 0.000000	0.000000 0.000000	0.000000 0.000000	0.000000 0.000000	
2 32 3 0.240000	0.999707 0.001464	0.000585 0.002927	0.000585 0.002927	0.000585 0.002927	0.000000 0.000000	0.000585 0.002927	0.000585 0.002927	0.000585 0.002927	0.000585 0.002927	0.000585 0.002927	0.000585 0.002927	
2 32 3 0.250000	1.000000 0.000000	0.000000 0.000000	0.000000 0.000000	0.000000 0.000000	0.000000 0.000000	0.000000 0.000000	0.000000 0.000000	0.000000 0.000000	0.000000 0.000000	0.000000 0.000000	0.000000 0.000000	
2 32 3 0.260000	1.000000 0.000000	0.000000 0.000000	0.000000 0.000000	0.000000 0.000000	0.000000 0.000000	0.000000 0.000000	0.000000 0.000000	0.000000 0.000000	0.000000 0.000000	0.000000 0.000000	0.000000 0.000000	
2 32 3 0.270000	1.000000 0.000000	0.000000 0.000000	0.000000 0.000000	0.000000 0.000000	0.000000 0.000000	0.000000 0.000000	0.000000 0.000000	0.000000 0.000000	0.000000 0.000000	0.000000 0.000000	0.000000 0.000000	
2 32 3 0.280000	1.000000 0.000000	0.000000 0.000000	0.000000 0.000000	0.000000 0.000000	0.000000 0.000000	0.000000 0.000000	0.000000 0.000000	0.000000 0.000000	0.000000 0.000000	0.000000 0.000000	0.000000 0.000000	
2 32 3 0.290000	1.000000 0.000000	0.000000 0.000000	0.000000 0.000000	0.000000 0.000000	0.000000 0.000000	0.000000 0.000000	0.000000 0.000000	0.000000 0.000000	0.000000 0.000000	0.000000 0.000000	0.000000 0.000000	
2 32 3 0.300000	1.000000 0.000000	0.000000 0.000000	0.000000 0.000000	0.000000 0.000000	0.000000 0.000000	0.000000 0.000000	0.000000 0.000000	0.000000 0.000000	0.000000 0.000000	0.000000 0.000000	0.000000 0.000000	
2 32 3 0.310000	0.999707 0.001464	0.000585 0.002927	0.000585 0.002927	0.000000 0.000000	0.000585 0.002927	0.000000 0.000000	0.000585 0.002927	0.000000 0.000000	0.000000 0.000000	0.000585 0.002927	0.000585 0.002927	
2 32 3 0.320000	1.000000 0.000000	0.000000 0.000000	0.000000 0.000000	0.000000 0.000000	0.000000 0.000000	0.000000 0.000000	0.000000 0.000000	0.000000 0.000000	0.000000 0.000000	0.000000 0.000000	0.000000 0.000000	
2 32 3 0.330000	1.000000 0.000000	0.000000 0.000000	0.000000 0.000000	0.000000 0.000000	0.000000 0.000000	0.000000 0.000000	0.000000 0.000000	0.000000 0.000000	0.000000 0.000000	0.000000 0.000000	0.000000 0.000000	
2 32 3 0.340000	0.999707 0.001464	0.000585 0.002927	0.000000 0.000000	0.000000 0.000000	0.000000 0.000000	0.000000 0.000000	0.000000 0.000000	0.000585 0.002927	0.000000 0.000000	0.000000 0.000000	0.000000 0.000000	
2 32 3 0.350000	1.000000 0.000000	0.000000 0.000000	0.000000 0.000000	0.000000 0.000000	0.000000 0.000000	0.000000 0.000000	0.000000 0.000000	0.000000 0.000000	0.000000 0.000000	0.000000 0.000000	0.000000 0.000000	
2 32 3 0.360000	1.000000 0.000000	0.000000 0.000000	0.000000 0.000000	0.000000 0.000000	0.000000 0.000000	0.000000 0.000000	0.000000 0.000000	0.000000 0.000000	0.000000 0.000000	0.000000 0.000000	0.000000 0.000000	
2 32 3 0.370000	1.000000 0.000000	0.000000 0.000000	0.000000 0.000000	0.000000 0.000000	0.000000 0.000000	0.000000 0.000000	0.000000 0.000000	0.000000 0.000000	0.000000 0.000000	0.000000 0.000000	0.000000 0.000000	
2 32 3 0.380000	1.000000 0.000000	0.000000 0.000000	0.000000 0.000000	0.000000 0.000000	0.000000 0.000000	0.000000 0.000000	0.000000 0.000000	0.000000 0.000000	0.000000 0.000000	0.000000 0.000000	0.000000 0.000000	
2 32 3 0.390000	1.000000 0.000000	0.000000 0.000000	0.000000 0.000000	0.000000 0.000000	0.000000 0.000000	0.000000 0.000000	0.000000 0.000000	0.000000 0.000000	0.000000 0.000000	0.000000 0.000000	0.000000 0.000000	
2 32 3 0.400000	0.998536 0.004394	0.002923 0.008769	0.000584 0.002918	0.000000 0.000000	0.000582 0.002910	0.001170 0.005848	0.000000 0.000000	0.001754 0.008769	0.000582 0.002910	0.001168 0.005839	0.000000 0.000000	
2 32 3 0.410000	0.999414 0.001464	0.001171 0.002927	0.000000 0.000000	0.000585 0.002927	0.000585 0.002927	0.000585 0.002927	0.000585 0.002927	0.000585 0.002927	0.001171 0.002927	0.000585 0.002927	0.001171 0.002927	
2 32 3 0.420000	0.999707 0.001464	0.000585 0.002927	0.000000 0.000000	0.000585 0.002927	0.000000 0.000000	0.000585 0.002927	0.000585 0.002927	0.000585 0.002927	0.000585 0.002927	0.000000 0.000000	0.000585 0.002927	
2 32 3 0.430000	1.000000 0.000000	0.000000 0.000000	0.000000 0.000000	0.000000 0.000000	0.000000 0.000000	0.000000 0.000000	0.000000 0.000000	0.000000 0.000000	0.000000 0.000000	0.000000 0.000000	0.000000 0.000000	
2 32 3 0.440000	1.000000 0.000000	0.000000 0.000000	0.000000 0.000000	0.000000 0.000000	0.000000 0.000000	0.000000 0.000000	0.000000 0.000000	0.000000 0.000000	0.000000 0.000000	0.000000 0.000000	0.000000 0.000000	
2 32 3 0.450000	0.999414 0.001464	0.001171 0.002927	0.001171 0.002927	0.000585 0.002927	0.000000 0.000000	0.000585 0.002927	0.000000 0.000000	0.001171 0.002927	0.000000 0.000000	0.000585 0.002927	0.000585 0.002927	
2 32 3 0.460000	1.000000 0.000000	0.000000 0.000000	0.000000 0.000000	0.000000 0.000000	0.000000 0.000000	0.000000 0.000000	0.000000 0.000000	0.000000 0.000000	0.000000 0.000000	0.000000 0.000000	0.000000 0.000000	
2 32 3 0.470000	0.999707 0.001464	0.000585 0.002927	0.000000 0.000000	0.000585 0.002927	0.000000 0.000000	0.000000 0.000000	0.000585 0.002927	0.000585 0.002927	0.000000 0.000000	0.000585 0.002927	0.000585 0.002927	
2 32 3 0.480000	0.998828 0.004394	0.002339 0.008769	0.000000 0.000000	0.000000 0.000000	0.000000 0.000000	0.001167 0.002927	0.000000 0.000000	0.000585 0.002927	0.000000 0.000000	0.000000 0.000000	0.000585 0.002927	
2 32 3 0.490000	0.999121 0.001464	0.001756 0.002927	0.000585 0.002927	0.001171 0.002927	0.000585 0.002930	0.000000 0.000000	0.000585 0.002927	-0.000001 0.000003	0.001171 0.002927	0.001171 0.002927	-0.000001 0.000003	
2 32 3 0.500000	0.999121 0.001464	0.001756 0.002927	0.000585 0.002927	0.001171 0.002927	0.000585 0.002927	0.000585 0.002927	0.001171 0.002927	0.001171 0.002927	0.001756 0.002927	0.000000 0.000000	0.000000 0.000000	
2 32 3 0.510000	0.997803 0.004394	0.004387 0.008762	0.000486 0.003907	0.001658 0.002927	0.000000 0.000000	-0.000294 0.001470	0.000585 0.002927	0.001464 0.002928	0.002532 0.007296	0.000383 0.002439	0.002045 0.005831	
2 32 3 0.520000	0.998536 0.004391	0.002923 0.008763	0.001165 0.002921	0.000000 0.000000	0.000581 0.002904	0.000000 0.000000	0.000584 0.002921	0.000584 0.002921	0.001165 0.002921	-0.000002 0.000009	-0.000002 0.000009	
2 32 3 0.530000	0.997950 0.002930	0.004095 0.005842	0.001171 0.002927	0.001753 0.002927	0.003510 0.008769	0.001756 0.002927	0.001171 0.002927	0.000585 0.002927	0.001753 0.002927	0.000585 0.002927	0.000000 0.000000	
2 32 3 0.540000	0.999414 0.001464	0.001171 0.002927	0.000000 0.000000	0.000000 0.000000	0.000585 0.002927	0.000000 0.000000	0.001171 0.002927	0.001171 0.002927	0.000585 0.002927	0.001171 0.002927	0.001171 0.002927	
2 32 3 0.550000	0.996778 0.004395	0.006432 0.008758	0.001747 0.005839	0.001749 0.002927	0.002337 0.005851	0.002332 0.002927	0.001170 0.005851	0.001750 0.005825	0.004088 0.008755	0.002339 0.008769	0.002339 0.008769	
2 32 3 0.560000	0.996779 0.004393	0.006429 0.008755	0.002331 0.008752	0.000585 0.002927	0.001163 0.002964	0.001169 0.005851	0.002922 0.005848	0.002919 0.005822	0.003500 0.008763	0.001169 0.002927	0.001745 0.002927	
2 32 3 0.570000	0.997510 0.003661	0.004971 0.007309	0.002237 0.005356	0.002628 0.007309	0.000586 0.002928	0.001657 0.005356	0.001947 0.005356	0.002627 0.005358	0.001166 0.004379	0.001752 0.006332	0.003018 0.007309	
2 32 3 0.580000	0.997511 0.002197	0.004972 0.004383	0.001265 0.002926	0.002631 0.005847	0.000876 0.004379	0.002337 0.004379	0.001169 0.004389	0.001266 0.003894	0.001558 0.007309	0.000680 0.002436	0.001558 0.004389	
2 32 3 0.590000	0.995168 0.003662	0.009639 0.007288	0.003780 0.005373	0.003294 0.007827	0.001749 0.008745	0.001649 0.004349	0.001071 0.005356	0.001836 0.005816	0.002913 0.005850	0.002724 0.008745	0.003780 0.005407	
2 32 3 0.600000	0.995899 0.002930	0.008184 0.005834	0.001746 0.004651	0.000464 0.002322	0.000680 0.003402	0.001321 0.004281	0.001165 0.005823	0.000344 0.001721	-0.000004 0.000021	0.001946 0.007596	0.001330 0.005350	
2 32 3 0.610000	0.995680 0.003662	0.008620 0.007286	0.001160 0.004101	0.001121 0.003232	0.000241 0.001203	0.000573 0.004222	0.001616 0.003956	0.001200 0.004799	0.001556 0.006328	0.001338 0.008821	0.000395 0.001977	
2 32 3 0.620000	0.994435 0.001465	0.011099 0.002913	0.003552 0.007001	0.001591 0.004658	0.000696 0.003478	0.002780 0.007124	0.001479 0.004815	0.000000 0.000000	0.001574 0.004239	0.001627 0.005230	0.000541 0.002705	
2 32 3 0.630000	0.991740 0.002637	0.016452 0.005233	0.003327 0.006687	0.001267 0.006337	0.001186 0.004058	0.000119 0.000595	0.002475 0.007199	0.001920 0.005385	0.002320 0.005524	-0.000369 0.003872	0.000831 0.002269	
2 32 3 0.640000	0.993264 0.004394	0.013424 0.008730	0.002257 0.005493	0.002177 0.005074	0.001657 0.004020	0.002442 0.007586	0.002035 0.004366	0.002316 0.009880	0.002240 0.006124	0.003515 0.008468	0.003318 0.009126	
2 32 3 0.650000	0.991505 0.003221	0.016916 0.006389	0.002259 0.004361	0.002677 0.007263	0.001896 0.009724	0.003416 0.007990	0.001255 0.005171	0.002556 0.006511	0.000426 0.002130	0.000000 0.000000	0.000312 0.003486	
2 32 3 0.660000	0.991740 0.004690	0.016448 0.009310	0.002073 0.006937	0.002113 0.005517	0.001925 0.006937	0.002589 0.007660	0.001701 0.004594	0.002469 0.009867	0.000686 0.003428	0.001268 0.004028	0.002024 0.006676	
2 32 3 0.670000	0.988786 0.003344	0.022300 0.006616	0.004129 0.007788	0.000784 0.002148	0.000688 0.003438	0.000000 0.000000	0.003603 0.007367	0.000826 0.004132	0.000000 0.000000	0.003253 0.009697	0.002663 0.007660	
2 32 3 0.680000	0.988476 0.005029	0.022912 0.009953	0.002080 0.005001	0.000461 0.002303	0.001353 0.004787	0.001780 0.004909	0.000000 0.000000	0.001623 0.006784	0.002040 0.006145	0.001548 0.006028	0.000817 0.002568	
2 32 3 0.690000	0.988285 0.002929	0.023291 0.005790	0.001132 0.004471	0.001193 0.005965	0.002022 0.009366	0.003375 0.006437	0.000000 0.000000	0.000506 0.002073	0.000207 0.001037	-0.000704 0.003520	0.004711 0.007818	
2 32 3 0.700000	0.988912 0.001675	0.022053 0.003313	0.002832 0.007467	0.001476 0.005246	0.000554 0.002772	0.000557 0.002786	0.001385 0.002939	0.001788 0.006721	0.000000 0.000000	0.002453 0.009506	0.001550 0.004750	
2 32 3 0.710000	0.985551 0.005046	0.028686 0.009940	0.002973 0.006646	0.000632 0.002931	0.003090 0.008180	0.001251 0.003204	0.003524 0.008943	0.002575 0.008058	0.001472 0.005776	0.003996 0.007660	0.000504 0.001466	
2 32 3 0.720000	0.982585 0.004389	0.034525 0.008629	0.004097 0.002661	0.001879 0.009393	0.000444 0.002221	0.002132 0.006946	0.002465 0.007308	0.001753 0.003967	0.003057 0.007767	0.001383 0.004482	0.000000 0.000000	
2 32 3 0.730000	0.982243 0.002851	0.035198 0.005598	0.002790 0.007960	0.000983 0.002893	0.001206 0.002909	0.000811 0.004057	0.000000 0.000000	0.001867 0.006058	0.000435 0.002174	0.005087 0.007334	0.002050 0.003944	
2 32 3 0.740000	0.978789 0.004605	0.041970 0.009016	0.005519 0.009966	0.001217 0.006085	0.002771 0.009066	0.001638 0.007450	0.003115 0.008688	0.000030 0.000148	0.002203 0.004926	0.002220 0.006401	0.000309 0.001546	
2 32 3 0.750000	0.977889 0.004934	0.043730 0.009652	0.004019 0.009414	0.000397 0.001983	0.000315 0.001129	0.001899 0.005026	-0.000256 0.001278	0.000354 0.004589	0.000910 0.004674	0.000705 0.003523	0.001379 0.003936	
2 32 3 0.760000	0.975043 0.002515	0.049289 0.004904	0.007226 0.008762	0.001027 0.005133	0.000686 0.002630	0.001436 0.004623	0.000370 0.001850	0.000000 0.000000	0.000749 0.003743	0.000672 0.002397	0.000833 0.004166	
2 32 3 0.770000	0.974352 0.004301	0.050635 0.008384	0.004825 0.007256	0.001247 0.004999	0.000000 0.000000	0.003408 0.009200	0.000381 0.002732	0.001906 0.009530	0.000692 0.002417	0.001486 0.007429	0.001117 0.003099	
2 32 3 0.780000	0.969649 0.003243	0.059779 0.006285	0.006808 0.009274	0.006108 0.007316	0.001130 0.002823	0.001814 0.006173	0.003173 0.009157	0.000201 0.001007	0.000055 0.001927	0.001562 0.006822	0.002633 0.006591	
2 32 3 0.790000	0.966708 0.005014	0.065472 0.009691	0.008215 0.008062	0.003275 0.007102	0.000968 0.003553	0.001316 0.003939	0.003115 0.005693	0.000656 0.001666	0.000108 0.000539	0.000000 0.000000	0.000243 0.001213	
2 32 3 0.800000	0.965739 0.004985	0.067344 0.009622	0.011714 0.005852	0.002530 0.005024	0.000000 0.000000	0.001107 0.003010	0.000700 0.003498	0.001438 0.007189	0.001221 0.006103	0.001579 0.005432	0.000401 0.002006	
2 32 3 0.810000	0.963128 0.005037	0.072381 0.009697	0.010098 0.009022	0.002737 0.006137	0.000104 0.000519	0.000652 0.003258	0.000281 0.001407	0.001410 0.004947	0.000632 0.003159	0.001186 0.002433	0.002620 0.005261	
2 32 3 0.820000	0.959306 0.005174	0.079728 0.009926	0.010140 0.003140	0.000938 0.003869	0.000487 0.002433	0.002761 0.006777	0.000816 0.004081	0.001213 0.004369	0.000572 0.001930	0.000465 0.001411	0.001396 0.003892	
2 32 3 0.830000	0.954546 0.005204	0.088839 0.009934	0.015899 0.006276	0.001298 0.004248	0.003224 0.008935	0.001738 0.006588	0.001245 0.006204	0.001892 0.005612	0.000678 0.002797	0.000446 0.002228	0.002492 0.005999	
2 32 3 0.840000	0.949350 0.004360	0.098732 0.008276	0.016482 0.009204	0.002828 0.005873	0.000000 0.000000	0.000483 0.002416	0.000000 0.000000	0.000717 0.003586	0.001414 0.005145	0.002033 0.006611	0.001329 0.003806	
2 32 3 0.850000	0.945891 0.003454	0.105288 0.006538	0.018493 0.009013	0.002288 0.006392	0.002877 0.009806	0.001994 0.005944	0.000619 0.001197	0.001127 0.003504	0.002329 0.007749	0.000926 0.002837	0.001185 0.005923	
2 32 3 0.860000	0.940519 0.005140	0.115420 0.009662	0.020683 0.008485	0.004436 0.009926	0.000500 0.002499	0.000709 0.003334	0.001556 0.007147	0.000995 0.003649	0.001470 0.006619	0.002424 0.006396	0.001909 0.006567	
2 32 3 0.870000	0.936024 0.005283	0.123854 0.009892	0.022962 0.007535	0.005240 0.004410	0.003976 0.007070	0.001662 0.007887	0.000880 0.003534	0.001976 0.009881	0.000492 0.001566	0.002232 0.006032	0.000782 0.002892	
2 32 3 0.880000	0.931129 0.005316	0.132995 0.009904	0.026697 0.006987	0.008215 0.008385	0.002090 0.006962	0.002177 0.006870	0.001645 0.003767	0.000000 0.000000	0.000754 0.003605	0.001162 0.002932	0.000105 0.000525	
2 32 3 0.890000	0.923366 0.001874	0.147394 0.003460	0.030823 0.005614	0.010781 0.009140	0.003650 0.009306	0.001386 0.006932	0.000000 0.000000	0.001374 0.003728	0.001169 0.005844	0.001083 0.005416	0.001649 0.008245	
2 32 3 0.900000	0.916135 0.003980	0.160693 0.007295	0.035648 0.009911	0.009253 0.006897	0.001370 0.005104	0.001207 0.004062	0.001187 0.003616	0.002418 0.004480	0.002906 0.007153	0.002543 0.009770	0.000419 0.001628	
2 32 3 0.910000	0.905266 0.005142	0.180490 0.009307	0.040291 0.008351	0.015147 0.007226	0.004225 0.009611	0.004771 0.007662	0.001655 0.004571	0.000273 0.001366	0.002185 0.009603	0.000267 0.001335	0.004073 0.008106	
2 32 3 0.920000	0.896105 0.005480	0.196991 0.009819	0.049366 0.002932	0.017211 0.002921	0.007716 0.005165	0.003586 0.005842	0.000560 0.002801	0.000788 0.003938	0.000000 0.000000	0.000856 0.004281	0.001092 0.004482	
2 32 3 0.930000	0.887300 0.005223	0.212696 0.009271	0.053079 0.009832	0.018693 0.004257	0.007016 0.004173	0.002963 0.008681	0.001111 0.005443	0.000335 0.001394	0.000538 0.002336	0.000430 0.001996	0.000851 0.003323	
2 32 3 0.940000	0.870097 0.005695	0.242926 0.009918	0.070090 0.006559	0.027511 0.006150	0.012598 0.006423	0.004931 0.009452	0.002508 0.005748	0.002207 0.003844	0.000666 0.002962	0.000462 0.001355	0.000807 0.002691	
2 32 3 0.950000	0.855307 0.005746	0.268445 0.009829	0.080898 0.009609	0.031912 0.005203	0.015837 0.007066	0.008741 0.002411	0.003004 0.006478	0.001746 0.004513	0.001743 0.005048	0.001788 0.004561	0.000170 0.000850	
2 32 3 0.960000	0.835434 0.005943	0.302046 0.009932	0.098750 0.005288	0.042632 0.004788	0.023164 0.006255	0.011452 0.004546	0.007807 0.002856	0.004051 0.006032	0.002544 0.004887	0.001053 0.002407	0.001587 0.004896	
2 32 3 0.970000	0.809061 0.005816	0.345415 0.009414	0.123812 0.006853	0.058897 0.004184	0.033696 0.004597	0.020925 0.006537	0.013581 0.004572	0.008719 0.003420	0.006148 0.004207	0.005297 0.009105	0.004293 0.009948	
2 32 3 0.980000	0.773287 0.006458	0.402021 0.009998	0.156909 0.007511	0.082145 0.006367	0.049415 0.006146	0.032297 0.003454	0.022290 0.003759	0.015200 0.004032	0.011611 0.002303	0.007742 0.001469	0.005141 0.001932	
2 32 3 0.990000	0.725247 0.006869	0.474010 0.009972	0.202988 0.005424	0.113821 0.002725	0.073910 0.003042	0.050940 0.002581	0.037094 0.001721	0.027121 0.002940	0.020644 0.003839	0.015361 0.001813	0.011367 0.002285	
2 32 3 1.000000	0.652694 0.007650	0.573981 0.009980	0.269978 0.006287	0.163710 0.005181	0.113380 0.003328	0.083181 0.004007	0.063145 0.006364	0.046937 0.005150	0.037000 0.007528	0.027352 0.004498	0.023007 0.006308	
2 32 3 1.010000	0.570387 0.008769	0.674648 0.009985	0.337712 0.008707	0.213722 0.007862	0.151413 0.007073	0.112908 0.004733	0.086300 0.005129	0.067083 0.004297	0.052067 0.005611	0.041590 0.003150	0.032156 0.005188	
2 32 3 1.020000	0.472722 0.009852	0.776521 0.009304	0.405513 0.005251	0.262956 0.008301	0.188154 0.006392	0.142405 0.003025	0.109937 0.004692	0.084580 0.003479	0.066431 0.004617	0.051050 0.003356	0.039622 0.002768	
2 32 3 1.030000	0.378481 0.009882	0.856738 0.007526	0.454648 0.007822	0.294154 0.006426	0.211030 0.002746	0.157432 0.003157	0.117883 0.004629	0.091232 0.008196	0.069408 0.007846	0.051174 0.005264	0.038015 0.007752	
2 32 3 1.040000	0.319390 0.009700	0.897974 0.006217	0.472822 0.007451	0.301970 0.002398	0.212022 0.003554	0.156970 0.004653	0.116022 0.004284	0.085198 0.005301	0.063173 0.004092	0.045705 0.003882	0.031144 0.004511	
2 32 3 1.050000	0.267835 0.009999	0.928252 0.005321	0.482947 0.002541	0.304229 0.003588	0.208644 0.003354	0.150065 0.003906	0.109069 0.004094	0.080156 0.002964	0.057509 0.002684	0.039171 0.003126	0.024903 0.002111	
2 32 3 1.060000	0.227750 0.008366	0.948119 0.003820	0.481357 0.003933	0.297512 0.009802	0.198479 0.008291	0.138483 0.003639	0.097856 0.004612	0.069687 0.004204	0.047039 0.006046	0.030850 0.003253	0.017522 0.006720	
2 32 3 1.070000	0.205104 0.009139	0.957921 0.003714	0.481223 0.007092	0.288254 0.009887	0.191764 0.007754	0.130460 0.002349	0.091194 0.005542	0.061753 0.007709	0.040434 0.005414	0.025436 0.006340	0.015028 0.003400	
2 32 3 1.080000	0.183503 0.008224	0.966314 0.003012	0.474891 0.009083	0.278265 0.007518	0.179505 0.008543	0.117901 0.009970	0.078578 0.005851	0.052824 0.007394	0.033197 0.004261	0.020409 0.002422	0.010444 0.006851	
2 32 3 1.090000	0.168095 0.009837	0.971734 0.003299	0.469161 0.009358	0.269149 0.007099	0.171837 0.004721	0.111930 0.005545	0.075819 0.005794	0.048740 0.008270	0.029638 0.003132	0.014736 0.003915	0.004337 0.005595	
2 32 3 1.100000	0.155534 0.006808	0.975802 0.002128	0.461179 0.009634	0.258250 0.005600	0.158048 0.007366	0.100008 0.004045	0.063428 0.003099	0.038481 0.009929	0.021059 0.003353	0.009185 0.007147	0.003146 0.004671	
2 32 3 1.110000	0.146557 0.004541	0.978518 0.001330	0.452750 0.006131	0.248457 0.009669	0.148757 0.007381	0.092297 0.003784	0.055879 0.004054	0.034994 0.009640	0.018912 0.009863	0.009463 0.008572	0.001054 0.003419	
2 32 3 1.120000	0.133884 0.005981	0.982070 0.001611	0.448069 0.009622	0.240522 0.007958	0.139452 0.008316	0.084820 0.009784	0.048895 0.008881	0.028258 0.009046	0.015154 0.007780	0.005067 0.006485	0.001375 0.003439	
2 32 3 1.130000	0.125590 0.009927	0.984211 0.002459	0.440190 0.008724	0.232974 0.004530	0.132419 0.006067	0.080077 0.008541	0.049011 0.009611	0.028445 0.004627	0.010939 0.009193	0.004322 0.009670	0.000684 0.001979	
2 32 3 1.140000	0.122042 0.009890	0.985088 0.002433	0.431636 0.006409	0.223606 0.009850	0.126000 0.006725	0.073505 0.007523	0.042938 0.006442	0.023742 0.003252	0.009337 0.002378	0.001830 0.001376	0.000090 0.000408	
2 32 3 1.150000	0.115981 0.005696	0.986544 0.001318	0.429648 0.009783	0.217198 0.009990	0.122564 0.009543	0.072135 0.006283	0.040614 0.008315	0.020981 0.004764	0.011565 0.008604	0.000951 0.003094	0.000000 0.000000	
2 32 3 1.160000	0.112636 0.009806	0.987302 0.002197	0.417709 0.006700	0.211072 0.003400	0.114474 0.008840	0.062616 0.008822	0.035379 0.009433	0.016837 0.008787	0.005880 0.007706	0.000705 0.002479	0.000217 0.001086	
2 32 3 1.170000	0.106403 0.005542	0.988674 0.001183	0.413198 0.008888	0.200617 0.008162	0.109593 0.009902	0.057929 0.006335	0.031533 0.006808	0.015359 0.005795	0.006450 0.006593	0.000314 0.000787	0.000000 0.000000	
2 32 3 1.180000	0.104683 0.004328	0.989039 0.000909	0.404312 0.009128	0.195458 0.009975	0.104048 0.009981	0.055498 0.003512	0.028790 0.006587	0.013965 0.009130	0.003751 0.003202	0.000775 0.002314	0.000000 0.000000	
2 32 3 1.190000	0.097613 0.006334	0.990466 0.001232	0.399403 0.007724	0.186629 0.009891	0.095285 0.009215	0.049593 0.009919	0.025653 0.007885	0.011198 0.003422	0.002056 0.004738	0.000623 0.003114	0.000000 0.000000	
2 32 3 1.200000	0.096843 0.005556	0.990616 0.001073	0.392863 0.007328	0.181836 0.006420	0.090030 0.009892	0.046795 0.004139	0.021773 0.004453	0.009043 0.001713	0.002277 0.006465	0.000000 0.000000	0.000000 0.000000	
2 32 3 1.210000	0.093822 0.004252	0.991195 0.000803	0.388526 0.009458	0.175926 0.008863	0.085431 0.006290	0.044709 0.006995	0.022490 0.005203	0.007885 0.006285	0.003111 0.009881	0.000339 0.001696	0.000000 0.000000	
2 32 3 1.220000	0.091665 0.006785	0.991592 0.001249	0.381288 0.003153	0.171720 0.009669	0.082617 0.006685	0.043103 0.005376	0.019207 0.004057	0.007646 0.004573	0.000682 0.003411	0.000000 0.000000	0.000000 0.000000	
2 32 3 1.230000	0.088050 0.004159	0.992245 0.000726	0.375142 0.008524	0.163511 0.009862	0.077491 0.007367	0.038966 0.008519	0.015850 0.005885	0.006472 0.004262	0.002460 0.008080	0.000896 0.004481	0.000000 0.000000	
2 32 3 1.240000	0.085463 0.008593	0.992687 0.001496	0.374416 0.008876	0.161610 0.009700	0.076404 0.004467	0.034683 0.004960	0.014245 0.008531	0.005941 0.009881	0.000000 0.000000	0.000000 0.000000	0.000000 0.000000	
2 32 3 1.250000	0.083558 0.009862	0.993006 0.001682	0.366225 0.009908	0.157786 0.005419	0.071208 0.008731	0.032940 0.007604	0.013441 0.008150	0.004637 0.002145	0.000151 0.000514	0.000000 0.000000	0.000000 0.000000	
2 32 3 1.260000	0.083393 0.008903	0.993032 0.001467	0.362197 0.008319	0.155313 0.006619	0.070539 0.005572	0.033135 0.009762	0.011995 0.007169	0.002919 0.004802	0.000820 0.004102	0.000000 0.000000	0.000000 0.000000	
2 32 3 1.270000	0.080636 0.007478	0.993491 0.001222	0.357250 0.009846	0.146809 0.005732	0.064577 0.003660	0.025894 0.003936	0.011906 0.006244	0.003497 0.006523	0.000294 0.001471	0.000328 0.001640	0.000075 0.000373	
2 32 3 1.280000	0.078706 0.004948	0.993801 0.000783	0.353380 0.009545	0.140260 0.007038	0.061935 0.007429	0.027338 0.009310	0.009729 0.002699	0.004396 0.009817	0.000000 0.000000	0.000000 0.000000	0.000000 0.000000	
2 32 3 1.290000	0.078686 0.004978	0.993806 0.000781	0.348818 0.009687	0.141434 0.009560	0.060936 0.008802	0.024623 0.003248	0.009155 0.008953	0.002761 0.005904	0.000659 0.003295	0.000000 0.000000	0.000000 0.000000	
2 32 3 1.300000	0.076338 0.008913	0.994159 0.001366	0.342230 0.006286	0.137742 0.007198	0.058368 0.009728	0.023823 0.008110	0.009140 0.007920	0.002883 0.004364	0.000390 0.001950	0.000000 0.000000	0.000079 0.000397	
2 32 3 1.310000	0.073686 0.004879	0.994567 0.000721	0.339200 0.009878	0.133603 0.005601	0.056360 0.005698	0.021813 0.009816	0.007749 0.009902	0.002288 0.007277	0.000091 0.000455	0.000000 0.000000	0.000067 0.000333	
2 32 3 1.320000	0.074501 0.007885	0.994442 0.001190	0.335688 0.009038	0.132253 0.004236	0.050647 0.007239	0.019577 0.009645	0.006681 0.009996	0.000000 0.000000	0.000000 0.000000	0.000324 0.001569	0.000000 0.000000	
2 32 3 1.330000	0.069656 0.006975	0.995142 0.000988	0.329672 0.007863	0.125118 0.008367	0.050699 0.005537	0.020661 0.009907	0.005479 0.004536	0.000764 0.003469	0.000320 0.001500	0.000000 0.000000	-0.000001 0.000004	
2 32 3 1.340000	0.070164 0.004329	0.995075 0.000610	0.329653 0.005692	0.123215 0.009560	0.050371 0.003351	0.019513 0.008943	0.005625 0.009629	0.001613 0.006041	0.000868 0.003642	0.000378 0.001888	0.000000 0.000000	
2 32 3 1.350000	0.068592 0.005289	0.995291 0.000720	0.322049 0.009404	0.119774 0.009629	0.043877 0.009571	0.019231 0.009106	0.006920 0.002667	0.001981 0.007732	0.001024 0.004340	0.000132 0.000658	0.000600 0.003002	
2 32 3 1.360000	0.068566 0.009685	0.995288 0.001327	0.320783 0.009529	0.114765 0.004522	0.045009 0.009464	0.016944 0.008846	0.008303 0.009629	0.001135 0.004125	0.000928 0.004640	0.001074 0.005371	0.000037 0.000184	
2 32 3 1.370000	0.066489 0.007263	0.995573 0.000967	0.316327 0.006593	0.111896 0.009740	0.043991 0.008991	0.014901 0.006381	0.001101 0.003653	0.000532 0.002658	0.000000 0.000000	0.000640 0.003198	0.000136 0.000560	
2 32 3 1.380000	0.067282 0.008032	0.995465 0.001077	0.316173 0.008288	0.112131 0.009804	0.037933 0.005403	0.012634 0.009883	0.001591 0.004181	0.000000 0.000000	0.000107 0.001103	0.000027 0.000136	0.000000 0.000000	
2 32 3 1.390000	0.066043 0.006962	0.995633 0.000929	0.309780 0.006009	0.106824 0.008653	0.039132 0.007601	0.014572 0.008710	0.005281 0.009378	0.000542 0.001770	0.000000 0.000000	0.000000 0.000000	0.000000 0.000000	
2 32 3 1.400000	0.065653 0.007091	0.995682 0.000918	0.305266 0.006846	0.104764 0.006914	0.038223 0.005036	0.013614 0.009257	0.004505 0.009876	0.000000 0.000000	0.000103 0.000516	0.000000 0.000000	0.000240 0.000894	
2 32 3 1.410000	0.063735 0.002512	0.995937 0.000319	0.301362 0.009968	0.102227 0.003556	0.038721 0.004511	0.011866 0.006974	0.002054 0.005081	0.000000 0.000000	0.000305 0.001526	0.000000 0.000000	0.000000 0.000000	
2 32 3 1.420000	0.063227 0.009367	0.995991 0.001208	0.298307 0.009560	0.099480 0.006926	0.035884 0.007227	0.013054 0.004784	0.002241 0.006394	0.000521 0.002167	0.000000 0.000000	0.000000 0.000000	0.000407 0.002034	
2 32 3 1.430000	0.062258 0.008773	0.996111 0.001090	0.297234 0.009040	0.101696 0.008326	0.035936 0.009300	0.012134 0.001747	0.000431 0.002153	0.001556 0.004826	0.000185 0.000924	0.000955 0.004773	0.000000 0.000000	
2 32 3 1.440000	0.060848 0.007758	0.996289 0.000966	0.296828 0.004783	0.095874 0.006231	0.034180 0.007488	0.010949 0.009361	0.003609 0.006515	0.001359 0.006797	0.002183 0.009389	0.000423 0.002117	0.000295 0.001474	
2 32 3 1.450000	0.061489 0.001822	0.996219 0.000223	0.290253 0.009989	0.093009 0.007845	0.030866 0.003460	0.008237 0.005408	0.002597 0.006529	0.000087 0.000433	-0.000001 0.000007	0.000000 0.000000	0.000000 0.000000	
2 32 3 1.460000	0.063349 0.008384	0.995979 0.001055	0.289055 0.009227	0.090385 0.007119	0.030508 0.004859	0.007925 0.009835	0.001652 0.004843	0.001026 0.005128	0.000905 0.003550	0.000434 0.002168	0.000000 0.000000	
2 32 3 1.470000	0.060244 0.003353	0.996369 0.000401	0.284146 0.009795	0.090065 0.008250	0.027969 0.006859	0.010201 0.008192	0.002348 0.004734	0.000260 0.001301	0.000000 0.000000	0.000000 0.000000	0.000000 0.000000	
2 32 3 1.480000	0.059353 0.009596	0.996465 0.001149	0.285420 0.009428	0.087353 0.003045	0.028405 0.006882	0.005653 0.009126	0.000198 0.001083	0.000535 0.002141	0.000000 0.000000	0.000000 0.000000	0.000000 0.000000	
2 32 3 1.490000	0.056753 0.007198	0.996773 0.000805	0.278512 0.009717	0.084577 0.007970	0.027681 0.004995	0.007515 0.009804	0.000943 0.002512	0.000240 0.001202	0.000000 0.000000	0.000214 0.001072	0.000000 0.000000	
2 32 3 1.500000	0.059914 0.005799	0.996405 0.000704	0.279752 0.009962	0.085400 0.006749	0.028073 0.008126	0.005478 0.004504	0.001387 0.004090	0.001038 0.002732	0.000527 0.002634	0.000000 0.000000	0.000887 0.004437	
2 32 3 1.510000	0.058931 0.006653	0.996521 0.000794	0.276560 0.009673	0.084490 0.008685	0.025867 0.008438	0.007806 0.007460	0.001208 0.003347	0.000000 0.000000	0.001092 0.003165	0.000517 0.002586	0.000488 0.002438	
2 32 3 1.520000	0.056035 0.005043	0.996857 0.000571	0.271339 0.009764	0.080920 0.007055	0.023158 0.005151	0.006563 0.006036	0.000648 0.003240	0.000000 0.000000	0.000000 0.000000	0.000000 0.000000	0.000000 0.000000	
2 32 3 1.530000	0.055205 0.008717	0.996942 0.000949	0.266141 0.009766	0.076934 0.009523	0.022064 0.008861	0.008117 0.008870	0.001341 0.003574	0.000467 0.002064	0.001440 0.005942	0.000869 0.004344	0.001916 0.003556	
2 32 3 1.540000	0.055766 0.004604	0.996888 0.000511	0.266036 0.009913	0.078300 0.004951	0.023164 0.006952	0.006262 0.008439	0.001005 0.003965	0.000170 0.000933	0.000107 0.000535	0.000208 0.001042	0.000742 0.003711	
2 32 3 1.550000	0.055263 0.004255	0.996944 0.000466	0.263234 0.009904	0.076256 0.008037	0.023892 0.003507	0.005554 0.009693	0.001564 0.004162	0.000538 0.002454	0.000000 0.000000	0.000384 0.001643	0.000000 0.000000	
2 32 3 1.560000	0.052838 0.005144	0.997203 0.000542	0.260835 0.009524	0.073842 0.009096	0.019412 0.003689	0.003732 0.008200	0.001928 0.004444	0.000419 0.002096	0.000000 0.000000	0.000000 0.000000	0.000000 0.000000	
2 32 3 1.570000	0.055978 0.003301	0.996865 0.000372	0.257495 0.009980	0.074443 0.003942	0.020012 0.007962	0.004161 0.007577	0.000000 0.000000	0.000740 0.003701	0.000000 0.000000	0.000151 0.000756	0.000710 0.003548	
2 32 3 1.580000	0.054235 0.005030	0.997055 0.000539	0.259904 0.009757	0.071925 0.008212	0.019617 0.007065	0.005280 0.005491	0.003200 0.007898	0.000361 0.001804	0.000775 0.002759	0.000448 0.002238	0.000120 0.000598	
2 32 3 1.590000	0.054787 0.007334	0.996991 0.000826	0.254608 0.009721	0.069036 0.004523	0.020221 0.004751	0.005889 0.009533	0.002670 0.006863	0.000000 0.000000	0.000383 0.001914	0.000000 0.000000	0.002952 0.009921	
2 32 3 1.600000	0.053992 0.006674	0.997080 0.000725	0.256761 0.009631	0.072825 0.008175	0.018649 0.001405	0.004439 0.006556	0.001780 0.006017	0.000000 0.000000	0.000004 0.000021	0.000676 0.003379	0.000000 0.000000	
2 32 3 1.610000	0.053901 0.002909	0.997094 0.000312	0.250046 0.009990	0.071813 0.008797	0.019095 0.003084	0.002723 0.005754	0.000091 0.000457	0.000456 0.002279	0.000205 0.001026	0.000000 0.000000	0.000000 0.000000	
2 32 3 1.620000	0.053388 0.001581	0.997149 0.000168	0.250259 0.009906	0.066636 0.007450	0.019050 0.004099	0.002665 0.007589	0.000000 0.000000	0.000812 0.004062	0.000000 0.000000	0.000660 0.003302	0.000000 0.000000	
2 32 3 1.630000	0.051074 0.004334	0.997389 0.000451	0.247289 0.009301	0.065566 0.005655	0.015057 0.006523	0.001243 0.003269	0.000840 0.002865	0.000000 0.000000	0.001267 0.004180	0.000484 0.002421	0.000041 0.000205	
2 32 3 1.640000	0.050739 0.003708	0.997424 0.000378	0.245177 0.007655	0.068970 0.009377	0.018362 0.008894	0.007842 0.006168	0.001695 0.004338	0.001118 0.005589	0.001289 0.006444	0.002327 0.005252	0.000000 0.000000	
2 32 3 1.650000	0.052523 0.005022	0.997238 0.000535	0.243410 0.008678	0.062674 0.004253	0.020522 0.003865	0.006311 0.008413	0.001936 0.004585	0.000000 0.000000	0.001973 0.005196	0.000000 0.000000	0.000424 0.002122	
2 32 3 1.660000	0.052407 0.006220	0.997247 0.000647	0.239962 0.009188	0.063045 0.009121	0.014407 0.005313	0.005188 0.009974	0.000523 0.002614	0.001116 0.005580	0.000151 0.000753	0.001421 0.002843	0.000377 0.001226	
2 32 3 1.670000	0.055742 0.007118	0.996886 0.000802	0.238540 0.009197	0.060341 0.009592	0.015452 0.008101	0.006247 0.006425	0.000873 0.004363	0.001062 0.005310	0.000203 0.001016	0.001009 0.005044	0.001388 0.005735	
2 32 3 1.680000	0.050155 0.006208	0.997480 0.000621	0.239056 0.009982	0.058788 0.009982	0.014100 0.009842	0.003318 0.006431	0.001047 0.002519	0.001437 0.005012	0.000502 0.002512	0.000000 0.000000	0.000000 0.000000	
2 32 3 1.690000	0.050248 0.009975	0.997462 0.001035	0.238097 0.005328	0.059116 0.009439	0.015620 0.005191	0.003707 0.008555	0.000000 0.000000	0.001032 0.005159	0.000000 0.000000	0.000000 0.000000	-0.000019 0.000094	
2 32 3 1.700000	0.050597 0.009430	0.997431 0.000963	0.235069 0.009652	0.058056 0.005302	0.012752 0.003855	0.003022 0.007410	0.001385 0.003835	0.000000 0.000000	0.000000 0.000000	0.000000 0.000000	0.000131 0.000656	
2 32 3 1.710000	0.049966 0.005262	0.997500 0.000524	0.229922 0.008013	0.058728 0.004209	0.013728 0.009540	0.003766 0.006903	0.000948 0.003755	0.000444 0.001188	0.000535 0.002674	0.001750 0.005063	0.000274 0.001369	
2 32 3 1.720000	0.049336 0.003377	0.997564 0.000335	0.232829 0.004456	0.054224 0.009825	0.012419 0.005419	0.002755 0.007986	0.000082 0.000412	0.000362 0.001812	0.000000 0.000000	0.000124 0.000621	0.000052 0.000259	
2 32 3 1.730000	0.050129 0.004577	0.997484 0.000464	0.226640 0.009610	0.055595 0.009641	0.015401 0.008140	0.004383 0.002389	0.000912 0.004558	0.000937 0.003522	0.000931 0.003935	0.000000 0.000000	0.000359 0.001795	
2 32 3 1.740000	0.051327 0.009098	0.997356 0.000950	0.229442 0.006967	0.053177 0.009719	0.013970 0.002002	0.001873 0.007282	0.002136 0.008643	0.001135 0.005674	0.000512 0.002558	0.000000 0.000000	0.000000 0.000000	
2 32 3 1.750000	0.050499 0.006244	0.997445 0.000645	0.229584 0.006377	0.053508 0.009024	0.014159 0.009924	0.000853 0.004265	0.000190 0.000949	0.000000 0.000000	0.000000 0.000000	0.000392 0.001400	0.000176 0.000882	
2 32 3 1.760000	0.049993 0.002420	0.997500 0.000241	0.227741 0.008745	0.054530 0.009111	0.010902 0.005990	0.001877 0.004433	0.000502 0.001723	0.000000 0.000000	0.000000 0.000000	0.000962 0.003414	0.000412 0.002059	
2 32 3 1.770000	0.048644 0.006692	0.997629 0.000654	0.219062 0.009629	0.054908 0.007692	0.010138 0.007471	0.001671 0.007371	0.000189 0.000568	0.000776 0.002395	0.000000 0.000000	0.000000 0.000000	0.001841 0.009203	
2 32 3 1.780000	0.048359 0.006744	0.997655 0.000634	0.218195 0.009387	0.050034 0.009154	0.011637 0.009747	0.000467 0.002335	0.000582 0.002908	0.001789 0.008166	0.000563 0.002813	0.003164 0.009451	0.000000 0.000000	
2 32 3 1.790000	0.046833 0.003944	0.997805 0.000371	0.218751 0.002811	0.051705 0.009821	0.011583 0.009858	0.002109 0.007622	0.001377 0.004601	0.000407 0.002035	0.001785 0.006238	0.000331 0.001654	0.000000 0.000000	
2 32 3 1.800000	0.047261 0.005080	0.997764 0.000478	0.216254 0.008474	0.049561 0.003435	0.011230 0.009409	0.001755 0.005184	0.000503 0.001771	0.000084 0.000419	0.000090 0.000449	0.000238 0.001189	0.000177 0.000886	
2 32 3 1.810000	0.049517 0.003429	0.997546 0.000341	0.213613 0.008991	0.047303 0.009310	0.010380 0.009005	0.003110 0.008900	0.002206 0.006516	0.000777 0.003884	0.001666 0.005115	0.000000 0.000000	0.001760 0.008799	
2 32 3 1.820000	0.047190 0.002383	0.997773 0.000224	0.213229 0.004727	0.047329 0.004071	0.010910 0.009735	0.001532 0.003407	0.000259 0.001294	0.002103 0.009397	0.000000 0.000000	0.000041 0.000206	0.000850 0.003480	
2 32 3 1.830000	0.045177 0.005301	0.997954 0.000480	0.210344 0.005466	0.047433 0.002683	0.008629 0.009609	0.002245 0.004164	0.000204 0.000901	0.000000 0.000000	0.000000 0.000000	0.000000 0.000000	0.000225 0.001125	
2 32 3 1.840000	0.047356 0.003996	0.997755 0.000376	0.211691 0.005486	0.048980 0.009553	0.012328 0.009347	0.003138 0.008846	0.000302 0.001511	0.000060 0.000301	0.000000 0.000000	0.000000 0.000000	0.000225 0.001127	
2 32 3 1.850000	0.046770 0.005743	0.997808 0.000527	0.209033 0.009625	0.046759 0.008844	0.012527 0.009536	0.002946 0.009890	0.000495 0.002473	0.000000 0.000000	0.000065 0.000327	0.002043 0.003798	0.000228 0.001140	
2 32 3 1.860000	0.046614 0.008480	0.997819 0.000797	0.207644 0.009687	0.046307 0.008237	0.011295 0.009418	0.003632 0.008071	0.000198 0.000989	0.001248 0.004717	0.000463 0.002313	0.001518 0.006009	0.001439 0.007056	
2 32 3 1.870000	0.046552 0.006065	0.997828 0.000558	0.205893 0.009938	0.044027 0.006029	0.010042 0.006535	0.000224 0.001121	0.000577 0.002884	0.000000 0.000000	0.000000 0.000000	0.000245 0.000683	0.000296 0.001482	
2 32 3 1.880000	0.047215 0.007917	0.997762 0.000763	0.200404 0.009285	0.044908 0.005994	0.010905 0.009791	0.000930 0.002959	0.003138 0.006552	0.000390 0.001951	0.000483 0.001367	0.001073 0.003414	0.000680 0.003401	
2 32 3 1.890000	0.045552 0.001378	0.997925 0.000126	0.206372 0.009992	0.041362 0.009326	0.008422 0.007054	0.003147 0.007626	0.000000 0.000000	0.000887 0.004433	0.000509 0.002544	0.000663 0.003314	0.000737 0.002867	
2 32 3 1.900000	0.045270 0.005306	0.997947 0.000483	0.203432 0.006860	0.043883 0.009658	0.007273 0.006378	0.002146 0.005476	0.000714 0.002433	0.000000 0.000000	0.000000 0.000000	0.001798 0.005748	0.001049 0.005019	
2 32 3 1.910000	0.043965 0.002967	0.998066 0.000260	0.203322 0.007638	0.042690 0.009631	0.010628 0.003934	0.002184 0.007969	0.001334 0.006668	0.001275 0.006375	0.001040 0.004999	0.000000 0.000000	0.000000 0.000000	
2 32 3 1.920000	0.046895 0.005220	0.997798 0.000489	0.202287 0.009479	0.043618 0.008716	0.009518 0.004552	0.003734 0.008551	0.002138 0.007369	0.001525 0.006460	0.001482 0.003903	0.001305 0.003537	0.001828 0.007402	
2 32 3 1.930000	0.045365 0.007585	0.997935 0.000692	0.200778 0.009837	0.041742 0.007359	0.006642 0.009037	0.004368 0.007361	0.000629 0.002191	0.000760 0.003799	0.000682 0.003408	0.000000 0.000000	0.000000 0.000000	
2 32 3 1.940000	0.047000 0.008538	0.997782 0.000784	0.199529 0.009852	0.038735 0.008933	0.005102 0.007405	0.000572 0.002860	0.003048 0.009478	0.000200 0.000855	0.002010 0.008612	0.001828 0.005214	0.000000 0.000000	
2 32 3 1.950000	0.041019 0.007411	0.998312 0.000600	0.194946 0.008739	0.039853 0.009172	0.006296 0.008390	0.000812 0.004058	0.000441 0.002207	0.002294 0.007900	0.000105 0.000527	0.003653 0.009911	0.001978 0.005807	
2 32 3 1.960000	0.044365 0.005594	0.998027 0.000490	0.193510 0.009419	0.036182 0.007532	0.007512 0.007831	0.002308 0.004292	0.000587 0.002934	0.000570 0.002848	0.000183 0.000914	0.000586 0.002930	0.000512 0.002562	
2 32 3 1.970000	0.041665 0.004147	0.998262 0.000350	0.193578 0.009267	0.040460 0.009513	0.007532 0.009325	0.001235 0.005000	0.000000 0.000000	0.000000 0.000000	0.002143 0.007235	0.000409 0.002047	0.000000 0.000000	
2 32 3 1.980000	0.044300 0.008611	0.998029 0.000757	0.193439 0.008782	0.039956 0.008410	0.004731 0.008565	0.001479 0.005272	0.002603 0.008853	0.001907 0.006970	0.000000 0.000000	0.000000 0.000000	0.004744 0.008558	
2 32 3 1.990000	0.044306 0.007483	0.998029 0.000665	0.193765 0.008003	0.038903 0.007867	0.006719 0.009571	0.000828 0.004140	0.000000 0.000000	0.000890 0.004450	0.000000 0.000000	0.000497 0.002487	0.000000 0.000000	
2 32 3 2.000000	0.045394 0.003133	0.997938 0.000284	0.192593 0.006576	0.036984 0.006455	0.009364 0.009663	0.003375 0.005880	0.001593 0.007966	0.000553 0.001773	0.000177 0.000883	0.000000 0.000000	0.000758 0.002823	
2 32 3 2.010000	0.045836 0.005996	0.997894 0.000561	0.193023 0.009184	0.035397 0.005719	0.003916 0.006982	0.000565 0.002823	0.001598 0.004160	0.001266 0.004115	0.004104 0.008614	0.001058 0.005290	0.000627 0.003133	
2 32 3 2.020000	0.044377 0.007010	0.998024 0.000609	0.183865 0.009826	0.036573 0.009376	0.005328 0.002140	0.002468 0.005553	0.001625 0.004253	0.000723 0.003615	0.000308 0.001540	0.001517 0.004371	0.000000 0.000000	
2 32 3 2.030000	0.043281 0.007276	0.998120 0.000641	0.188506 0.007538	0.032179 0.006434	0.004362 0.009820	0.002152 0.009380	0.000000 0.000000	0.000220 0.001101	0.001427 0.003778	0.002434 0.009630	0.000000 0.000000	
2 32 3 2.040000	0.041748 0.007727	0.998250 0.000631	0.186546 0.009803	0.037939 0.005727	0.002354 0.007554	0.004565 0.005298	0.000296 0.001480	0.000000 0.000000	0.001342 0.003359	0.000000 0.000000	0.000000 0.000000	
2 32 3 2.050000	0.043966 0.007544	0.998057 0.000670	0.181578 0.008435	0.035445 0.009837	0.004889 0.008995	0.000632 0.002299	0.003120 0.006197	0.000395 0.001975	0.000076 0.000381	0.003372 0.008327	0.000081 0.000218	
2 32 3 2.060000	0.043305 0.003817	0.998123 0.000335	0.185227 0.009560	0.032921 0.006532	0.004250 0.007324	0.000294 0.001469	0.001007 0.003392	0.001279 0.003426	0.002659 0.007013	0.000000 0.000000	0.000524 0.001908	
2 32 3 2.070000	0.043422 0.003284	0.998113 0.000287	0.181271 0.009507	0.031542 0.008708	0.003537 0.005750	0.002083 0.003682	0.000254 0.001268	0.000000 0.000000	0.001446 0.005286	0.000000 0.000000	0.000476 0.001691	
2 32 3 2.080000	0.042435 0.004639	0.998196 0.000391	0.184450 0.009955	0.037151 0.005526	0.005324 0.007466	0.002928 0.006420	0.000000 0.000000	0.001401 0.005943	0.000000 0.000000	0.000495 0.002475	0.000761 0.003807	
2 32 3 2.090000	0.043461 0.002997	0.998110 0.000260	0.179440 0.009768	0.034044 0.007032	0.005879 0.004431	0.002011 0.004203	0.001094 0.003530	0.001410 0.004682	0.001275 0.005432	0.000000 0.000000	0.000961 0.002978	
2 32 3 2.100000	0.043014 0.005244	0.998146 0.000445	0.176716 0.008958	0.030447 0.005187	0.006219 0.005506	0.003493 0.009200	0.001129 0.004403	0.002015 0.007030	0.000774 0.003871	0.001005 0.003311	0.000132 0.000659	
2 32 3 2.110000	0.040165 0.007089	0.998381 0.000559	0.175445 0.009848	0.036968 0.007457	0.005676 0.009160	0.001936 0.007273	0.001163 0.005216	0.001474 0.004370	0.001564 0.007818	0.000000 0.000000	0.003324 0.006641	
2 32 3 2.120000	0.044954 0.009995	0.997963 0.000891	0.175758 0.008555	0.031139 0.007798	0.007049 0.008119	0.005097 0.009774	0.003430 0.009434	0.000000 0.000000	0.000868 0.003980	0.000000 0.000000	0.001069 0.004812	
2 32 3 2.130000	0.042119 0.004770	0.998223 0.000408	0.177223 0.009823	0.029281 0.008394	0.003552 0.005390	0.001443 0.004358	0.001976 0.007437	0.000023 0.000115	0.000678 0.003390	0.000801 0.004006	0.000686 0.002489	
2 32 3 2.140000	0.044027 0.007120	0.998056 0.000623	0.173842 0.009131	0.027993 0.007681	0.003401 0.006555	0.002353 0.006101	0.001744 0.005871	0.001123 0.003851	0.000819 0.003310	0.000234 0.001171	0.000401 0.001064	
2 32 3 2.150000	0.040278 0.004652	0.998375 0.000378	0.174861 0.009233	0.027821 0.005869	0.006103 0.009662	0.000787 0.003933	0.000480 0.002185	0.001194 0.003217	0.001899 0.009495	0.001820 0.005648	0.000548 0.001774	
2 32 3 2.160000	0.042429 0.005181	0.998197 0.000432	0.172327 0.007444	0.027054 0.008653	0.003892 0.009520	0.000398 0.001992	0.000055 0.000276	0.000000 0.000000	0.000948 0.004742	0.000072 0.000361	0.000073 0.000367	
2 32 3 2.170000	0.041603 0.006320	0.998264 0.000531	0.173184 0.008704	0.027289 0.005397	0.004298 0.009941	0.001820 0.005333	0.003309 0.009325	0.001038 0.003671	0.001527 0.005623	0.000000 0.000000	0.000087 0.000436	
2 32 3 2.180000	0.040902 0.002841	0.998326 0.000230	0.173623 0.008789	0.028640 0.009520	0.007566 0.007470	0.002404 0.006606	0.000000 0.000000	0.000000 0.000000	0.001130 0.005650	0.000797 0.003135	0.000000 0.000000	
2 32 3 2.190000	0.041059 0.008107	0.998305 0.000655	0.171480 0.009454	0.029039 0.006713	0.004571 0.004154	0.003334 0.008214	0.000886 0.002385	0.000879 0.004394	0.000095 0.000473	0.000000 0.000000	0.000718 0.003589	
2 32 3 2.200000	0.041975 0.006860	0.998231 0.000562	0.168834 0.009037	0.029898 0.009077	0.004283 0.007181	0.000773 0.002163	0.000000 0.000000	0.000315 0.001573	0.000144 0.000721	0.001263 0.006317	0.000868 0.003001	
2 32 3 2.210000	0.041691 0.008178	0.998255 0.000688	0.170318 0.008956	0.027973 0.004854	0.009427 0.009412	0.000288 0.001439	0.000240 0.001202	0.001251 0.005585	0.000000 0.000000	0.000259 0.001293	0.000082 0.000412	
2 32 3 2.220000	0.043033 0.006103	0.998144 0.000519	0.164050 0.009984	0.027962 0.009361	0.005180 0.009069	0.001127 0.003023	0.000000 0.000000	0.000000 0.000000	0.001414 0.005914	0.002427 0.006686	0.001357 0.006559	
2 32 3 2.230000	0.042101 0.002584	0.998227 0.000215	0.163422 0.007939	0.029416 0.009847	0.004907 0.009459	0.000000 0.000000	0.001449 0.006198	0.000311 0.001557	0.002253 0.003430	0.001100 0.003200	0.000000 0.000000	
2 32 3 2.240000	0.042090 0.003699	0.998227 0.000310	0.163932 0.009370	0.026249 0.006572	0.000766 0.003135	0.001274 0.003404	0.001232 0.003613	0.000923 0.003352	0.000000 0.000000	0.000578 0.002891	0.000353 0.001763	
2 32 3 2.250000	0.041399 0.009429	0.998274 0.000801	0.164242 0.007584	0.027437 0.009347	0.004072 0.008094	0.001610 0.008049	0.001363 0.006817	0.001283 0.006043	0.001072 0.005361	0.000277 0.001384	0.000140 0.001211	
2 32 3 2.260000	0.041507 0.002834	0.998276 0.000240	0.162639 0.008643	0.027732 0.009963	0.004164 0.008111	0.000000 0.000000	0.000000 0.000000	0.000777 0.002446	0.000000 0.000000	0.000000 0.000000	0.000543 0.002715	
2 32 3 2.270000	0.038993 0.007692	0.998471 0.000599	0.161831 0.008110	0.027560 0.007661	0.003582 0.009272	0.001347 0.006736	0.001640 0.003973	0.001245 0.003033	0.000627 0.003136	0.000773 0.003065	0.000152 0.000760	
2 32 3 2.280000	0.041878 0.005240	0.998243 0.000430	0.162488 0.006678	0.024618 0.009569	0.002537 0.002536	0.000264 0.001319	0.000000 0.000000	0.000180 0.000898	0.000619 0.003093	0.000473 0.001887	0.000000 0.000000	
2 32 3 2.290000	0.039028 0.005243	0.998474 0.000412	0.165008 0.009148	0.026673 0.008550	0.003275 0.007039	0.000957 0.004187	0.000000 0.000000	0.001567 0.005899	0.001400 0.005251	0.001577 0.005015	0.001388 0.002970	
2 32 3 2.300000	0.041152 0.008849	0.998297 0.000720	0.165566 0.009708	0.026162 0.008760	0.003064 0.008336	0.001147 0.003135	0.001486 0.003866	0.000000 0.000000	0.000120 0.000599	0.000433 0.001255	0.001066 0.005330	
2 32 3 2.310000	0.041366 0.004491	0.998287 0.000373	0.163774 0.008851	0.026096 0.005945	0.003049 0.006853	0.000000 0.000000	0.001874 0.005451	0.002168 0.007828	0.000908 0.004540	0.001931 0.009653	0.000814 0.004070	
2 32 3 2.320000	0.039491 0.004822	0.998438 0.000382	0.160616 0.009498	0.024932 0.003888	0.003501 0.004767	0.002886 0.005222	0.002249 0.006215	0.001865 0.005020	0.000637 0.003016	0.000739 0.002654	0.000757 0.003432	
2 32 3 2.330000	0.039703 0.004488	0.998421 0.000357	0.156970 0.009804	0.024181 0.007976	0.003529 0.009176	0.001326 0.003520	0.000000 0.000000	0.000954 0.002157	0.001659 0.006057	0.001118 0.005588	0.000917 0.004586	
2 32 3 2.340000	0.040155 0.005212	0.998383 0.000415	0.156686 0.009860	0.022228 0.007685	0.001221 0.002801	0.001731 0.004120	0.000000 0.000000	0.000000 0.000000	0.000399 0.001994	0.000000 0.000000	0.000779 0.002269	
2 32 3 2.350000	0.041302 0.002394	0.998293 0.000197	0.160556 0.009292	0.025156 0.009469	0.004908 0.009683	0.001061 0.005305	0.000000 0.000000	0.000036 0.000181	0.000000 0.000000	0.000906 0.003117	0.000643 0.003217	
2 32 3 2.360000	0.040167 0.004291	0.998384 0.000353	0.154889 0.009949	0.024679 0.009771	0.005181 0.006662	0.001100 0.003342	0.000224 0.001120	0.000000 0.000000	0.000678 0.003391	0.001070 0.002962	0.000364 0.001820	
2 32 3 2.370000	0.041119 0.005559	0.998306 0.000450	0.157412 0.007699	0.024382 0.009421	0.004923 0.008463	0.000406 0.001005	0.001613 0.004141	0.000000 0.000000	0.000000 0.000000	0.003208 0.008716	0.000387 0.001937	
2 32 3 2.380000	0.040500 0.005984	0.998356 0.000489	0.156584 0.009816	0.023193 0.004228	0.005556 0.006083	0.000000 0.000000	0.001458 0.004279	0.003216 0.005938	0.001294 0.003938	0.001166 0.005830	0.000000 0.000000	
2 32 3 2.390000	0.038980 0.004199	0.998478 0.000320	0.156366 0.009801	0.021431 0.008840	0.002900 0.006742	0.000791 0.002528	0.000000 0.000000	0.000682 0.003410	0.001028 0.003246	0.001609 0.003505	0.000259 0.001286	
2 32 3 2.400000	0.039162 0.006192	0.998462 0.000480	0.154104 0.006262	0.023307 0.009626	0.003917 0.007708	0.000729 0.003644	0.000312 0.001562	0.000325 0.001627	0.001551 0.004468	0.000517 0.002586	0.000000 0.000000	
2 32 3 2.410000	0.039453 0.005058	0.998440 0.000400	0.151655 0.009325	0.023425 0.005655	0.001400 0.003886	0.000966 0.002431	0.000242 0.000610	0.002737 0.008046	0.000208 0.001038	0.000070 0.000351	0.001000 0.005002	
2 32 3 2.420000	0.040707 0.007058	0.998337 0.000569	0.150485 0.009401	0.019706 0.008371	0.000388 0.000915	-0.000043 0.000215	0.000934 0.003540	0.000637 0.002385	0.001871 0.009354	0.000000 0.000000	0.000834 0.004169	
2 32 3 2.430000	0.038670 0.001697	0.998504 0.000131	0.149498 0.008972	0.023608 0.008381	0.003188 0.007465	0.002402 0.006225	0.001086 0.005428	0.000266 0.001329	0.001672 0.007501	0.001370 0.006848	0.001177 0.005884	
2 32 3 2.440000	0.041221 0.009237	0.998292 0.000772	0.153044 0.009129	0.020706 0.004673	0.001992 0.003427	0.000632 0.002316	0.000811 0.002451	0.000520 0.002600	0.001084 0.004618	0.001994 0.009972	0.001127 0.002105	
2 32 3 2.450000	0.040181 0.003072	0.998384 0.000248	0.149003 0.007306	0.019854 0.008503	0.001333 0.003743	0.000000 0.000000	0.000000 0.000000	0.000694 0.002692	0.001697 0.006802	0.002264 0.006684	0.000000 0.000000	
2 32 3 2.460000	0.038480 0.007804	0.998511 0.000623	0.149040 0.009484	0.025171 0.009841	0.002529 0.004847	0.000144 0.000722	0.000531 0.002654	0.000830 0.004612	0.000000 0.000000	0.000558 0.001800	0.002365 0.009838	
2 32 3 2.470000	0.038875 0.000890	0.998489 0.000069	0.145319 0.009599	0.024382 0.009979	0.004712 0.009189	0.000764 0.003336	0.000000 0.000000	0.000237 0.001183	0.001156 0.004472	0.000066 0.000332	0.000126 0.000630	
2 32 3 2.480000	0.040200 0.005096	0.998381 0.000403	0.147380 0.009663	0.017683 0.008282	0.002600 0.005501	0.002656 0.005356	0.001524 0.006049	0.000296 0.001481	0.001065 0.002928	0.000125 0.000625	0.000849 0.002366	
2 32 3 2.490000	0.038444 0.004481	0.998519 0.000344	0.153201 0.009591	0.024717 0.006370	0.001669 0.003614	0.000686 0.003138	0.000540 0.002423	0.000789 0.003056	0.001844 0.005573	0.001677 0.004979	0.000658 0.003288	
2 32 3 2.500000	0.039155 0.009528	0.998456 0.000743	0.144935 0.009246	0.020306 0.006086	0.004176 0.008074	0.000786 0.003928	0.002263 0.004541	0.000296 0.001478	0.000494 0.002472	0.000168 0.000841	0.000604 0.003022	
2 32 3 2.510000	0.039195 0.006401	0.998459 0.000506	0.144097 0.009990	0.021673 0.006646	0.002648 0.006966	0.001449 0.004669	0.001645 0.006020	0.000492 0.002460	0.000836 0.002451	0.002786 0.009258	0.000203 0.000782	
2 32 3 2.520000	0.039325 0.004389	0.998450 0.000344	0.144283 0.005849	0.021916 0.009653	0.004561 0.009311	0.001922 0.009608	0.004023 0.007344	0.001831 0.009157	0.000849 0.004245	0.000000 0.000000	0.000649 0.003244	
2 32 3 2.530000	0.038128 0.006575	0.998539 0.000505	0.146053 0.003361	0.021726 0.009878	0.000048 0.000181	0.000784 0.003922	0.000782 0.003911	0.002058 0.009368	-0.000039 0.000195	0.001984 0.008364	0.000363 0.001816	
2 32 3 2.540000	0.038330 0.004810	0.998528 0.000362	0.145241 0.009809	0.024133 0.009026	0.001992 0.005375	0.001580 0.006031	0.001202 0.006011	0.001874 0.009372	0.000572 0.002738	0.000981 0.004698	0.003365 0.008834	
2 32 3 2.550000	0.035905 0.008327	0.998702 0.000577	0.141785 0.007240	0.019167 0.009476	0.002511 0.009999	0.000999 0.002131	0.000000 0.000000	0.000517 0.002586	0.000215 0.001073	0.002487 0.006811	0.001003 0.005013	
2 32 3 2.560000	0.040249 0.005942	0.998375 0.000481	0.147757 0.009372	0.018438 0.007333	0.002681 0.005960	0.002066 0.003966	0.000396 0.001422	0.001002 0.003449	0.001132 0.005658	0.000478 0.002392	0.002042 0.005344	
2 32 3 2.570000	0.038206 0.005440	0.998536 0.000408	0.140360 0.008460	0.020391 0.008395	0.004330 0.009581	0.000566 0.001856	0.000000 0.000000	0.001891 0.007218	0.000779 0.003895	0.001598 0.007216	0.001302 0.003611	
2 32 3 2.580000	0.039169 0.005279	0.998462 0.000412	0.139837 0.006643	0.019326 0.009741	0.003261 0.008624	0.000761 0.003600	0.000000 0.000000	0.001344 0.005702	0.000388 0.001938	0.001970 0.009852	0.000000 0.000000	
2 32 3 2.590000	0.037606 0.009992	0.998572 0.000711	0.143759 0.006405	0.018200 0.008799	0.001036 0.003765	0.000818 0.004927	0.002252 0.006891	0.000549 0.002744	0.000000 0.000000	0.000970 0.003379	0.000000 0.000000	
2 32 3 2.600000	0.039283 0.004582	0.998454 0.000358	0.144579 0.009463	0.019301 0.009746	0.003357 0.009743	0.004016 0.008410	0.001670 0.008350	0.000872 0.004360	0.000000 0.000000	0.000590 0.002952	0.001065 0.003126	
2 32 3 2.610000	0.037404 0.006563	0.998595 0.000497	0.142485 0.004946	0.019387 0.007954	0.003745 0.008290	0.003720 0.009554	0.001013 0.004354	0.000194 0.000972	0.000233 0.001165	0.000273 0.001367	0.000998 0.004988	
2 32 3 2.620000	0.037366 0.004693	0.998601 0.000358	0.139843 0.009152	0.017831 0.005883	0.003882 0.009053	0.001632 0.006445	0.000622 0.003110	0.000768 0.003841	0.000970 0.002355	0.000724 0.002135	0.002843 0.008792	
2 32 3 2.630000	0.036900 0.001958	0.998638 0.000144	0.140479 0.005930	0.020741 0.006192	0.004879 0.005549	0.000000 0.000000	0.001413 0.006292	0.000000 0.000000	0.003552 0.006861	0.001370 0.005101	0.002510 0.009470	
2 32 3 2.640000	0.036760 0.002347	0.998648 0.000174	0.136236 0.009792	0.021230 0.006400	0.001668 0.007379	0.001127 0.003776	0.000624 0.002997	0.001198 0.003802	0.001249 0.006245	0.000951 0.002590	0.000291 0.001456	
2 32 3 2.650000	0.038779 0.005687	0.998492 0.000434	0.138327 0.004459	0.019541 0.009984	0.002106 0.009989	0.001974 0.006667	0.000510 0.002552	0.001703 0.005648	0.000000 0.000000	0.000697 0.002400	0.000881 0.004407	
2 32 3 2.660000	0.037080 0.002356	0.998624 0.000174	0.135679 0.004143	0.017068 0.009462	0.005855 0.002970	0.001782 0.007842	0.001022 0.004489	0.002040 0.006655	0.001006 0.005030	0.000732 0.003124	0.000000 0.000000	
2 32 3 2.670000	0.038919 0.004436	0.998482 0.000345	0.136804 0.009407	0.020221 0.006944	0.005739 0.009464	0.000563 0.001762	0.000058 0.000289	0.000000 0.000000	0.001018 0.003810	0.000496 0.002479	0.000790 0.002201	
2 32 3 2.680000	0.038056 0.004821	0.998546 0.000371	0.134941 0.005285	0.016582 0.006814	0.000613 0.003066	0.004419 0.009772	0.000616 0.003744	0.000819 0.002569	0.000000 0.000000	0.000093 0.000467	0.000000 0.000000	
2 32 3 2.690000	0.037754 0.004282	0.998572 0.000317	0.137275 0.009382	0.017709 0.009085	0.006373 0.009850	0.000361 0.001804	0.000000 0.000000	0.000000 0.000000	0.001698 0.006455	0.000973 0.002039	0.002151 0.004710	
2 32 3 2.700000	0.039731 0.005585	0.998417 0.000448	0.135701 0.009214	0.018755 0.008380	0.002869 0.008631	0.001224 0.006121	0.001424 0.005487	0.001124 0.005620	0.001123 0.004725	0.003192 0.006762	0.001346 0.006728	
2 32 3 2.710000	0.036891 0.002518	0.998638 0.000187	0.133165 0.004942	0.019866 0.009054	0.001234 0.001968	0.000878 0.002468	0.000589 0.002947	0.000000 0.000000	0.000000 0.000000	0.000000 0.000000	0.000000 0.000000	
2 32 3 2.720000	0.036722 0.001985	0.998651 0.000146	0.132969 0.009940	0.015920 0.007107	0.002733 0.005485	0.000568 0.002842	0.001222 0.006109	0.000217 0.001083	0.000142 0.000710	0.000000 0.000000	0.000000 0.000000	
2 32 3 2.730000	0.036770 0.006845	0.998642 0.000491	0.134124 0.006590	0.017146 0.009533	0.002296 0.004682	0.000158 0.000792	0.001452 0.007262	0.000684 0.002501	-0.000006 0.000028	0.000204 0.001021	0.001396 0.005893	
2 32 3 2.740000	0.036145 0.003158	0.998692 0.000230	0.132869 0.009291	0.015382 0.007266	0.002542 0.007350	0.001357 0.003768	0.000429 0.002147	0.000248 0.000981	0.000572 0.001946	0.000109 0.000543	0.000384 0.001922	
2 32 3 2.750000	0.037563 0.004933	0.998586 0.000372	0.129739 0.009966	0.017687 0.009360	0.002075 0.006303	0.001528 0.006295	0.000224 0.001118	0.001083 0.004905	0.000626 0.003129	0.001164 0.004396	0.001045 0.002776	
2 32 3 2.760000	0.036986 0.009548	0.998618 0.000712	0.127888 0.009978	0.018918 0.005655	0.000000 0.000000	0.000662 0.002760	0.002838 0.009978	0.000153 0.000560	0.000000 0.000000	0.001527 0.005353	0.000150 0.000752	
2 32 3 2.770000	0.037813 0.003086	0.998569 0.000233	0.130355 0.009771	0.017157 0.005872	0.003764 0.009439	0.001132 0.003342	0.001265 0.005461	0.000000 0.000000	0.003356 0.008941	0.001618 0.007969	0.001617 0.005668	
2 32 3 2.780000	0.037741 0.008966	0.998567 0.000689	0.127593 0.009819	0.015727 0.003587	0.001135 0.003861	0.001479 0.005246	0.001678 0.005796	0.002900 0.007105	0.000709 0.003544	0.001524 0.005529	0.000000 0.000000	
2 32 3 2.790000	0.038713 0.003472	0.998500 0.000269	0.128606 0.009558	0.014283 0.006065	0.001837 0.006138	0.001320 0.003394	0.000000 0.000000	0.001090 0.004278	0.000293 0.001151	0.000980 0.004340	0.000213 0.001067	
2 32 3 2.800000	0.035629 0.005809	0.998726 0.000411	0.125699 0.009841	0.016111 0.007091	0.001471 0.006443	0.001957 0.006709	0.003439 0.009570	0.001159 0.005795	0.000511 0.001764	0.003837 0.009638	0.000725 0.003623	
2 32 3 2.810000	0.037236 0.004092	0.998612 0.000303	0.127369 0.009219	0.015437 0.009558	0.001380 0.004510	0.000892 0.002802	0.000000 0.000000	0.001127 0.005191	0.000524 0.001471	0.000572 0.002858	0.000574 0.002872	
2 32 3 2.820000	0.037298 0.006563	0.998602 0.000504	0.128912 0.009906	0.020808 0.004990	0.002757 0.006328	0.001803 0.004238	0.002657 0.006743	0.001318 0.004248	0.001898 0.007723	0.001292 0.004094	0.000507 0.002534	
2 32 3 2.830000	0.038073 0.005770	0.998547 0.000434	0.127771 0.009809	0.017324 0.005258	0.001327 0.003794	0.001163 0.005813	0.001107 0.003103	0.002101 0.009635	0.000000 0.000000	0.000868 0.002478	0.000239 0.001193	
2 32 3 2.840000	0.036869 0.006097	0.998636 0.000454	0.124527 0.008142	0.010729 0.004598	0.003048 0.006261	0.000878 0.004389	0.000353 0.001801	0.002058 0.009127	0.000294 0.001468	0.000204 0.000785	0.000695 0.003476	
2 32 3 2.850000	0.037053 0.002642	0.998626 0.000196	0.127846 0.009619	0.017251 0.009867	0.004497 0.008861	0.000000 0.000000	0.000837 0.002383	0.001146 0.005731	0.001059 0.003855	0.000775 0.003876	0.000000 0.000000	
2 32 3 2.860000	0.035441 0.004006	0.998741 0.000281	0.125424 0.009900	0.015049 0.007083	0.004234 0.008380	0.000626 0.002208	0.000908 0.004541	0.000611 0.003056	0.000289 0.001445	0.002398 0.008747	0.002453 0.005389	
2 32 3 2.870000	0.036170 0.005328	0.998688 0.000395	0.124619 0.009105	0.017398 0.009934	0.003242 0.006751	0.001973 0.004963	0.001100 0.002120	0.002516 0.007422	0.001708 0.006043	0.002610 0.005038	0.000837 0.003890	
2 32 3 2.880000	0.036792 0.004333	0.998644 0.000318	0.127154 0.009220	0.011139 0.006333	0.001018 0.005090	0.002949 0.008747	0.000128 0.000639	0.001392 0.006962	0.001808 0.009039	0.004316 0.008944	0.001084 0.005422	
2 32 3 2.890000	0.035090 0.001223	0.998768 0.000086	0.127202 0.007086	0.013556 0.009552	0.002870 0.009397	0.003864 0.009724	0.000000 0.000000	0.000831 0.003783	0.001027 0.003911	0.000000 0.000000	0.001282 0.006411	
2 32 3 2.900000	0.038225 0.004222	0.998536 0.000321	0.123104 0.008320	0.012386 0.009684	0.002991 0.005381	0.003059 0.009918	0.002790 0.008604	0.000000 0.000000	0.001452 0.004205	0.001897 0.003631	0.000000 0.000000	
2 32 3 2.910000	0.036735 0.003659	0.998649 0.000267	0.125536 0.008093	0.014724 0.009974	0.003803 0.006364	0.001679 0.003390	0.000249 0.001246	0.000000 0.000000	0.001104 0.005521	0.001516 0.007582	0.001629 0.004685	
2 32 3 2.920000	0.036929 0.005867	0.998631 0.000426	0.119886 0.009418	0.012693 0.009437	0.001438 0.005194	0.000456 0.001687	0.002256 0.008450	0.002553 0.007765	0.000901 0.004507	0.001981 0.004920	0.001196 0.003024	
2 32 3 2.930000	0.036788 0.002675	0.998646 0.000200	0.119163 0.009021	0.013562 0.009510	0.000269 0.001344	0.001830 0.009152	0.002654 0.005427	0.002276 0.007141	0.000514 0.002570	0.000000 0.000000	0.003412 0.009870	
2 32 3 2.940000	0.036991 0.008734	0.998622 0.000621	0.120604 0.009545	0.010216 0.009874	0.001874 0.005197	0.001531 0.004670	0.001222 0.006111	0.001347 0.006734	0.000000 0.000000	0.000280 0.001402	0.000649 0.002208	
2 32 3 2.950000	0.036996 0.005933	0.998627 0.000433	0.121302 0.009334	0.012047 0.005046	0.002832 0.007954	0.001657 0.005744	0.000000 0.000000	0.000434 0.002172	0.001567 0.006096	0.000000 0.000000	0.000000 0.000000	
2 32 3 2.960000	0.036340 0.004583	0.998676 0.000331	0.121257 0.009531	0.012097 0.004692	0.001198 0.004096	0.000865 0.004324	0.000361 0.001804	0.001618 0.008090	0.000220 0.001099	0.000000 0.000000	0.000719 0.002228	
2 32 3 2.970000	0.034045 0.003967	0.998839 0.000270	0.120218 0.009184	0.015458 0.004664	0.002555 0.009069	0.000000 0.000000	0.002172 0.008425	0.001493 0.003816	0.003911 0.009546	0.001139 0.005695	0.001093 0.005465	
2 32 3 2.980000	0.037292 0.009664	0.998598 0.000746	0.116857 0.009996	0.009936 0.007006	0.001329 0.003166	0.002908 0.009845	0.000677 0.003384	0.000850 0.002340	0.000837 0.004184	0.001835 0.004143	0.000000 0.000000	
2 32 3 2.990000	0.036025 0.006146	0.998695 0.000443	0.117948 0.008828	0.014267 0.008328	0.003219 0.009894	0.003314 0.009053	0.000000 0.000000	0.000906 0.004532	0.001011 0.003484	0.001049 0.003263	-0.000018 0.000091	
2 32 3 3.000000	0.034657 0.005556	0.998796 0.000382	0.117682 0.004096	0.012645 0.009819	0.001484 0.003501	0.000217 0.001085	0.000000 0.000000	0.000279 0.001397	0.000746 0.003732	0.000000 0.000000	0.000577 0.002128	
2 32 3 3.010000	0.036115 0.004770	0.998692 0.000348	0.120779 0.009886	0.014796 0.006695	0.002201 0.006605	0.000457 0.001151	0.000000 0.000000	0.000991 0.003531	0.000642 0.003211	0.002796 0.004915	0.000762 0.003811	
2 32 3 3.020000	0.036409 0.003903	0.998673 0.000281	0.119940 0.006882	0.012274 0.009212	0.000881 0.004405	0.002014 0.005108	0.002162 0.009872	0.000000 0.000000	0.000272 0.001362	0.000000 0.000000	0.002436 0.005547	
2 32 3 3.030000	0.036807 0.006658	0.998640 0.000496	0.116973 0.009175	0.014328 0.006857	0.000112 0.000558	0.000310 0.001948	0.000000 0.000000	0.001576 0.007434	0.000223 0.001116	0.001277 0.003869	0.001638 0.005659	
2 32 3 3.040000	0.035270 0.002782	0.998755 0.000200	0.117152 0.009831	0.011912 0.006524	0.000967 0.004835	0.000472 0.001944	0.000000 0.000000	0.000436 0.002180	0.000589 0.002285	0.002940 0.005433	0.001856 0.003868	
2 32 3 3.050000	0.035398 0.007656	0.998740 0.000525	0.116561 0.002447	0.015374 0.006086	0.003206 0.009064	0.000282 0.001053	0.002243 0.007629	0.004308 0.009246	0.000175 0.000503	0.000700 0.001680	0.000000 0.000000	
2 32 3 3.060000	0.036616 0.005724	0.998656 0.000421	0.120070 0.009152	0.013152 0.009864	0.000966 0.003033	0.000230 0.001151	0.001513 0.005431	0.000971 0.003231	0.001147 0.004879	0.000000 0.000000	0.001027 0.005134	
2 32 3 3.070000	0.036085 0.006420	0.998694 0.000459	0.116478 0.009969	0.014371 0.007838	0.001393 0.004181	0.002350 0.006074	0.000313 0.001564	0.000021 0.000106	0.001545 0.005597	0.001250 0.004056	0.000501 0.002104	
2 32 3 3.080000	0.036368 0.004829	0.998674 0.000347	0.114398 0.009112	0.012104 0.009166	0.002192 0.006550	0.001542 0.006600	0.000631 0.002957	0.001011 0.005054	0.001335 0.006675	0.000000 0.000000	0.000247 0.001234	
2 32 3 3.090000	0.035734 0.005429	0.998719 0.000395	0.114197 0.009311	0.011961 0.007162	0.003912 0.008561	0.001897 0.006027	0.002185 0.004659	0.001470 0.005946	0.000134 0.000338	0.000716 0.003578	0.000000 0.000000	
2 32 3 3.100000	0.035192 0.006978	0.998755 0.000473	0.116088 0.009879	0.012691 0.007389	0.002727 0.005666	0.002670 0.007952	0.000901 0.003363	0.000766 0.002511	0.002122 0.008398	0.000356 0.001782	0.001153 0.005233	
2 32 3 3.110000	0.036531 0.008338	0.998656 0.000630	0.116525 0.008200	0.012938 0.006155	0.002289 0.009639	0.000000 0.000000	0.000000 0.000000	0.001492 0.004496	0.001371 0.005324	0.000000 0.000000	0.000844 0.003079	
2 32 3 3.120000	0.034021 0.002839	0.998842 0.000193	0.114561 0.009385	0.012557 0.007890	0.002251 0.005369	0.002770 0.005191	0.000798 0.003990	0.000554 0.002769	0.002256 0.006411	0.000612 0.003059	0.000835 0.003544	
2 32 3 3.130000	0.035804 0.001661	0.998718 0.000119	0.109685 0.007078	0.011188 0.009186	0.001639 0.006027	0.000941 0.004064	0.001566 0.004743	0.001672 0.007886	0.000505 0.002523	0.000000 0.000000	0.000000 0.000000	
2 32 3 3.140000	0.035582 0.004822	0.998731 0.000343	0.113636 0.009769	0.010748 0.006538	0.001798 0.005299	0.000276 0.001663	0.000438 0.001244	0.000000 0.000000	0.000386 0.002469	0.001342 0.006708	0.000447 0.002236	
2 32 3 3.150000	0.035873 0.003479	0.998712 0.000251	0.112788 0.009927	0.011788 0.002227	0.000286 0.001432	0.001191 0.005799	0.001982 0.009912	0.002114 0.006378	0.000000 0.000000	0.003235 0.006618	0.002452 0.009403	
2 32 3 3.160000	0.035724 0.004691	0.998721 0.000341	0.113142 0.009578	0.007623 0.009651	0.000795 0.003975	0.001216 0.006082	0.000936 0.001642	0.002009 0.005879	0.000400 0.001998	0.001567 0.005301	0.002317 0.005554	
2 32 3 3.170000	0.034861 0.004800	0.998782 0.000338	0.114050 0.009837	0.011051 0.008062	0.003408 0.008469	0.002674 0.007393	0.001059 0.005294	0.001096 0.005482	0.000985 0.004267	0.001729 0.004677	0.000000 0.000000	
2 32 3 3.180000	0.035928 0.005138	0.998705 0.000365	0.112479 0.009834	0.011229 0.007736	0.001860 0.009300	0.000795 0.002973	0.001492 0.003276	0.000638 0.003190	0.001878 0.004271	0.001150 0.003823	0.002008 0.005424	
2 32 3 3.190000	0.034891 0.003272	0.998781 0.000227	0.112718 0.009869	0.013435 0.006508	0.001908 0.007653	0.001960 0.007638	0.000000 0.000000	0.000213 0.001066	0.001836 0.005544	0.000670 0.001737	0.001178 0.006127	
2 32 3 3.200000	0.034108 0.005795	0.998833 0.000397	0.110683 0.002685	0.011922 0.009769	0.001596 0.005346	0.001269 0.005504	0.001016 0.002875	0.001281 0.006493	0.001186 0.004052	0.002485 0.008528	0.002738 0.008151	
2 32 3 3.210000	0.035320 0.004387	0.998749 0.000308	0.109132 0.007047	0.012151 0.009772	0.000227 0.001135	0.002610 0.006233	0.000358 0.001788	0.000000 0.000000	0.004405 0.003967	0.002923 0.007428	0.000853 0.003722	
2 32 3 3.220000	0.034640 0.003251	0.998798 0.000227	0.110442 0.009677	0.013792 0.008046	0.002919 0.009266	0.000656 0.002655	0.000000 0.000000	0.001616 0.008079	-0.000071 0.000355	0.002608 0.007827	0.000247 0.001235	
2 32 3 3.230000	0.036191 0.004809	0.998687 0.000341	0.110233 0.009839	0.011029 0.009188	0.001074 0.004720	0.001627 0.007031	0.000000 0.000000	0.001579 0.005367	0.000877 0.003747	0.000029 0.000145	0.000000 0.000000	
2 32 3 3.240000	0.035941 0.005417	0.998703 0.000388	0.110183 0.009250	0.012728 0.009745	0.000467 0.001105	0.001549 0.007747	0.000000 0.000000	0.001038 0.005190	0.001509 0.005432	0.000000 0.000000	0.000000 0.000000	
2 32 3 3.250000	0.034858 0.005391	0.998781 0.000383	0.106851 0.009740	0.014558 0.004770	0.002487 0.006836	0.003381 0.005980	0.001172 0.004206	0.000887 0.002911	0.002275 0.006376	0.000273 0.001363	0.000000 0.000000	
2 32 3 3.260000	0.036383 0.004615	0.998673 0.000333	0.110195 0.006114	0.010948 0.009601	0.003359 0.009631	0.003844 0.007375	0.000304 0.001518	0.001231 0.006048	0.001983 0.005060	0.000486 0.002432	0.001352 0.003662	
2 32 3 3.270000	0.034456 0.003554	0.998811 0.000249	0.109846 0.009920	0.008171 0.002633	0.002747 0.007051	0.003080 0.007790	-0.000004 0.000021	0.000000 0.000000	0.000234 0.000969	0.000000 0.000000	0.002178 0.006705	
2 32 3 3.280000	0.034670 0.008329	0.998788 0.000579	0.112148 0.008351	0.008650 0.009719	0.001599 0.005172	0.002807 0.009628	0.003103 0.008612	0.000000 0.000000	0.001129 0.004404	0.000000 0.000000	0.002143 0.009334	
2 32 3 3.290000	0.035876 0.001174	0.998713 0.000084	0.107483 0.009887	0.010526 0.003356	0.000715 0.003745	0.000000 0.000000	0.000389 0.001944	0.000367 0.001836	0.000000 0.000000	0.000000 0.000000	0.000082 0.000411	
2 32 3 3.300000	0.034611 0.007257	0.998795 0.000505	0.106701 0.007863	0.011965 0.008963	0.000294 0.001472	0.000481 0.001516	0.002127 0.009347	0.001820 0.009101	0.001308 0.004629	0.000175 0.000876	0.000000 0.000000	
2 32 3 3.310000	0.035259 0.003930	0.998755 0.000277	0.109169 0.009638	0.006951 0.009102	0.000064 0.000320	0.001205 0.003520	0.002100 0.009036	0.001894 0.008094	0.001232 0.004821	0.002497 0.007231	0.000000 0.000000	
2 32 3 3.320000	0.036250 0.003421	0.998684 0.000247	0.102800 0.009355	0.012295 0.002038	0.001727 0.005859	0.000169 0.000846	0.000519 0.002594	0.000296 0.001479	0.000267 0.001333	0.000363 0.000969	0.000377 0.001113	
2 32 3 3.330000	0.035478 0.004786	0.998738 0.000332	0.106941 0.008638	0.010615 0.005999	0.000976 0.004882	0.000704 0.003134	0.000853 0.003800	0.000053 0.000264	0.000000 0.000000	0.000796 0.002740	0.000470 0.002088	
2 32 3 3.340000	0.036228 0.006260	0.998683 0.000466	0.106028 0.004556	0.011278 0.009898	0.003688 0.008709	0.000288 0.001438	0.001918 0.004846	0.003108 0.007909	0.001446 0.005718	0.000382 0.002399	0.001121 0.005603	
2 32 3 3.350000	0.034624 0.006980	0.998795 0.000473	0.105967 0.005536	0.009765 0.009623	0.001708 0.006689	0.000760 0.002704	0.001699 0.003371	0.001366 0.002920	0.001920 0.008796	0.002017 0.004489	0.000710 0.003551	
2 32 3 3.360000	0.035585 0.004184	0.998731 0.000298	0.107736 0.009107	0.010475 0.005275	0.001309 0.004497	0.000019 0.000096	0.002409 0.005567	0.002009 0.003954	0.000031 0.000155	0.001366 0.004597	0.000360 0.001799	
2 32 3 3.370000	0.035944 0.006303	0.998703 0.000455	0.106364 0.002919	0.010326 0.005491	0.002393 0.009354	0.002779 0.009187	0.002608 0.006645	0.003574 0.008931	0.001224 0.006120	0.002390 0.005371	0.001598 0.006513	
2 32 3 3.380000	0.033277 0.006012	0.998887 0.000397	0.103097 0.008642	0.012102 0.008402	0.001153 0.002860	0.000764 0.003799	0.000226 0.001129	0.000761 0.003807	0.002255 0.008196	0.000000 0.000000	0.000538 0.002691	
2 32 3 3.390000	0.035474 0.006306	0.998737 0.000449	0.106116 0.008121	0.009273 0.009819	0.004447 0.008507	0.000640 0.002241	0.001102 0.005512	0.000001 0.000003	0.002361 0.004636	0.000312 0.001097	0.001297 0.003554	
2 32 3 3.400000	0.035154 0.003229	0.998763 0.000224	0.103194 0.009454	0.011705 0.009567	0.002032 0.008490	0.000947 0.002526	0.002153 0.005383	0.002365 0.008167	0.001975 0.005086	0.000275 0.001375	0.001419 0.003209	
2 32 3 3.410000	0.035278 0.005402	0.998751 0.000384	0.101734 0.009939	0.010312 0.006697	0.001600 0.006091	0.000952 0.004760	0.002020 0.004999	0.000000 0.000000	0.000000 0.000000	0.002040 0.004669	0.001005 0.002904	
2 32 3 3.420000	0.033263 0.002416	0.998893 0.000162	0.104334 0.007954	0.010298 0.009775	0.002103 0.008394	0.000000 0.000000	0.000577 0.002886	0.001807 0.003111	0.000000 0.000000	0.000177 0.000884	0.000387 0.001300	
2 32 3 3.430000	0.034349 0.003520	0.998818 0.000241	0.101609 0.009603	0.009059 0.008230	0.001801 0.004146	0.001915 0.004113	0.001118 0.003674	0.001313 0.006563	0.000594 0.001854	0.001078 0.005390	0.002009 0.004873	
2 32 3 3.440000	0.034751 0.004573	0.998790 0.000316	0.103860 0.006326	0.008027 0.009711	0.000318 0.001590	0.002111 0.006142	0.000312 0.001559	0.000975 0.004252	0.000525 0.002625	0.000381 0.001906	0.000074 0.000369	
2 32 3 3.450000	0.034469 0.004317	0.998809 0.000301	0.103955 0.007972	0.014682 0.006141	0.003818 0.008775	0.002363 0.006845	-0.000063 0.000315	0.002744 0.009654	0.002026 0.007416	0.000791 0.002999	0.000347 0.001734	
2 32 3 3.460000	0.035293 0.003555	0.998753 0.000252	0.099907 0.007144	0.007260 0.009564	0.002302 0.006397	0.002696 0.007338	0.000727 0.003636	0.000926 0.004629	0.000183 0.000913	0.000992 0.003433	0.000629 0.003144	
2 32 3 3.470000	0.033935 0.006393	0.998843 0.000448	0.100938 0.005880	0.013212 0.005435	0.002004 0.009844	0.000692 0.002265	0.001358 0.006788	0.000753 0.003719	0.001242 0.002581	0.000319 0.001597	0.003450 0.007695	
2 32 3 3.480000	0.033022 0.006565	0.998904 0.000423	0.100464 0.009281	0.010552 0.005507	0.001224 0.006119	0.000000 0.000000	0.000307 0.001534	0.001712 0.008561	0.000757 0.003784	0.000695 0.003477	0.000000 0.000000	
2 32 3 3.490000	0.035528 0.009140	0.998724 0.000662	0.104406 0.009045	0.005738 0.009112	0.000853 0.004263	0.000000 0.000000	0.000501 0.002504	0.000637 0.003091	0.000615 0.003077	0.000600 0.003000	0.000000 0.000000	
2 32 3 3.500000	0.034508 0.005891	0.998806 0.000408	0.097921 0.007473	0.007158 0.009655	0.001633 0.003599	0.001259 0.004362	0.001480 0.003744	0.000993 0.002058	0.000195 0.000974	0.000599 0.002994	0.000000 0.000000	
2 32 3 3.510000	0.034270 0.004730	0.998821 0.000327	0.099906 0.009984	0.009171 0.004151	0.000421 0.002103	0.001585 0.005477	0.000425 0.002125	0.001005 0.005026	0.000000 0.000000	0.000354 0.001769	0.001892 0.009459	
2 32 3 3.520000	0.034773 0.005726	0.998787 0.000393	0.101777 0.008113	0.012917 0.009729	0.000788 0.003941	0.001595 0.002968	0.000134 0.000668	0.000953 0.002330	0.000539 0.001562	0.000291 0.001454	0.000000 0.000000	
2 32 3 3.530000	0.033568 0.006376	0.998868 0.000445	0.101328 0.009658	0.004075 0.006083	0.000925 0.001875	0.000000 0.000000	0.001123 0.005617	0.000917 0.004583	0.000708 0.003255	0.000222 0.001111	0.000837 0.002646	
2 32 3 3.540000	0.035034 0.005200	0.998769 0.000351	0.096536 0.009479	0.011722 0.009623	0.001242 0.003124	0.002510 0.008397	0.000000 0.000000	0.001113 0.003429	0.002450 0.008283	0.000000 0.000000	0.000343 0.001714	
2 32 3 3.550000	0.035303 0.003481	0.998752 0.000244	0.100211 0.009986	0.007678 0.004835	0.002917 0.009363	0.001414 0.006595	0.000000 0.000000	0.001424 0.004435	0.002437 0.008218	0.001918 0.007384	0.000690 0.003450	
2 32 3 3.560000	0.033495 0.005666	0.998875 0.000376	0.099234 0.009892	0.007394 0.005907	0.000885 0.002426	0.001113 0.005564	0.001062 0.005309	0.001004 0.005020	0.000538 0.002688	0.003153 0.009805	0.001952 0.008944	
2 32 3 3.570000	0.033872 0.007146	0.998847 0.000477	0.096679 0.008918	0.008314 0.005668	0.000445 0.001915	0.000215 0.001076	0.001323 0.004820	0.001726 0.004457	0.000926 0.004628	0.000000 0.000000	0.002299 0.005117	
2 32 3 3.580000	0.035933 0.005169	0.998706 0.000377	0.097290 0.009239	0.010202 0.009723	0.002950 0.008170	0.001407 0.005094	0.000359 0.001793	0.000285 0.001426	0.000059 0.000297	0.001383 0.005143	0.000152 0.000761	
2 32 3 3.590000	0.032842 0.008344	0.998913 0.000543	0.098751 0.009988	0.006954 0.009751	0.002509 0.009233	0.003639 0.008553	0.001786 0.004065	0.002857 0.008261	0.000985 0.002867	0.000766 0.003828	0.001392 0.006060	
2 32 3 3.600000	0.034696 0.004459	0.998794 0.000303	0.099502 0.008430	0.008211 0.007944	0.002257 0.009546	0.003834 0.006603	0.000645 0.003223	0.003088 0.009937	0.000621 0.003075	0.002795 0.009942	0.001427 0.007133	
2 32 3 3.610000	0.034639 0.004477	0.998797 0.000318	0.096684 0.009387	0.008329 0.008876	0.000670 0.002366	0.002001 0.006925	0.003649 0.007197	0.003030 0.009508	0.001552 0.007760	0.001667 0.008336	0.001325 0.003878	
2 32 3 3.620000	0.033595 0.002869	0.998870 0.000192	0.094825 0.009503	0.006330 0.009950	0.001114 0.005569	0.001917 0.005815	0.000316 0.001578	0.000000 0.000000	0.000513 0.002563	0.003004 0.007691	0.001097 0.005486	
2 32 3 3.630000	0.035118 0.002802	0.998766 0.000195	0.094901 0.003798	0.008779 0.008681	0.001832 0.009158	0.001056 0.005279	0.000000 0.000000	0.000737 0.003684	0.002716 0.009468	0.001797 0.003975	0.000000 0.000000	
2 32 3 3.640000	0.035863 0.004162	0.998711 0.000301	0.097386 0.009634	0.008135 0.008081	0.000648 0.003238	0.000398 0.001992	0.002545 0.007527	0.000191 0.000953	0.001835 0.008845	0.000000 0.000000	0.001799 0.005088	
2 32 3 3.650000	0.034637 0.005696	0.998797 0.000393	0.095532 0.009662	0.009865 0.002512	0.002097 0.006868	0.001613 0.005540	0.002274 0.007305	0.000103 0.000514	0.000000 0.000000	0.001938 0.005768	0.001249 0.004170	
2 32 3 3.660000	0.036730 0.006387	0.998646 0.000479	0.098162 0.006844	0.008657 0.006177	0.002275 0.005474	0.001962 0.005228	0.001443 0.004195	0.000000 0.000000	0.000806 0.002088	0.003319 0.009399	0.001947 0.009737	
2 32 3 3.670000	0.033187 0.004972	0.998895 0.000332	0.090654 0.005536	0.009719 0.009901	0.001366 0.002769	0.000000 0.000000	0.003382 0.009056	0.001231 0.006157	0.001428 0.003957	0.000274 0.001372	0.000424 0.002120	
2 32 3 3.680000	0.033156 0.006883	0.998895 0.000451	0.097921 0.004360	0.011550 0.009501	0.001012 0.005059	0.000147 0.000556	0.000000 0.000000	-0.000015 0.000073	0.001345 0.003524	-0.000009 0.000043	0.001771 0.008324	
2 32 3 3.690000	0.036347 0.002397	0.998678 0.000174	0.097384 0.009988	0.004049 0.008117	0.001413 0.002805	0.000000 0.000000	0.001345 0.002547	0.000173 0.000864	0.002081 0.009084	0.000571 0.002855	0.000748 0.003739	
2 32 3 3.700000	0.035391 0.004441	0.998744 0.000317	0.093299 0.009722	0.006445 0.009237	0.000288 0.001438	0.000269 0.001347	0.002103 0.008939	0.000000 0.000000	0.000000 0.000000	0.001748 0.004289	0.000357 0.001785	
2 32 3 3.710000	0.033008 0.005143	0.998907 0.000330	0.096668 0.008955	0.007936 0.007677	0.000620 0.002516	0.000414 0.001995	0.000171 0.000855	0.001993 0.009967	0.000000 0.000000	0.004988 0.007837	0.000000 0.000000	
2 32 3 3.720000	0.035136 0.003283	0.998764 0.000233	0.093962 0.008878	0.009243 0.009905	0.002177 0.006484	0.000536 0.002682	0.001366 0.002550	0.001006 0.005029	0.001471 0.005175	0.000000 0.000000	0.001632 0.007660	
2 32 3 3.730000	0.035061 0.006186	0.998765 0.000450	0.100053 0.009845	0.009635 0.007847	0.001066 0.003131	0.000000 0.000000	0.000737 0.003687	0.000459 0.002296	0.000594 0.002969	0.000343 0.001714	0.000710 0.003662	
2 32 3 3.740000	0.033906 0.007353	0.998843 0.000498	0.093772 0.009658	0.005785 0.004119	0.001569 0.006690	0.000000 0.000000	0.002662 0.007853	-0.000004 0.000020	0.000728 0.002500	0.001829 0.005672	0.004739 0.007245	
2 32 3 3.750000	0.032777 0.001379	0.998925 0.000090	0.094108 0.009626	0.006826 0.006742	0.002728 0.003163	0.000970 0.003231	0.000147 0.000736	0.000455 0.002275	0.001772 0.006163	0.001409 0.004112	0.001084 0.005419	
2 32 3 3.760000	0.033263 0.004706	0.998891 0.000309	0.092305 0.009638	0.005127 0.007188	0.000201 0.000933	-0.000026 0.000131	0.000000 0.000000	0.001248 0.006006	0.000009 0.000045	0.001952 0.009759	0.000000 0.000000	
2 32 3 3.770000	0.035521 0.004255	0.998736 0.000300	0.092887 0.009322	0.004585 0.007760	0.001077 0.002734	0.001343 0.007080	0.000000 0.000000	0.000070 0.000348	0.000618 0.003091	0.000627 0.002767	0.003654 0.008834	
2 32 3 3.780000	0.034593 0.005160	0.998800 0.000350	0.093653 0.008949	0.008932 0.009978	0.002072 0.008568	0.003340 0.008106	0.000688 0.001420	0.000925 0.004627	0.002843 0.008988	0.001794 0.006177	0.001536 0.007682	
2 32 3 3.790000	0.035216 0.002551	0.998759 0.000181	0.093474 0.005967	0.010518 0.008999	0.001047 0.005237	0.001145 0.003498	0.000844 0.003910	0.001657 0.005011	0.000685 0.003425	-0.000001 0.000003	0.000000 0.000000	
2 32 3 3.800000	0.034254 0.004275	0.998824 0.000299	0.094633 0.009882	0.005398 0.005837	0.001292 0.005208	0.000000 0.000000	0.002467 0.007136	0.000000 0.000000	0.000868 0.004339	0.002203 0.008541	0.000887 0.004086	
2 32 3 3.810000	0.032548 0.005905	0.998936 0.000374	0.088021 0.007441	0.008344 0.008372	0.000290 0.001448	0.001217 0.006086	0.000054 0.000270	0.003780 0.005881	0.000938 0.003615	0.001545 0.007727	0.000128 0.000641	
2 32 3 3.820000	0.034939 0.004414	0.998776 0.000308	0.091944 0.008487	0.006702 0.007577	0.000508 0.002541	0.000413 0.002063	0.000111 0.000553	0.000584 0.002920	0.000320 0.001599	0.002085 0.008166	0.002156 0.008931	
2 32 3 3.830000	0.033581 0.001580	0.998872 0.000107	0.093114 0.006844	0.007302 0.009978	0.003322 0.008669	0.001671 0.005178	0.000000 0.000000	0.000000 0.000000	0.001407 0.005739	0.000358 0.001792	0.000000 0.000000	
2 32 3 3.840000	0.033990 0.004118	0.998843 0.000280	0.090568 0.009994	0.007832 0.006770	0.002973 0.009378	0.000183 0.000914	0.000806 0.002090	0.000000 0.000000	0.000095 0.000473	0.000694 0.002615	0.000050 0.000251	
2 32 3 3.850000	0.036286 0.008568	0.998673 0.000618	0.087730 0.007602	0.003979 0.008288	0.002869 0.009779	0.000851 0.004253	0.001248 0.006242	0.000000 0.000000	0.000611 0.003054	0.001653 0.008266	-0.000065 0.000325	
2 32 3 3.860000	0.034448 0.002604	0.998812 0.000180	0.090752 0.009269	0.006307 0.005569	0.000000 0.000000	0.002931 0.009339	0.001552 0.007758	0.000931 0.003318	0.000773 0.003866	0.000383 0.000983	0.002203 0.006456	
2 32 3 3.870000	0.033817 0.002348	0.998856 0.000157	0.088853 0.004567	0.007987 0.009884	0.000814 0.003605	0.000172 0.000862	0.001230 0.004705	0.001121 0.003202	0.002598 0.006558	0.001930 0.005531	0.001140 0.004959	
2 32 3 3.880000	0.034343 0.004495	0.998818 0.000315	0.091228 0.009536	0.007755 0.006873	0.000337 0.001719	0.001753 0.004716	0.000083 0.000327	0.000000 0.000000	0.000895 0.002276	0.000124 0.000619	0.000122 0.000611	
2 32 3 3.890000	0.035130 0.006497	0.998759 0.000468	0.088742 0.009136	0.005531 0.009552	0.001294 0.004246	0.001231 0.006154	0.002138 0.005017	0.000000 0.000000	0.001575 0.005230	0.002004 0.004083	0.003515 0.008555	
2 32 3 3.900000	0.032803 0.004586	0.998920 0.000301	0.088359 0.009881	0.005623 0.009716	0.000749 0.001792	0.000981 0.005445	0.001770 0.005362	0.000980 0.004898	0.000062 0.000311	0.000286 0.001429	0.001617 0.007033	
2 32 3 3.910000	0.033184 0.005208	0.998894 0.000345	0.090049 0.008675	0.007213 0.005313	0.000322 0.001612	0.000607 0.002034	0.002379 0.007545	0.000988 0.003748	0.000000 0.000000	0.004541 0.008979	0.000135 0.000673	
2 32 3 3.920000	0.034070 0.005185	0.998836 0.000347	0.088176 0.008042	0.010742 0.008151	0.000751 0.003757	0.002546 0.007936	0.000813 0.004067	0.001903 0.009252	0.000986 0.004931	0.003855 0.009268	0.000987 0.003907	
2 32 3 3.930000	0.034364 0.008369	0.998808 0.000561	0.084705 0.009051	0.009500 0.008945	0.001563 0.006297	0.001909 0.008679	0.002458 0.009128	0.003866 0.009935	0.001879 0.004510	0.002472 0.009518	0.002311 0.005901	
2 32 3 3.940000	0.034158 0.007180	0.998828 0.000486	0.087578 0.007237	0.009098 0.009576	0.000954 0.002933	0.000516 0.001799	0.001229 0.004989	0.001199 0.005997	0.000000 0.000000	0.000000 0.000000	0.002592 0.004919	
2 32 3 3.950000	0.032403 0.007936	0.998940 0.000498	0.080789 0.009939	0.004238 0.009599	0.001920 0.007595	0.002918 0.005245	0.001006 0.005028	0.000086 0.000430	0.000000 0.000000	0.001502 0.007511	0.001994 0.004119	
2 32 3 3.960000	0.031276 0.009939	0.999011 0.000632	0.087347 0.007423	0.007747 0.003921	0.001592 0.007960	0.001580 0.007899	0.001025 0.004355	0.000174 0.001536	0.001663 0.005299	0.000249 0.001243	0.000700 0.001521	
2 32 3 3.970000	0.033834 0.005115	0.998852 0.000340	0.087498 0.009572	0.005203 0.004164	0.000788 0.003942	0.000000 0.000000	0.000042 0.000212	0.000687 0.001996	0.000831 0.004258	0.000872 0.002538	0.000522 0.002612	
2 32 3 3.980000	0.033682 0.002871	0.998864 0.000191	0.089686 0.007848	0.008875 0.009997	0.002682 0.007633	0.000000 0.000000	0.000000 0.000000	0.001553 0.006635	0.000904 0.004518	0.000000 0.000000	0.000287 0.001437	
2 32 3 3.990000	0.033516 0.005114	0.998873 0.000340	0.091842 0.009749	0.004565 0.008437	0.002407 0.006826	0.001701 0.008507	0.000051 0.000254	0.001567 0.004196	0.000422 0.002111	0.002279 0.006028	0.000369 0.001578	
2 32 3 4.000000	0.034492 0.003313	0.998809 0.000227	0.093235 0.007975	0.003487 0.009745	0.001583 0.007915	0.001579 0.004264	0.000589 0.001998	0.001347 0.006734	0.000000 0.000000	0.000452 0.002262	0.000539 0.002036	
