2 32 5 0.000000	0.998286 0.003352	0.003424 0.006693	0.001002 0.005010	0.000850 0.004252	0.000839 0.004196	0.000000 0.000000	0.001165 0.005824	0.000595 0.002973	0.001002 0.005010	0.001108 0.004196	0.000757 0.003787	
2 32 5 0.010000	0.998286 0.003352	0.003424 0.006693	0.001002 0.005010	0.000850 0.004252	0.000839 0.004196	0.000000 0.000000	0.001165 0.005824	0.000595 0.002973	0.001002 0.005010	0.001108 0.004196	0.000757 0.003787	
2 32 5 0.020000	0.998286 0.003352	0.003424 0.006693	0.001002 0.005010	0.000850 0.004252	0.000839 0.004196	0.000000 0.000000	0.001165 0.005824	0.000595 0.002973	0.001002 0.005010	0.001108 0.004196	0.000757 0.003787	
2 32 5 0.030000	0.998286 0.003352	0.003424 0.006693	0.001002 0.005010	0.000850 0.004252	0.000839 0.004196	0.000000 0.000000	0.001165 0.005824	0.000595 0.002973	0.001002 0.005010	0.001108 0.004196	0.000757 0.003787	
2 32 5 0.040000	0.998286 0.003352	0.003424 0.006693	0.001002 0.005010	0.000850 0.004252	0.000839 0.004196	0.000000 0.000000	0.001165 0.005824	0.000595 0.002973	0.001002 0.005010	0.001108 0.004196	0.000757 0.003787	
2 32 5 0.050000	0.998286 0.003352	0.003424 0.006693	0.001002 0.005010	0.000850 0.004252	0.000839 0.004196	0.000000 0.000000	0.001165 0.005824	0.000595 0.002973	0.001002 0.005010	0.001108 0.004196	0.000757 0.003787	
2 32 5 0.060000	0.998286 0.003352	0.003424 0.006693	0.001002 0.005010	0.000850 0.004252	0.000839 0.004196	0.000000 0.000000	0.001165 0.005824	0.000595 0.002973	0.001002 0.005010	0.001108 0.004196	0.000757 0.003787	
2 32 5 0.070000	0.998286 0.003352	0.003424 0.006693	0.001002 0.005010	0.000850 0.004252	0.000839 0.004196	0.000000 0.000000	0.001165 0.005824	0.000595 0.002973	0.001002 0.005010	0.001108 0.004196	0.000757 0.003787	
2 32 5 0.080000	0.998859 0.004149	0.002279 0.008281	0.000623 0.002439	0.000325 0.001625	0.000000 0.000000	0.000000 0.000000	0.000460 0.001625	0.000135 0.000674	0.000000 0.000000	0.000135 0.000674	0.000000 0.000000	
2 32 5 0.090000	0.998859 0.004149	0.002279 0.008281	0.000623 0.002439	0.000325 0.001625	0.000000 0.000000	0.000000 0.000000	0.000460 0.001625	0.000135 0.000674	0.000000 0.000000	0.000135 0.000674	0.000000 0.000000	
2 32 5 0.100000	0.999059 0.004707	0.001879 0.009393	0.000000 0.000000	0.001499 0.007494	0.001390 0.006951	0.000000 0.000000	0.001488 0.007440	0.001879 0.009393	0.000000 0.000000	0.000000 0.000000	0.001499 0.007494	
2 32 5 0.110000	0.998537 0.004064	0.002921 0.008112	0.001036 0.005182	0.001847 0.005182	0.000000 0.000000	0.000000 0.000000	0.000810 0.004052	0.001036 0.005182	0.000000 0.000000	0.000000 0.000000	0.000890 0.004449	
2 32 5 0.120000	0.999478 0.001766	0.001043 0.003529	0.000557 0.001437	0.000000 0.000000	0.000706 0.003529	0.000000 0.000000	0.000975 0.003529	0.000355 0.001437	0.000557 0.001437	0.000269 0.001347	0.000529 0.002309	
2 32 5 0.130000	0.999499 0.002506	0.001001 0.005006	0.000000 0.000000	0.000000 0.000000	0.000000 0.000000	0.000000 0.000000	0.000000 0.000000	0.000000 0.000000	0.000000 0.000000	0.000000 0.000000	0.000000 0.000000	
2 32 5 0.140000	1.000000 0.000000	0.000000 0.000000	0.000000 0.000000	0.000000 0.000000	0.000000 0.000000	0.000000 0.000000	0.000000 0.000000	0.000000 0.000000	0.000000 0.000000	0.000000 0.000000	0.000000 0.000000	
2 32 5 0.150000	0.999165 0.002512	0.001668 0.005018	0.000000 0.000000	0.000067 0.000337	0.000000 0.000000	0.000664 0.002985	0.000000 0.000000	0.000000 0.000000	0.000067 0.000337	0.000000 0.000000	0.000067 0.000337	
2 32 5 0.160000	0.999811 0.000779	0.000379 0.001557	0.000000 0.000000	0.000000 0.000000	0.000067 0.000337	0.000000 0.000000	0.000000 0.000000	0.000067 0.000337	0.000379 0.001557	0.000000 0.000000	0.000067 0.000337	
2 32 5 0.170000	0.999484 0.002355	0.001031 0.004705	0.000941 0.004705	0.000290 0.001449	0.000941 0.004705	0.000000 0.000000	0.000941 0.004705	0.000941 0.004705	0.000941 0.004705	0.000000 0.000000	0.000000 0.000000	
2 32 5 0.180000	0.999035 0.003562	0.001927 0.007111	0.000505 0.002524	0.000407 0.002036	0.000000 0.000000	0.000000 0.000000	0.000000 0.000000	0.000505 0.002524	0.000342 0.001711	0.000505 0.002524	0.000505 0.002524	
2 32 5 0.190000	0.999875 0.000488	0.000249 0.000976	0.000000 0.000000	0.000195 0.000976	0.000195 0.000976	0.000195 0.000976	0.000000 0.000000	0.000195 0.000976	0.000073 0.000366	0.000000 0.000000	0.000073 0.000366	
2 32 5 0.200000	0.998902 0.003048	0.002192 0.006087	0.001460 0.004874	0.001216 0.004874	0.000000 0.000000	0.001704 0.006087	0.000241 0.001204	0.000000 0.000000	0.000000 0.000000	0.000000 0.000000	0.000975 0.004874	
2 32 5 0.210000	0.999865 0.000673	0.000269 0.001347	0.000000 0.000000	0.000000 0.000000	0.000000 0.000000	0.000000 0.000000	0.000000 0.000000	0.000000 0.000000	0.000000 0.000000	0.000000 0.000000	0.000000 0.000000	
2 32 5 0.220000	1.000000 0.000000	0.000000 0.000000	0.000000 0.000000	0.000000 0.000000	0.000000 0.000000	0.000000 0.000000	0.000000 0.000000	0.000000 0.000000	0.000000 0.000000	0.000000 0.000000	0.000000 0.000000	
2 32 5 0.230000	1.000000 0.000000	0.000000 0.000000	0.000000 0.000000	0.000000 0.000000	0.000000 0.000000	0.000000 0.000000	0.000000 0.000000	0.000000 0.000000	0.000000 0.000000	0.000000 0.000000	0.000000 0.000000	
2 32 5 0.240000	0.997842 0.004349	0.004309 0.008680	0.001110 0.003530	0.000381 0.001903	0.000706 0.003530	0.000706 0.003530	0.000867 0.002433	0.001110 0.003530	0.000975 0.004874	0.001030 0.002716	0.001053 0.002831	
2 32 5 0.250000	0.999916 0.000421	0.000168 0.000841	0.000168 0.000841	0.000168 0.000841	0.000000 0.000000	0.000000 0.000000	0.000168 0.000841	0.000168 0.000841	0.000000 0.000000	0.000168 0.000841	0.000000 0.000000	
2 32 5 0.260000	0.998321 0.004410	0.003350 0.008801	0.000835 0.004176	0.002862 0.008801	0.001279 0.006396	0.002884 0.007691	0.001760 0.008801	0.000435 0.002174	0.001324 0.006618	0.000674 0.003372	0.001760 0.008801	
2 32 5 0.270000	0.999388 0.002023	0.001224 0.004042	0.000000 0.000000	0.000857 0.002211	0.000000 0.000000	0.000000 0.000000	0.000415 0.002076	0.000000 0.000000	0.000415 0.002076	0.000415 0.002076	0.000000 0.000000	
2 32 5 0.280000	0.998176 0.004412	0.003641 0.008805	0.001767 0.005666	0.000000 0.000000	0.000366 0.001830	0.001836 0.006015	0.001412 0.007061	0.001752 0.007410	0.000269 0.001347	0.000000 0.000000	0.000000 0.000000	
2 32 5 0.290000	0.999955 0.000225	0.000090 0.000450	0.000000 0.000000	0.000000 0.000000	0.000000 0.000000	0.000090 0.000450	0.000000 0.000000	0.000000 0.000000	0.000000 0.000000	0.000000 0.000000	0.000090 0.000450	
2 32 5 0.300000	0.998603 0.003533	0.002790 0.007053	0.000050 0.000252	0.002089 0.007053	0.001027 0.002694	0.001275 0.004611	0.000000 0.000000	0.000404 0.001766	0.001027 0.002694	0.001275 0.002439	0.000000 0.000000	
2 32 5 0.310000	0.999117 0.001766	0.001765 0.003530	0.000815 0.003530	0.001765 0.003530	0.000706 0.003530	0.001412 0.003530	0.001059 0.003530	0.001033 0.003530	0.000706 0.003530	0.000706 0.003530	0.001059 0.003530	
2 32 5 0.320000	0.999206 0.003972	0.001585 0.007927	0.001341 0.006707	0.000000 0.000000	0.000975 0.004875	0.001097 0.005486	0.001097 0.005486	0.000958 0.004788	0.000731 0.003655	0.000000 0.000000	0.000609 0.003044	
2 32 5 0.330000	0.999070 0.004648	0.001855 0.009274	0.000987 0.004934	0.000770 0.003849	0.001638 0.008189	0.000447 0.002237	0.000878 0.004391	0.000770 0.003849	0.000553 0.002764	0.000553 0.002764	0.000000 0.000000	
2 32 5 0.340000	0.998089 0.004868	0.003813 0.009713	0.000893 0.004016	0.000090 0.000449	0.001129 0.005644	0.000730 0.003203	0.001292 0.006458	0.000090 0.000449	0.000045 0.000227	0.000090 0.000449	0.000478 0.002389	
2 32 5 0.350000	1.000000 0.000000	0.000000 0.000000	0.000000 0.000000	0.000000 0.000000	0.000000 0.000000	0.000000 0.000000	0.000000 0.000000	0.000000 0.000000	0.000000 0.000000	0.000000 0.000000	0.000000 0.000000	
2 32 5 0.360000	0.999416 0.001586	0.001167 0.003169	0.000039 0.000193	0.000039 0.000193	0.000039 0.000193	0.000000 0.000000	0.000039 0.000193	0.000039 0.000193	0.000039 0.000193	0.000077 0.000383	0.000146 0.000732	
2 32 5 0.370000	0.999707 0.001464	0.000585 0.002925	0.000000 0.000000	0.000000 0.000000	0.000000 0.000000	0.000000 0.000000	0.000000 0.000000	0.000000 0.000000	0.000000 0.000000	0.000000 0.000000	0.000000 0.000000	
2 32 5 0.380000	0.998907 0.004226	0.002182 0.008434	0.000380 0.001899	0.000380 0.001899	0.000000 0.000000	0.000000 0.000000	0.000000 0.000000	0.000116 0.000578	0.000260 0.001298	0.000000 0.000000	0.000000 0.000000	
2 32 5 0.390000	0.999253 0.002437	0.001493 0.004868	0.000730 0.003648	0.000000 0.000000	0.000967 0.002615	0.000000 0.000000	0.000636 0.003178	0.000208 0.001041	0.001267 0.003742	0.000410 0.002051	0.000331 0.001656	
2 32 5 0.400000	0.998873 0.004034	0.002250 0.008051	0.000368 0.001246	0.000390 0.001951	0.000249 0.001246	0.000249 0.001246	0.000181 0.000905	0.000390 0.001951	0.000282 0.001409	0.000249 0.001246	0.000249 0.001246	
2 32 5 0.410000	0.999042 0.002778	0.001914 0.005548	0.000000 0.000000	0.000000 0.000000	0.000439 0.001518	0.000000 0.000000	0.000000 0.000000	0.001110 0.005548	0.000000 0.000000	0.000133 0.000665	0.001244 0.005548	
2 32 5 0.420000	0.998766 0.004466	0.002463 0.008911	0.001573 0.007475	0.000550 0.001626	0.000885 0.003597	0.001395 0.005321	0.000985 0.003741	0.000490 0.002449	0.001114 0.005177	0.000179 0.000896	0.000804 0.002305	
2 32 5 0.430000	0.998415 0.004939	0.003164 0.009853	0.000135 0.000674	0.000773 0.003189	0.000773 0.003189	0.000324 0.001619	0.000936 0.003799	0.001333 0.002579	0.000177 0.000883	0.001054 0.003712	0.000895 0.003799	
2 32 5 0.440000	0.998267 0.004739	0.003460 0.009455	0.001818 0.007014	0.001623 0.006037	0.000581 0.001588	0.000000 0.000000	0.002719 0.008641	0.000252 0.001262	0.000917 0.004139	0.000917 0.003325	0.001891 0.009455	
2 32 5 0.450000	0.998418 0.002104	0.003161 0.004201	0.001673 0.003538	0.000331 0.000813	0.001210 0.003550	0.000305 0.000813	0.000512 0.001747	0.001145 0.005015	0.000000 0.000000	0.000177 0.001087	0.001055 0.002663	
2 32 5 0.460000	0.999216 0.002095	0.001566 0.004186	0.000295 0.001477	0.000403 0.002016	0.000728 0.002168	0.000797 0.002632	0.000874 0.002558	0.001388 0.003643	0.000000 0.000000	0.000607 0.001558	0.000458 0.001477	
2 32 5 0.470000	0.997355 0.003382	0.005281 0.006747	0.001403 0.005333	0.000816 0.002928	0.001076 0.003417	0.000181 0.000905	0.001095 0.004448	0.001012 0.002928	0.000731 0.003363	0.001508 0.006346	0.001225 0.004882	
2 32 5 0.480000	0.997969 0.004695	0.004055 0.009362	0.000163 0.000816	0.000521 0.001804	0.000497 0.001933	0.000000 0.000000	0.000475 0.002373	0.000353 0.001763	0.000797 0.003153	0.001044 0.002679	0.000598 0.002990	
2 32 5 0.490000	0.998339 0.004782	0.003316 0.009541	0.000411 0.002053	0.000711 0.003327	0.000533 0.002663	0.002215 0.009541	0.000730 0.002663	0.000533 0.002663	0.000387 0.001748	0.001855 0.006611	0.001912 0.008076	
2 32 5 0.500000	0.997145 0.004878	0.005699 0.009723	0.002093 0.005203	0.001513 0.004338	0.000000 0.000000	0.001259 0.003716	0.000624 0.001990	0.000699 0.003494	0.000291 0.000870	0.001258 0.004796	0.000300 0.001502	
2 32 5 0.510000	0.997387 0.004124	0.005216 0.008224	0.000094 0.000469	0.001093 0.005467	0.000000 0.000000	0.001633 0.005903	0.001518 0.004562	0.000789 0.003500	0.000666 0.003331	0.000483 0.002415	0.000262 0.001306	
2 32 5 0.520000	0.996308 0.004524	0.007368 0.009013	0.002360 0.008191	0.003307 0.008307	0.000490 0.002448	0.001025 0.004354	0.000776 0.002916	0.001869 0.006951	0.000115 0.000573	0.003040 0.007493	0.002811 0.007493	
2 32 5 0.530000	0.996031 0.002760	0.007922 0.005499	0.000595 0.002976	0.001166 0.004864	0.000647 0.003236	0.000369 0.001847	0.001007 0.005034	0.000267 0.001077	0.000415 0.002073	0.001058 0.003410	0.000759 0.002162	
2 32 5 0.540000	0.994373 0.004192	0.011221 0.008339	0.002066 0.006701	0.000000 0.000000	0.002138 0.007921	0.001691 0.006701	0.001759 0.006637	0.000098 0.000489	0.002905 0.007290	0.001621 0.004722	0.002694 0.006637	
2 32 5 0.550000	0.995686 0.004830	0.008606 0.009613	0.000356 0.001779	0.002492 0.009022	0.000010 0.000050	0.000921 0.003093	0.000335 0.001675	0.001381 0.003169	0.001606 0.004096	0.000790 0.002061	0.000524 0.002621	
2 32 5 0.560000	0.996237 0.004761	0.007509 0.009476	0.000764 0.002129	0.000524 0.001282	0.000254 0.001270	0.002003 0.003518	0.002179 0.007450	0.001114 0.005199	0.000164 0.000818	0.000899 0.003993	0.000215 0.001075	
2 32 5 0.570000	0.993955 0.004711	0.012050 0.009367	0.002771 0.009625	0.000466 0.002464	0.001442 0.005098	0.001240 0.006200	0.002814 0.006485	0.001367 0.003780	0.001188 0.002698	0.001718 0.006858	0.001976 0.006254	
2 32 5 0.580000	0.993376 0.004921	0.013201 0.009771	0.001247 0.004438	0.002668 0.004993	0.002321 0.005029	0.000567 0.003037	0.000000 0.000000	0.001333 0.006665	0.001145 0.003025	0.001138 0.005690	0.001704 0.005533	
2 32 5 0.590000	0.993564 0.004360	0.012828 0.008666	0.000762 0.003810	0.001605 0.005212	0.000000 0.000000	0.001505 0.004032	0.003749 0.006098	0.001300 0.003262	0.001340 0.003469	0.000185 0.000925	0.001345 0.006724	
2 32 5 0.600000	0.991533 0.005000	0.016861 0.009918	0.000765 0.002364	0.001230 0.004779	0.000255 0.001585	0.002350 0.006823	0.000000 0.000000	0.000767 0.004759	0.001473 0.003029	0.003253 0.008518	0.002045 0.006442	
2 32 5 0.610000	0.989938 0.003000	0.020022 0.005937	0.003932 0.009522	0.001888 0.005934	0.000660 0.001302	0.002334 0.008433	0.002218 0.004830	0.002530 0.004649	0.001320 0.003403	0.003896 0.009194	0.003595 0.006197	
2 32 5 0.620000	0.988250 0.004642	0.023359 0.009175	0.004381 0.007960	0.001986 0.006193	0.002711 0.006065	0.001253 0.004252	0.000807 0.002468	0.000000 0.000000	0.000454 0.003726	0.004096 0.009182	0.002048 0.005790	
2 32 5 0.630000	0.988679 0.004729	0.022512 0.009354	0.000821 0.003364	0.002839 0.008837	0.001138 0.005689	0.000752 0.003762	0.000460 0.002298	0.000007 0.001696	0.001227 0.006679	0.001666 0.008328	0.001037 0.003274	
2 32 5 0.640000	0.986570 0.003248	0.026678 0.006413	0.003481 0.007114	0.003225 0.009753	0.001210 0.003725	0.002335 0.007341	0.000146 0.000729	0.000000 0.000000	0.000306 0.001530	0.001493 0.006933	0.000000 0.000000	
2 32 5 0.650000	0.985547 0.004931	0.028694 0.009722	0.002065 0.005862	0.002700 0.007055	0.001343 0.003896	0.001204 0.004522	0.000217 0.001084	0.001410 0.005623	0.000551 0.002756	0.001477 0.007384	0.000204 0.001020	
2 32 5 0.660000	0.983145 0.004967	0.033423 0.009763	0.002986 0.007104	0.002258 0.007222	0.000000 0.000000	0.001269 0.003964	0.000963 0.004117	0.001714 0.007227	0.001840 0.005082	0.000852 0.004261	0.001482 0.005017	
2 32 5 0.670000	0.981611 0.004391	0.036437 0.008621	0.003220 0.009359	0.005460 0.009868	0.000689 0.002334	0.003277 0.008651	0.001222 0.003063	0.004811 0.009745	0.000813 0.002578	0.001692 0.005465	0.003203 0.009923	
2 32 5 0.680000	0.978101 0.004923	0.043315 0.009625	0.002873 0.005940	0.001177 0.004773	0.000842 0.002858	0.000744 0.002945	0.000519 0.001216	0.001281 0.004256	0.000639 0.003194	0.002470 0.006348	0.001343 0.004006	
2 32 5 0.690000	0.976807 0.005000	0.045845 0.009766	0.006714 0.007555	0.003039 0.007568	0.000650 0.002811	0.001330 0.003419	0.001288 0.006441	0.000262 0.001308	0.000881 0.002736	0.000995 0.004973	0.002220 0.004056	
2 32 5 0.700000	0.972094 0.005083	0.055028 0.009886	0.003996 0.007952	0.001041 0.003180	0.001928 0.007671	0.000000 0.000000	0.000597 0.002434	0.001641 0.005465	0.004183 0.009053	0.002091 0.006685	0.000911 0.004557	
2 32 5 0.710000	0.969171 0.005000	0.060703 0.009692	0.007459 0.008370	0.003836 0.007377	0.001990 0.004376	0.002301 0.006957	0.002287 0.007135	0.002160 0.007911	0.001600 0.005599	0.001042 0.002495	0.001239 0.003266	
2 32 5 0.720000	0.967991 0.005128	0.062990 0.009935	0.007943 0.003603	0.001222 0.004875	0.001953 0.007870	0.001068 0.005136	0.000060 0.000301	0.001491 0.004250	0.000079 0.000393	0.000553 0.002763	0.000314 0.001152	
2 32 5 0.730000	0.963969 0.004399	0.070760 0.008479	0.008340 0.009877	0.000000 0.000000	0.001104 0.003803	0.000244 0.001218	0.000340 0.001698	0.000821 0.004105	0.000269 0.001343	0.001201 0.005772	0.001032 0.005158	
2 32 5 0.740000	0.960628 0.002743	0.077192 0.005269	0.009127 0.009819	0.001103 0.003399	0.000000 0.000000	0.002010 0.005878	0.002264 0.006702	0.001232 0.006158	0.000604 0.001833	0.000648 0.002136	0.000934 0.003360	
2 32 5 0.750000	0.953130 0.004461	0.091541 0.008506	0.011073 0.006426	0.001341 0.003165	0.000648 0.003239	0.001952 0.009865	0.002529 0.006239	0.000947 0.003798	0.000874 0.002712	0.000704 0.003519	0.001844 0.004720	
2 32 5 0.760000	0.948094 0.003443	0.101116 0.006529	0.013178 0.006820	0.003997 0.009203	0.000571 0.002856	0.001823 0.009113	0.001969 0.005013	0.001504 0.003219	0.000440 0.002199	0.000301 0.001505	0.002539 0.009922	
2 32 5 0.770000	0.940785 0.005274	0.114920 0.009927	0.017800 0.007633	0.003896 0.003541	0.001083 0.005184	0.000219 0.001093	0.000940 0.003591	0.001296 0.005291	0.000039 0.000196	0.002271 0.005593	0.000088 0.000440	
2 32 5 0.780000	0.934660 0.004760	0.126406 0.008897	0.020525 0.009881	0.006806 0.009307	0.002194 0.004224	0.002748 0.006736	0.000000 0.000000	0.001620 0.004291	0.003076 0.008147	0.000342 0.001257	0.002436 0.007385	
2 32 5 0.790000	0.927597 0.005288	0.139560 0.009799	0.025507 0.005635	0.005361 0.009131	0.002344 0.006828	0.000540 0.001940	0.000534 0.002669	0.000000 0.000000	0.000367 0.001836	0.000640 0.003199	0.001772 0.006652	
2 32 5 0.800000	0.914573 0.005401	0.163553 0.009876	0.033949 0.005916	0.006669 0.002834	0.003410 0.009349	0.001239 0.006196	0.001412 0.007062	0.000454 0.002078	0.001229 0.003221	-0.000034 0.000172	0.002011 0.005295	
2 32 5 0.810000	0.902674 0.005074	0.185177 0.009166	0.039881 0.005815	0.010507 0.009916	0.002609 0.005978	0.000943 0.001834	0.002021 0.008212	0.000834 0.004169	0.000000 0.000000	0.000843 0.002617	0.002476 0.006504	
2 32 5 0.820000	0.888313 0.005464	0.210894 0.009711	0.051984 0.004863	0.017965 0.004390	0.005659 0.005759	0.002443 0.004513	0.000957 0.003240	0.000965 0.002786	0.000452 0.001377	0.000675 0.001787	0.000000 0.000000	
2 32 5 0.830000	0.860945 0.005744	0.258768 0.009893	0.071735 0.009732	0.029165 0.005566	0.014098 0.007542	0.008394 0.007681	0.003015 0.005225	0.001244 0.002715	0.001760 0.003571	0.003154 0.006106	0.002227 0.005739	
2 32 5 0.840000	0.823590 0.006011	0.321695 0.009903	0.104534 0.006037	0.047537 0.002394	0.025434 0.004005	0.016933 0.003020	0.009718 0.001304	0.006126 0.003354	0.004567 0.006246	0.003773 0.004448	0.001699 0.004232	
2 32 5 0.850000	0.745900 0.006687	0.443627 0.009982	0.176372 0.006773	0.097022 0.005594	0.063444 0.004085	0.045328 0.002350	0.033887 0.001693	0.025915 0.001350	0.020726 0.001767	0.016436 0.001488	0.012923 0.000970	
2 32 5 0.860000	0.526739 0.009484	0.722531 0.009990	0.355135 0.005899	0.227690 0.003424	0.165364 0.003021	0.127805 0.002155	0.101970 0.001908	0.083215 0.001482	0.068703 0.002067	0.057014 0.001195	0.048250 0.001404	
2 32 5 0.870000	0.279442 0.009998	0.921896 0.005571	0.457060 0.004757	0.284196 0.002873	0.195591 0.005373	0.140919 0.004730	0.105677 0.003753	0.078841 0.002935	0.058447 0.004297	0.043439 0.004519	0.031569 0.003337	
2 32 5 0.880000	0.193332 0.009401	0.962609 0.003639	0.458616 0.009999	0.268792 0.007018	0.174040 0.006743	0.119220 0.008731	0.082062 0.008507	0.055302 0.006505	0.037907 0.007440	0.023810 0.008906	0.013606 0.009920	
2 32 5 0.890000	0.156465 0.008028	0.975512 0.002521	0.444776 0.009959	0.248618 0.008977	0.153553 0.007350	0.099250 0.009891	0.064217 0.009279	0.040066 0.006155	0.024761 0.008876	0.012927 0.005881	0.005056 0.006492	
2 32 5 0.900000	0.131061 0.007433	0.982815 0.001947	0.427316 0.005121	0.226754 0.009925	0.131723 0.008909	0.080406 0.008698	0.049164 0.009188	0.028616 0.005308	0.015719 0.007282	0.006421 0.005047	0.000914 0.004569	
2 32 5 0.910000	0.120070 0.009026	0.985573 0.002154	0.418375 0.008617	0.213774 0.007607	0.121619 0.009950	0.072182 0.007756	0.041924 0.009453	0.023425 0.004624	0.013720 0.004732	0.003524 0.002807	0.000456 0.002278	
2 32 5 0.920000	0.108020 0.005911	0.988327 0.001274	0.401688 0.009942	0.196600 0.004738	0.105389 0.006499	0.059470 0.005486	0.032536 0.004638	0.017240 0.004319	0.007463 0.009845	0.000866 0.001815	0.000284 0.001420	
2 32 5 0.930000	0.101774 0.007087	0.989636 0.001434	0.390457 0.003389	0.185125 0.008042	0.096419 0.009889	0.053038 0.006818	0.029137 0.004567	0.013876 0.006752	0.005526 0.002789	0.000797 0.003987	0.000000 0.000000	
2 32 5 0.940000	0.095125 0.005820	0.990947 0.001095	0.383948 0.009989	0.176993 0.006412	0.087748 0.005158	0.045615 0.006884	0.023541 0.001725	0.009538 0.002732	0.003158 0.002636	0.000191 0.000954	0.000000 0.000000	
2 32 5 0.950000	0.087632 0.006412	0.992316 0.001125	0.368622 0.009798	0.165083 0.006352	0.080184 0.005214	0.038620 0.003774	0.019169 0.003622	0.007432 0.003371	0.000871 0.002511	0.000319 0.001597	0.000000 0.000000	
2 32 5 0.960000	0.084239 0.008956	0.992894 0.001538	0.363399 0.009961	0.157069 0.007834	0.073644 0.003931	0.034978 0.005416	0.016534 0.004207	0.006273 0.002345	0.000251 0.001255	0.000000 0.000002	0.000000 0.000000	
2 32 5 0.970000	0.081827 0.008146	0.993296 0.001347	0.353600 0.006122	0.149474 0.008770	0.067895 0.009803	0.030109 0.009059	0.013173 0.008377	0.004205 0.007185	0.002436 0.003228	0.000587 0.002075	0.000000 0.000000	
2 32 5 0.980000	0.078872 0.006483	0.993774 0.001025	0.347771 0.008723	0.141547 0.008839	0.061690 0.007338	0.025512 0.009422	0.010794 0.008517	0.003678 0.006852	0.000153 0.000766	0.000000 0.000000	0.000000 0.000000	
2 32 5 0.990000	0.074304 0.002864	0.994478 0.000429	0.337897 0.009943	0.134675 0.009779	0.058489 0.004230	0.025022 0.005109	0.010557 0.006559	0.001493 0.002830	0.000000 0.000000	0.000000 0.000000	0.000000 0.000000	
2 32 5 1.000000	0.072841 0.006399	0.994687 0.000922	0.332049 0.009841	0.126999 0.008226	0.050934 0.008789	0.022293 0.009620	0.007686 0.008959	0.002770 0.008004	0.000617 0.003087	0.000000 0.000000	0.000000 0.000000	
2 32 5 1.010000	0.068724 0.005514	0.995273 0.000769	0.320766 0.007488	0.117065 0.009962	0.047597 0.004730	0.017916 0.009976	0.005449 0.008709	0.001929 0.007974	0.000000 0.000000	0.000647 0.003235	0.000000 0.000000	
2 32 5 1.020000	0.068976 0.005833	0.995238 0.000803	0.321029 0.006493	0.117544 0.009998	0.045972 0.008544	0.016220 0.005515	0.006793 0.001948	0.001422 0.005658	0.000000 0.000000	0.000000 0.000000	0.000000 0.000000	
2 32 5 1.030000	0.068554 0.006215	0.995296 0.000849	0.314304 0.009793	0.111445 0.007829	0.042107 0.003454	0.016787 0.007120	0.005581 0.003466	0.000433 0.001838	0.000000 0.000000	0.000000 0.000000	0.000000 0.000000	
2 32 5 1.040000	0.065985 0.004450	0.995643 0.000582	0.306102 0.009983	0.104565 0.009194	0.039298 0.007535	0.013756 0.003520	0.004118 0.005025	0.000335 0.001402	0.000313 0.001231	0.000000 0.000000	0.000019 0.000094	
2 32 5 1.050000	0.064402 0.005066	0.995849 0.000653	0.305136 0.009941	0.106474 0.008235	0.037641 0.009700	0.013202 0.007323	0.003058 0.007795	0.001231 0.006155	0.000462 0.002308	0.000000 0.000000	0.000000 0.000000	
2 32 5 1.060000	0.062222 0.005552	0.996125 0.000694	0.298310 0.009947	0.097616 0.008083	0.036272 0.003477	0.011397 0.009294	0.003934 0.007617	0.000198 0.000992	0.000000 0.000000	0.000000 0.000000	0.000054 0.000268	
2 32 5 1.070000	0.061253 0.004871	0.996245 0.000602	0.289583 0.008569	0.092750 0.009780	0.033418 0.004262	0.009581 0.005468	0.002989 0.002206	0.000220 0.001101	0.000000 0.000000	0.000000 0.000000	0.000000 0.000000	
2 32 5 1.080000	0.060968 0.007582	0.996276 0.000916	0.283301 0.009077	0.089021 0.004698	0.029150 0.004237	0.009728 0.003085	0.000463 0.001178	0.000000 0.000000	0.000099 0.000493	0.000413 0.001056	0.000000 0.000000	
2 32 5 1.090000	0.057119 0.006145	0.996731 0.000691	0.277293 0.007943	0.086251 0.006697	0.028420 0.005695	0.006865 0.009933	0.002070 0.005040	0.000000 0.000000	0.000000 0.000000	0.000362 0.001810	0.000000 0.000000	
2 32 5 1.100000	0.055277 0.004177	0.996942 0.000461	0.278177 0.009938	0.083944 0.004438	0.027739 0.004442	0.008255 0.004964	0.001293 0.005791	0.000318 0.001592	0.000000 0.000000	0.000000 0.000000	0.000000 0.000000	
2 32 5 1.110000	0.058281 0.005609	0.996600 0.000655	0.268739 0.007263	0.078500 0.009894	0.025553 0.007108	0.006952 0.009310	0.000964 0.003477	0.000324 0.001621	0.000547 0.002736	0.000000 0.000000	0.000000 0.000000	
2 32 5 1.120000	0.058480 0.002289	0.996579 0.000269	0.266510 0.009663	0.080161 0.007940	0.022307 0.008575	0.006874 0.003982	0.000225 0.001125	0.000000 0.000000	0.000000 0.000000	0.000000 0.000000	0.000000 0.000000	
2 32 5 1.130000	0.054363 0.009180	0.997036 0.000995	0.263464 0.009816	0.074185 0.008036	0.023285 0.009954	0.006203 0.002617	0.002125 0.006788	0.000610 0.003052	0.000325 0.001081	0.000000 0.000000	-0.000001 0.000004	
2 32 5 1.140000	0.055222 0.005832	0.996945 0.000651	0.256170 0.009407	0.069852 0.009961	0.021103 0.005786	0.004147 0.006145	0.000338 0.001691	0.000000 0.000000	0.000000 0.000000	0.000000 0.000000	0.000000 0.000000	
2 32 5 1.150000	0.052714 0.005704	0.997218 0.000601	0.253757 0.009725	0.071146 0.004243	0.021563 0.008532	0.003746 0.009586	0.000588 0.002939	0.000815 0.004076	0.000000 0.000000	0.000000 0.000000	0.000000 0.000000	
2 32 5 1.160000	0.055473 0.004810	0.996919 0.000536	0.256533 0.009519	0.068580 0.004162	0.020489 0.009692	0.005228 0.004429	0.001424 0.004266	0.000000 0.000000	0.000245 0.000919	0.000000 0.000000	0.000000 0.000000	
2 32 5 1.170000	0.052095 0.003229	0.997285 0.000338	0.244535 0.009989	0.068005 0.006896	0.019507 0.009734	0.001278 0.002684	0.000225 0.001127	0.000000 0.000000	0.000000 0.000000	0.000000 0.000000	0.000000 0.000000	
2 32 5 1.180000	0.050907 0.003480	0.997407 0.000351	0.238928 0.009350	0.064048 0.009909	0.017515 0.005559	0.003435 0.006367	0.000000 0.000000	0.000046 0.000230	0.000000 0.000000	-0.000029 0.000145	0.000000 0.000000	
2 32 5 1.190000	0.051907 0.007671	0.997299 0.000812	0.240365 0.009897	0.060186 0.003224	0.015963 0.005709	0.005858 0.003575	0.000438 0.002205	0.000230 0.001149	0.000068 0.000341	0.000000 0.000000	0.000000 0.000000	
2 32 5 1.200000	0.050198 0.009318	0.997471 0.000923	0.234191 0.009940	0.060841 0.008134	0.014889 0.004747	0.002364 0.006015	0.000219 0.001093	0.000713 0.003565	0.000732 0.002725	0.000834 0.004168	0.000024 0.000122	
2 32 5 1.210000	0.050395 0.005730	0.997456 0.000570	0.238520 0.009689	0.063091 0.004729	0.015136 0.009965	0.002856 0.009082	0.001036 0.003422	0.001863 0.007134	0.003163 0.006746	0.000000 0.000000	0.000490 0.002451	
2 32 5 1.220000	0.048319 0.009711	0.997655 0.000929	0.229657 0.006568	0.055915 0.007446	0.013490 0.007995	0.002230 0.005623	0.000184 0.000921	0.002498 0.007327	0.000562 0.002810	-0.000053 0.000264	0.000906 0.004530	
2 32 5 1.230000	0.049218 0.009774	0.997567 0.000963	0.229733 0.007331	0.052925 0.006750	0.011682 0.009740	0.001645 0.003741	0.000498 0.001411	0.000904 0.004519	0.000363 0.001813	0.000000 0.000000	0.000000 0.000000	
2 32 5 1.240000	0.049478 0.001326	0.997552 0.000131	0.228290 0.009671	0.056673 0.007427	0.013700 0.005256	0.000624 0.003094	0.000532 0.002154	0.000000 0.000000	0.000000 0.000000	0.000000 0.000000	0.000000 0.000000	
2 32 5 1.250000	0.049152 0.004457	0.997582 0.000440	0.220798 0.009584	0.052489 0.004766	0.012977 0.004371	0.001921 0.005853	0.000083 0.000416	0.001172 0.004236	0.000000 0.000000	0.000133 0.000663	0.000000 0.000000	
2 32 5 1.260000	0.047850 0.005430	0.997706 0.000526	0.220368 0.009986	0.051783 0.005544	0.012368 0.006075	0.001546 0.003876	0.000000 0.000000	0.000000 0.000000	0.000116 0.000578	0.000707 0.003533	0.000123 0.000616	
2 32 5 1.270000	0.048708 0.004845	0.997625 0.000471	0.219070 0.009910	0.049811 0.006006	0.012587 0.007672	0.000321 0.001040	0.000312 0.001029	0.000539 0.002695	0.000000 0.000000	0.001099 0.002255	0.000000 0.000000	
2 32 5 1.280000	0.046932 0.007439	0.997791 0.000709	0.211926 0.009703	0.049154 0.006300	0.009564 0.006573	0.002290 0.008821	0.000000 0.000000	0.001337 0.006123	0.000140 0.000699	0.000442 0.002212	0.000000 0.000000	
2 32 5 1.290000	0.046420 0.006266	0.997839 0.000583	0.210781 0.009746	0.047684 0.007177	0.007540 0.004686	0.000119 0.000594	0.003067 0.006600	0.001141 0.005705	0.000087 0.000435	0.001059 0.003624	0.000225 0.001126	
2 32 5 1.300000	0.046865 0.006092	0.997798 0.000583	0.211860 0.009851	0.046985 0.007696	0.008738 0.007309	0.001153 0.005076	0.000098 0.000491	0.000582 0.002910	0.000000 0.000000	0.000127 0.000636	0.000946 0.003402	
2 32 5 1.310000	0.045977 0.006061	0.997879 0.000563	0.210488 0.009627	0.040581 0.008552	0.009041 0.009351	0.000029 0.000146	0.000945 0.004727	0.000719 0.001910	0.000575 0.002877	0.000190 0.000951	0.000891 0.004455	
2 32 5 1.320000	0.046016 0.006311	0.997877 0.000588	0.206366 0.009890	0.046698 0.009186	0.009979 0.007005	0.001249 0.003262	0.000455 0.002276	0.000000 0.000000	0.000774 0.002650	0.000640 0.003201	0.001165 0.004485	
2 32 5 1.330000	0.046533 0.006695	0.997828 0.000632	0.201381 0.006947	0.042924 0.009617	0.012539 0.009231	0.003632 0.009645	0.001267 0.003883	0.001863 0.006037	0.000487 0.002436	0.000000 0.000000	0.001276 0.003546	
2 32 5 1.340000	0.044739 0.002710	0.997997 0.000245	0.200427 0.009927	0.042003 0.006792	0.007489 0.008712	0.001260 0.003202	0.000000 0.000000	0.001738 0.004813	0.000000 0.000000	0.000904 0.004518	0.000352 0.001762	
2 32 5 1.350000	0.045849 0.003696	0.997896 0.000343	0.196062 0.009840	0.039147 0.005401	0.006244 0.006475	0.000720 0.003093	0.000000 0.000000	0.000377 0.001638	0.000169 0.000845	0.000471 0.002355	0.000759 0.003639	
2 32 5 1.360000	0.045279 0.006882	0.997942 0.000612	0.196148 0.007980	0.039196 0.008021	0.008686 0.003454	0.000914 0.004177	0.000000 0.000000	0.000000 0.000000	0.000393 0.001966	0.000072 0.000358	0.000278 0.001390	
2 32 5 1.370000	0.043863 0.007227	0.998071 0.000629	0.196622 0.009044	0.040135 0.007550	0.007280 0.007702	0.000672 0.001982	0.000052 0.000260	0.000000 0.000000	0.000000 0.000000	0.000000 0.000000	0.000000 0.000000	
2 32 5 1.380000	0.043338 0.004348	0.998120 0.000379	0.192710 0.009708	0.037862 0.009869	0.005867 0.005191	0.003183 0.009431	0.000341 0.001704	0.000000 0.000000	0.000287 0.001434	0.001645 0.004558	-0.000057 0.000285	
2 32 5 1.390000	0.044975 0.008342	0.997970 0.000743	0.187924 0.009287	0.037456 0.007514	0.005819 0.008649	0.000403 0.001790	0.001861 0.006293	0.000278 0.001388	0.000000 0.000000	0.002281 0.008840	0.000874 0.004368	
2 32 5 1.400000	0.044730 0.009516	0.997988 0.000860	0.185407 0.009141	0.038679 0.008220	0.008777 0.009923	0.000832 0.003376	0.000151 0.000756	0.002545 0.007187	0.000249 0.001247	0.001739 0.005158	0.001674 0.005452	
2 32 5 1.410000	0.043002 0.007507	0.998141 0.000631	0.186115 0.008868	0.035099 0.007439	0.008961 0.004878	0.000746 0.003730	0.000810 0.004052	0.000331 0.001656	0.000248 0.001238	0.000889 0.004443	0.001039 0.005193	
2 32 5 1.420000	0.043297 0.007475	0.998118 0.000650	0.183815 0.009489	0.035491 0.008544	0.008992 0.008775	0.000032 0.000162	0.000771 0.002505	0.000000 0.000000	0.000000 0.000000	0.000202 0.001012	0.000725 0.002416	
2 32 5 1.430000	0.041923 0.004565	0.998240 0.000377	0.178499 0.009522	0.031323 0.005821	0.007877 0.007198	0.001924 0.004911	0.000519 0.002595	0.000132 0.000661	0.003445 0.009567	0.001143 0.005713	0.000885 0.002240	
2 32 5 1.440000	0.041617 0.003289	0.998266 0.000277	0.179432 0.009841	0.034778 0.008719	0.007461 0.007053	0.000542 0.002710	0.000000 0.000000	0.000000 0.000000	0.001387 0.003840	0.000000 0.000000	0.000000 0.000000	
2 32 5 1.450000	0.043388 0.007581	0.998110 0.000633	0.179565 0.009425	0.034910 0.007637	0.002215 0.007724	0.002879 0.007227	0.002299 0.009814	0.000082 0.000410	0.000925 0.003260	0.001933 0.004991	0.000588 0.002938	
2 32 5 1.460000	0.043575 0.004202	0.998099 0.000365	0.175536 0.009795	0.033187 0.008419	0.005433 0.006494	0.001702 0.004311	0.001061 0.003758	0.000475 0.002377	0.000434 0.002170	0.000268 0.001341	0.000360 0.001799	
2 32 5 1.470000	0.042533 0.008770	0.998179 0.000747	0.177121 0.009597	0.031160 0.004819	0.006240 0.004622	0.001222 0.003737	0.001238 0.004544	0.001337 0.004419	0.001387 0.004598	0.000000 0.000000	0.000113 0.000563	
2 32 5 1.480000	0.044011 0.004846	0.998060 0.000422	0.170063 0.009200	0.028835 0.002742	0.005993 0.005839	0.002867 0.005192	0.000000 0.000000	0.000000 0.000000	0.000000 0.000000	0.000246 0.000793	0.000387 0.001933	
2 32 5 1.490000	0.042191 0.006175	0.998216 0.000513	0.172761 0.006320	0.028941 0.009561	0.004041 0.008753	0.001954 0.004721	0.000187 0.000937	0.001190 0.005948	0.000000 0.000000	0.000596 0.002101	0.002411 0.006147	
2 32 5 1.500000	0.040894 0.008402	0.998319 0.000708	0.168636 0.009688	0.029862 0.009020	0.004327 0.009729	0.000000 0.000000	0.000984 0.002322	0.000855 0.003183	0.000040 0.000200	0.000208 0.001041	0.000351 0.001755	
2 32 5 1.510000	0.042233 0.007342	0.998210 0.000609	0.173084 0.008856	0.026513 0.008995	0.003316 0.008690	0.001195 0.005977	0.000239 0.001193	0.000000 0.000000	0.000294 0.001471	0.001701 0.004997	0.001966 0.006289	
2 32 5 1.520000	0.042069 0.008797	0.998222 0.000734	0.168657 0.009985	0.028554 0.005702	0.003801 0.009360	0.000363 0.001814	0.000310 0.000964	0.002238 0.005936	0.000000 0.000000	0.000447 0.001415	0.000395 0.001977	
2 32 5 1.530000	0.040280 0.005844	0.998374 0.000469	0.167003 0.007153	0.029806 0.002710	0.003700 0.008476	0.001739 0.004123	0.002633 0.008920	0.001110 0.003100	0.001686 0.004371	0.001761 0.007057	0.000000 0.000000	
2 32 5 1.540000	0.040706 0.004933	0.998340 0.000402	0.164066 0.007224	0.026221 0.009627	0.003020 0.009036	0.001028 0.003632	0.000372 0.001859	0.000000 0.000000	0.000471 0.002356	0.000000 0.000000	0.000862 0.004309	
2 32 5 1.550000	0.042331 0.005651	0.998204 0.000480	0.162859 0.004682	0.023715 0.009933	0.001845 0.008634	0.000358 0.001788	0.000000 0.000000	0.001329 0.005053	0.001822 0.003701	0.000897 0.002272	0.000593 0.002963	
2 32 5 1.560000	0.041503 0.002661	0.998276 0.000220	0.166775 0.009771	0.027049 0.005924	0.003056 0.004771	0.000133 0.000666	0.000831 0.004153	0.000544 0.002721	0.000000 0.000000	0.000858 0.003410	0.000207 0.001033	
2 32 5 1.570000	0.041498 0.007952	0.998270 0.000674	0.156320 0.007834	0.028263 0.007723	0.002267 0.009516	0.000292 0.001459	0.001394 0.006969	0.002283 0.004659	0.000000 0.000000	0.000000 0.000000	0.000000 0.000000	
2 32 5 1.580000	0.042615 0.007822	0.998174 0.000656	0.161851 0.009552	0.026482 0.009730	0.003870 0.007514	0.002329 0.007979	0.000198 0.000988	0.001208 0.006038	0.000000 0.000000	0.000000 0.000000	0.000661 0.003364	
2 32 5 1.590000	0.039041 0.005122	0.998472 0.000388	0.157694 0.009646	0.024019 0.009752	0.004609 0.005979	0.000386 0.001930	0.000249 0.001245	0.000153 0.000764	0.000225 0.001124	0.000187 0.000933	0.000522 0.001375	
2 32 5 1.600000	0.038976 0.004131	0.998478 0.000324	0.157864 0.009763	0.025433 0.007185	0.004386 0.007934	0.000435 0.002177	0.000563 0.002816	0.000309 0.001545	0.000149 0.000747	0.001120 0.003225	0.001486 0.004308	
2 32 5 1.610000	0.042203 0.001894	0.998219 0.000159	0.151024 0.009505	0.020202 0.009698	0.001233 0.003546	0.001461 0.005438	0.001559 0.006753	0.000273 0.001366	0.000790 0.003948	0.000619 0.002876	0.000663 0.003317	
2 32 5 1.620000	0.037343 0.006650	0.998599 0.000508	0.154611 0.009230	0.023555 0.008616	0.003782 0.008633	0.002123 0.007503	0.000178 0.001331	0.002539 0.006280	0.002756 0.008739	0.000680 0.002018	-0.000104 0.000522	
2 32 5 1.630000	0.039289 0.004466	0.998454 0.000343	0.152966 0.009587	0.024338 0.005207	0.002132 0.004365	0.000712 0.003558	0.000000 0.000000	0.000000 0.000000	0.000170 0.000851	0.000213 0.001064	0.000966 0.004489	
2 32 5 1.640000	0.040419 0.006673	0.998360 0.000537	0.153145 0.009937	0.024118 0.009387	0.002351 0.004243	0.001106 0.004895	0.000228 0.001138	0.001326 0.004304	0.000066 0.000328	0.000578 0.002891	0.001474 0.002932	
2 32 5 1.650000	0.037404 0.007988	0.998593 0.000596	0.151802 0.006771	0.023168 0.009526	0.000916 0.004580	0.000111 0.000469	0.000484 0.001893	0.001624 0.004673	0.000000 0.000000	0.001376 0.005487	0.000804 0.004020	
2 32 5 1.660000	0.042075 0.005348	0.998225 0.000451	0.153848 0.009662	0.021988 0.005018	0.001527 0.004149	0.001102 0.003248	0.001162 0.005811	0.000577 0.002887	0.000444 0.002220	0.000807 0.002945	0.002733 0.005302	
2 32 5 1.670000	0.040660 0.009336	0.998333 0.000752	0.149027 0.009858	0.021714 0.006177	0.002608 0.009409	0.000000 0.000000	0.000875 0.003350	0.000933 0.002885	0.000540 0.001975	-0.000273 0.001365	0.000261 0.001306	
2 32 5 1.680000	0.041731 0.006469	0.998253 0.000545	0.147749 0.009270	0.020488 0.005789	0.002139 0.006116	0.000000 0.000000	0.000550 0.002751	0.000000 0.000000	0.000513 0.002564	0.000993 0.004966	0.001187 0.005933	
2 32 5 1.690000	0.043066 0.002807	0.998144 0.000241	0.142010 0.004792	0.020110 0.008958	0.002149 0.005896	0.000768 0.003970	0.001144 0.003487	0.000100 0.000498	0.001546 0.007588	0.000000 0.000000	0.000203 0.001015	
2 32 5 1.700000	0.037158 0.006674	0.998613 0.000496	0.140938 0.006301	0.019021 0.009883	0.000356 0.001780	0.000403 0.001091	0.000949 0.004747	0.000565 0.002824	0.003905 0.007665	0.000000 0.000000	0.000164 0.000820	
2 32 5 1.710000	0.038409 0.008471	0.998513 0.000646	0.145321 0.007978	0.021804 0.009581	0.002595 0.004873	0.001455 0.003846	0.000699 0.001840	0.000126 0.000629	0.002191 0.006554	0.001313 0.005695	0.000371 0.001854	
2 32 5 1.720000	0.039364 0.009872	0.998439 0.000787	0.137668 0.005669	0.015280 0.008617	0.003104 0.005867	0.000977 0.004884	0.000000 0.000000	0.003116 0.008202	0.000000 0.000000	0.001591 0.007955	0.000200 0.001000	
2 32 5 1.730000	0.038252 0.009661	0.998525 0.000771	0.142659 0.007748	0.020062 0.009391	0.000693 0.002474	0.000244 0.001219	0.000000 0.000000	0.000113 0.000567	0.000000 0.000000	0.001354 0.003171	0.000322 0.001611	
2 32 5 1.740000	0.036483 0.007974	0.998662 0.000593	0.140759 0.009781	0.020242 0.004308	0.003628 0.005607	0.000354 0.001772	0.000144 0.000722	0.001226 0.003038	0.000000 0.000000	0.000681 0.003406	0.000266 0.001106	
2 32 5 1.750000	0.036614 0.005263	0.998656 0.000383	0.139815 0.009648	0.019479 0.009273	0.005813 0.009529	0.001924 0.005035	0.000689 0.003447	0.001219 0.005047	0.000000 0.000000	0.002111 0.004114	0.000377 0.001885	
2 32 5 1.760000	0.039035 0.006118	0.998472 0.000490	0.136630 0.008341	0.014724 0.006080	0.001745 0.004299	0.001028 0.003373	0.002788 0.008125	0.000965 0.004478	0.002472 0.004651	0.001820 0.006646	-0.000037 0.000185	
2 32 5 1.770000	0.037064 0.007292	0.998617 0.000528	0.134826 0.003370	0.016313 0.009764	0.001539 0.005422	0.001131 0.003108	0.000000 0.000000	0.001620 0.008100	0.000045 0.000223	0.000000 0.000000	0.001481 0.007405	
2 32 5 1.780000	0.039033 0.006760	0.998470 0.000520	0.133588 0.009932	0.016858 0.007494	0.002786 0.006816	0.001267 0.006336	0.002406 0.008657	0.000536 0.002428	0.000093 0.000465	0.000224 0.000755	0.000000 0.000000	
2 32 5 1.790000	0.038358 0.003854	0.998527 0.000297	0.135883 0.009706	0.019737 0.006602	0.001576 0.003142	0.000788 0.002028	0.000000 0.000000	0.000000 0.000000	0.000441 0.002206	0.000000 0.000000	0.000689 0.003445	
2 32 5 1.800000	0.036792 0.009954	0.998634 0.000732	0.136481 0.003238	0.017076 0.008280	0.000204 0.001021	0.000604 0.003021	0.002113 0.008103	0.001992 0.004656	0.000000 0.000000	0.001154 0.004555	0.001063 0.002723	
2 32 5 1.810000	0.036641 0.007719	0.998651 0.000565	0.133389 0.006838	0.015372 0.008724	0.002798 0.007726	0.004762 0.009379	0.001965 0.006773	0.000000 0.000000	0.001424 0.002878	0.001253 0.006019	0.000639 0.003195	
2 32 5 1.820000	0.036343 0.007992	0.998671 0.000593	0.136897 0.008893	0.018893 0.009384	0.002031 0.005174	0.000230 0.001101	0.000565 0.001636	0.001915 0.006863	0.000941 0.002704	0.002268 0.006415	0.000205 0.001025	
2 32 5 1.830000	0.038741 0.005002	0.998496 0.000378	0.134382 0.007055	0.021441 0.008315	0.002123 0.006147	0.000814 0.002716	0.000686 0.002901	0.000484 0.002419	0.000464 0.002320	0.000000 0.000000	0.001139 0.004426	
2 32 5 1.840000	0.038016 0.005213	0.998551 0.000388	0.130224 0.008122	0.015567 0.009979	0.001490 0.003206	0.000765 0.003826	0.001018 0.004210	0.001933 0.006300	0.000690 0.002604	0.001160 0.003812	0.000413 0.002066	
2 32 5 1.850000	0.039137 0.009865	0.998458 0.000757	0.126899 0.009949	0.012205 0.005760	0.003170 0.008230	0.000000 0.000000	0.000968 0.004838	0.001501 0.003887	0.000195 0.000974	0.000256 0.001282	0.001930 0.006960	
2 32 5 1.860000	0.038277 0.009350	0.998524 0.000713	0.126616 0.009925	0.015410 0.009120	0.002976 0.007056	0.000255 0.001274	0.001243 0.006214	0.001510 0.004400	0.001788 0.004235	0.000943 0.002326	0.001107 0.004088	
2 32 5 1.870000	0.038345 0.005889	0.998526 0.000442	0.127317 0.008133	0.014869 0.007319	0.004071 0.009084	0.003013 0.006953	0.000000 0.000000	0.001043 0.003171	0.000237 0.001184	0.001977 0.004034	0.002017 0.005363	
2 32 5 1.880000	0.037107 0.006079	0.998618 0.000464	0.124953 0.009547	0.012181 0.004540	0.001134 0.003980	0.001245 0.004269	0.000861 0.002489	0.000650 0.003248	0.000229 0.001146	0.000000 0.000000	0.000887 0.004434	
2 32 5 1.890000	0.038216 0.004700	0.998536 0.000369	0.127163 0.009924	0.016337 0.007968	0.001256 0.003569	0.001057 0.003506	0.000000 0.000000	0.000000 0.000000	0.000000 0.000000	0.001211 0.005650	0.002038 0.005757	
2 32 5 1.900000	0.037942 0.005872	0.998556 0.000435	0.126624 0.008094	0.014850 0.007766	0.002184 0.008260	0.002037 0.006449	0.000189 0.000944	0.001120 0.005600	0.003162 0.009837	0.000880 0.004045	0.001349 0.006744	
2 32 5 1.910000	0.038715 0.004301	0.998499 0.000331	0.122395 0.006515	0.017602 0.009957	0.001059 0.005295	0.000750 0.002373	0.000096 0.000479	0.000000 0.000000	0.000943 0.004716	0.000000 0.000000	0.001846 0.006854	
2 32 5 1.920000	0.038415 0.005943	0.998520 0.000462	0.118474 0.009049	0.014062 0.008858	0.001445 0.004349	0.000492 0.002461	0.000000 0.000000	0.002284 0.008872	0.002065 0.008608	0.000160 0.000799	0.001276 0.006382	
2 32 5 1.930000	0.036505 0.005071	0.998665 0.000365	0.124081 0.009843	0.015933 0.009303	0.000751 0.003907	0.000000 0.000000	0.002584 0.004244	0.002468 0.007586	0.001006 0.004078	0.001064 0.005202	0.001721 0.006433	
2 32 5 1.940000	0.036837 0.007089	0.998637 0.000506	0.123645 0.008332	0.014663 0.009152	0.000219 0.001094	0.000000 0.000000	0.000000 0.000000	0.001431 0.004935	0.000343 0.001714	0.000000 0.000000	0.001383 0.006917	
2 32 5 1.950000	0.037155 0.004824	0.998616 0.000361	0.122556 0.008472	0.016523 0.006778	0.001728 0.005079	0.000000 0.000000	0.000448 0.002242	0.001600 0.004594	0.001171 0.005856	0.000571 0.002853	0.001953 0.009063	
2 32 5 1.960000	0.037549 0.007361	0.998583 0.000559	0.126512 0.009758	0.013024 0.005068	0.001342 0.004379	0.000775 0.003873	0.000000 0.000000	0.001174 0.005770	0.001299 0.006495	0.000101 0.000507	0.001305 0.006526	
2 32 5 1.970000	0.035563 0.006146	0.998731 0.000445	0.126620 0.006037	0.014920 0.008888	0.000942 0.003414	0.001686 0.005156	0.000387 0.001937	0.000000 0.000000	0.000000 0.000000	0.000337 0.001685	0.000000 0.000000	
2 32 5 1.980000	0.036616 0.009643	0.998648 0.000726	0.125409 0.006872	0.012634 0.009651	0.000532 0.002592	0.000000 0.000000	0.000494 0.002470	0.000822 0.002347	0.001814 0.006154	0.001685 0.003519	0.000439 0.002193	
2 32 5 1.990000	0.038761 0.004424	0.998495 0.000339	0.122853 0.009857	0.018314 0.005787	0.001917 0.007635	0.000000 0.000000	0.002217 0.007342	0.002850 0.007758	0.000149 0.000746	0.000000 0.000000	0.000000 0.000000	
2 32 5 2.000000	0.037081 0.005182	0.998622 0.000383	0.118676 0.009973	0.011972 0.007404	0.001687 0.008433	0.001313 0.003499	0.002526 0.007110	0.000685 0.003425	0.000260 0.001299	0.001963 0.004349	0.001569 0.004394	
2 32 5 2.010000	0.033380 0.008270	0.998874 0.000567	0.113010 0.007738	0.011497 0.008725	0.003003 0.006302	0.000843 0.004215	0.000000 0.000000	0.001080 0.002844	0.000381 0.001905	0.000558 0.002789	0.000734 0.002506	
2 32 5 2.020000	0.037046 0.008625	0.998616 0.000636	0.116988 0.009691	0.010074 0.009815	0.000973 0.003362	0.000000 0.000000	0.001302 0.006510	0.002082 0.005653	0.002781 0.008030	0.000158 0.000791	0.002559 0.005116	
2 32 5 2.030000	0.036411 0.003706	0.998672 0.000272	0.116443 0.009345	0.013506 0.005078	0.001738 0.004565	0.000784 0.003918	0.001747 0.008114	0.000241 0.001205	0.002052 0.005219	0.000208 0.001042	0.000000 0.000000	
2 32 5 2.040000	0.035347 0.004188	0.998748 0.000291	0.112348 0.009106	0.012775 0.006060	0.002100 0.008346	0.000644 0.003221	0.001982 0.007799	0.005433 0.008774	0.000800 0.004000	0.001046 0.002798	0.000923 0.003779	
2 32 5 2.050000	0.038214 0.006924	0.998533 0.000542	0.112382 0.009909	0.013363 0.008999	0.002811 0.006942	0.000973 0.003213	0.000121 0.000606	0.000348 0.001739	0.001574 0.006543	0.000643 0.003213	0.001464 0.003523	
2 32 5 2.060000	0.037793 0.004149	0.998570 0.000318	0.109084 0.008211	0.014225 0.009007	-0.000044 0.000219	0.000000 0.000000	0.003436 0.008982	0.002075 0.007968	0.000228 0.001141	0.000474 0.001826	0.001201 0.006007	
2 32 5 2.070000	0.038273 0.009939	0.998516 0.000747	0.116574 0.005890	0.010284 0.009697	0.000004 0.000021	0.000009 0.000044	0.001491 0.004327	0.000000 0.000000	0.001290 0.006046	0.002446 0.007229	0.001887 0.009433	
2 32 5 2.080000	0.035305 0.007149	0.998748 0.000506	0.114145 0.009968	0.010016 0.007729	0.000975 0.004873	0.001337 0.006642	0.000695 0.002084	0.000187 0.000937	0.000618 0.003091	0.000000 0.000000	0.000000 0.000000	
2 32 5 2.090000	0.035089 0.002467	0.998768 0.000174	0.111952 0.009491	0.013192 0.007766	0.000675 0.001762	0.000824 0.002872	0.000582 0.002402	0.000687 0.002997	0.000000 0.000000	0.000868 0.003498	0.000367 0.001275	
2 32 5 2.100000	0.038756 0.005657	0.998494 0.000427	0.114250 0.006786	0.010808 0.009921	0.001025 0.005126	0.001057 0.003824	0.001197 0.005983	0.001066 0.004414	0.002134 0.006184	0.000472 0.001534	0.001151 0.005756	
2 32 5 2.110000	0.034252 0.005915	0.998823 0.000401	0.106816 0.007895	0.009234 0.008179	0.000721 0.001891	0.001374 0.005220	0.002862 0.007274	0.000938 0.004688	0.000907 0.004536	0.001506 0.005158	0.000585 0.002927	
2 32 5 2.120000	0.035116 0.009758	0.998756 0.000688	0.108123 0.005196	0.012112 0.009690	0.000187 0.000936	0.001008 0.005041	0.001941 0.009705	0.000618 0.003091	0.000202 0.001011	0.000926 0.004105	0.001575 0.006463	
2 32 5 2.130000	0.036487 0.005151	0.998665 0.000378	0.111654 0.009925	0.013352 0.007125	0.001662 0.004158	0.000673 0.001854	0.000313 0.001567	0.001541 0.005300	0.000920 0.004602	0.000149 0.000744	0.002389 0.006315	
2 32 5 2.140000	0.035263 0.004369	0.998754 0.000315	0.108220 0.009144	0.010069 0.005492	0.000000 0.000000	0.000581 0.002903	0.000144 0.000721	0.001024 0.002302	0.000480 0.001976	0.001262 0.005781	0.002877 0.009146	
2 32 5 2.150000	0.034839 0.005369	0.998783 0.000382	0.112354 0.006000	0.011143 0.009659	0.000139 0.000694	0.001229 0.005708	0.001807 0.005691	0.001059 0.003428	0.000000 0.000000	0.001644 0.006679	0.001951 0.004415	
2 32 5 2.160000	0.034495 0.006088	0.998805 0.000434	0.109179 0.009739	0.011781 0.006326	0.000463 0.002314	0.000000 0.000000	0.001194 0.005970	0.000000 0.000000	0.000972 0.002788	0.000620 0.003101	0.000791 0.002432	
2 32 5 2.170000	0.037309 0.007250	0.998601 0.000520	0.112753 0.005212	0.011585 0.009492	0.000717 0.003023	0.000279 0.001396	0.000000 0.000000	0.000616 0.001948	0.000523 0.001332	0.002773 0.006353	0.000000 0.000000	
2 32 5 2.180000	0.034699 0.005724	0.998792 0.000401	0.106844 0.009363	0.013713 0.009962	0.000672 0.003360	0.000033 0.000163	0.000000 0.000000	0.001097 0.005485	0.000896 0.004423	0.000955 0.003116	0.001320 0.006600	
2 32 5 2.190000	0.035325 0.003147	0.998751 0.000223	0.106959 0.009528	0.008383 0.009447	0.001166 0.003201	0.000732 0.003662	0.000914 0.004572	0.000485 0.002426	0.001170 0.003102	0.000918 0.004590	0.000380 0.001312	
2 32 5 2.200000	0.035635 0.004796	0.998727 0.000334	0.104439 0.007053	0.010339 0.009572	0.001640 0.003787	0.000587 0.002933	0.000000 0.000000	0.000169 0.000845	0.000000 0.000000	0.000000 0.000000	0.000000 0.000000	
2 32 5 2.210000	0.034061 0.007292	0.998830 0.000492	0.100977 0.009815	0.009439 0.008473	0.001142 0.003299	0.002055 0.006688	0.000422 0.002110	0.000526 0.002106	0.000000 0.000000	0.000000 0.000000	0.000000 0.000000	
2 32 5 2.220000	0.034148 0.004668	0.998831 0.000315	0.104599 0.009642	0.012528 0.009651	0.002196 0.008318	0.002096 0.005995	0.001537 0.007684	0.001129 0.003966	0.003083 0.006999	0.002353 0.007390	0.000615 0.003076	
2 32 5 2.230000	0.034374 0.009298	0.998808 0.000634	0.099891 0.006236	0.009930 0.009123	0.002325 0.005823	0.001510 0.007552	0.001750 0.003812	0.000925 0.003400	0.000000 0.000000	0.001596 0.007669	0.001011 0.003886	
2 32 5 2.240000	0.033151 0.005921	0.998897 0.000382	0.105632 0.009267	0.010355 0.005837	0.000000 0.000000	0.002420 0.006096	0.002477 0.006529	0.000728 0.003641	0.002001 0.007026	0.000372 0.001858	0.000470 0.002351	
2 32 5 2.250000	0.035757 0.009490	0.998707 0.000677	0.099267 0.004794	0.008934 0.008639	0.000834 0.003238	-0.000033 0.000163	0.002358 0.008047	0.000797 0.002074	0.000841 0.003599	0.001821 0.006493	0.000214 0.001068	
2 32 5 2.260000	0.036138 0.007412	0.998686 0.000510	0.104251 0.002433	0.009626 0.009559	0.001488 0.003165	0.000168 0.000839	0.000556 0.002782	0.000123 0.000533	0.001222 0.002779	0.001469 0.002510	0.001833 0.008680	
2 32 5 2.270000	0.035822 0.008082	0.998710 0.000581	0.099139 0.009347	0.008788 0.007606	-0.000119 0.000300	0.001724 0.008974	0.003080 0.007046	0.000683 0.003411	0.000759 0.004773	0.002208 0.008874	0.000000 0.000000	
2 32 5 2.280000	0.035238 0.005227	0.998754 0.000366	0.098864 0.009439	0.009488 0.004206	0.002594 0.005063	0.001231 0.003304	0.001518 0.005339	0.000947 0.002835	0.002012 0.003369	0.000419 0.001409	0.000373 0.001867	
2 32 5 2.290000	0.032291 0.002686	0.998956 0.000172	0.099529 0.009779	0.009549 0.008302	0.001433 0.005599	0.002089 0.005292	0.000000 0.000000	0.000087 0.000272	0.000177 0.000886	0.000095 0.000477	0.000182 0.000912	
2 32 5 2.300000	0.035372 0.001817	0.998748 0.000129	0.102598 0.009808	0.009835 0.008261	0.000830 0.002160	0.001473 0.003870	0.000589 0.001820	0.000000 0.000000	0.000000 0.000000	0.000131 0.000657	0.001135 0.004666	
2 32 5 2.310000	0.032282 0.008842	0.998944 0.000563	0.097949 0.008562	0.013709 0.008533	0.000164 0.000821	0.002734 0.007225	0.001419 0.004800	0.000466 0.001950	0.000000 0.000000	0.001231 0.004237	0.001722 0.006466	
2 32 5 2.320000	0.033293 0.004322	0.998890 0.000286	0.095786 0.009987	0.010698 0.006376	0.002698 0.006295	0.000000 0.000000	0.000477 0.002386	0.001753 0.005378	0.002226 0.006912	0.000581 0.005216	0.000969 0.003719	
2 32 5 2.330000	0.035312 0.009984	0.998739 0.000740	0.100284 0.008340	0.006154 0.009768	0.003857 0.006759	0.001750 0.005082	0.001149 0.005744	0.000701 0.003505	-0.000075 0.000377	0.001682 0.007328	0.000911 0.003196	
2 32 5 2.340000	0.033885 0.002370	0.998851 0.000161	0.099768 0.009191	0.011617 0.009300	0.001241 0.004101	0.000974 0.003690	0.000168 0.000840	0.001738 0.003617	0.002363 0.007495	0.000392 0.001961	-0.000042 0.000208	
2 32 5 2.350000	0.032701 0.003771	0.998928 0.000247	0.095486 0.006194	0.010548 0.009288	0.001193 0.002700	0.000720 0.002274	0.001419 0.005355	0.000012 0.000060	0.002460 0.007266	0.000940 0.004701	0.002426 0.007082	
2 32 5 2.360000	0.034225 0.003472	0.998827 0.000238	0.096931 0.009604	0.010115 0.006881	0.001685 0.005950	0.002388 0.006440	0.003485 0.007201	0.001115 0.002790	0.000656 0.003280	0.002541 0.009526	0.000832 0.004160	
2 32 5 2.370000	0.034061 0.005927	0.998835 0.000417	0.093837 0.002165	0.008366 0.009534	0.002595 0.008443	0.000513 0.002567	0.001304 0.005645	0.000648 0.003240	0.001236 0.004404	0.001942 0.006770	0.000067 0.000336	
2 32 5 2.380000	0.035380 0.004528	0.998745 0.000320	0.094889 0.009585	0.006979 0.006139	0.000008 0.000040	0.000619 0.003096	0.000897 0.002555	0.000000 0.000000	0.000000 0.000000	0.003014 0.005708	0.000733 0.003064	
2 32 5 2.390000	0.032436 0.007609	0.998941 0.000488	0.095998 0.009944	0.009210 0.005928	0.000546 0.002730	0.000247 0.000962	0.000817 0.004047	0.000000 0.000000	0.000000 0.000000	0.001020 0.002054	0.000000 0.000000	
2 32 5 2.400000	0.036019 0.007244	0.998696 0.000518	0.097264 0.009910	0.009399 0.008676	0.001623 0.004175	0.000682 0.003217	0.001001 0.002529	0.000105 0.000525	0.000000 0.000000	0.002280 0.009323	0.000262 0.001311	
2 32 5 2.410000	0.035028 0.003245	0.998772 0.000226	0.096660 0.007782	0.008386 0.009932	0.001464 0.003976	0.000000 0.000000	0.000000 0.000000	0.000758 0.003792	0.000000 0.000000	0.000509 0.002000	0.000146 0.000732	
2 32 5 2.420000	0.035614 0.005297	0.998726 0.000383	0.092565 0.007438	0.008311 0.009971	0.000774 0.003870	0.001697 0.003943	0.000000 0.000000	0.000720 0.002615	0.000781 0.003349	0.000000 0.000000	0.000232 0.001160	
2 32 5 2.430000	0.035851 0.005520	0.998710 0.000401	0.093297 0.009947	0.006532 0.009778	0.001342 0.006712	0.000000 0.000000	0.000247 0.000659	0.000000 0.000000	0.001172 0.005860	0.000315 0.000934	0.000398 0.002683	
2 32 5 2.440000	0.035155 0.008592	0.998754 0.000635	0.093112 0.008217	0.007727 0.003460	0.002001 0.004018	0.000439 0.002196	0.000826 0.004131	0.000000 0.000000	0.001651 0.008253	0.002262 0.005780	0.000000 0.000000	
2 32 5 2.450000	0.036391 0.007726	0.998665 0.000555	0.093483 0.009046	0.007850 0.009652	0.002576 0.009094	0.002701 0.006862	0.001005 0.005023	0.000238 0.001189	0.000859 0.002571	0.001656 0.004720	0.001220 0.006102	
2 32 5 2.460000	0.034263 0.003452	0.998825 0.000237	0.090281 0.008814	0.011113 0.009429	0.001810 0.009049	0.004097 0.008092	0.000000 0.000000	0.001183 0.003162	0.002145 0.005577	0.000378 0.001888	0.002643 0.005714	
2 32 5 2.470000	0.033534 0.003608	0.998874 0.000248	0.091094 0.009939	0.009597 0.008798	0.000487 0.002435	0.001414 0.007068	0.000000 0.000000	0.000529 0.002585	0.000824 0.002691	0.000000 0.000000	0.000051 0.000257	
2 32 5 2.480000	0.034397 0.008233	0.998808 0.000553	0.091884 0.006570	0.006727 0.007431	0.000427 0.002133	0.001753 0.006831	0.000591 0.002957	0.001452 0.006572	0.000000 0.000000	0.000497 0.002487	0.001466 0.007330	
2 32 5 2.490000	0.034609 0.006384	0.998797 0.000432	0.090297 0.009544	0.006769 0.003093	0.001269 0.004082	0.002116 0.004305	0.002795 0.007757	0.000582 0.002908	0.000000 0.000000	0.000551 0.002587	0.000000 0.000000	
2 32 5 2.500000	0.034527 0.007618	0.998800 0.000508	0.089637 0.008978	0.008367 0.008503	0.000518 0.002592	0.002058 0.007657	0.002322 0.002114	0.000492 0.002458	0.000000 0.000000	0.000000 0.000000	0.000000 0.000000	
2 32 5 2.510000	0.033828 0.006419	0.998849 0.000442	0.090737 0.009047	0.010713 0.008205	0.000826 0.003521	0.000510 0.002442	0.000000 0.000000	0.002045 0.004769	0.000970 0.002491	0.000000 0.000000	0.000000 0.000000	
2 32 5 2.520000	0.034231 0.006771	0.998823 0.000451	0.085676 0.006642	0.011640 0.009156	0.001790 0.008952	0.000872 0.004362	0.000630 0.001981	0.000000 0.000000	0.000978 0.004889	0.004021 0.004043	0.003386 0.009702	
2 32 5 2.530000	0.034397 0.009755	0.998805 0.000687	0.088460 0.006105	0.007514 0.004972	0.000011 0.000055	0.000963 0.002667	0.000532 0.002658	0.000394 0.001971	0.002317 0.006304	0.000706 0.003013	0.000415 0.002281	
2 32 5 2.540000	0.032402 0.008463	0.998939 0.000555	0.087404 0.009515	0.004615 0.008704	0.000369 0.001845	0.001432 0.007162	0.000575 0.002874	0.001268 0.004666	0.002950 0.007569	0.001289 0.004352	0.001124 0.005622	
2 32 5 2.550000	0.033163 0.001931	0.998900 0.000126	0.085888 0.004713	0.007453 0.009153	0.002561 0.007253	0.000372 0.001862	0.001220 0.003773	0.000093 0.000464	0.002340 0.007098	0.000982 0.003591	0.001885 0.004923	
2 32 5 2.560000	0.031165 0.007987	0.999020 0.000521	0.087662 0.008865	0.007848 0.004954	0.002924 0.006093	0.001108 0.005159	0.002218 0.009699	0.002921 0.005068	0.001500 0.006274	0.001109 0.005545	0.000000 0.000000	
2 32 5 2.570000	0.034638 0.006294	0.998796 0.000446	0.085762 0.009880	0.009644 0.008291	0.001423 0.005603	0.001517 0.005684	0.000000 0.000000	0.001491 0.007307	0.000362 0.001808	0.000655 0.001697	0.003119 0.008579	
2 32 5 2.580000	0.035174 0.002608	0.998762 0.000182	0.086080 0.009996	0.008834 0.006217	0.000249 0.001247	0.000162 0.000750	0.000201 0.001003	0.000906 0.003569	0.001146 0.002919	0.001397 0.003459	0.000203 0.001016	
2 32 5 2.590000	0.036329 0.008246	0.998666 0.000615	0.087788 0.009493	0.005674 0.009647	0.000543 0.002334	0.001125 0.004871	0.000484 0.001527	0.000796 0.003981	0.001929 0.009644	0.001137 0.004481	0.000000 0.000000	
2 32 5 2.600000	0.033824 0.006081	0.998850 0.000419	0.088595 0.007495	0.004635 0.009376	0.001020 0.003012	-0.000004 0.000022	0.000921 0.002796	0.000890 0.004452	0.000729 0.003518	-0.000001 0.000655	0.001281 0.006404	
2 32 5 2.610000	0.033413 0.004599	0.998881 0.000303	0.083736 0.004794	0.003490 0.009439	0.000000 0.000000	0.001879 0.006552	0.002348 0.008825	0.000482 0.002409	0.000208 0.001038	0.002068 0.009097	0.002263 0.009436	
2 32 5 2.620000	0.033881 0.005803	0.998848 0.000395	0.084938 0.009373	0.004643 0.007764	0.003086 0.009996	0.003326 0.005759	0.000528 0.002642	0.000741 0.003703	0.001661 0.005704	0.000374 0.001870	0.002311 0.006125	
2 32 5 2.630000	0.034109 0.002452	0.998836 0.000169	0.087302 0.008288	0.004403 0.003231	0.001979 0.009895	0.001410 0.003831	0.001877 0.005607	0.000000 0.000000	0.000000 0.000000	0.000585 0.002926	0.000413 0.002064	
2 32 5 2.640000	0.034403 0.003260	0.998815 0.000224	0.083750 0.009891	0.009442 0.005686	0.000915 0.002530	0.000935 0.004674	0.001444 0.005193	0.000000 0.000000	0.000000 0.000000	0.000704 0.002273	0.000602 0.001513	
2 32 5 2.650000	0.033233 0.004587	0.998892 0.000298	0.085839 0.008878	0.005304 0.006042	0.001533 0.003522	0.000000 0.000000	0.000917 0.004587	0.001106 0.002890	0.002140 0.009334	0.000800 0.002078	0.000174 0.001278	
2 32 5 2.660000	0.033816 0.005561	0.998852 0.000376	0.081619 0.007196	0.007214 0.009839	0.000066 0.000332	0.002090 0.006022	0.000236 0.001182	0.000440 0.002201	0.000506 0.001310	0.000944 0.003352	0.001702 0.007460	
2 32 5 2.670000	0.033249 0.004888	0.998891 0.000325	0.086009 0.009836	0.008677 0.009824	0.000956 0.002773	0.000000 0.000000	0.001521 0.007079	0.001719 0.004502	0.000319 0.001594	0.000609 0.003047	0.000000 0.000000	
2 32 5 2.680000	0.032217 0.003716	0.998960 0.000239	0.084928 0.005594	0.007585 0.009345	0.002097 0.007791	0.002618 0.007545	0.002618 0.004594	0.000603 0.003016	0.001360 0.006799	0.000226 0.000797	0.001254 0.002986	
2 32 5 2.690000	0.031743 0.005755	0.998989 0.000359	0.085059 0.009301	0.003601 0.006258	0.001259 0.004302	0.000764 0.003365	0.002479 0.006882	0.001318 0.006588	0.001432 0.003992	0.001904 0.004574	0.002567 0.006663	
2 32 5 2.700000	0.032886 0.009760	0.998906 0.000661	0.086100 0.009031	0.008307 0.004529	0.000084 0.000422	0.001579 0.007897	0.000000 0.000000	0.000644 0.002111	0.001596 0.007980	0.001387 0.003091	0.000932 0.004658	
2 32 5 2.710000	0.032394 0.003670	0.998949 0.000238	0.082024 0.009505	0.007892 0.009167	0.001612 0.004708	0.000000 0.000000	0.000000 0.000000	0.000026 0.000128	0.000212 0.001061	0.001234 0.002989	0.000670 0.002586	
2 32 5 2.720000	0.032743 0.008154	0.998918 0.000532	0.081926 0.008215	0.008389 0.009333	0.000196 0.000980	0.002152 0.003469	0.001428 0.004785	0.001389 0.005563	0.000167 0.000834	0.000580 0.002899	0.000115 0.000575	
2 32 5 2.730000	0.033294 0.006688	0.998885 0.000443	0.082257 0.008284	0.007393 0.009587	0.001213 0.006064	0.001579 0.004719	0.000018 0.000091	0.000964 0.004820	0.000000 0.000000	0.000010 0.000052	0.000393 0.001965	
2 32 5 2.740000	0.034081 0.005824	0.998833 0.000397	0.079811 0.008472	0.006494 0.007891	0.000312 0.001374	0.000220 0.000814	0.000153 0.000765	-0.000150 0.000752	0.000000 0.000000	0.002217 0.007098	0.000272 0.001361	
2 32 5 2.750000	0.033549 0.007818	0.998866 0.000539	0.083253 0.008748	0.004767 0.005700	0.000651 0.003254	0.001082 0.005411	0.001399 0.006995	0.001627 0.007435	0.002411 0.005131	0.000678 0.003389	0.002204 0.008894	
2 32 5 2.760000	0.034235 0.005339	0.998825 0.000361	0.084035 0.009155	0.003534 0.007122	0.000048 0.000240	0.002230 0.008823	0.001560 0.004602	0.001988 0.007123	0.000000 0.000000	0.000000 0.000000	0.000206 0.001030	
2 32 5 2.770000	0.033394 0.005266	0.998880 0.000349	0.079108 0.009721	0.004731 0.007257	0.000671 0.001831	0.000419 0.002097	0.000000 0.000000	0.000193 0.000964	0.000102 0.000509	0.001560 0.004170	0.000731 0.002938	
2 32 5 2.780000	0.030965 0.004993	0.999038 0.000308	0.081755 0.009780	0.008854 0.009623	0.000894 0.004470	0.000306 0.001528	0.000148 0.000741	-0.000005 0.000024	0.000842 0.004211	0.000772 0.003858	0.000225 0.000657	
2 32 5 2.790000	0.030971 0.008923	0.999031 0.000566	0.081234 0.007251	0.008344 0.009492	0.001795 0.005901	0.002504 0.007173	0.000820 0.002816	0.000000 0.000000	0.000000 0.000000	0.000434 0.001400	0.000633 0.003163	
2 32 5 2.800000	0.031010 0.003666	0.999037 0.000226	0.077706 0.009409	0.005916 0.009523	0.000000 0.000000	0.001665 0.004452	0.001059 0.002756	0.001369 0.006041	0.001671 0.006786	0.000000 0.000000	0.000000 0.000000	
2 32 5 2.810000	0.033003 0.008394	0.998901 0.000572	0.079351 0.009058	0.006127 0.009521	0.000935 0.004675	0.001054 0.003125	0.000094 0.000472	0.001829 0.007290	0.002743 0.007184	0.001280 0.006402	0.004073 0.008546	
2 32 5 2.820000	0.031190 0.007080	0.999022 0.000433	0.076442 0.008841	0.005608 0.006739	0.000000 0.000000	0.001225 0.005510	0.000888 0.002689	0.003044 0.009239	0.000000 0.000000	0.001515 0.003739	0.000327 0.001270	
2 32 5 2.830000	0.031704 0.002100	0.998994 0.000134	0.078805 0.003578	0.007000 0.009901	0.001209 0.002927	0.000521 0.002603	0.000106 0.000529	0.000275 0.001375	0.000784 0.003407	0.000908 0.002946	0.000892 0.004462	
2 32 5 2.840000	0.033590 0.006601	0.998866 0.000449	0.077876 0.009957	0.003281 0.006413	0.000221 0.001107	0.000080 0.000402	0.001996 0.005499	0.002038 0.003987	0.001990 0.004565	0.000328 0.001640	0.000931 0.004653	
2 32 5 2.850000	0.033075 0.002628	0.998905 0.000174	0.076448 0.009890	0.002733 0.006293	0.000633 0.003165	0.000000 0.000000	0.000147 0.000733	0.000000 0.000000	0.000894 0.004471	0.001093 0.003748	0.001960 0.009801	
2 32 5 2.860000	0.032202 0.008442	0.998955 0.000533	0.075642 0.008592	0.007138 0.008984	0.001839 0.005414	0.000724 0.002684	0.002315 0.006034	0.000772 0.003291	0.002815 0.006702	0.000229 0.001145	0.001271 0.004293	
2 32 5 2.870000	0.033761 0.004690	0.998858 0.000319	0.077137 0.004465	0.006053 0.009994	0.000726 0.003630	0.000750 0.002875	0.000015 0.000075	0.001051 0.005256	0.000000 0.000000	0.000000 0.000000	0.001482 0.007046	
2 32 5 2.880000	0.033505 0.004599	0.998875 0.000304	0.078404 0.007612	0.005736 0.009987	0.000336 0.001680	0.000625 0.001986	0.000884 0.003298	0.000809 0.003444	0.000053 0.000265	0.000047 0.000234	0.001020 0.003055	
2 32 5 2.890000	0.031633 0.006080	0.998995 0.000397	0.078198 0.009859	0.005099 0.009943	0.000000 0.000000	0.002464 0.005852	0.000733 0.002867	0.000000 0.000000	0.001557 0.006533	0.000809 0.002607	0.000000 0.000000	
2 32 5 2.900000	0.030881 0.008969	0.999035 0.000567	0.079519 0.008779	0.005696 0.009987	0.000950 0.004750	0.002079 0.007056	0.001685 0.008424	0.000748 0.003740	0.003481 0.008625	0.000000 0.000000	0.000000 0.000000	
2 32 5 2.910000	0.031766 0.005926	0.998986 0.000378	0.076241 0.009645	0.003472 0.005852	0.001497 0.004775	0.001492 0.007064	0.000704 0.002104	0.000212 0.001060	0.000774 0.002370	0.001290 0.003161	0.000320 0.001159	
2 32 5 2.920000	0.032407 0.003073	0.998948 0.000200	0.075550 0.009900	0.004558 0.005459	0.001157 0.002489	0.000775 0.002823	0.000000 0.000000	0.000000 0.000000	0.000088 0.000438	0.001948 0.006462	0.001053 0.003861	
2 32 5 2.930000	0.035094 0.006428	0.998763 0.000449	0.077369 0.009403	0.003452 0.008440	0.000000 0.000000	0.000000 0.000000	0.000489 0.002006	0.001619 0.008739	0.002144 0.006667	0.000000 0.000000	0.001360 0.005401	
2 32 5 2.940000	0.034473 0.005996	0.998808 0.000419	0.074425 0.009129	0.004511 0.009033	0.003490 0.008786	0.000863 0.004313	0.001060 0.003708	0.000000 0.000000	0.000000 0.000000	0.002869 0.008531	0.000427 0.002137	
2 32 5 2.950000	0.031264 0.009618	0.999012 0.000582	0.077168 0.009614	0.005076 0.009694	0.000069 0.000344	0.000464 0.001950	0.001872 0.007371	0.001673 0.004290	0.001138 0.005692	0.000000 0.000000	0.000539 0.002696	
2 32 5 2.960000	0.033076 0.007719	0.998898 0.000484	0.070560 0.009314	0.003435 0.008489	0.001639 0.008195	0.001600 0.004163	0.001572 0.004498	0.000943 0.002410	0.002546 0.009838	0.003002 0.008102	0.001637 0.008025	
2 32 5 2.970000	0.033358 0.007081	0.998881 0.000487	0.074690 0.009197	0.004690 0.005588	0.001934 0.006104	0.002022 0.009317	0.000178 0.000888	0.001091 0.003340	0.000851 0.002480	0.003356 0.007111	0.001421 0.005022	
2 32 5 2.980000	0.033076 0.007611	0.998900 0.000515	0.074583 0.009763	0.004972 0.009964	0.001347 0.006734	0.002374 0.006152	0.001737 0.005056	0.000000 0.000000	0.001645 0.005438	0.000000 0.000000	0.000000 0.000000	
2 32 5 2.990000	0.032158 0.009709	0.998953 0.000644	0.069192 0.005996	0.003576 0.007560	0.000185 0.000751	0.001637 0.006918	0.002324 0.007345	0.000883 0.003105	0.001115 0.004768	0.002406 0.007551	0.000877 0.003904	
2 32 5 3.000000	0.034957 0.001491	0.998778 0.000105	0.071046 0.009862	0.004967 0.005179	0.000097 0.000485	0.000471 0.002354	0.000000 0.000000	0.000340 0.000952	0.000807 0.004037	0.000660 0.003244	0.001416 0.004254	
2 32 5 3.010000	0.032123 0.009786	0.998956 0.000639	0.076306 0.009461	0.006640 0.005190	0.000000 0.000000	0.003260 0.005262	0.000000 0.000000	0.000320 0.000791	0.006205 0.009977	0.000529 0.002643	0.001355 0.003563	
2 32 5 3.020000	0.034196 0.003471	0.998829 0.000233	0.071787 0.009050	0.004901 0.009747	0.001687 0.006838	0.001689 0.005252	0.000883 0.002481	0.000000 0.000000	0.001527 0.003559	0.000000 0.000000	0.003194 0.005829	
2 32 5 3.030000	0.030752 0.008064	0.999044 0.000505	0.071042 0.008620	0.004848 0.008561	0.001062 0.003509	0.000690 0.003451	0.000138 0.000932	0.000136 0.000680	0.002476 0.005857	0.000893 0.004466	0.001992 0.009961	
2 32 5 3.040000	0.033075 0.005261	0.998902 0.000344	0.069259 0.009140	0.007037 0.009503	0.003104 0.006050	0.002958 0.008716	0.000855 0.003883	0.002715 0.007833	0.000641 0.001646	0.001758 0.005786	0.001736 0.004580	
2 32 5 3.050000	0.031615 0.003947	0.998998 0.000246	0.070276 0.006959	0.001018 0.005088	0.001021 0.004486	0.001235 0.006174	0.000995 0.004975	0.001998 0.009525	0.000272 0.001362	0.001464 0.003895	0.000736 0.003133	
2 32 5 3.060000	0.034446 0.008791	0.998805 0.000612	0.070810 0.008114	0.003532 0.009806	0.001370 0.006852	0.000490 0.001477	-0.000065 0.000327	0.003376 0.008670	0.001605 0.004810	0.000507 0.002536	0.000000 0.000000	
2 32 5 3.070000	0.032260 0.003644	0.998958 0.000233	0.069435 0.009281	0.004437 0.001571	0.000647 0.003235	0.000370 0.001851	0.000019 0.000095	0.000000 0.000000	0.000000 0.000000	0.000278 0.001391	0.000000 0.000000	
2 32 5 3.080000	0.029961 0.009709	0.999090 0.000554	0.071704 0.002786	0.003253 0.009507	0.001073 0.002625	0.000906 0.001817	0.002237 0.006620	0.000523 0.002614	0.001219 0.005276	0.000000 0.000000	0.000384 0.001922	
2 32 5 3.090000	0.031132 0.003486	0.999029 0.000214	0.072374 0.009951	0.003370 0.006323	0.000155 0.000774	0.000604 0.002887	0.000905 0.004497	0.000566 0.002106	0.001101 0.003338	0.002000 0.003780	0.000589 0.002500	
2 32 5 3.100000	0.033252 0.007424	0.998887 0.000486	0.073114 0.007693	0.005665 0.009962	0.000572 0.002024	0.001706 0.005373	0.001474 0.005870	0.000458 0.001223	0.001290 0.003384	0.000955 0.004774	0.000000 0.000000	
2 32 5 3.110000	0.032414 0.007877	0.998942 0.000504	0.070831 0.009889	0.005856 0.009392	0.000998 0.004989	0.000496 0.001736	0.000000 0.000000	0.001001 0.004131	0.000768 0.003840	0.000252 0.001262	0.002958 0.008134	
2 32 5 3.120000	0.030368 0.007992	0.999068 0.000486	0.072235 0.007509	0.005087 0.008291	0.002254 0.006186	0.001510 0.008579	0.000416 0.002080	0.003255 0.006689	0.001446 0.007228	0.000000 0.000000	0.001964 0.009028	
2 32 5 3.130000	0.031947 0.006869	0.998974 0.000434	0.067738 0.009399	0.005033 0.004820	0.001783 0.003371	0.000187 0.000933	0.000790 0.002865	0.000230 0.001148	0.000761 0.003805	0.001682 0.007058	0.000822 0.002252	
2 32 5 3.140000	0.034129 0.005948	0.998830 0.000402	0.068082 0.005053	0.004712 0.008645	0.002881 0.009745	0.001115 0.005576	0.003822 0.008666	0.001644 0.008218	0.001439 0.007195	0.000650 0.002966	0.000652 0.003260	
2 32 5 3.150000	0.031534 0.005879	0.999001 0.000388	0.069622 0.009235	0.003078 0.007895	0.000329 0.001646	0.000823 0.004116	0.001192 0.004282	0.000000 0.000000	0.002757 0.009474	0.000596 0.002978	0.002784 0.007920	
2 32 5 3.160000	0.031886 0.004121	0.998981 0.000261	0.067242 0.009367	0.001894 0.006110	0.001943 0.009717	0.000000 0.000000	0.000909 0.003453	0.000000 0.000000	0.000231 0.001153	0.001110 0.005211	0.002474 0.009687	
2 32 5 3.170000	0.032020 0.009635	0.998961 0.000640	0.065318 0.007591	0.002227 0.007410	0.001677 0.004331	0.000283 0.001414	0.001720 0.008599	0.000773 0.003864	0.002609 0.009024	0.000663 0.002693	0.001724 0.002755	
2 32 5 3.180000	0.032828 0.005483	0.998919 0.000352	0.069203 0.009787	0.003698 0.008008	0.000705 0.002587	0.000737 0.002853	0.001094 0.005468	0.001339 0.006695	0.000398 0.001658	0.001212 0.006060	0.000540 0.002700	
2 32 5 3.190000	0.032750 0.008899	0.998917 0.000609	0.069023 0.009906	0.004296 0.008051	0.001010 0.004068	0.000748 0.002265	0.000619 0.003095	0.000666 0.002266	0.002948 0.007193	0.001083 0.003488	0.000613 0.002698	
2 32 5 3.200000	0.030475 0.008407	0.999063 0.000507	0.072319 0.009778	0.003722 0.009265	0.001651 0.008257	0.002213 0.008950	0.001208 0.003136	0.001191 0.005957	0.000393 0.001555	0.001966 0.009830	0.001727 0.005484	
2 32 5 3.210000	0.032713 0.002992	0.998929 0.000199	0.063630 0.008600	0.001714 0.005723	0.000772 0.003858	0.001695 0.008475	0.000853 0.002953	0.000851 0.004254	0.002260 0.005849	0.002557 0.008839	0.002303 0.006187	
2 32 5 3.220000	0.032643 0.005666	0.998930 0.000366	0.066681 0.009976	0.002684 0.005404	0.000948 0.004738	0.000000 0.000000	0.000454 0.002269	0.000427 0.002136	0.000667 0.003333	0.000179 0.000896	0.001676 0.004512	
2 32 5 3.230000	0.031263 0.005687	0.999019 0.000366	0.068015 0.008802	0.004198 0.006049	0.000000 0.000000	0.000102 0.000512	0.000300 0.001500	0.001504 0.003214	0.001487 0.003899	0.000462 0.002309	0.000000 0.000000	
2 32 5 3.240000	0.031732 0.006519	0.998986 0.000406	0.070701 0.008904	0.001516 0.004506	0.001086 0.004054	0.001630 0.007775	0.000187 0.000525	0.001712 0.005085	0.000708 0.003753	0.003027 0.007683	0.000000 0.000000	
2 32 5 3.250000	0.031057 0.004017	0.999033 0.000249	0.066101 0.009593	0.002273 0.004959	0.001141 0.005703	0.001263 0.003503	0.000685 0.003424	0.001674 0.005870	0.000363 0.001817	0.000271 0.001353	0.001825 0.004454	
2 32 5 3.260000	0.030523 0.008087	0.999060 0.000513	0.067614 0.009448	0.003266 0.006994	0.001143 0.005713	0.001143 0.003548	0.000000 0.000000	0.000246 0.001228	0.000322 0.001610	0.000706 0.002315	0.000769 0.001935	
2 32 5 3.270000	0.032829 0.005960	0.998918 0.000391	0.067330 0.008243	0.006188 0.005763	0.001041 0.005207	0.002358 0.007229	0.000000 0.000000	0.001143 0.005471	0.001666 0.006266	0.000496 0.001504	0.002411 0.008235	
2 32 5 3.280000	0.031014 0.006266	0.999032 0.000398	0.065873 0.009224	0.004461 0.009241	0.001295 0.006475	0.000000 0.000000	0.001682 0.008408	0.002098 0.004116	0.000162 0.000812	0.000585 0.001516	0.001123 0.003509	
2 32 5 3.290000	0.032766 0.005342	0.998923 0.000347	0.065851 0.008252	0.003373 0.006652	0.001198 0.005992	0.000848 0.004241	0.001858 0.009288	0.000135 0.000677	0.001778 0.004335	0.004201 0.008941	0.001420 0.005536	
2 32 5 3.300000	0.030107 0.007079	0.999086 0.000435	0.063593 0.008729	0.001612 0.005249	0.000383 0.001916	0.002063 0.006954	0.002520 0.008477	0.000648 0.001681	0.000237 0.000703	0.001042 0.004708	0.001631 0.007384	
2 32 5 3.310000	0.030875 0.006065	0.999042 0.000367	0.066093 0.009876	0.002959 0.008985	0.001082 0.005410	0.000161 0.000799	0.001813 0.009064	0.002882 0.007534	0.001364 0.006819	0.000668 0.001716	0.000000 0.000000	
2 32 5 3.320000	0.032471 0.006597	0.998940 0.000434	0.064533 0.009784	0.003725 0.007953	0.002279 0.008772	0.001459 0.003851	0.000612 0.001116	0.001415 0.005648	0.001472 0.005213	0.002202 0.003590	0.000304 0.001519	
2 32 5 3.330000	0.032082 0.004794	0.998968 0.000314	0.066817 0.008714	0.001480 0.007400	0.001822 0.009110	0.002189 0.008089	0.000791 0.002331	0.001197 0.003584	0.000635 0.003176	0.000470 0.002352	0.000000 0.000000	
2 32 5 3.340000	0.030546 0.003990	0.999065 0.000244	0.070697 0.004643	0.003344 0.009663	0.003507 0.009767	0.002209 0.009058	0.001924 0.006383	0.002238 0.004111	0.001060 0.003578	0.000000 0.000000	0.002690 0.008493	
2 32 5 3.350000	0.031285 0.005634	0.999017 0.000348	0.069014 0.009674	0.003157 0.009059	0.000634 0.003169	0.000000 0.000000	0.001836 0.005720	0.000000 0.000000	0.002078 0.006831	0.000000 0.000000	0.002068 0.005453	
2 32 5 3.360000	0.031596 0.008121	0.998994 0.000513	0.069504 0.009931	0.001846 0.004218	0.000048 0.000241	0.001046 0.003402	0.000648 0.003239	0.000944 0.004016	0.001629 0.005265	0.002490 0.008261	0.001383 0.006045	
2 32 5 3.370000	0.032493 0.006156	0.998940 0.000396	0.063188 0.009746	0.004798 0.002174	0.001106 0.004082	0.001924 0.007302	0.000000 0.000000	0.002403 0.003924	0.003337 0.006381	0.000769 0.002683	0.000474 0.002371	
2 32 5 3.380000	0.031005 0.004699	0.999036 0.000291	0.066105 0.007744	0.001761 0.004194	0.002152 0.008373	0.000921 0.004604	0.000295 0.001477	0.001893 0.007538	0.000159 0.000793	0.000000 0.000000	0.001164 0.004364	
2 32 5 3.390000	0.031566 0.005072	0.999000 0.000331	0.063567 0.004368	0.005789 0.009918	0.000636 0.003179	0.000000 0.000000	0.000227 0.000785	0.001765 0.003810	0.000096 0.000482	0.000788 0.003623	0.000000 0.000000	
2 32 5 3.400000	0.032724 0.004100	0.998927 0.000266	0.064034 0.008466	0.003736 0.008586	0.000218 0.001089	0.001825 0.004805	0.000465 0.002324	0.001168 0.003694	0.000375 0.001053	0.003334 0.007063	0.000000 0.000000	
2 32 5 3.410000	0.033783 0.002494	0.998858 0.000167	0.062321 0.007091	0.000151 0.000754	0.000788 0.003941	0.000606 0.001327	0.000356 0.001779	0.001841 0.009205	0.000654 0.002057	0.002428 0.009772	0.001274 0.003215	
2 32 5 3.420000	0.031740 0.003270	0.998991 0.000206	0.063752 0.009607	0.004475 0.008443	0.000538 0.002689	0.000000 0.000000	0.000815 0.003367	0.001946 0.006967	0.000000 0.000000	0.000769 0.001438	0.000919 0.003950	
2 32 5 3.430000	0.030379 0.007483	0.999070 0.000466	0.065834 0.009637	0.003590 0.006916	0.001948 0.007421	0.000796 0.003980	0.001799 0.002729	0.000525 0.002372	0.001165 0.004924	0.001422 0.005810	0.001385 0.006342	
2 32 5 3.440000	0.031678 0.009731	0.998982 0.000644	0.068815 0.005235	0.003318 0.008397	0.001156 0.005168	0.001942 0.008004	0.000908 0.002512	0.002502 0.008361	0.000993 0.004967	0.000000 0.000000	0.000000 0.000000	
2 32 5 3.450000	0.032688 0.006644	0.998924 0.000427	0.064404 0.009705	0.006312 0.009475	-0.000104 0.000518	0.001261 0.002981	0.000308 0.001540	0.001307 0.004710	0.000929 0.002552	0.003217 0.006836	0.003500 0.008753	
2 32 5 3.460000	0.035539 0.009287	0.998725 0.000655	0.066903 0.007919	0.003363 0.005840	0.000499 0.002293	0.001677 0.004382	0.003252 0.007163	0.000227 0.002908	0.002614 0.009042	0.001497 0.004763	0.002274 0.006831	
2 32 5 3.470000	0.033315 0.005632	0.998886 0.000369	0.066341 0.009788	0.001295 0.003385	0.000695 0.003117	0.001008 0.006604	0.000606 0.001748	0.003135 0.006182	0.000751 0.003753	0.000397 0.001987	0.002202 0.006978	
2 32 5 3.480000	0.028136 0.006410	0.999203 0.000355	0.057716 0.009987	0.000796 0.004260	0.002695 0.006492	0.001525 0.007624	0.001721 0.005097	0.003430 0.008120	0.001877 0.005843	0.004738 0.009886	0.000525 0.002625	
2 32 5 3.490000	0.030505 0.009754	0.999054 0.000618	0.060929 0.009769	0.006046 0.007848	0.000051 0.000652	0.000722 0.002217	0.001336 0.006679	0.000000 0.000000	0.000366 0.001448	0.000000 0.000000	0.002125 0.006151	
2 32 5 3.500000	0.030767 0.004725	0.999050 0.000293	0.059021 0.009884	0.001420 0.005146	-0.000000 0.000001	0.001183 0.005914	0.000251 0.001254	0.002328 0.005619	0.001684 0.005415	0.001656 0.008279	0.001170 0.005852	
2 32 5 3.510000	0.031326 0.006675	0.999013 0.000411	0.058786 0.007359	0.003826 0.008526	0.001063 0.004050	0.001356 0.004048	0.003453 0.008087	0.001047 0.002952	0.001537 0.006356	0.000183 0.000913	0.000368 0.001840	
2 32 5 3.520000	0.033193 0.007534	0.998891 0.000501	0.055549 0.006266	0.006078 0.009572	0.000010 0.000051	0.000412 0.002060	0.001648 0.008242	0.000946 0.003728	0.000000 0.000000	0.000841 0.004205	0.001272 0.003397	
2 32 5 3.530000	0.032585 0.007112	0.998933 0.000462	0.062670 0.009462	0.003456 0.006391	0.001103 0.005513	0.000156 0.000779	0.001310 0.003632	0.000215 0.001076	0.000114 0.000571	0.001987 0.006803	0.001392 0.006962	
2 32 5 3.540000	0.032506 0.005586	0.998939 0.000349	0.059495 0.009547	0.002490 0.005686	0.001322 0.005656	0.000762 0.002431	0.002705 0.008894	0.000842 0.004211	0.000000 0.000000	0.001948 0.009742	0.000000 0.000000	
2 32 5 3.550000	0.033376 0.004866	0.998883 0.000322	0.058954 0.009774	0.001451 0.005946	0.000523 0.001709	0.001265 0.003867	0.001153 0.003460	0.001770 0.006174	0.000325 0.001033	0.000697 0.002012	0.001009 0.002822	
2 32 5 3.560000	0.032245 0.005586	0.998956 0.000372	0.059547 0.009543	0.003290 0.004578	0.000000 0.000000	0.001502 0.002884	0.001310 0.003679	0.001062 0.003060	0.000963 0.004515	0.001297 0.006484	0.000633 0.003166	
2 32 5 3.570000	0.032800 0.009740	0.998911 0.000646	0.066598 0.009771	0.005275 0.009073	0.000618 0.001730	0.000267 0.001336	0.000754 0.003309	0.000623 0.003117	0.001328 0.006640	0.001657 0.006971	0.002046 0.006742	
2 32 5 3.580000	0.033349 0.006028	0.998883 0.000409	0.058379 0.007784	0.003414 0.009350	0.000402 0.001754	0.001758 0.007705	0.000524 0.002618	0.003377 0.007145	0.000000 0.000000	0.001354 0.004140	0.001494 0.004560	
2 32 5 3.590000	0.031502 0.005192	0.999004 0.000325	0.059687 0.009334	0.002127 0.003968	0.000224 0.001122	-0.000010 0.000048	0.000000 0.000000	0.001056 0.005281	0.001207 0.003689	0.000000 0.000000	0.000000 0.000000	
2 32 5 3.600000	0.033086 0.005888	0.998901 0.000399	0.054359 0.009106	0.002609 0.008294	0.001456 0.006726	0.001664 0.006063	0.000345 0.001687	0.000560 0.001617	0.000037 0.000184	0.000159 0.000795	0.001933 0.009666	
2 32 5 3.610000	0.033148 0.003285	0.998900 0.000215	0.060551 0.009839	0.002818 0.007375	0.001726 0.002765	0.002756 0.006799	0.000000 0.000000	0.001456 0.005938	0.001518 0.007592	0.000321 0.001604	0.002034 0.005270	
2 32 5 3.620000	0.031576 0.007365	0.998997 0.000463	0.058938 0.006973	0.003525 0.009757	0.001471 0.004649	0.001824 0.004617	0.001476 0.004095	0.004443 0.005867	0.000479 0.002397	0.002345 0.006538	0.000000 0.000000	
2 32 5 3.630000	0.033751 0.009337	0.998850 0.000651	0.060711 0.009065	0.006115 0.007915	0.001078 0.003392	0.001848 0.004941	0.001309 0.004043	0.001768 0.008184	0.000671 0.003357	0.002259 0.007315	0.000000 0.000000	
2 32 5 3.640000	0.029851 0.002556	0.999108 0.000155	0.056097 0.008217	0.002507 0.008919	0.001284 0.006420	0.000685 0.003423	0.000000 0.000000	0.002593 0.009689	0.000113 0.000564	0.003419 0.008315	0.000000 0.000000	
2 32 5 3.650000	0.030407 0.008912	0.999066 0.000553	0.061165 0.009208	0.006259 0.009869	0.002535 0.005581	0.001132 0.003509	0.000490 0.001449	0.002705 0.006841	0.001025 0.005123	0.001500 0.007500	0.002916 0.007672	
2 32 5 3.660000	0.033395 0.009535	0.998874 0.000662	0.057154 0.007165	0.004719 0.009525	0.003363 0.005323	0.000000 0.000000	0.001666 0.007809	0.002105 0.006237	0.000216 0.000765	0.001159 0.003211	0.001116 0.005578	
2 32 5 3.670000	0.031054 0.004799	0.999033 0.000297	0.058718 0.007389	0.001659 0.006479	0.000470 0.002071	0.001148 0.005740	0.001229 0.003804	0.001454 0.007895	0.001514 0.007568	0.001168 0.005838	0.000517 0.002583	
2 32 5 3.680000	0.030038 0.001972	0.999097 0.000118	0.057906 0.006839	0.003469 0.009361	0.000000 0.000000	0.000667 0.003336	0.001077 0.003772	0.000670 0.003348	0.000000 0.000000	0.001301 0.006504	0.002966 0.006846	
2 32 5 3.690000	0.032071 0.007214	0.998964 0.000443	0.058932 0.005699	0.002860 0.006022	0.001030 0.003129	0.003262 0.006841	0.000592 0.002961	0.001027 0.002845	0.001317 0.006584	0.002599 0.009982	0.000926 0.002612	
2 32 5 3.700000	0.031669 0.007139	0.998991 0.000456	0.059132 0.009809	0.004815 0.007811	0.000925 0.003181	0.000544 0.002719	-0.000070 0.000733	0.000816 0.004079	0.000000 0.000000	0.001546 0.006796	0.000271 0.001355	
2 32 5 3.710000	0.030696 0.009354	0.999046 0.000611	0.056826 0.008469	0.004501 0.004678	0.001524 0.005396	0.001060 0.003126	0.001556 0.005301	0.002144 0.009913	0.000270 0.001351	0.001737 0.006101	0.001451 0.004194	
2 32 5 3.720000	0.030887 0.005012	0.999042 0.000306	0.059937 0.009812	0.003440 0.005988	0.000143 0.000716	0.001188 0.001858	0.001722 0.006313	0.000000 0.000000	0.001695 0.006173	0.000000 0.000000	0.002077 0.003846	
2 32 5 3.730000	0.030708 0.003209	0.999056 0.000198	0.059793 0.009288	0.003579 0.009897	0.000804 0.003955	0.000458 0.002292	0.000999 0.004828	0.000843 0.002180	0.000273 0.001364	0.000000 0.000000	0.002176 0.007203	
2 32 5 3.740000	0.029814 0.004858	0.999108 0.000284	0.059293 0.007764	0.001322 0.004068	0.001068 0.005340	0.000115 0.002709	0.001092 0.005460	0.001862 0.009310	0.002108 0.007012	0.001895 0.005506	0.001893 0.007401	
2 32 5 3.750000	0.030866 0.003315	0.999045 0.000205	0.060465 0.008559	0.003135 0.006981	0.000331 0.001654	-0.000006 0.000032	0.000620 0.002383	0.000716 0.002118	0.000372 0.001862	0.002321 0.008990	0.001125 0.003647	
2 32 5 3.760000	0.031476 0.005091	0.999005 0.000333	0.054831 0.009620	0.005918 0.008869	0.000067 0.000335	0.001884 0.006263	0.000299 0.001494	0.000736 0.001936	0.001683 0.006918	0.000470 0.002352	0.001175 0.002375	
2 32 5 3.770000	0.031122 0.004158	0.999029 0.000254	0.055338 0.009602	0.002099 0.005078	0.003076 0.009930	0.001485 0.004526	0.000478 0.002392	0.000283 0.001416	0.000000 0.000000	0.000669 0.003344	0.001279 0.004665	
2 32 5 3.780000	0.030767 0.006693	0.999048 0.000410	0.057668 0.009390	0.005632 0.009574	0.000555 0.002255	0.002750 0.008918	0.001151 0.003876	0.000310 0.001023	0.000000 0.000000	0.001670 0.008352	0.001422 0.003002	
2 32 5 3.790000	0.031955 0.005224	0.998975 0.000337	0.055988 0.009350	0.001993 0.007383	0.000037 0.000183	0.001499 0.004077	0.000730 0.003739	0.002186 0.003891	0.002617 0.008278	0.000937 0.004684	0.000000 0.000000	
2 32 5 3.800000	0.032057 0.008033	0.998965 0.000519	0.056460 0.007658	0.002056 0.008075	0.000829 0.002885	0.001269 0.006344	0.003232 0.005445	0.002718 0.009039	0.001770 0.008852	0.002076 0.005483	0.002104 0.005327	
2 32 5 3.810000	0.032023 0.002854	0.998973 0.000182	0.055536 0.009346	0.001071 0.004508	0.000619 0.001873	0.002252 0.008141	0.000000 0.000000	0.000565 0.002825	0.000772 0.003861	0.000000 0.000000	0.000000 0.000000	
2 32 5 3.820000	0.032368 0.004754	0.998949 0.000309	0.057992 0.009647	0.002420 0.006989	0.000591 0.002451	0.001364 0.006821	0.001413 0.005309	0.000447 0.002236	0.000255 0.001273	0.001181 0.005470	0.000066 0.000328	
2 32 5 3.830000	0.030339 0.008837	0.999067 0.000523	0.053799 0.009933	0.005118 0.008729	0.000631 0.002773	0.000449 0.001817	0.000657 0.003287	0.000000 0.000000	0.001805 0.005862	0.001850 0.005566	0.000095 0.000474	
2 32 5 3.840000	0.030969 0.006100	0.999036 0.000370	0.058453 0.009054	0.001990 0.005383	0.002912 0.006690	0.001142 0.002988	0.000754 0.001942	0.001613 0.006473	0.000807 0.004037	0.002653 0.005567	0.000000 0.000000	
2 32 5 3.850000	0.030191 0.008458	0.999079 0.000488	0.049769 0.005638	0.002656 0.007002	0.002625 0.009783	0.000484 0.001427	0.000932 0.004288	0.003254 0.008671	0.000750 0.003749	0.001193 0.002646	0.002542 0.004287	
2 32 5 3.860000	0.028899 0.001000	0.999165 0.000057	0.055411 0.009965	0.000351 0.001529	0.000000 0.000000	0.000957 0.003872	0.000803 0.004015	0.000000 0.000000	0.001580 0.006489	0.001468 0.005601	0.000367 0.001833	
2 32 5 3.870000	0.032140 0.006086	0.998962 0.000379	0.056888 0.007165	0.000700 0.003181	0.001008 0.002590	0.000710 0.003551	0.004066 0.003976	0.001159 0.005795	0.001737 0.006382	0.001609 0.008046	0.001619 0.007979	
2 32 5 3.880000	0.030543 0.005180	0.999063 0.000312	0.057879 0.008640	0.002533 0.006737	0.000000 0.000000	0.000000 0.000000	0.000218 0.001090	0.000589 0.002947	0.001205 0.004386	0.000360 0.001801	0.000305 0.001525	
2 32 5 3.890000	0.031274 0.004299	0.999020 0.000263	0.058538 0.008911	0.000925 0.003572	0.001208 0.005483	0.000000 0.000000	0.002952 0.008636	0.000426 0.002131	0.000865 0.004105	0.001216 0.006078	0.002094 0.007023	
2 32 5 3.900000	0.032378 0.003536	0.998950 0.000230	0.052224 0.008226	0.003622 0.007627	0.001196 0.005978	0.002708 0.004878	0.004596 0.009882	0.000313 0.001564	0.001530 0.004036	0.001985 0.006163	0.000359 0.001793	
2 32 5 3.910000	0.029963 0.008945	0.999092 0.000504	0.052501 0.009763	0.006622 0.007318	0.002688 0.007915	0.000116 0.000582	0.000000 0.000000	0.000220 0.001100	0.000847 0.002815	0.001711 0.005534	0.001773 0.008864	
2 32 5 3.920000	0.030804 0.005767	0.999046 0.000354	0.055136 0.006574	0.003896 0.006833	-0.000118 0.000590	0.000173 0.000866	0.000815 0.004076	0.001927 0.009637	0.000217 0.001085	0.000000 0.000000	0.000811 0.003483	
2 32 5 3.930000	0.030687 0.008315	0.999048 0.000520	0.054554 0.009465	0.002313 0.007823	0.001833 0.005199	0.000832 0.004160	0.002310 0.007142	0.000088 0.000440	0.002627 0.007253	0.001616 0.008078	0.000948 0.004738	
2 32 5 3.940000	0.030309 0.006017	0.999077 0.000356	0.051529 0.009591	0.000854 0.004271	0.000280 0.001401	0.002430 0.009196	0.000718 0.003592	0.002679 0.009574	0.001217 0.005108	0.001044 0.003791	0.001532 0.007658	
2 32 5 3.950000	0.034063 0.006352	0.998833 0.000422	0.052287 0.008487	0.001920 0.008613	0.000620 0.003099	0.000000 0.000000	0.001134 0.005672	0.001580 0.007900	0.000900 0.002874	0.000507 0.001391	0.001237 0.003802	
2 32 5 3.960000	0.030183 0.005746	0.999085 0.000341	0.055703 0.007420	0.002663 0.007431	0.001377 0.003697	0.000552 0.002762	0.001152 0.004588	0.003978 0.008865	0.000868 0.004340	0.002164 0.006813	0.001720 0.005245	
2 32 5 3.970000	0.029487 0.004012	0.999129 0.000239	0.056877 0.008597	0.001741 0.006327	0.000175 0.000574	0.000955 0.002567	0.001094 0.005471	0.001481 0.008306	0.000020 0.000098	0.000325 0.001623	0.002632 0.007735	
2 32 5 3.980000	0.031179 0.007003	0.999021 0.000451	0.054881 0.009241	0.001664 0.003874	-0.000010 0.000049	0.000649 0.003247	0.001350 0.004239	0.000235 0.001177	0.001605 0.004647	0.001082 0.003081	0.000000 0.000000	
2 32 5 3.990000	0.032386 0.007767	0.998940 0.000511	0.056189 0.007263	0.002005 0.005066	0.001005 0.003185	0.004297 0.009234	0.000000 0.000000	0.002630 0.009273	0.001333 0.006663	0.000504 0.002521	0.002377 0.009385	
2 32 5 4.000000	0.032587 0.006184	0.998933 0.000406	0.054730 0.009512	0.003699 0.006369	0.000000 0.000000	0.001767 0.008837	0.001849 0.003698	0.001879 0.004924	0.002640 0.006598	0.002675 0.009265	0.000401 0.002003	
