2 64 5 0.000000	0.998645 0.003453	0.002695 0.006894	0.000000 0.000000	0.000000 0.000000	0.000541 0.002705	0.000000 0.000000	0.000000 0.000000	0.000000 0.000000	0.000000 0.000000	0.000000 0.000000	0.000000 0.000000	
2 64 5 0.010000	0.998645 0.003453	0.002695 0.006894	0.000000 0.000000	0.000000 0.000000	0.000541 0.002705	0.000000 0.000000	0.000000 0.000000	0.000000 0.000000	0.000000 0.000000	0.000000 0.000000	0.000000 0.000000	
2 64 5 0.020000	0.998363 0.004355	0.003268 0.008690	0.000000 0.000000	0.000000 0.000000	0.000000 0.000000	0.000000 0.000000	0.000000 0.000000	0.000000 0.000000	0.000000 0.000000	0.000000 0.000000	0.000316 0.001581	
2 64 5 0.030000	0.998209 0.004278	0.003576 0.008535	0.000093 0.000466	0.000000 0.000000	0.000080 0.000402	0.000000 0.000000	0.000080 0.000402	0.000000 0.000000	0.000000 0.000000	0.000207 0.001036	0.000000 0.000000	
2 64 5 0.040000	0.998209 0.004278	0.003576 0.008535	0.000093 0.000466	0.000000 0.000000	0.000080 0.000402	0.000000 0.000000	0.000080 0.000402	0.000000 0.000000	0.000000 0.000000	0.000207 0.001036	0.000000 0.000000	
2 64 5 0.050000	0.998209 0.004278	0.003576 0.008535	0.000093 0.000466	0.000000 0.000000	0.000080 0.000402	0.000000 0.000000	0.000080 0.000402	0.000000 0.000000	0.000000 0.000000	0.000207 0.001036	0.000000 0.000000	
2 64 5 0.060000	0.998981 0.004720	0.002033 0.009418	0.000086 0.000221	0.000545 0.002418	0.000105 0.000305	0.000044 0.000221	0.000061 0.000305	0.000044 0.000221	0.000000 0.000000	0.000086 0.000221	0.000088 0.000221	
2 64 5 0.070000	0.998869 0.003810	0.002259 0.007606	0.000692 0.003106	0.000276 0.000605	0.000084 0.000421	0.000000 0.000000	0.000084 0.000421	0.000480 0.001981	0.000000 0.000000	0.000119 0.000421	0.000084 0.000421	
2 64 5 0.080000	0.998498 0.004607	0.002999 0.009189	0.000000 0.000000	0.000448 0.002238	0.000132 0.000659	0.000454 0.001363	0.000000 0.000000	0.001014 0.005072	0.001023 0.005113	0.000856 0.002488	0.000354 0.001113	
2 64 5 0.090000	0.999024 0.004881	0.001948 0.009739	0.000000 0.000000	0.000000 0.000000	0.000000 0.000000	0.000000 0.000000	0.000000 0.000000	0.000000 0.000000	0.000000 0.000000	0.000000 0.000000	0.000000 0.000000	
2 64 5 0.100000	0.998417 0.004098	0.003162 0.008178	0.000496 0.002482	0.000610 0.003048	0.000000 0.000000	0.000215 0.001076	0.000309 0.001544	0.000121 0.000607	0.000356 0.001173	0.000231 0.000607	0.000000 0.000000	
2 64 5 0.110000	0.997535 0.004036	0.004922 0.008051	0.000580 0.002898	0.000000 0.000000	0.000704 0.003520	0.000993 0.003342	0.000330 0.001648	0.000825 0.004124	0.001017 0.002993	0.000517 0.002583	0.000825 0.004124	
2 64 5 0.120000	0.998298 0.004785	0.003397 0.009548	0.001000 0.004304	0.000986 0.004929	0.000000 0.000000	0.000000 0.000000	0.000000 0.000000	0.000431 0.001457	0.001294 0.006471	0.001319 0.006596	0.000288 0.001439	
2 64 5 0.130000	0.999884 0.000294	0.000233 0.000589	0.000059 0.000294	0.000034 0.000169	0.000000 0.000000	0.000059 0.000294	0.000000 0.000000	0.000038 0.000190	0.000151 0.000589	0.000210 0.000589	0.000076 0.000380	
2 64 5 0.140000	0.999212 0.003822	0.001573 0.007630	0.000000 0.000000	0.000000 0.000000	0.000000 0.000000	0.000000 0.000000	0.000000 0.000000	0.000000 0.000000	0.000000 0.000000	0.000000 0.000000	0.000000 0.000000	
2 64 5 0.150000	0.999975 0.000126	0.000051 0.000253	0.000028 0.000139	0.000000 0.000000	0.000051 0.000253	0.000000 0.000000	0.000051 0.000253	0.000000 0.000000	0.000000 0.000000	0.000000 0.000000	0.000051 0.000253	
2 64 5 0.160000	0.999708 0.000849	0.000572 0.001696	0.000000 0.000000	0.000101 0.000505	0.000000 0.000000	0.000203 0.001017	0.000000 0.000000	0.000128 0.000642	0.000000 0.000000	0.000158 0.000642	0.000000 0.000000	
2 64 5 0.170000	0.998137 0.004163	0.003720 0.008308	0.000172 0.000862	0.000422 0.002112	0.000000 0.000000	0.000406 0.001626	0.000000 0.000000	0.000000 0.000000	0.000000 0.000000	0.000000 0.000000	0.000000 0.000000	
2 64 5 0.180000	0.999062 0.004691	0.001872 0.009359	0.001336 0.006681	0.001449 0.007246	0.001832 0.009162	0.001822 0.009109	0.001858 0.009290	0.001847 0.009234	0.001793 0.008965	0.001852 0.009261	0.001872 0.009359	
2 64 5 0.190000	0.998587 0.004837	0.002820 0.009650	0.000717 0.003584	0.000000 0.000000	0.000577 0.002885	0.000805 0.004025	0.000000 0.000000	0.000000 0.000000	0.000000 0.000000	0.000618 0.003088	0.000618 0.003088	
2 64 5 0.200000	0.999241 0.001497	0.001516 0.002993	0.000595 0.001730	0.000633 0.001589	0.000528 0.001730	0.000877 0.001887	0.000508 0.001574	0.000566 0.001993	0.000707 0.002043	0.000789 0.002355	0.000346 0.001730	
2 64 5 0.210000	0.999239 0.002875	0.001520 0.005743	0.000000 0.000000	0.000000 0.000000	0.000000 0.000000	0.000000 0.000000	0.000000 0.000000	0.000098 0.000488	0.000000 0.000000	0.000065 0.000326	0.000044 0.000220	
2 64 5 0.220000	0.999201 0.003125	0.001595 0.006240	0.000132 0.000660	0.000000 0.000000	0.000000 0.000000	0.000000 0.000000	0.000000 0.000000	0.000000 0.000000	0.000000 0.000000	0.000000 0.000000	0.000000 0.000000	
2 64 5 0.230000	0.998627 0.004567	0.002741 0.009113	0.000219 0.001096	0.000269 0.001346	0.000194 0.000971	0.000194 0.000971	0.000194 0.000971	0.000000 0.000000	0.000269 0.001346	0.000119 0.000596	0.000366 0.000971	
2 64 5 0.240000	0.999961 0.000120	0.000077 0.000241	0.000000 0.000000	0.000077 0.000241	0.000000 0.000000	0.000029 0.000145	0.000048 0.000241	0.000077 0.000241	0.000000 0.000000	0.000077 0.000241	0.000000 0.000000	
2 64 5 0.250000	0.999756 0.000805	0.000488 0.001609	0.000032 0.000162	0.000086 0.000428	0.000000 0.000000	0.000000 0.000000	0.000000 0.000000	0.000000 0.000000	0.000054 0.000272	0.000000 0.000000	0.000000 0.000000	
2 64 5 0.260000	0.999292 0.001912	0.001403 0.003821	0.000389 0.001651	0.000000 0.000000	0.000222 0.000818	0.000059 0.000294	0.000000 0.000000	0.000139 0.000401	0.000059 0.000294	0.000187 0.000799	0.000000 0.000000	
2 64 5 0.270000	0.999045 0.002704	0.001908 0.005401	0.000117 0.000587	0.000391 0.001956	0.000296 0.001480	0.000000 0.000000	0.000151 0.000757	0.000103 0.000516	0.000000 0.000000	0.000113 0.000565	0.000000 0.000000	
2 64 5 0.280000	0.998512 0.004360	0.002972 0.008701	0.000560 0.002798	0.000238 0.001190	0.000000 0.000000	0.000000 0.000000	0.000490 0.002451	0.000365 0.001826	0.000442 0.002211	0.000441 0.002207	0.000651 0.001823	
2 64 5 0.290000	0.999370 0.001989	0.001259 0.003974	0.000000 0.000000	0.000389 0.001038	0.000039 0.000194	0.000039 0.000194	0.000000 0.000000	0.000183 0.000913	0.000164 0.000820	0.000124 0.000618	0.000682 0.001572	
2 64 5 0.300000	0.998899 0.003868	0.002199 0.007720	0.000469 0.002345	0.000000 0.000000	0.000000 0.000000	0.000000 0.000000	0.000000 0.000000	0.000000 0.000000	0.000000 0.000000	0.000635 0.002970	0.000000 0.000000	
2 64 5 0.310000	0.998969 0.004566	0.002057 0.009110	0.000000 0.000000	0.001013 0.005066	0.001497 0.007485	0.001699 0.007319	0.001530 0.007652	0.000788 0.003940	0.000000 0.000000	0.001213 0.006064	0.001822 0.009110	
2 64 5 0.320000	0.999021 0.004608	0.001934 0.009195	0.000000 0.000000	0.000000 0.000000	0.000887 0.004435	0.000000 0.000000	0.000000 0.000000	0.000000 0.000000	0.000000 0.000000	0.000000 0.000000	0.000000 0.000000	
2 64 5 0.330000	0.997958 0.004892	0.004077 0.009755	0.000603 0.002613	0.000000 0.000000	0.000300 0.000890	0.000000 0.000000	0.000178 0.000890	0.000610 0.002647	0.000000 0.000000	0.000000 0.000000	0.000725 0.002647	
2 64 5 0.340000	0.999256 0.003427	0.001485 0.006843	0.000869 0.004343	0.000101 0.000263	0.000096 0.000321	0.000739 0.003483	0.000921 0.004343	0.000000 0.000000	0.000064 0.000321	0.000053 0.000263	0.000117 0.000321	
2 64 5 0.350000	0.998456 0.001746	0.003086 0.003489	0.000700 0.001763	0.000655 0.002360	0.000097 0.000485	0.001119 0.003861	0.000397 0.001986	0.000494 0.001361	0.000222 0.001110	0.000716 0.002968	0.000446 0.002232	
2 64 5 0.360000	0.998575 0.003473	0.002845 0.006934	0.000060 0.000301	0.000000 0.000000	0.000024 0.000122	0.000000 0.000000	0.000000 0.000000	0.000050 0.000252	0.000060 0.000301	0.000000 0.000000	0.000060 0.000301	
2 64 5 0.370000	0.999316 0.001800	0.001355 0.003653	0.000000 0.000000	0.000000 0.000000	0.000000 0.000000	0.000106 0.000528	0.000126 0.000632	0.000000 0.000000	0.000000 0.000000	0.000029 0.000147	0.000168 0.000840	
2 64 5 0.380000	0.998512 0.004737	0.002971 0.009452	0.000322 0.001265	0.000476 0.002380	0.000311 0.001557	0.000345 0.001723	0.000333 0.001667	0.000226 0.001130	0.000314 0.000994	0.000272 0.001015	0.000332 0.001659	
2 64 5 0.390000	0.996158 0.004528	0.007666 0.009030	0.003315 0.004343	0.000827 0.002928	0.000000 0.000000	0.000389 0.001946	0.001643 0.005519	0.001122 0.003321	0.000477 0.002383	0.000489 0.002446	0.000000 0.000000	
2 64 5 0.400000	0.998910 0.002703	0.002178 0.005397	0.000653 0.002709	0.000635 0.001896	0.000956 0.002521	0.000557 0.001812	0.000796 0.002388	0.000430 0.001836	0.000280 0.001191	0.000753 0.001955	0.000960 0.002719	
2 64 5 0.410000	0.998547 0.002248	0.002904 0.004490	0.000041 0.000203	0.000366 0.001828	0.000433 0.002167	0.000552 0.002557	0.000512 0.002359	0.000440 0.001995	0.000573 0.002731	0.000552 0.002557	0.000674 0.001745	
2 64 5 0.420000	0.998840 0.003489	0.002317 0.006963	0.000175 0.000874	0.000000 0.000000	0.000093 0.000465	0.000000 0.000000	0.000071 0.000353	0.000000 0.000000	0.000120 0.000599	0.000154 0.000770	0.000039 0.000197	
2 64 5 0.430000	0.998503 0.003646	0.002989 0.007277	0.000117 0.000367	0.000422 0.002108	0.000128 0.000641	0.000690 0.003448	0.000064 0.000322	0.000522 0.002242	0.000050 0.000249	0.000774 0.003180	0.000165 0.000458	
2 64 5 0.440000	0.998995 0.002640	0.002008 0.005271	0.000231 0.000693	0.000669 0.002879	0.000703 0.003139	0.000063 0.000317	0.000696 0.002410	0.000144 0.000456	0.000151 0.000754	0.000242 0.001212	0.000313 0.000943	
2 64 5 0.450000	0.998556 0.003457	0.002885 0.006901	0.001253 0.004064	0.001275 0.004352	0.000622 0.003382	0.000524 0.001481	0.000000 0.000000	0.001472 0.003587	0.000352 0.001422	0.000284 0.001422	0.000000 0.000000	
2 64 5 0.460000	0.998101 0.002628	0.003793 0.005243	0.000219 0.001094	0.000385 0.001927	0.000000 0.000000	0.000000 0.000000	0.000000 0.000000	0.000000 0.000000	0.000132 0.000660	0.000636 0.003179	0.001156 0.004559	
2 64 5 0.470000	0.998266 0.003396	0.003464 0.006774	0.001218 0.003199	0.000226 0.000679	0.000196 0.000981	0.000048 0.000240	0.000448 0.001210	0.000000 0.000000	0.000285 0.001426	0.000541 0.001504	0.000025 0.000123	
2 64 5 0.480000	0.998066 0.003656	0.003863 0.007292	0.000264 0.001318	0.000267 0.001334	0.000421 0.002105	0.000755 0.002555	0.000673 0.002221	0.000479 0.001693	0.000230 0.000734	0.000546 0.002310	0.000326 0.001103	
2 64 5 0.490000	0.997583 0.003496	0.004827 0.006969	0.001700 0.006584	0.000258 0.001291	0.000274 0.001369	0.000000 0.000000	0.000779 0.002771	0.000721 0.001599	0.000119 0.000597	0.000457 0.002287	0.000385 0.001447	
2 64 5 0.500000	0.996431 0.004309	0.007123 0.008583	0.000180 0.000898	0.000198 0.000529	0.000044 0.000218	0.000000 0.000000	0.000291 0.001282	0.001125 0.004023	0.000517 0.002145	0.000819 0.003236	0.001304 0.003652	
2 64 5 0.510000	0.996702 0.003134	0.006583 0.006242	0.000000 0.000000	0.000134 0.000668	0.000797 0.002452	0.000127 0.000633	0.000353 0.001054	0.000527 0.002634	0.000284 0.001296	0.000188 0.000676	0.000000 0.000000	
2 64 5 0.520000	0.994797 0.002891	0.010378 0.005751	0.001348 0.005239	0.000992 0.004962	0.000579 0.002897	0.000000 0.000000	0.000204 0.001022	0.000525 0.002623	0.001367 0.006837	0.000413 0.002064	0.000000 0.000000	
2 64 5 0.530000	0.993363 0.004974	0.013226 0.009883	0.000862 0.004312	0.000784 0.003921	0.001075 0.004386	0.001824 0.005863	0.000498 0.002491	0.000972 0.004859	0.001295 0.003789	0.001280 0.006399	0.000448 0.002241	
2 64 5 0.540000	0.994941 0.003462	0.010091 0.006886	0.000604 0.001636	0.000327 0.001636	0.000321 0.001604	0.000447 0.002234	0.000244 0.001221	0.000000 0.000000	0.000081 0.000403	0.000000 0.000000	0.001346 0.003520	
2 64 5 0.550000	0.993902 0.004196	0.012156 0.008341	0.000097 0.000483	0.000076 0.000380	0.000043 0.000214	0.000295 0.001477	0.000000 0.000000	0.000000 0.000000	0.000309 0.001546	0.000547 0.002449	0.000000 0.000000	
2 64 5 0.560000	0.993236 0.004217	0.013478 0.008374	0.001225 0.003811	0.001613 0.003320	0.001705 0.004552	0.000796 0.003981	0.000985 0.003134	0.000945 0.004727	0.000000 0.000000	0.000554 0.001602	0.000631 0.003155	
2 64 5 0.570000	0.993506 0.004859	0.012943 0.009648	0.002240 0.005673	0.000944 0.003137	0.000780 0.002564	0.001303 0.004329	0.000000 0.000000	0.000336 0.001680	0.000839 0.004193	0.000538 0.001924	0.000990 0.004130	
2 64 5 0.580000	0.993702 0.004099	0.012554 0.008138	0.000295 0.001476	0.000863 0.002579	0.000000 0.000000	0.000000 0.000000	0.000747 0.002391	0.000766 0.003829	0.000251 0.001253	0.000158 0.000792	0.000000 0.000000	
2 64 5 0.590000	0.992346 0.003681	0.015247 0.007301	0.000531 0.002047	0.000000 0.000000	0.000525 0.002624	0.000621 0.003104	0.000000 0.000000	0.000250 0.001251	0.001236 0.006181	0.001184 0.003252	0.000179 0.000893	
2 64 5 0.600000	0.990248 0.004485	0.019404 0.008883	0.000658 0.003289	0.000980 0.003022	0.000763 0.003815	0.001059 0.002520	0.000619 0.002118	0.001449 0.003914	0.000606 0.002605	0.000275 0.001374	0.000000 0.000000	
2 64 5 0.610000	0.989533 0.004966	0.020821 0.009822	0.002759 0.005937	0.000936 0.003551	0.000000 0.000000	0.000241 0.001068	0.000000 0.000000	0.000077 0.000386	0.000515 0.002431	0.000177 0.000887	0.000203 0.001013	
2 64 5 0.620000	0.988461 0.004944	0.022941 0.009764	0.003569 0.009467	0.000000 0.000000	0.000192 0.000958	0.000862 0.004308	0.001506 0.004187	0.001114 0.003650	0.001271 0.003415	0.001126 0.003090	0.000289 0.001701	
2 64 5 0.630000	0.986541 0.003496	0.026735 0.006897	0.002039 0.006206	0.000517 0.001774	0.000000 0.000000	0.000000 0.000000	0.000000 0.000000	0.000227 0.001134	0.001216 0.005752	0.000416 0.002078	0.000500 0.002552	
2 64 5 0.640000	0.986446 0.003458	0.026923 0.006821	0.001083 0.004259	0.000059 0.000293	0.000000 0.000000	0.000136 0.000379	0.000000 0.000000	0.000000 0.000000	0.000178 0.000889	0.000683 0.003414	0.000000 0.000000	
2 64 5 0.650000	0.983580 0.003148	0.032570 0.006193	0.003831 0.006563	0.000000 0.000000	0.000313 0.001565	0.000000 0.000000	0.000105 0.000523	0.000000 0.000000	0.000771 0.003856	0.000000 0.000000	0.000000 0.000000	
2 64 5 0.660000	0.981475 0.004216	0.036704 0.008279	0.003284 0.005452	0.000000 0.000000	0.001457 0.006913	0.000191 0.000954	0.001069 0.005346	0.001195 0.005977	0.000000 0.000000	0.000000 0.000000	0.000185 0.000925	
2 64 5 0.670000	0.980324 0.004715	0.038961 0.009241	0.004007 0.007863	0.000435 0.002176	0.000990 0.004950	0.000926 0.002919	0.000000 0.000000	0.001271 0.006356	0.000143 0.000714	0.000857 0.004286	0.000000 0.000000	
2 64 5 0.680000	0.976967 0.004675	0.045532 0.009129	0.004828 0.002954	0.002373 0.006662	0.000861 0.002279	0.001372 0.001915	0.001998 0.009990	0.002467 0.006036	0.002091 0.007402	0.000766 0.003829	0.002084 0.008929	
2 64 5 0.690000	0.976445 0.004833	0.046553 0.009432	0.003528 0.004591	0.001232 0.002935	0.001375 0.002897	0.001386 0.002857	0.001058 0.005292	0.000915 0.002353	0.000494 0.001341	0.000419 0.001282	0.000000 0.000000	
2 64 5 0.700000	0.972801 0.004775	0.053655 0.009289	0.006919 0.001859	0.002411 0.004418	0.001150 0.005751	0.001245 0.006227	0.000000 0.000000	0.000000 0.000000	0.000751 0.003757	0.000000 0.000000	0.000131 0.000656	
2 64 5 0.710000	0.969534 0.004722	0.060002 0.009152	0.008592 0.007425	0.002995 0.005712	0.001422 0.006494	0.001223 0.003394	0.002640 0.009819	0.000726 0.003369	0.002023 0.005319	0.000062 0.000311	0.001192 0.004319	
2 64 5 0.720000	0.967170 0.004384	0.064580 0.008483	0.006692 0.006697	0.000958 0.004767	0.000801 0.004003	0.000502 0.001574	0.000244 0.001218	0.000480 0.002402	0.001858 0.005107	0.000204 0.001018	0.001273 0.003517	
2 64 5 0.730000	0.962785 0.004601	0.073042 0.008866	0.008252 0.009601	0.000152 0.000761	0.001174 0.003414	0.001644 0.004779	0.001601 0.006289	0.000798 0.002834	0.000000 0.000000	0.001310 0.006550	0.001551 0.007480	
2 64 5 0.740000	0.959993 0.004873	0.078411 0.009354	0.010514 0.003202	0.002013 0.004386	0.000499 0.002493	0.000581 0.002904	0.000557 0.001963	0.001457 0.005656	0.000897 0.002368	0.001293 0.004350	0.000000 0.000000	
2 64 5 0.750000	0.954004 0.005153	0.089873 0.009829	0.012138 0.006789	0.003009 0.008584	0.000778 0.003890	-0.000014 0.000068	0.001668 0.006051	0.000639 0.003195	0.001018 0.004002	0.001964 0.005282	0.000000 0.000000	
2 64 5 0.760000	0.948775 0.004861	0.099823 0.009228	0.014695 0.002624	0.004956 0.008509	0.001204 0.004035	0.001110 0.004748	0.001698 0.004724	0.001001 0.002856	0.002633 0.009975	0.001396 0.003899	0.000577 0.002887	
2 64 5 0.770000	0.941321 0.005218	0.113911 0.009824	0.020180 0.008602	0.004914 0.001771	0.002260 0.004867	0.000000 0.000000	0.000379 0.001106	0.000000 0.000000	0.000586 0.002932	0.000772 0.003858	0.000000 0.000000	
2 64 5 0.780000	0.934766 0.005316	0.126209 0.009948	0.023387 0.008043	0.004454 0.002030	0.001370 0.003849	0.000319 0.001596	0.000168 0.000839	0.001040 0.002843	0.000725 0.003265	0.000248 0.001238	0.000000 0.000000	
2 64 5 0.790000	0.924796 0.005339	0.144750 0.009880	0.027515 0.006554	0.006023 0.006437	0.001105 0.003489	0.000000 0.000000	0.000756 0.003782	0.001450 0.007249	0.000000 0.000000	0.000000 0.000000	0.000453 0.002263	
2 64 5 0.800000	0.915853 0.005139	0.161210 0.009421	0.031944 0.005796	0.009240 0.004100	0.005831 0.005835	0.001789 0.003728	0.002350 0.007169	0.001484 0.007139	0.001515 0.004880	0.001296 0.004133	0.003052 0.006461	
2 64 5 0.810000	0.897179 0.003057	0.195069 0.005485	0.045791 0.006075	0.014620 0.005865	0.005774 0.009748	0.004890 0.007479	0.002972 0.006269	0.000958 0.004788	0.002110 0.006237	0.003991 0.004343	0.003519 0.007418	
2 64 5 0.820000	0.883792 0.005309	0.218907 0.009390	0.056353 0.006940	0.020743 0.003687	0.010238 0.009215	0.002772 0.004239	0.001477 0.006029	0.002009 0.007410	0.001411 0.003529	0.001859 0.005955	0.000000 0.000000	
2 64 5 0.830000	0.858591 0.005809	0.262816 0.009970	0.074245 0.007720	0.030033 0.003719	0.014247 0.005596	0.007990 0.003458	0.004888 0.003153	0.001880 0.002681	0.001097 0.004791	0.001449 0.003826	0.002761 0.005381	
2 64 5 0.840000	0.821663 0.005962	0.324865 0.009798	0.106923 0.008529	0.048751 0.006807	0.027773 0.004943	0.016777 0.004503	0.011147 0.004604	0.007180 0.004379	0.005683 0.001645	0.001925 0.004602	0.002073 0.004204	
2 64 5 0.850000	0.730585 0.006813	0.466240 0.009953	0.192569 0.007439	0.110994 0.005328	0.074717 0.005643	0.054763 0.005931	0.041831 0.003136	0.034116 0.002146	0.027141 0.004168	0.021925 0.005149	0.018289 0.004603	
2 64 5 0.860000	0.189526 0.009991	0.964066 0.003764	0.518036 0.002184	0.349136 0.001962	0.261397 0.001697	0.207103 0.003426	0.168212 0.002445	0.139464 0.002516	0.115961 0.003230	0.097910 0.002896	0.082523 0.004097	
2 64 5 0.870000	0.104385 0.007474	0.989097 0.001563	0.496456 0.006500	0.308584 0.010000	0.213378 0.003381	0.156387 0.003196	0.116418 0.003385	0.089628 0.002277	0.069481 0.003252	0.053108 0.001536	0.040808 0.003221	
2 64 5 0.880000	0.081243 0.004534	0.993397 0.000734	0.472824 0.009785	0.276983 0.007847	0.181527 0.007147	0.125414 0.007367	0.088081 0.004897	0.063751 0.003702	0.045948 0.005744	0.034111 0.003274	0.023215 0.003677	
2 64 5 0.890000	0.072202 0.004764	0.994784 0.000682	0.458982 0.007678	0.258882 0.009237	0.163123 0.007653	0.107940 0.007044	0.072513 0.009797	0.050495 0.003578	0.035194 0.005513	0.024417 0.007129	0.017005 0.003506	
2 64 5 0.900000	0.062281 0.007978	0.996114 0.001006	0.437066 0.008710	0.235734 0.009991	0.140419 0.007557	0.088630 0.005537	0.057254 0.006457	0.036792 0.005925	0.025305 0.005340	0.016320 0.004603	0.010340 0.002411	
2 64 5 0.910000	0.056800 0.003187	0.996772 0.000361	0.419979 0.009834	0.216371 0.003378	0.123795 0.006528	0.074003 0.004905	0.046006 0.004195	0.028479 0.006072	0.017881 0.003616	0.010718 0.004139	0.005611 0.002418	
2 64 5 0.920000	0.052207 0.005035	0.997270 0.000530	0.410124 0.008989	0.201975 0.003996	0.113179 0.009839	0.064456 0.007238	0.037914 0.001979	0.021795 0.009303	0.012412 0.004019	0.008428 0.005330	0.003909 0.003777	
2 64 5 0.930000	0.047323 0.004938	0.997757 0.000460	0.398901 0.008774	0.188558 0.009748	0.101214 0.006324	0.054272 0.007905	0.031687 0.002233	0.016696 0.004940	0.010362 0.001650	0.005794 0.003166	0.003049 0.005095	
2 64 5 0.940000	0.046720 0.009867	0.997807 0.000920	0.384429 0.006657	0.181891 0.005362	0.091533 0.008673	0.049432 0.007922	0.027084 0.008361	0.016533 0.005177	0.008665 0.007278	0.004561 0.004736	0.003860 0.003389	
2 64 5 0.950000	0.045374 0.009941	0.997928 0.000900	0.372936 0.007119	0.166510 0.009550	0.082509 0.006886	0.042843 0.004870	0.022545 0.001863	0.013058 0.007298	0.007218 0.004306	0.002538 0.005581	0.001373 0.003539	
2 64 5 0.960000	0.042258 0.009485	0.998201 0.000829	0.364664 0.008628	0.156732 0.007170	0.074485 0.003829	0.036221 0.003900	0.018027 0.006639	0.008627 0.005311	0.004571 0.004468	0.001918 0.003811	0.001331 0.003891	
2 64 5 0.970000	0.041551 0.006201	0.998267 0.000515	0.355666 0.007902	0.149235 0.009403	0.070447 0.006631	0.032650 0.009614	0.016494 0.005269	0.007137 0.006832	0.003143 0.004189	0.001685 0.003966	0.000639 0.001476	
2 64 5 0.980000	0.039479 0.009708	0.998429 0.000767	0.342552 0.009963	0.141102 0.009031	0.061834 0.004205	0.027717 0.004809	0.012240 0.005383	0.004743 0.005074	0.002654 0.006510	0.000769 0.003190	0.000511 0.001697	
2 64 5 0.990000	0.038143 0.005171	0.998541 0.000407	0.341272 0.009825	0.131867 0.009314	0.057693 0.007526	0.026108 0.005269	0.012652 0.003969	0.005563 0.002132	0.002338 0.006468	0.000485 0.001663	0.001482 0.004631	
2 64 5 1.000000	0.035825 0.008784	0.998706 0.000604	0.335552 0.009966	0.129949 0.008699	0.056930 0.008771	0.025427 0.008347	0.012407 0.005329	0.004861 0.008516	0.004456 0.006366	0.001699 0.005201	0.001483 0.005172	
2 64 5 1.010000	0.034031 0.006263	0.998838 0.000425	0.325000 0.007801	0.119944 0.004031	0.047810 0.008378	0.019885 0.008805	0.009860 0.009575	0.003315 0.006691	0.000715 0.003577	0.000120 0.000602	0.000256 0.001313	
2 64 5 1.020000	0.035876 0.005124	0.998710 0.000372	0.316702 0.009753	0.115548 0.003544	0.047764 0.007575	0.020464 0.008461	0.007439 0.008125	0.003635 0.003409	0.001568 0.004160	0.000434 0.002172	0.000612 0.002025	
2 64 5 1.030000	0.033689 0.009357	0.998853 0.000629	0.311315 0.008772	0.112851 0.003940	0.043346 0.005519	0.019054 0.009449	0.008589 0.005525	0.005200 0.005361	0.001329 0.002852	0.001527 0.004205	0.000634 0.003168	
2 64 5 1.040000	0.032949 0.004542	0.998911 0.000293	0.307697 0.006611	0.107852 0.007921	0.043066 0.002508	0.016305 0.005318	0.006973 0.009610	0.001675 0.005198	0.001769 0.003521	0.001852 0.005151	0.000801 0.002193	
2 64 5 1.050000	0.031087 0.006006	0.999030 0.000374	0.302327 0.007311	0.100366 0.007883	0.039008 0.009814	0.015732 0.009789	0.006088 0.006421	0.003145 0.006653	0.001001 0.004151	0.000483 0.002417	0.000123 0.000617	
2 64 5 1.060000	0.029404 0.004588	0.999133 0.000275	0.295833 0.009416	0.101456 0.005381	0.035936 0.003522	0.014838 0.005979	0.005495 0.005706	0.000646 0.002911	0.000672 0.002917	0.000607 0.001645	0.000547 0.002737	
2 64 5 1.070000	0.030469 0.009857	0.999059 0.000561	0.292447 0.009831	0.093862 0.008648	0.033520 0.002041	0.010790 0.005272	0.004351 0.008171	0.001319 0.003039	0.001469 0.003978	0.000715 0.003574	0.001301 0.002995	
2 64 5 1.080000	0.030020 0.005170	0.999095 0.000314	0.289090 0.009538	0.094666 0.009898	0.033473 0.004089	0.013278 0.005646	0.004408 0.006014	0.002417 0.004908	0.000188 0.000941	0.000652 0.002728	0.000000 0.000000	
2 64 5 1.090000	0.027971 0.001770	0.999217 0.000099	0.279019 0.009825	0.088089 0.009419	0.031834 0.003592	0.008932 0.001982	0.002641 0.003253	0.000958 0.002922	0.001470 0.003337	0.000366 0.001830	0.000729 0.003332	
2 64 5 1.100000	0.030007 0.009024	0.999090 0.000558	0.275646 0.008208	0.084394 0.009852	0.027614 0.007172	0.008609 0.006711	0.002961 0.005833	0.002106 0.003835	-0.000055 0.000275	0.000496 0.001913	0.000433 0.001325	
2 64 5 1.110000	0.028978 0.008060	0.999153 0.000466	0.273338 0.009998	0.083166 0.007463	0.027219 0.004778	0.009709 0.002097	0.002528 0.001770	0.000759 0.001978	0.001022 0.002909	0.000776 0.001900	0.000550 0.001426	
2 64 5 1.120000	0.025548 0.008822	0.999336 0.000464	0.264438 0.005616	0.080053 0.009767	0.024020 0.009352	0.009034 0.005840	0.003438 0.007276	0.000570 0.002850	0.000196 0.000982	0.001833 0.006214	0.000160 0.000802	
2 64 5 1.130000	0.028659 0.009689	0.999166 0.000556	0.260339 0.009213	0.079786 0.007299	0.024544 0.006186	0.006166 0.006319	0.004178 0.003499	0.000000 0.000000	0.000399 0.001994	0.001005 0.002426	0.000555 0.002777	
2 64 5 1.140000	0.025707 0.003731	0.999337 0.000195	0.256051 0.002848	0.073843 0.009209	0.022975 0.005840	0.006308 0.004877	0.000657 0.003286	-0.000031 0.000154	0.000949 0.004472	0.000294 0.001471	0.000475 0.003172	
2 64 5 1.150000	0.023838 0.008582	0.999421 0.000435	0.250163 0.008495	0.070907 0.004241	0.023724 0.004739	0.007286 0.007737	0.002442 0.004089	0.000242 0.000937	0.000535 0.001491	0.001613 0.003759	-0.000043 0.000214	
2 64 5 1.160000	0.026508 0.007566	0.999291 0.000388	0.251541 0.002712	0.068161 0.009544	0.022646 0.009889	0.007561 0.003483	0.002181 0.006121	0.001077 0.003962	0.000382 0.001910	0.000908 0.002545	0.000458 0.002289	
2 64 5 1.170000	0.026848 0.003535	0.999278 0.000190	0.245405 0.009891	0.068294 0.006097	0.019876 0.006573	0.005699 0.003633	0.000136 0.000678	0.000000 0.000000	0.000476 0.002141	0.001499 0.003996	0.001847 0.005247	
2 64 5 1.180000	0.026335 0.007498	0.999297 0.000402	0.240602 0.003692	0.064219 0.008095	0.018445 0.009191	0.006012 0.006311	0.002013 0.005474	0.001597 0.005213	0.000734 0.002547	0.000483 0.002416	0.001238 0.003409	
2 64 5 1.190000	0.025327 0.009855	0.999346 0.000488	0.238922 0.008032	0.061672 0.008676	0.018270 0.005927	0.004098 0.004757	0.000469 0.001306	0.000415 0.002073	0.000246 0.001231	0.001455 0.003301	0.000859 0.003118	
2 64 5 1.200000	0.024381 0.002840	0.999405 0.000136	0.241871 0.009645	0.062914 0.008337	0.017127 0.009853	0.006901 0.007119	0.001190 0.004862	0.000898 0.002147	0.000763 0.002572	0.001935 0.003616	0.000869 0.003752	
2 64 5 1.210000	0.025071 0.005687	0.999367 0.000280	0.235015 0.006279	0.065819 0.008849	0.017314 0.006038	0.006816 0.006398	0.000571 0.002855	0.002655 0.008535	0.002862 0.004878	0.000000 0.000000	0.001904 0.005455	
2 64 5 1.220000	0.023076 0.002671	0.999467 0.000122	0.228151 0.009681	0.059802 0.008365	0.012824 0.008577	0.002286 0.007263	0.002050 0.006684	0.000560 0.002799	0.001785 0.003890	0.000345 0.001836	0.000079 0.000229	
2 64 5 1.230000	0.025134 0.001822	0.999368 0.000091	0.229123 0.006008	0.056431 0.009710	0.015821 0.005546	0.002996 0.006644	0.001620 0.004218	0.001373 0.004403	0.000944 0.002874	0.002484 0.007908	0.001331 0.006653	
2 64 5 1.240000	0.022636 0.007183	0.999482 0.000320	0.226182 0.009884	0.057775 0.009000	0.015125 0.004663	0.003313 0.005318	0.002031 0.004640	0.001012 0.002142	0.001028 0.003399	0.000665 0.001494	0.000000 0.000000	
2 64 5 1.250000	0.024369 0.004511	0.999404 0.000226	0.223603 0.009882	0.053973 0.004992	0.015242 0.007307	0.003832 0.006017	0.001112 0.004025	0.001795 0.004824	0.000000 0.000000	0.000123 0.000617	0.000778 0.003697	
2 64 5 1.260000	0.023771 0.006138	0.999431 0.000289	0.222491 0.008133	0.050072 0.008835	0.011762 0.008263	0.001812 0.003334	0.001634 0.005365	0.000000 0.000000	0.000842 0.003366	0.000663 0.003602	0.003076 0.009069	
2 64 5 1.270000	0.022582 0.004497	0.999488 0.000202	0.218187 0.009998	0.050846 0.004129	0.011826 0.007270	0.001671 0.004761	0.000000 0.000000	0.001052 0.004789	0.000121 0.000603	0.000470 0.002351	0.000460 0.002000	
2 64 5 1.280000	0.022210 0.005424	0.999502 0.000242	0.219737 0.009949	0.050112 0.009072	0.012009 0.003523	0.002980 0.007686	0.001735 0.008487	0.001214 0.006124	0.000794 0.002658	-0.000096 0.000479	0.001308 0.003748	
2 64 5 1.290000	0.023596 0.008272	0.999433 0.000403	0.212530 0.008400	0.050415 0.007502	0.011948 0.009360	0.001712 0.002599	0.000323 0.001273	0.000631 0.003157	0.000580 0.002901	0.000519 0.002593	0.001365 0.003838	
2 64 5 1.300000	0.024686 0.003386	0.999389 0.000166	0.206932 0.009915	0.049453 0.004416	0.010792 0.009372	0.004105 0.006511	0.002747 0.005680	0.001139 0.003085	0.001163 0.005258	0.000000 0.000000	0.001085 0.004151	
2 64 5 1.310000	0.024146 0.006253	0.999412 0.000287	0.206316 0.004944	0.045941 0.007558	0.009510 0.009728	0.002218 0.005235	0.000939 0.004377	0.001830 0.003308	0.001416 0.004011	0.000000 0.000000	0.000659 0.002962	
2 64 5 1.320000	0.022911 0.009538	0.999466 0.000433	0.205964 0.008816	0.044764 0.006956	0.012129 0.004813	0.002341 0.004540	0.000215 0.000637	0.000680 0.002602	0.000257 0.001287	0.002084 0.004251	0.002056 0.007954	
2 64 5 1.330000	0.022796 0.004683	0.999477 0.000212	0.205798 0.002298	0.044267 0.005567	0.008389 0.009788	0.002134 0.007717	0.001169 0.002440	0.000000 0.000000	0.000290 0.001808	0.000337 0.001279	0.000160 0.000510	
2 64 5 1.340000	0.020572 0.008619	0.999566 0.000379	0.197802 0.009476	0.044078 0.007209	0.010232 0.007622	0.004122 0.007045	0.000490 0.002451	0.000425 0.002124	0.001363 0.004621	0.001289 0.004955	0.001726 0.004916	
2 64 5 1.350000	0.023895 0.005633	0.999423 0.000260	0.201272 0.009073	0.044604 0.006737	0.009944 0.005705	0.002787 0.005462	0.000272 0.001359	0.001480 0.005612	0.000550 0.002750	0.000468 0.002339	0.000952 0.002965	
2 64 5 1.360000	0.021712 0.008058	0.999519 0.000355	0.199904 0.003797	0.043964 0.009001	0.010779 0.008864	0.002625 0.006377	0.002084 0.009007	0.002290 0.008608	0.001159 0.005639	0.001677 0.008385	0.000849 0.002491	
2 64 5 1.370000	0.021010 0.007101	0.999550 0.000312	0.190393 0.008746	0.038121 0.008814	0.007854 0.006533	0.003019 0.007955	0.002659 0.009280	0.001621 0.005660	0.000101 0.000506	0.002549 0.007928	0.002093 0.008039	
2 64 5 1.380000	0.019883 0.006363	0.999599 0.000272	0.198609 0.008478	0.036176 0.008214	0.008691 0.008952	0.002497 0.006660	0.000000 0.000000	0.000000 0.000000	0.001109 0.005113	0.000252 0.000678	0.001131 0.005655	
2 64 5 1.390000	0.020635 0.008684	0.999563 0.000347	0.188446 0.009161	0.036479 0.002927	0.009850 0.005329	0.003367 0.007184	0.001026 0.004275	0.003030 0.006258	0.002371 0.007036	0.000162 0.000809	0.000484 0.002419	
2 64 5 1.400000	0.022829 0.004140	0.999477 0.000187	0.191379 0.009178	0.038234 0.005798	0.008321 0.003553	-0.000098 0.000248	0.000901 0.004506	0.000801 0.004003	0.001778 0.003027	0.000884 0.004422	0.000580 0.002902	
2 64 5 1.410000	0.022087 0.004462	0.999508 0.000193	0.188785 0.009756	0.036397 0.006918	0.008408 0.006793	0.001093 0.003689	0.001928 0.005005	0.000758 0.003788	0.000176 0.000880	0.000474 0.002368	0.000488 0.002440	
2 64 5 1.420000	0.021117 0.004345	0.999552 0.000185	0.181927 0.004737	0.037705 0.009383	0.006125 0.009856	0.001480 0.003919	0.000788 0.002612	0.000408 0.001574	0.000653 0.003267	0.000436 0.002179	0.000409 0.001081	
2 64 5 1.430000	0.022206 0.008298	0.999499 0.000356	0.186383 0.009643	0.035820 0.009463	0.004816 0.006879	0.000675 0.001944	0.000471 0.002006	0.000000 0.000000	0.000610 0.002628	0.001377 0.003290	0.000000 0.000000	
2 64 5 1.440000	0.020664 0.003084	0.999571 0.000127	0.179559 0.009948	0.034221 0.004458	0.007649 0.005570	0.002489 0.004336	0.000680 0.003072	0.000841 0.002223	0.001466 0.004838	0.000590 0.002951	0.000102 0.000509	
2 64 5 1.450000	0.021976 0.006191	0.999511 0.000270	0.177963 0.009651	0.034817 0.007408	0.005387 0.009820	0.001271 0.004623	0.000181 0.000904	0.001368 0.004462	0.001652 0.005823	0.000711 0.002003	0.000109 0.000543	
2 64 5 1.460000	0.019478 0.006314	0.999616 0.000257	0.178251 0.008183	0.034122 0.009692	0.005644 0.008589	0.003256 0.004262	0.001271 0.004331	0.000000 0.000000	0.000162 0.000810	0.000585 0.002925	0.001129 0.003699	
2 64 5 1.470000	0.021768 0.002837	0.999525 0.000125	0.176821 0.009485	0.035763 0.006845	0.005774 0.007888	0.000967 0.002615	0.001317 0.004171	0.000809 0.002387	0.000638 0.002767	0.002028 0.003115	0.001021 0.005070	
2 64 5 1.480000	0.021731 0.004514	0.999525 0.000200	0.177158 0.009473	0.030896 0.005846	0.004036 0.007515	0.002040 0.004804	0.000000 0.000000	0.000283 0.001414	0.000438 0.001320	0.000353 0.001276	0.000668 0.002021	
2 64 5 1.490000	0.021073 0.007094	0.999548 0.000314	0.173096 0.009915	0.032375 0.008821	0.007261 0.008251	0.002209 0.009502	0.001603 0.006878	0.000923 0.002294	0.001113 0.005564	0.002282 0.007539	0.001958 0.005233	
2 64 5 1.500000	0.021895 0.003957	0.999518 0.000175	0.170911 0.009556	0.031613 0.004173	0.004528 0.005052	0.003425 0.005963	0.001176 0.003190	0.000938 0.003889	0.001360 0.006036	0.000621 0.002040	-0.000081 0.000407	
2 64 5 1.510000	0.020545 0.005282	0.999574 0.000215	0.167616 0.009614	0.029499 0.005730	0.003675 0.007785	0.001558 0.006087	0.000799 0.002522	0.001635 0.008128	0.000333 0.001665	0.000336 0.003510	0.000255 0.000694	
2 64 5 1.520000	0.019639 0.007621	0.999605 0.000295	0.171040 0.009739	0.032375 0.007084	0.003906 0.008604	0.000293 0.001465	0.000000 0.000000	0.000912 0.002393	0.000000 0.000000	0.001603 0.002300	0.002318 0.006320	
2 64 5 1.530000	0.019945 0.009087	0.999592 0.000367	0.163362 0.004629	0.030342 0.005361	0.004378 0.004299	0.000435 0.002176	0.000142 0.000710	0.000056 0.001403	0.001212 0.006017	0.002134 0.006572	0.000527 0.002636	
2 64 5 1.540000	0.020511 0.002861	0.999578 0.000115	0.167313 0.005730	0.030177 0.008015	0.006668 0.003616	0.001861 0.009307	0.001429 0.004733	0.001697 0.008487	0.000830 0.004152	0.000515 0.002575	0.000615 0.001876	
2 64 5 1.550000	0.018227 0.007725	0.999659 0.000290	0.161744 0.004136	0.027984 0.009576	0.001671 0.005000	0.000399 0.001994	0.000853 0.005127	0.000663 0.002018	0.002103 0.005266	0.003316 0.007271	0.000000 0.000000	
2 64 5 1.560000	0.019730 0.005826	0.999607 0.000236	0.162713 0.009877	0.030694 0.006637	0.004922 0.006553	0.002004 0.007156	0.001357 0.004719	0.001281 0.004236	0.001470 0.003353	0.002426 0.006349	0.000724 0.002044	
2 64 5 1.570000	0.020913 0.004576	0.999559 0.000188	0.160576 0.008450	0.027684 0.005862	0.005450 0.009862	0.001406 0.004260	0.000000 0.000000	0.000512 0.002562	0.001702 0.004081	0.001296 0.003831	0.001354 0.006634	
2 64 5 1.580000	0.018780 0.005199	0.999644 0.000192	0.159720 0.009109	0.028966 0.006518	0.005615 0.005838	0.001717 0.004795	0.000666 0.003329	0.000615 0.001928	0.000872 0.002657	0.000000 0.000000	0.000628 0.002560	
2 64 5 1.590000	0.019417 0.007125	0.999616 0.000300	0.160127 0.009448	0.026968 0.005421	0.000322 0.001478	0.003293 0.006885	0.000661 0.002332	0.000528 0.002638	0.000471 0.002353	0.000145 0.000723	0.000179 0.000895	
2 64 5 1.600000	0.018875 0.004429	0.999642 0.000169	0.157795 0.009276	0.026920 0.003645	0.004487 0.005370	0.001052 0.005260	0.000000 0.000000	0.000911 0.002564	0.000000 0.000000	0.001478 0.006885	0.000593 0.002963	
2 64 5 1.610000	0.021382 0.008968	0.999533 0.000400	0.154358 0.007135	0.025455 0.009089	0.003331 0.005746	0.000242 0.001208	0.001928 0.005211	0.001101 0.004142	0.002382 0.007647	0.004259 0.003407	0.000304 0.001521	
2 64 5 1.620000	0.018986 0.003864	0.999638 0.000146	0.151774 0.006623	0.024567 0.009050	0.003968 0.009730	0.001930 0.003977	0.001503 0.003700	0.001538 0.004325	0.001236 0.005177	0.001939 0.005276	0.000633 0.003165	
2 64 5 1.630000	0.020176 0.002542	0.999592 0.000103	0.156185 0.009661	0.021523 0.006932	0.004154 0.006888	0.002110 0.007027	0.001682 0.004164	0.000092 0.000461	0.000155 0.000774	0.000000 0.000000	0.000674 0.002545	
2 64 5 1.640000	0.019081 0.009966	0.999620 0.000378	0.149313 0.009253	0.023668 0.008083	0.002022 0.006408	0.000631 0.002712	0.000000 0.000000	0.001525 0.007626	0.001167 0.004179	0.000618 0.003092	0.000557 0.002786	
2 64 5 1.650000	0.020505 0.008008	0.999571 0.000347	0.150485 0.007622	0.022063 0.007874	0.003840 0.007688	0.002079 0.005614	0.001494 0.007472	0.001002 0.005009	0.003375 0.009403	0.000694 0.003472	0.000497 0.002484	
2 64 5 1.660000	0.017884 0.004000	0.999678 0.000145	0.148938 0.009095	0.023183 0.007564	0.003039 0.006954	0.001273 0.002387	0.001814 0.002973	0.001155 0.004244	0.000923 0.002510	0.000000 0.000000	0.002660 0.005689	
2 64 5 1.670000	0.020052 0.002562	0.999597 0.000104	0.147726 0.009178	0.018097 0.009525	0.004196 0.005538	0.000000 0.000000	0.003670 0.007022	0.001560 0.004421	0.003682 0.009177	0.000426 0.002377	0.002715 0.007466	
2 64 5 1.680000	0.018704 0.002815	0.999649 0.000105	0.145979 0.005458	0.025839 0.002304	0.001864 0.006194	0.001330 0.004890	0.000000 0.000000	0.000776 0.003882	0.002016 0.009463	0.002352 0.008377	0.001402 0.003632	
2 64 5 1.690000	0.019645 0.007597	0.999605 0.000293	0.147531 0.003943	0.020515 0.008293	0.003324 0.008980	0.000933 0.003584	0.002324 0.006338	0.000414 0.001461	0.001316 0.003395	0.001501 0.003282	0.001875 0.004715	
2 64 5 1.700000	0.018083 0.008763	0.999664 0.000306	0.145170 0.006123	0.025509 0.009212	0.001898 0.008759	0.003489 0.007015	0.000799 0.003995	-0.000470 0.001653	0.001297 0.004285	0.000000 0.000000	0.003385 0.009829	
2 64 5 1.710000	0.020287 0.003517	0.999587 0.000141	0.145945 0.007033	0.021928 0.006649	0.003133 0.008434	0.000609 0.002545	0.000202 0.000590	0.002406 0.008109	0.001190 0.004189	0.000636 0.003178	0.002286 0.009953	
2 64 5 1.720000	0.018761 0.004689	0.999645 0.000178	0.141403 0.009516	0.024208 0.009079	0.004566 0.008977	0.001571 0.007853	0.001767 0.008833	0.003274 0.007013	0.000884 0.002080	0.001679 0.004352	0.002786 0.009444	
2 64 5 1.730000	0.019861 0.002043	0.999605 0.000083	0.141519 0.009374	0.021198 0.009383	0.001934 0.004741	0.003433 0.008138	0.000000 0.000000	0.002397 0.004674	0.000482 0.002412	0.002310 0.005791	0.001906 0.005382	
2 64 5 1.740000	0.019858 0.005865	0.999602 0.000242	0.140970 0.007390	0.022262 0.008434	0.001544 0.004759	0.001829 0.005534	0.001260 0.004446	0.000000 0.000000	0.000447 0.002233	0.001036 0.002852	0.001678 0.004368	
2 64 5 1.750000	0.020003 0.005512	0.999596 0.000223	0.141721 0.009380	0.019078 0.008904	0.003471 0.005481	0.000551 0.001239	0.000482 0.001258	0.000000 0.000000	0.000307 0.001536	0.000649 0.002323	0.000291 0.001027	
2 64 5 1.760000	0.018653 0.004685	0.999649 0.000178	0.139816 0.008230	0.019804 0.009913	0.001893 0.005258	0.000505 0.002527	0.000280 0.001399	0.000792 0.003112	0.001082 0.002785	0.000000 0.000000	0.000728 0.002182	
2 64 5 1.770000	0.019793 0.003201	0.999607 0.000130	0.144156 0.006023	0.016917 0.008491	0.002814 0.009878	0.001109 0.004062	-0.000067 0.000335	0.001062 0.005312	0.000633 0.003167	0.001790 0.006076	0.002530 0.007321	
2 64 5 1.780000	0.017594 0.007804	0.999680 0.000287	0.138012 0.009585	0.019326 0.008786	0.003604 0.009269	0.001338 0.006692	0.001057 0.003294	0.000164 0.000822	0.000016 0.000451	0.003608 0.007003	0.003202 0.007690	
2 64 5 1.790000	0.019203 0.008270	0.999624 0.000322	0.131821 0.006887	0.017472 0.005059	0.004699 0.009890	0.000597 0.002214	0.000620 0.003101	0.000678 0.002402	0.000661 0.003307	0.000000 0.000000	0.000588 0.002939	
2 64 5 1.800000	0.019274 0.009312	0.999618 0.000382	0.131858 0.008170	0.017945 0.009089	0.003017 0.008163	0.001129 0.002332	0.001757 0.004673	0.002517 0.005574	0.001415 0.004232	0.001833 0.002874	0.000495 0.002475	
2 64 5 1.810000	0.018890 0.008009	0.999633 0.000314	0.134775 0.008892	0.018058 0.008480	0.002084 0.005195	0.001932 0.005554	0.000421 0.002106	0.002421 0.004167	0.000000 0.000000	0.001880 0.007184	0.000885 0.001993	
2 64 5 1.820000	0.018239 0.007746	0.999660 0.000267	0.133233 0.007593	0.018983 0.009887	0.001483 0.006595	0.001005 0.005981	0.000962 0.002717	0.002317 0.006992	0.002282 0.006571	0.001780 0.004931	0.001507 0.006233	
2 64 5 1.830000	0.017768 0.007769	0.999675 0.000280	0.132717 0.008229	0.013926 0.008550	0.000529 0.001552	0.001273 0.004664	0.000731 0.003654	0.002195 0.008623	0.000104 0.000522	0.001812 0.004205	0.002725 0.005106	
2 64 5 1.840000	0.019333 0.005021	0.999623 0.000202	0.135683 0.005416	0.018165 0.009891	0.002940 0.005890	0.002937 0.006708	0.000141 0.000706	0.001703 0.005450	0.000238 0.001191	0.000483 0.002416	0.000000 0.000000	
2 64 5 1.850000	0.019954 0.005089	0.999599 0.000200	0.131843 0.009770	0.015963 0.006756	0.003350 0.005499	0.000213 0.000653	0.000152 0.000759	0.000877 0.003106	0.000154 0.000769	0.000588 0.002731	0.000045 0.000224	
2 64 5 1.860000	0.017077 0.008866	0.999699 0.000290	0.135654 0.008925	0.019349 0.009446	0.003075 0.007775	0.002783 0.007559	0.000088 0.000442	0.001935 0.003451	0.001691 0.003775	0.000764 0.003821	0.001037 0.003525	
2 64 5 1.870000	0.019008 0.009403	0.999627 0.000356	0.130589 0.009378	0.016638 0.004754	0.001758 0.004351	0.000000 0.000000	0.000112 0.000295	0.000057 0.000286	0.000000 0.000000	0.000173 0.000867	0.000872 0.002972	
2 64 5 1.880000	0.019316 0.008994	0.999618 0.000344	0.127304 0.007190	0.019019 0.008097	0.002067 0.006972	0.002900 0.006299	0.000805 0.003861	0.003664 0.009141	0.001197 0.003001	0.001173 0.004971	0.001028 0.002388	
2 64 5 1.890000	0.018641 0.002705	0.999652 0.000101	0.128081 0.009945	0.018905 0.008409	0.005292 0.009854	0.000461 0.001166	0.000526 0.002172	0.001359 0.002863	0.001015 0.002910	0.000235 0.001177	0.003150 0.009072	
2 64 5 1.900000	0.017277 0.004901	0.999697 0.000173	0.128139 0.007158	0.020021 0.005205	0.002456 0.007737	0.002385 0.004472	0.000377 0.001885	0.000977 0.004886	0.000378 0.001891	0.000542 0.002711	0.002650 0.005990	
2 64 5 1.910000	0.017612 0.005832	0.999685 0.000207	0.123697 0.009332	0.015529 0.002643	0.000148 0.002352	0.000438 0.002192	0.000000 0.000000	0.000295 0.001476	0.001292 0.003365	0.002178 0.006324	0.000929 0.004644	
2 64 5 1.920000	0.019122 0.003370	0.999633 0.000129	0.125565 0.009700	0.015108 0.007386	0.002755 0.005526	0.000156 0.000779	0.000837 0.003598	0.002158 0.008632	0.001168 0.004125	0.003364 0.006345	0.000864 0.002234	
2 64 5 1.930000	0.018773 0.005638	0.999644 0.000202	0.124808 0.007308	0.015152 0.009328	0.000539 0.002262	0.000280 0.001398	0.000736 0.002273	0.000308 0.001539	0.000247 0.001235	0.001744 0.005662	0.000146 0.000728	
2 64 5 1.940000	0.020300 0.007445	0.999582 0.000300	0.123168 0.007368	0.016910 0.008736	0.001696 0.004545	0.001341 0.004370	0.000000 0.000000	0.001517 0.007585	0.001035 0.003386	0.000931 0.003111	0.003333 0.007071	
2 64 5 1.950000	0.017908 0.002342	0.999679 0.000085	0.123504 0.008379	0.013241 0.008689	0.005761 0.007580	-0.000021 0.000104	0.000889 0.004391	0.000804 0.004018	0.002229 0.002575	0.000773 0.002061	0.000140 0.000698	
2 64 5 1.960000	0.018365 0.006800	0.999657 0.000236	0.126176 0.006163	0.014426 0.006527	0.001915 0.005703	0.002372 0.004642	0.002345 0.009975	0.001983 0.004028	0.000762 0.002454	0.001197 0.003944	0.001192 0.005162	
2 64 5 1.970000	0.018398 0.007354	0.999656 0.000275	0.124546 0.009771	0.015315 0.006714	0.003363 0.005850	0.002071 0.005611	0.002247 0.006701	0.000043 0.000217	0.000070 0.000352	0.000952 0.004014	0.002282 0.007534	
2 64 5 1.980000	0.016396 0.008126	0.999723 0.000270	0.118697 0.009461	0.014662 0.004426	0.000867 0.005421	0.000913 0.001572	0.001368 0.006839	0.000991 0.004953	0.000015 0.000073	0.002899 0.008448	0.003086 0.007498	
2 64 5 1.990000	0.017597 0.005464	0.999687 0.000190	0.121202 0.006663	0.013410 0.006340	0.002637 0.008592	0.002047 0.009667	0.000000 0.000000	0.000099 0.000495	0.002486 0.006915	0.001188 0.004541	0.000567 0.002835	
2 64 5 2.000000	0.020840 0.005431	0.999562 0.000229	0.120904 0.009656	0.010211 0.006479	0.000676 0.003252	0.001449 0.004458	0.000797 0.002642	0.001856 0.005984	0.001701 0.005142	0.003906 0.009786	0.001774 0.005619	
2 64 5 2.010000	0.016458 0.003998	0.999727 0.000131	0.120064 0.009382	0.014292 0.005440	0.002282 0.003938	0.001650 0.008249	0.000181 0.000903	0.001307 0.003868	0.000961 0.004161	0.002951 0.006789	0.002067 0.007578	
2 64 5 2.020000	0.017867 0.005394	0.999678 0.000192	0.117277 0.008874	0.013699 0.004859	0.001131 0.005531	0.000618 0.003090	0.000332 0.001082	0.000375 0.001873	0.001492 0.003435	0.000523 0.001612	0.001087 0.002365	
2 64 5 2.030000	0.018580 0.003609	0.999653 0.000136	0.116310 0.008870	0.012779 0.005829	0.003796 0.006404	0.003773 0.004989	0.001247 0.004524	0.000449 0.002246	0.001802 0.007732	0.000937 0.002137	0.000737 0.002872	
2 64 5 2.040000	0.017195 0.008844	0.999693 0.000290	0.115959 0.009113	0.010584 0.008387	0.001817 0.006358	0.000738 0.003692	0.001648 0.004879	0.000805 0.004026	0.000577 0.002886	0.001202 0.003812	0.000278 0.001915	
2 64 5 2.050000	0.018032 0.008014	0.999665 0.000295	0.115099 0.008754	0.016074 0.007692	0.002539 0.008542	0.000881 0.004407	0.000039 0.000194	-0.000060 0.000301	0.001682 0.005846	0.003635 0.007918	0.002482 0.007364	
2 64 5 2.060000	0.018011 0.003125	0.999674 0.000112	0.112684 0.008203	0.013446 0.007732	0.001147 0.003251	0.000024 0.000120	0.000891 0.003039	0.000090 0.000429	0.000339 0.001120	0.000855 0.002360	0.001775 0.008550	
2 64 5 2.070000	0.017637 0.008523	0.999679 0.000321	0.113009 0.007577	0.013429 0.005179	-0.000077 0.000384	0.000623 0.003819	0.001270 0.004044	0.001661 0.006896	0.002812 0.005726	0.000000 0.000000	0.001315 0.004163	
2 64 5 2.080000	0.016513 0.005934	0.999723 0.000198	0.114486 0.009388	0.013886 0.006511	0.002058 0.006114	0.001974 0.006850	0.003190 0.009360	0.001271 0.004577	0.001113 0.003614	0.000901 0.004507	0.002370 0.007197	
2 64 5 2.090000	0.017037 0.004895	0.999706 0.000164	0.113874 0.005685	0.012907 0.007655	0.002576 0.006024	0.000598 0.001874	0.001506 0.005377	0.000255 0.001275	0.000048 0.000239	0.000308 0.001542	0.004379 0.009841	
2 64 5 2.100000	0.015773 0.004405	0.999748 0.000137	0.114710 0.008316	0.012420 0.007332	0.001943 0.004781	0.001475 0.007374	0.001721 0.006346	0.001541 0.003336	0.000274 0.001370	0.003284 0.004941	0.002279 0.005750	
2 64 5 2.110000	0.019379 0.002316	0.999623 0.000089	0.110490 0.009488	0.014995 0.005859	0.001588 0.005285	0.001579 0.004392	0.002830 0.007932	0.001518 0.008106	0.003101 0.007937	0.000730 0.001746	0.001769 0.004452	
2 64 5 2.120000	0.017385 0.002738	0.999697 0.000097	0.113307 0.009784	0.011901 0.003989	0.002253 0.004487	0.000756 0.002829	0.000000 0.000000	0.000472 0.001343	0.000766 0.002887	0.000262 0.001312	0.000836 0.002942	
2 64 5 2.130000	0.018488 0.008364	0.999648 0.000294	0.109130 0.003952	0.014044 0.009777	0.000000 0.000000	0.000088 0.001009	0.000251 0.001254	0.001276 0.003338	0.000000 0.000000	0.000000 0.000000	0.002034 0.005364	
2 64 5 2.140000	0.016359 0.007156	0.999725 0.000253	0.107194 0.009539	0.014058 0.008222	0.001083 0.005415	0.000991 0.004453	0.000486 0.002430	0.001591 0.005190	0.002463 0.008810	0.000059 0.000293	0.002752 0.004846	
2 64 5 2.150000	0.016570 0.007500	0.999717 0.000258	0.110164 0.008624	0.013671 0.004144	0.000887 0.004437	0.001805 0.006050	0.003195 0.006264	0.002043 0.005380	0.003222 0.007798	0.000393 0.001008	0.001696 0.005490	
2 64 5 2.160000	0.017010 0.004143	0.999708 0.000145	0.110344 0.008478	0.011365 0.008114	0.003776 0.008085	0.000748 0.005079	0.001249 0.004058	0.000317 0.001052	0.003442 0.008259	0.000000 0.000000	0.000000 0.000000	
2 64 5 2.170000	0.017461 0.008720	0.999686 0.000310	0.108969 0.008388	0.009339 0.008725	0.000579 0.002897	0.003939 0.005717	0.000700 0.003502	0.000626 0.003130	0.001296 0.006479	0.000758 0.003183	0.001424 0.004340	
2 64 5 2.180000	0.016169 0.006030	0.999733 0.000195	0.104233 0.009664	0.013218 0.009057	0.000775 0.003584	0.000000 0.000000	0.000868 0.004341	0.001615 0.008075	0.001146 0.003849	0.000649 0.003245	0.004224 0.008815	
2 64 5 2.190000	0.019501 0.009305	0.999608 0.000358	0.106263 0.009241	0.012668 0.009286	0.000069 0.000347	0.000000 0.000000	0.002034 0.004765	0.000813 0.003713	0.000858 0.002900	0.000285 0.000745	0.000294 0.001123	
2 64 5 2.200000	0.015770 0.005237	0.999746 0.000169	0.102860 0.009020	0.010480 0.006242	0.004136 0.009226	0.000563 0.004464	0.000906 0.004528	0.002061 0.006216	0.000857 0.003248	0.002143 0.007267	0.001741 0.004512	
2 64 5 2.210000	0.017518 0.003972	0.999691 0.000137	0.102037 0.007806	0.010967 0.005985	0.001238 0.004499	0.001553 0.004386	0.001794 0.007503	0.002722 0.009613	0.001177 0.003345	0.000548 0.002742	0.001220 0.005158	
2 64 5 2.220000	0.021020 0.005538	0.999553 0.000232	0.102166 0.007029	0.010938 0.008683	0.001868 0.004468	0.001698 0.004357	0.001564 0.006681	0.000309 0.001522	0.000151 0.000757	0.000497 0.002190	0.000851 0.004253	
2 64 5 2.230000	0.017630 0.004432	0.999687 0.000153	0.104570 0.008149	0.010352 0.009197	0.001864 0.005181	0.002039 0.005181	0.000677 0.003384	0.001207 0.006139	-0.000038 0.000189	0.001935 0.003810	0.001401 0.005813	
2 64 5 2.240000	0.015606 0.006114	0.999752 0.000182	0.103460 0.009754	0.010229 0.007746	0.004366 0.009661	0.002753 0.005753	-0.000095 0.002693	0.000000 0.000000	0.000743 0.003207	0.001099 0.003978	0.003608 0.006127	
2 64 5 2.250000	0.017485 0.006028	0.999690 0.000225	0.104596 0.008904	0.009730 0.001967	0.002142 0.005153	0.002196 0.007439	0.002025 0.004214	0.000654 0.002094	0.000642 0.003212	0.001834 0.007222	0.001335 0.004405	
2 64 5 2.260000	0.017819 0.008668	0.999670 0.000304	0.101656 0.009678	0.013005 0.006854	0.001938 0.003883	0.000751 0.003757	0.001435 0.003757	0.000301 0.001179	0.000603 0.001700	0.000974 0.004869	0.000686 0.002537	
2 64 5 2.270000	0.017073 0.005651	0.999704 0.000199	0.101947 0.006148	0.011937 0.009259	0.000662 0.002298	0.003477 0.009382	0.000287 0.001434	0.000850 0.004252	0.000576 0.002879	0.001162 0.004174	0.000653 0.003887	
2 64 5 2.280000	0.017837 0.006069	0.999677 0.000209	0.102052 0.009319	0.011042 0.008989	0.002371 0.005070	0.000613 0.003065	0.001687 0.003734	0.000597 0.002623	0.000166 0.000829	0.000174 0.001476	0.000959 0.002920	
2 64 5 2.290000	0.019344 0.009935	0.999614 0.000408	0.102781 0.009114	0.013252 0.007661	0.001140 0.002444	0.001247 0.004385	0.001093 0.005273	0.002774 0.004020	0.002194 0.009886	0.000000 0.000000	0.000210 0.001934	
2 64 5 2.300000	0.018722 0.005860	0.999645 0.000205	0.100133 0.005429	0.009365 0.002710	0.002125 0.008467	0.001214 0.005409	0.000704 0.001592	0.000852 0.004258	0.000068 0.000341	0.001636 0.004507	0.001996 0.005674	
2 64 5 2.310000	0.016267 0.009027	0.999725 0.000317	0.097588 0.009514	0.010070 0.007464	0.001710 0.006827	0.001531 0.005935	0.002649 0.006726	0.001184 0.005922	0.001329 0.004353	0.004573 0.007806	0.003279 0.009185	
2 64 5 2.320000	0.016999 0.008134	0.999702 0.000298	0.101612 0.008715	0.012757 0.008171	0.001221 0.003335	0.001102 0.003235	0.001561 0.005956	0.000000 0.000000	0.001941 0.004683	0.002746 0.008810	0.000914 0.006057	
2 64 5 2.330000	0.017421 0.008417	0.999687 0.000324	0.098139 0.004171	0.012625 0.008121	0.000930 0.004650	0.000139 0.002313	0.000711 0.003557	0.001006 0.004601	0.002904 0.006951	0.001363 0.005428	0.000742 0.003076	
2 64 5 2.340000	0.016879 0.004003	0.999712 0.000134	0.098581 0.008048	0.009073 0.009966	0.000514 0.002568	0.002577 0.009639	0.000081 0.000877	0.002701 0.005738	-0.000190 0.000952	0.000736 0.003680	0.000354 0.001770	
2 64 5 2.350000	0.016379 0.004558	0.999728 0.000151	0.100826 0.009544	0.006899 0.007898	0.003038 0.009439	0.000683 0.003416	0.001251 0.004369	0.000885 0.004425	0.002827 0.009847	0.002840 0.007741	0.001405 0.003829	
2 64 5 2.360000	0.018266 0.006001	0.999662 0.000217	0.097148 0.008943	0.009541 0.008050	0.001395 0.005458	0.000107 0.000537	0.000595 0.002973	0.001441 0.005263	0.000349 0.001743	0.000685 0.002238	0.001158 0.002917	
2 64 5 2.370000	0.016816 0.004053	0.999715 0.000136	0.096746 0.009131	0.006389 0.003952	0.002669 0.006719	0.001605 0.004380	0.000982 0.003276	0.000174 0.001098	0.001112 0.004021	0.001061 0.005305	0.003075 0.009866	
2 64 5 2.380000	0.017052 0.007565	0.999703 0.000270	0.095295 0.007760	0.009221 0.009301	0.001055 0.003425	0.001551 0.004008	0.000794 0.002320	0.000000 0.000000	0.001610 0.004527	0.000137 0.000686	0.000162 0.000809	
2 64 5 2.390000	0.016878 0.008610	0.999705 0.000301	0.093607 0.007583	0.011002 0.006889	0.002104 0.004380	0.000105 0.003357	0.000000 0.000000	0.001441 0.007206	0.002097 0.003782	0.000000 0.000000	0.004212 0.006748	
2 64 5 2.400000	0.017859 0.006764	0.999675 0.000224	0.091546 0.008902	0.005453 0.009186	-0.000257 0.001284	0.001886 0.005816	0.000190 0.000948	0.000000 0.000000	0.000082 0.000411	0.001431 0.004793	0.000031 0.000155	
2 64 5 2.410000	0.018300 0.006713	0.999658 0.000249	0.094668 0.009203	0.008325 0.007320	0.000803 0.004016	0.001019 0.003782	0.002117 0.005626	0.001396 0.004326	0.001487 0.005482	0.002755 0.007822	0.000000 0.000000	
2 64 5 2.420000	0.017161 0.009174	0.999691 0.000321	0.093457 0.009309	0.010180 0.008246	0.001485 0.006388	0.001739 0.008696	0.001577 0.007378	0.000950 0.003105	0.000374 0.001868	0.001117 0.005584	0.000894 0.004469	
2 64 5 2.430000	0.015073 0.005917	0.999767 0.000175	0.092717 0.007239	0.009816 0.008189	0.001233 0.004374	0.001784 0.008922	0.000793 0.003964	0.001865 0.007416	0.002170 0.007011	0.000405 0.002027	0.002487 0.007656	
2 64 5 2.440000	0.017934 0.004535	0.999675 0.000159	0.090353 0.007925	0.007234 0.004969	0.001092 0.003169	0.000429 0.001602	0.001083 0.003388	0.001781 0.006322	0.000848 0.004239	0.002343 0.006714	0.003187 0.008415	
2 64 5 2.450000	0.017714 0.008623	0.999676 0.000328	0.091689 0.009375	0.007764 0.005803	0.001825 0.003600	0.001480 0.005040	0.002762 0.006034	0.000379 0.001283	0.000000 0.000000	0.000331 0.002167	0.000511 0.002555	
2 64 5 2.460000	0.016154 0.005518	0.999735 0.000172	0.091975 0.004976	0.008844 0.009501	0.001779 0.004591	0.000986 0.004929	0.002763 0.008256	0.001317 0.006586	0.000362 0.001538	0.003303 0.007427	0.002879 0.007005	
2 64 5 2.470000	0.016386 0.007262	0.999726 0.000234	0.093073 0.009100	0.007437 0.007477	0.000075 0.000377	0.001573 0.003884	0.001084 0.004098	0.000483 0.002417	0.000470 0.002351	0.001200 0.003970	0.000631 0.001594	
2 64 5 2.480000	0.015827 0.005982	0.999745 0.000197	0.087595 0.004836	0.007170 0.006956	0.001682 0.003945	0.002655 0.009827	0.000799 0.003996	0.001137 0.005686	0.001794 0.008684	0.000039 0.000194	0.002875 0.007516	
2 64 5 2.490000	0.017389 0.007732	0.999689 0.000287	0.090910 0.004675	0.007593 0.005945	0.002249 0.005741	0.002829 0.007494	0.000731 0.003655	0.001896 0.007214	0.003807 0.006695	0.002838 0.009880	0.001145 0.004533	
2 64 5 2.500000	0.016429 0.002453	0.999729 0.000081	0.089975 0.008525	0.009265 0.005581	0.000196 0.000980	0.001233 0.006163	0.000582 0.001671	0.001457 0.006113	0.003327 0.008580	0.002603 0.005596	0.000120 0.000968	
2 64 5 2.510000	0.016648 0.003471	0.999722 0.000117	0.089539 0.009061	0.006097 0.007365	0.000648 0.001834	0.002423 0.005380	0.001708 0.004546	0.000274 0.001165	0.000980 0.003537	0.001850 0.006068	0.001861 0.007111	
2 64 5 2.520000	0.016553 0.005024	0.999723 0.000169	0.089477 0.008555	0.007066 0.009868	0.000494 0.001284	0.000709 0.003547	0.000720 0.004079	0.000470 0.002352	0.001243 0.004590	0.002329 0.005111	0.000886 0.004349	
2 64 5 2.530000	0.016576 0.007760	0.999718 0.000239	0.086946 0.006320	0.007951 0.009971	0.001911 0.008104	0.001927 0.004581	0.001957 0.009785	0.002460 0.008043	0.002850 0.007739	0.000117 0.000585	0.001561 0.007594	
2 64 5 2.540000	0.016760 0.004225	0.999716 0.000144	0.089130 0.007565	0.008432 0.009541	0.001354 0.006770	0.000000 0.000000	0.001595 0.004125	0.000762 0.003607	0.002143 0.005683	0.001692 0.003116	0.000620 0.003100	
2 64 5 2.550000	0.018161 0.005915	0.999666 0.000207	0.090427 0.009085	0.006750 0.002467	0.001409 0.007043	0.002116 0.005187	0.004013 0.009920	0.001296 0.005505	0.001305 0.003331	0.000000 0.000000	0.000000 0.000000	
2 64 5 2.560000	0.016699 0.002622	0.999720 0.000087	0.086216 0.009774	0.007193 0.004197	0.002733 0.003533	0.000037 0.000184	0.001233 0.004383	0.000994 0.003107	0.003319 0.008444	0.000860 0.003129	0.002213 0.006211	
2 64 5 2.570000	0.017318 0.005122	0.999696 0.000177	0.090356 0.009944	0.008740 0.007413	0.000353 0.001767	0.000579 0.001910	0.000000 0.000000	0.000941 0.004703	0.001530 0.004407	0.000767 0.002083	0.000594 0.003192	
2 64 5 2.580000	0.018827 0.008160	0.999637 0.000294	0.088090 0.008160	0.008479 0.006614	0.002459 0.007337	0.003083 0.009598	0.003222 0.009345	0.003643 0.005432	0.002663 0.007623	0.001178 0.004477	-0.000129 0.001858	
2 64 5 2.590000	0.016448 0.005046	0.999726 0.000170	0.088439 0.009261	0.008198 0.003437	0.002409 0.006022	0.000841 0.002324	0.001926 0.006398	0.000594 0.002151	0.001549 0.004542	0.001044 0.005219	0.000662 0.002375	
2 64 5 2.600000	0.016168 0.005580	0.999735 0.000192	0.091308 0.009481	0.008232 0.009991	0.002049 0.005749	0.000741 0.002782	0.000795 0.003975	0.000932 0.004658	0.000244 0.001220	0.001864 0.003299	0.001317 0.003301	
2 64 5 2.610000	0.017016 0.006116	0.999706 0.000199	0.088363 0.003435	0.009240 0.008088	0.000280 0.001398	0.000613 0.003065	0.001395 0.004105	0.000731 0.003653	0.001192 0.003732	0.002735 0.009524	0.000830 0.002563	
2 64 5 2.620000	0.014700 0.002898	0.999783 0.000087	0.087033 0.009933	0.008176 0.007989	0.001979 0.003596	0.001248 0.004209	0.001008 0.003598	0.000151 0.000756	0.000474 0.002368	0.001074 0.003601	0.001378 0.002381	
2 64 5 2.630000	0.017262 0.002192	0.999701 0.000075	0.082779 0.004507	0.007926 0.003882	0.000418 0.002089	0.000508 0.001643	0.001536 0.007642	0.001410 0.003541	0.000032 0.000159	0.000639 0.003197	0.003924 0.009646	
2 64 5 2.640000	0.017373 0.008845	0.999687 0.000348	0.083109 0.006630	0.006217 0.007288	0.001485 0.005404	0.001467 0.003550	0.000671 0.002443	0.000830 0.002108	0.001681 0.005549	0.002600 0.004590	0.000355 0.001774	
2 64 5 2.650000	0.016811 0.005575	0.999714 0.000187	0.081385 0.009760	0.007818 0.004144	0.001603 0.003234	0.000378 0.001888	0.000502 0.002508	0.002777 0.009577	0.001779 0.005317	0.000241 0.001207	0.001579 0.003096	
2 64 5 2.660000	0.016418 0.004263	0.999728 0.000141	0.086667 0.006416	0.008000 0.009714	0.000184 0.000918	0.000903 0.004514	0.000000 0.000000	0.001720 0.002927	0.001468 0.004934	0.001508 0.004019	0.000806 0.004028	
2 64 5 2.670000	0.017817 0.009041	0.999673 0.000345	0.084665 0.006724	0.009160 0.009632	0.001222 0.003942	0.000295 0.001473	0.001480 0.003840	0.000631 0.003157	0.002354 0.007183	0.002709 0.004311	0.000000 0.000000	
2 64 5 2.680000	0.019423 0.004875	0.999620 0.000188	0.085065 0.009174	0.008510 0.006028	0.001802 0.004790	0.001108 0.004902	-0.000102 0.000511	0.004542 0.007919	0.001968 0.007584	0.001851 0.007995	0.000283 0.001416	
2 64 5 2.690000	0.016624 0.007402	0.999717 0.000258	0.084369 0.006121	0.008622 0.009264	0.001109 0.005544	0.000664 0.003319	0.000000 0.000000	0.002901 0.009016	0.001498 0.002653	0.002372 0.006252	0.002236 0.006909	
2 64 5 2.700000	0.016550 0.008823	0.999710 0.000303	0.081507 0.009312	0.006300 0.007617	0.001930 0.009650	0.002228 0.005619	0.001551 0.007335	0.000000 0.000000	0.000670 0.002294	0.000726 0.002173	0.000000 0.000000	
2 64 5 2.710000	0.013203 0.009908	0.999812 0.000240	0.083465 0.009715	0.003264 0.006517	0.001784 0.006238	0.000883 0.003342	0.000643 0.003214	0.001624 0.007695	0.002076 0.005498	0.002753 0.005093	0.002835 0.009646	
2 64 5 2.720000	0.015951 0.006941	0.999739 0.000225	0.082376 0.007870	0.007075 0.008489	0.001370 0.004878	0.004306 0.009717	0.001738 0.006096	0.001484 0.005035	0.001260 0.003741	0.000820 0.004100	0.001406 0.005863	
2 64 5 2.730000	0.015523 0.008222	0.999752 0.000261	0.079406 0.009885	0.008022 0.009638	0.000788 0.002755	-0.000014 0.000069	0.002024 0.004436	0.000068 0.000340	0.001597 0.007986	0.003108 0.004116	0.002011 0.004561	
2 64 5 2.740000	0.016912 0.003842	0.999712 0.000126	0.083019 0.008045	0.005819 0.007964	0.001985 0.005051	0.001029 0.003874	0.001190 0.003735	0.000244 0.001219	0.000642 0.001681	0.000000 0.000000	0.000668 0.001758	
2 64 5 2.750000	0.016877 0.006338	0.999710 0.000201	0.080184 0.009451	0.005058 0.009983	0.001475 0.004291	0.001585 0.005996	0.000000 0.000000	0.000461 0.001908	0.002349 0.008609	0.002132 0.005691	0.001238 0.005023	
2 64 5 2.760000	0.016226 0.006184	0.999732 0.000199	0.081607 0.008963	0.006559 0.008639	0.001986 0.005505	0.001641 0.004325	0.001293 0.006467	0.002528 0.006987	0.001300 0.003721	0.001886 0.006643	0.000970 0.004850	
2 64 5 2.770000	0.015842 0.007651	0.999741 0.000222	0.079449 0.008215	0.005155 0.009192	0.001009 0.003652	0.002810 0.008513	0.002468 0.005175	0.001392 0.004062	0.001667 0.006149	0.002826 0.004927	0.000442 0.002211	
2 64 5 2.780000	0.016544 0.007214	0.999721 0.000235	0.077058 0.009075	0.010582 0.008610	0.001764 0.005962	0.000647 0.002548	0.003818 0.008991	-0.000192 0.000961	0.001198 0.004655	0.000545 0.002723	0.002017 0.004292	
2 64 5 2.790000	0.015809 0.009364	0.999739 0.000289	0.082009 0.009568	0.008754 0.002251	0.001104 0.005522	0.003594 0.008822	0.002075 0.009817	0.000679 0.003397	0.002668 0.007382	0.001177 0.005489	0.000000 0.000000	
2 64 5 2.800000	0.016502 0.004452	0.999725 0.000143	0.077654 0.009921	0.006619 0.004832	0.001118 0.003133	0.000914 0.003089	0.000591 0.002147	0.000877 0.004385	0.000823 0.003084	0.001392 0.004535	0.000395 0.001427	
2 64 5 2.810000	0.016345 0.008229	0.999725 0.000279	0.077692 0.009122	0.006696 0.007632	0.001120 0.005599	0.002826 0.004642	0.000702 0.003510	0.002811 0.006433	0.001535 0.003699	0.004124 0.008588	0.000496 0.001371	
2 64 5 2.820000	0.016327 0.003820	0.999732 0.000120	0.077870 0.009809	0.005256 0.009769	0.000240 0.001202	0.002119 0.007101	0.000544 0.001629	0.000426 0.002131	0.002140 0.004952	0.000176 0.000881	0.000432 0.002162	
2 64 5 2.830000	0.016642 0.005363	0.999719 0.000180	0.080183 0.008779	0.005592 0.003345	0.001982 0.009910	0.002193 0.006972	0.002842 0.007052	0.002091 0.004266	0.003214 0.008579	0.004011 0.008957	0.001189 0.003345	
2 64 5 2.840000	0.017019 0.006148	0.999705 0.000205	0.079871 0.007739	0.006916 0.008276	0.001359 0.005338	0.000633 0.003682	0.000349 0.001772	0.000000 0.000000	0.000062 0.001045	0.000650 0.002550	0.000000 0.000000	
2 64 5 2.850000	0.016122 0.002040	0.999740 0.000067	0.078459 0.009425	0.006836 0.003818	0.000938 0.004214	0.001425 0.003609	0.000177 0.000611	0.000603 0.001587	0.000489 0.002443	0.001779 0.003802	0.001979 0.004091	
2 64 5 2.860000	0.016090 0.005433	0.999736 0.000172	0.079001 0.007781	0.003566 0.008700	0.003229 0.007582	0.000182 0.000909	-0.000315 0.001577	0.000547 0.002733	0.001148 0.004204	0.001993 0.005257	0.000000 0.000000	
2 64 5 2.870000	0.016799 0.004773	0.999715 0.000169	0.076311 0.009023	0.006193 0.009074	0.000382 0.001476	0.000809 0.004047	0.001080 0.002470	0.000000 0.000000	0.001408 0.003811	0.000356 0.001780	0.000181 0.000905	
2 64 5 2.880000	0.015229 0.003836	0.999766 0.000117	0.078751 0.008674	0.005258 0.009848	0.001231 0.003759	0.001701 0.004639	0.000567 0.001635	0.000762 0.002282	0.000566 0.002241	0.001175 0.002544	0.000322 0.001237	
2 64 5 2.890000	0.017340 0.007544	0.999693 0.000252	0.075160 0.009614	0.006538 0.005179	0.001908 0.007871	0.000339 0.001696	0.001083 0.003919	0.000694 0.002449	0.000822 0.004109	0.001542 0.004407	0.000172 0.000862	
2 64 5 2.900000	0.016379 0.001439	0.999731 0.000047	0.078619 0.005958	0.005738 0.009361	0.001246 0.003319	0.000947 0.004664	0.001483 0.003972	0.000000 0.000000	0.000754 0.001713	0.000315 0.001573	0.000000 0.000000	
2 64 5 2.910000	0.015378 0.003188	0.999762 0.000096	0.078784 0.009224	0.007259 0.006030	0.002993 0.007342	0.000292 0.001458	0.000875 0.004373	0.001444 0.006379	0.000000 0.000000	0.000250 0.001252	0.001900 0.004427	
2 64 5 2.920000	0.016914 0.003419	0.999712 0.000119	0.076138 0.008932	0.004786 0.005948	0.002191 0.006339	0.000451 0.002255	0.000531 0.002336	0.000011 0.000055	0.000247 0.000835	0.002680 0.006555	0.004199 0.008912	
2 64 5 2.930000	0.017495 0.007829	0.999685 0.000279	0.076396 0.009363	0.006187 0.009880	0.000212 0.001059	0.001124 0.002580	0.000714 0.003572	0.003671 0.006942	0.002085 0.004450	0.000000 0.000000	0.003199 0.006057	
2 64 5 2.940000	0.016525 0.007046	0.999722 0.000231	0.076337 0.008136	0.007259 0.009038	0.002274 0.006342	0.002546 0.004875	0.000423 0.002117	0.000507 0.002535	0.001114 0.003019	0.001333 0.005243	0.000633 0.003042	
2 64 5 2.950000	0.014024 0.004197	0.999801 0.000109	0.071809 0.009790	0.003312 0.008885	0.000836 0.001805	0.000952 0.003004	0.002251 0.006319	0.003640 0.009078	0.001062 0.003401	0.001959 0.003797	0.001118 0.005588	
2 64 5 2.960000	0.015995 0.004071	0.999741 0.000133	0.075820 0.008222	0.006248 0.004258	0.002403 0.004885	0.001221 0.004501	0.001893 0.004350	0.000000 0.000000	0.000000 0.000000	0.000756 0.002479	0.001726 0.007797	
2 64 5 2.970000	0.015041 0.005426	0.999771 0.000162	0.072469 0.009065	0.005507 0.009380	0.001770 0.008725	0.001940 0.004477	0.000897 0.002854	0.005249 0.008848	0.000514 0.001764	0.001440 0.004404	0.001204 0.004539	
2 64 5 2.980000	0.015922 0.003919	0.999744 0.000122	0.071602 0.004535	0.003729 0.008040	0.000419 0.002095	0.001880 0.003252	0.002184 0.006082	0.002704 0.005656	0.001296 0.006481	0.001523 0.004892	0.002734 0.007624	
2 64 5 2.990000	0.017478 0.005198	0.999692 0.000186	0.077304 0.008527	0.006670 0.007646	0.002363 0.005773	0.002640 0.007046	0.002119 0.005060	0.001957 0.009783	0.000449 0.002247	0.003043 0.005748	0.003139 0.006676	
2 64 5 3.000000	0.016592 0.006394	0.999718 0.000215	0.074698 0.009789	0.003847 0.008815	0.000146 0.000732	0.001029 0.003304	0.000336 0.001682	0.000784 0.003454	0.001086 0.005430	0.001274 0.002286	0.000158 0.000441	
2 64 5 3.010000	0.014967 0.005309	0.999773 0.000157	0.074985 0.008866	0.004509 0.009353	0.002280 0.006367	0.001115 0.006813	0.002686 0.006036	0.000716 0.002298	0.002188 0.006170	0.001444 0.004888	0.001278 0.003360	
2 64 5 3.020000	0.016015 0.006549	0.999738 0.000198	0.074270 0.009912	0.006049 0.005805	0.001518 0.003352	0.001718 0.005263	0.001094 0.005469	-0.000190 0.000538	0.003278 0.008064	0.003864 0.007714	0.000000 0.000000	
2 64 5 3.030000	0.014119 0.009401	0.999790 0.000246	0.071327 0.008648	0.004562 0.007049	0.000666 0.002290	0.003051 0.005260	0.000956 0.003211	0.001366 0.003984	0.001354 0.006459	0.000071 0.001524	0.001698 0.007448	
2 64 5 3.040000	0.015681 0.002048	0.999754 0.000063	0.070993 0.009148	0.007278 0.006192	0.002319 0.006578	0.001417 0.003648	0.000927 0.002218	0.000434 0.002171	0.001619 0.004732	0.005748 0.009854	0.000808 0.005059	
2 64 5 3.050000	0.017411 0.005375	0.999692 0.000180	0.071122 0.009785	0.003432 0.006752	0.000511 0.003501	0.000000 0.000000	0.002204 0.007018	0.003528 0.005851	0.000955 0.003689	0.000876 0.004378	0.001494 0.006892	
2 64 5 3.060000	0.015834 0.009012	0.999739 0.000279	0.072642 0.007147	0.006617 0.008896	0.001883 0.009416	0.001308 0.002477	0.000580 0.002898	0.000524 0.002619	0.000499 0.002494	0.002063 0.007310	0.000579 0.002571	
2 64 5 3.070000	0.016499 0.006596	0.999721 0.000207	0.075208 0.009928	0.003890 0.006121	0.000266 0.001331	0.001274 0.006369	0.000794 0.001885	0.002270 0.006747	0.000000 0.000000	0.000760 0.003798	0.000000 0.000000	
2 64 5 3.080000	0.016996 0.008942	0.999698 0.000320	0.073544 0.009606	0.004617 0.008041	0.000000 0.000000	0.001054 0.002710	0.001725 0.004889	0.002447 0.003646	0.002117 0.005653	0.002360 0.007396	0.002929 0.008756	
2 64 5 3.090000	0.018923 0.009779	0.999631 0.000361	0.072496 0.008390	0.005238 0.004272	0.000537 0.005367	0.000889 0.002649	0.001692 0.004495	0.001402 0.005318	0.000361 0.001804	0.002063 0.005416	0.000000 0.000000	
2 64 5 3.100000	0.016602 0.003748	0.999723 0.000124	0.070848 0.006152	0.002524 0.007423	0.002646 0.009933	0.002218 0.005293	0.001683 0.004557	0.001285 0.006424	0.001648 0.006605	0.000188 0.000941	0.001510 0.006733	
2 64 5 3.110000	0.016310 0.002675	0.999733 0.000085	0.070307 0.009821	0.004755 0.007425	0.001021 0.005104	0.002171 0.006111	0.002341 0.004859	0.001020 0.004351	0.000367 0.001837	0.000752 0.002329	0.000368 0.001838	
2 64 5 3.120000	0.016708 0.002380	0.999720 0.000081	0.074457 0.007257	0.004927 0.004906	0.000599 0.002827	0.004748 0.009076	0.001154 0.003598	0.004415 0.008964	0.001495 0.005284	0.001083 0.004278	0.000289 0.002560	
2 64 5 3.130000	0.016912 0.004589	0.999711 0.000159	0.074190 0.009110	0.002956 0.007943	0.001549 0.004273	0.000333 0.001155	0.001701 0.006947	0.002600 0.005725	0.000708 0.003538	0.001247 0.003335	0.001585 0.006585	
2 64 5 3.140000	0.017276 0.003478	0.999700 0.000123	0.068719 0.007597	0.003093 0.008311	0.003363 0.005991	0.000000 0.000000	-0.000254 0.001269	0.001608 0.004446	0.002825 0.007082	0.000000 0.000000	0.002334 0.004924	
2 64 5 3.150000	0.015770 0.006055	0.999746 0.000190	0.067710 0.009059	0.004220 0.004058	0.002321 0.005205	0.001112 0.002922	0.000244 0.001222	0.000000 0.000000	0.001200 0.002696	0.000814 0.004069	0.000000 0.000000	
2 64 5 3.160000	0.013681 0.002773	0.999812 0.000077	0.070763 0.007245	0.005719 0.009724	0.002549 0.005138	0.001499 0.003761	0.000586 0.001127	0.000165 0.000825	0.002803 0.007152	0.000302 0.001511	0.000790 0.003948	
2 64 5 3.170000	0.015356 0.009964	0.999752 0.000319	0.068784 0.009075	0.002884 0.004878	0.001458 0.007289	0.001431 0.005534	0.002227 0.005671	0.001309 0.003757	0.000838 0.003052	0.001530 0.007649	0.001718 0.006253	
2 64 5 3.180000	0.015683 0.003284	0.999753 0.000105	0.070008 0.008123	0.004253 0.009682	0.000000 0.000000	0.001216 0.002984	0.000562 0.002028	0.001117 0.003027	0.000959 0.002623	0.002694 0.006486	0.000000 0.000000	
2 64 5 3.190000	0.017499 0.006066	0.999689 0.000210	0.068564 0.008515	0.005633 0.008999	0.002149 0.006181	0.001537 0.006855	0.002428 0.006099	0.000306 0.001528	0.000678 0.006167	0.000124 0.001976	0.001164 0.005818	
2 64 5 3.200000	0.016296 0.005219	0.999731 0.000166	0.069395 0.009895	0.003956 0.007318	0.001029 0.005143	0.001522 0.003584	0.000460 0.001385	0.001676 0.006481	0.000683 0.004468	0.000818 0.003022	0.000000 0.000000	
2 64 5 3.210000	0.014934 0.007450	0.999771 0.000214	0.070639 0.007789	0.005367 0.008621	0.000000 0.000000	0.001591 0.006840	0.001363 0.006815	0.002689 0.009455	0.002292 0.005096	0.002525 0.008299	0.004145 0.004132	
2 64 5 3.220000	0.014884 0.004806	0.999775 0.000136	0.067420 0.008612	0.006657 0.006053	0.002279 0.004296	0.003489 0.007059	0.001949 0.007785	0.002604 0.009221	0.000831 0.005032	0.001727 0.006976	0.002575 0.007169	
2 64 5 3.230000	0.016757 0.003894	0.999717 0.000128	0.068395 0.008629	0.001226 0.002907	0.001245 0.005366	0.000476 0.002380	0.002163 0.005199	0.000291 0.001696	0.000101 0.000504	0.000347 0.001735	0.000000 0.000000	
2 64 5 3.240000	0.015619 0.004405	0.999753 0.000128	0.067929 0.007889	0.002607 0.006977	0.000835 0.001653	0.001303 0.007002	0.001020 0.003068	0.000803 0.004015	0.000805 0.004024	0.002383 0.008558	0.000828 0.003072	
2 64 5 3.250000	0.018011 0.006530	0.999671 0.000224	0.068271 0.009526	0.007825 0.009894	0.001953 0.005778	0.001639 0.008195	0.000939 0.005317	0.001578 0.004438	0.001376 0.005066	-0.000086 0.002418	0.001893 0.004140	
2 64 5 3.260000	0.017145 0.004888	0.999703 0.000169	0.063494 0.008013	0.004300 0.008917	0.005205 0.009381	0.001881 0.004984	0.002040 0.007504	0.002798 0.007847	0.000000 0.000000	0.000661 0.003516	0.003500 0.009048	
2 64 5 3.270000	0.016225 0.007904	0.999729 0.000245	0.064692 0.009674	0.002864 0.004071	0.001218 0.003387	0.001558 0.007789	0.002672 0.009535	0.001214 0.004132	0.002161 0.006107	0.001492 0.004724	0.000382 0.001908	
2 64 5 3.280000	0.016895 0.002376	0.999714 0.000078	0.067065 0.005268	0.003220 0.009955	0.001649 0.004419	0.001898 0.009491	0.001147 0.003797	0.001563 0.005808	0.001553 0.004248	0.001706 0.007444	0.002692 0.007562	
2 64 5 3.290000	0.016381 0.003320	0.999730 0.000109	0.063691 0.009613	0.005246 0.004030	0.000933 0.002818	0.001896 0.004155	0.001843 0.006772	0.001841 0.006759	0.000906 0.004528	0.001953 0.004501	0.001541 0.004710	
2 64 5 3.300000	0.015098 0.003596	0.999771 0.000107	0.066782 0.009425	0.004424 0.006593	0.002806 0.007070	0.001708 0.003471	0.000311 0.001564	0.001353 0.005931	0.000752 0.003762	0.000908 0.004560	0.002595 0.006790	
2 64 5 3.310000	0.016038 0.002933	0.999742 0.000095	0.065719 0.009657	0.006049 0.009263	-0.000162 0.000811	0.001169 0.004343	0.000340 0.001699	0.001880 0.005970	0.000239 0.001197	0.002358 0.007820	0.001399 0.006997	
2 64 5 3.320000	0.017303 0.006873	0.999695 0.000238	0.063972 0.009262	0.006092 0.009103	0.001761 0.007318	0.002348 0.008663	0.002892 0.008077	0.001636 0.005566	0.000354 0.004149	0.001882 0.005752	-0.000055 0.000277	
2 64 5 3.330000	0.016003 0.003920	0.999741 0.000124	0.068283 0.009550	0.002433 0.008037	0.001352 0.005935	0.000537 0.002685	0.002817 0.005602	0.000852 0.004262	0.000741 0.001856	0.002316 0.009648	0.001253 0.005471	
2 64 5 3.340000	0.016992 0.003492	0.999710 0.000119	0.064362 0.006365	0.004560 0.008959	0.002012 0.005558	0.000367 0.001837	0.001130 0.004553	0.001462 0.004143	0.000728 0.003640	0.000000 0.000000	0.002093 0.007295	
2 64 5 3.350000	0.015444 0.008204	0.999753 0.000247	0.064895 0.009605	0.003710 0.009742	0.001072 0.003338	0.000989 0.003239	0.000977 0.004886	0.000189 0.000571	0.000151 0.000756	0.000040 0.000198	0.002737 0.004106	
2 64 5 3.360000	0.015509 0.006487	0.999753 0.000210	0.068741 0.006468	0.004571 0.008841	0.000531 0.003260	0.001051 0.003401	0.001506 0.007528	0.001013 0.002646	0.000186 0.000932	0.000166 0.000832	0.001965 0.005105	
2 64 5 3.370000	0.015336 0.009328	0.999754 0.000304	0.066846 0.007699	0.001708 0.005526	0.001425 0.007124	0.002663 0.005138	0.003177 0.009386	0.003535 0.009154	0.000143 0.000716	0.000557 0.002759	0.001268 0.006082	
2 64 5 3.380000	0.017170 0.007299	0.999699 0.000236	0.065406 0.007546	0.005182 0.005566	0.002191 0.004398	0.000000 0.000000	0.000311 0.001554	0.000344 0.001721	0.002020 0.007655	0.002712 0.006605	0.001105 0.005523	
2 64 5 3.390000	0.014426 0.004851	0.999789 0.000141	0.063281 0.008950	0.002939 0.006951	0.002684 0.004109	0.002838 0.004917	0.000239 0.000728	0.000770 0.001943	0.000837 0.002603	0.001149 0.002991	0.000896 0.003716	
2 64 5 3.400000	0.015213 0.004905	0.999765 0.000141	0.065130 0.007993	0.004716 0.007586	0.002866 0.009991	0.001150 0.003015	0.001530 0.006089	0.000000 0.000000	0.002636 0.005644	0.002713 0.009212	0.001212 0.003600	
2 64 5 3.410000	0.016476 0.005253	0.999725 0.000163	0.062283 0.008234	0.003917 0.005810	0.002166 0.005310	0.001655 0.004948	0.000000 0.000000	0.002017 0.007968	0.001125 0.005991	0.001674 0.005396	0.002979 0.009902	
2 64 5 3.420000	0.013584 0.004784	0.999812 0.000127	0.066384 0.007893	0.003687 0.008284	0.001455 0.004094	0.001020 0.005250	0.000513 0.004294	0.001990 0.003408	0.000167 0.000835	0.001564 0.007514	0.002323 0.005462	
2 64 5 3.430000	0.013438 0.007030	0.999813 0.000173	0.063869 0.006967	0.002670 0.005617	0.000000 0.000000	0.000151 0.000756	0.004291 0.007990	0.002258 0.005655	0.002447 0.007552	0.000376 0.004025	0.002250 0.006103	
2 64 5 3.440000	0.015699 0.004419	0.999750 0.000143	0.062413 0.002966	0.002118 0.007586	0.000926 0.004631	0.001286 0.003898	0.000717 0.003585	0.003348 0.007874	0.000301 0.003356	0.003067 0.009443	0.003202 0.007759	
2 64 5 3.450000	0.014600 0.002474	0.999786 0.000072	0.064823 0.004623	0.005132 0.009570	0.001693 0.006891	0.000000 0.000000	-0.000235 0.001173	0.001826 0.006283	0.002086 0.007879	0.003386 0.009495	0.000125 0.002223	
2 64 5 3.460000	0.015433 0.005715	0.999757 0.000169	0.062314 0.009647	0.004042 0.008437	0.000259 0.002169	0.003025 0.008314	0.001153 0.005103	0.000964 0.005367	0.001520 0.004582	0.001068 0.004390	0.002244 0.003618	
2 64 5 3.470000	0.015464 0.005597	0.999756 0.000178	0.060475 0.009415	0.001639 0.004366	0.002892 0.009237	0.001716 0.005527	0.000747 0.003735	0.001307 0.006533	0.000000 0.000000	0.000053 0.000219	0.002623 0.007164	
2 64 5 3.480000	0.014547 0.006685	0.999781 0.000198	0.064968 0.004919	0.003677 0.008752	0.003830 0.007790	0.000197 0.000985	0.004223 0.006690	0.000436 0.003558	-0.000066 0.000330	0.002293 0.006573	0.001055 0.005275	
2 64 5 3.490000	0.015005 0.005823	0.999771 0.000174	0.059999 0.007345	0.003500 0.005869	0.001797 0.005353	0.000098 0.000490	0.002378 0.008886	0.000114 0.000568	0.002128 0.005663	0.000544 0.002721	0.001297 0.003293	
2 64 5 3.500000	0.015752 0.002749	0.999751 0.000086	0.063768 0.009327	0.004602 0.006289	0.000303 0.001192	-0.000008 0.000040	0.001230 0.004957	0.002062 0.005854	0.000487 0.002435	0.000481 0.001206	0.001344 0.004155	
2 64 5 3.510000	0.014547 0.005021	0.999785 0.000149	0.065929 0.009313	0.002609 0.007696	0.002201 0.009887	0.000950 0.004752	0.002676 0.009123	0.000337 0.001080	0.002190 0.009325	0.001791 0.006006	0.002076 0.006823	
2 64 5 3.520000	0.016218 0.004347	0.999735 0.000136	0.061899 0.008429	0.003152 0.008597	0.001135 0.006719	0.000944 0.002848	0.000294 0.001472	0.001044 0.005220	0.000000 0.000000	0.000000 0.000000	0.001733 0.004430	
2 64 5 3.530000	0.014928 0.007638	0.999769 0.000216	0.058894 0.009730	0.003869 0.006845	0.001645 0.003992	0.000659 0.003401	0.003508 0.005852	0.000000 0.000000	0.000806 0.002500	0.001195 0.003653	0.004360 0.008037	
2 64 5 3.540000	0.015635 0.004125	0.999753 0.000127	0.058638 0.009877	0.004308 0.009265	0.001139 0.004189	0.001893 0.007144	0.001576 0.004102	0.000420 0.002959	0.000535 0.002676	0.000713 0.003566	0.002827 0.008499	
2 64 5 3.550000	0.015315 0.005631	0.999761 0.000180	0.062591 0.009294	0.004444 0.005743	0.000874 0.002396	0.001389 0.004915	0.001485 0.007575	0.002673 0.008005	0.000701 0.002321	0.001693 0.005567	0.002076 0.007146	
2 64 5 3.560000	0.016468 0.005934	0.999725 0.000195	0.061615 0.009186	0.004141 0.006895	0.000652 0.001878	0.000195 0.000975	0.001199 0.005975	0.001337 0.006683	0.002008 0.004879	0.002723 0.006123	0.000175 0.000873	
2 64 5 3.570000	0.016047 0.004312	0.999739 0.000139	0.061071 0.008245	0.004416 0.001570	-0.000087 0.000436	0.001543 0.005524	0.001577 0.002738	0.001842 0.005123	0.001395 0.005980	0.000597 0.001731	0.000195 0.000510	
2 64 5 3.580000	0.019607 0.008055	0.999607 0.000323	0.060524 0.009045	0.003922 0.009710	-0.000183 0.000915	0.000370 0.001852	0.002732 0.005422	0.000806 0.004028	0.001275 0.006377	0.001820 0.004856	0.000399 0.001994	
2 64 5 3.590000	0.019339 0.008778	0.999616 0.000332	0.057566 0.009723	0.006447 0.006444	0.000000 0.000000	0.001853 0.004794	0.004247 0.009115	0.000000 0.000000	0.000427 0.002133	0.002245 0.008539	0.001930 0.007047	
2 64 5 3.600000	0.016170 0.003384	0.999737 0.000108	0.060057 0.008146	0.002360 0.002691	0.000990 0.003910	0.000152 0.000761	0.000647 0.003233	0.001564 0.003595	0.002002 0.005938	0.000321 0.002389	0.000000 0.000000	
2 64 5 3.610000	0.015297 0.005690	0.999761 0.000171	0.060157 0.009679	0.003727 0.006373	0.001997 0.007355	0.000134 0.000672	0.000420 0.001515	0.000000 0.000000	0.003154 0.008770	0.000119 0.000594	0.001169 0.003296	
2 64 5 3.620000	0.015966 0.004172	0.999743 0.000127	0.060730 0.007771	0.003405 0.009520	0.001739 0.004461	0.001430 0.005202	0.000512 0.001353	0.001347 0.004471	0.000768 0.003145	0.000000 0.000000	0.000161 0.000805	
2 64 5 3.630000	0.014798 0.005094	0.999777 0.000153	0.061131 0.005670	0.002290 0.008990	0.000723 0.002909	0.002157 0.006649	0.004259 0.007915	0.002350 0.006496	0.000493 0.002465	0.001313 0.004676	0.004601 0.007891	
2 64 5 3.640000	0.014491 0.007900	0.999783 0.000222	0.058158 0.009608	0.002467 0.007858	0.000000 0.000000	0.000000 0.000000	0.002457 0.009707	0.003086 0.006416	0.001255 0.004970	0.000217 0.001085	0.000644 0.003219	
2 64 5 3.650000	0.015055 0.003623	0.999772 0.000106	0.057267 0.009798	0.005156 0.008727	0.000205 0.000966	0.000698 0.002158	0.001312 0.004856	0.002051 0.005114	0.000000 0.000000	0.000000 0.000000	0.000271 0.001029	
2 64 5 3.660000	0.016884 0.004247	0.999712 0.000135	0.055075 0.009796	0.004001 0.009706	0.000626 0.003130	0.000204 0.000837	0.001470 0.006138	0.001893 0.005657	0.002124 0.006439	0.000920 0.004295	0.002465 0.009256	
2 64 5 3.670000	0.016008 0.001213	0.999744 0.000039	0.057754 0.008622	0.002661 0.009494	0.001500 0.004259	0.000971 0.005010	0.001382 0.004551	0.001789 0.008944	0.000008 0.002389	0.001653 0.005169	0.000163 0.000814	
2 64 5 3.680000	0.014079 0.009788	0.999790 0.000290	0.061772 0.004679	0.002552 0.008455	0.002870 0.006459	0.002582 0.005401	0.000974 0.003526	0.001343 0.006713	0.000947 0.003026	0.002384 0.007693	0.001148 0.003569	
2 64 5 3.690000	0.016928 0.009065	0.999704 0.000292	0.058185 0.009737	0.002029 0.004435	0.000927 0.005073	0.000981 0.004905	0.000744 0.002459	0.002838 0.008065	0.001393 0.002815	0.001772 0.006394	0.000209 0.002545	
2 64 5 3.700000	0.014136 0.003428	0.999799 0.000098	0.059782 0.008934	0.003224 0.007704	0.000000 0.000000	0.000000 0.000000	0.000910 0.003818	0.000127 0.000634	0.002268 0.005651	0.000731 0.002457	0.003353 0.008513	
2 64 5 3.710000	0.016553 0.005723	0.999720 0.000186	0.057036 0.009003	0.001384 0.005298	0.001858 0.007334	0.001823 0.009113	0.000659 0.003295	0.005164 0.009546	0.001025 0.003856	0.003080 0.009913	0.003978 0.009201	
2 64 5 3.720000	0.015318 0.004366	0.999763 0.000134	0.056460 0.008906	0.005646 0.003162	0.002166 0.005266	0.001534 0.005538	0.000000 0.000000	0.000554 0.001629	0.000087 0.000435	0.000187 0.000937	0.001299 0.003651	
2 64 5 3.730000	0.014270 0.005336	0.999793 0.000145	0.057712 0.007541	0.001604 0.007622	0.000363 0.006925	0.000114 0.000571	0.001652 0.007804	0.001940 0.004881	0.002414 0.009208	0.001849 0.005298	0.000000 0.000000	
2 64 5 3.740000	0.013326 0.004843	0.999819 0.000132	0.058540 0.008243	0.001617 0.007242	0.002152 0.005639	0.001781 0.008904	0.000653 0.003267	0.004860 0.009115	0.001178 0.004717	0.000522 0.002608	0.004357 0.008671	
2 64 5 3.750000	0.014924 0.008792	0.999767 0.000293	0.056717 0.009832	0.003062 0.005603	0.001391 0.004834	0.000850 0.003114	0.001398 0.005892	0.001338 0.005375	0.001992 0.008624	0.000647 0.003236	0.001948 0.005496	
2 64 5 3.760000	0.017189 0.003291	0.999703 0.000116	0.059078 0.009106	0.004936 0.005144	0.001195 0.003682	0.002659 0.007209	0.000414 0.002069	0.000981 0.002133	0.000000 0.000000	0.001618 0.004058	0.001907 0.007746	
2 64 5 3.770000	0.013875 0.007349	0.999802 0.000202	0.055340 0.009877	0.004500 0.006868	0.001023 0.005116	0.000324 0.001618	0.003194 0.006283	0.000603 0.003014	0.001607 0.005107	0.000000 0.000000	0.000000 0.000000	
2 64 5 3.780000	0.013506 0.003886	0.999816 0.000108	0.058266 0.008924	0.002912 0.007730	0.000000 0.000000	0.000323 0.001614	0.000331 0.001653	0.000942 0.004325	0.001039 0.002847	0.001992 0.004150	0.000070 0.000351	
2 64 5 3.790000	0.016688 0.008162	0.999711 0.000268	0.055882 0.008620	0.006873 0.006015	0.001790 0.009120	0.001950 0.007570	0.000255 0.001274	0.000723 0.003613	0.000433 0.001425	0.000760 0.003802	0.000922 0.002311	
2 64 5 3.800000	0.014755 0.004274	0.999780 0.000127	0.054752 0.006733	0.003669 0.007204	0.000956 0.004780	0.001328 0.007383	0.000991 0.002670	0.001393 0.005843	0.001475 0.003896	0.000436 0.002181	0.002425 0.008638	
2 64 5 3.810000	0.015023 0.006909	0.999768 0.000199	0.054661 0.009052	0.003705 0.005858	0.000389 0.001517	0.000967 0.002643	0.002171 0.004259	0.001336 0.003902	0.000000 0.000000	0.000082 0.000408	0.000078 0.000392	
2 64 5 3.820000	0.015582 0.004835	0.999754 0.000144	0.056442 0.009340	0.005600 0.008966	0.000159 0.002333	0.001904 0.007294	0.002115 0.007869	0.001641 0.003784	0.000703 0.003516	0.001435 0.004927	0.004675 0.008628	
2 64 5 3.830000	0.016326 0.007888	0.999725 0.000288	0.056057 0.009813	0.003799 0.007564	0.001933 0.003672	0.000995 0.004975	0.001484 0.004620	0.003654 0.005905	0.000778 0.003890	0.000791 0.002153	0.000082 0.000408	
2 64 5 3.840000	0.017210 0.008605	0.999694 0.000265	0.059705 0.006836	0.005259 0.008178	0.001065 0.002772	0.000000 0.000000	0.003412 0.008068	0.000000 0.000000	0.001201 0.003956	0.001313 0.003890	0.001309 0.006544	
2 64 5 3.850000	0.014912 0.003291	0.999776 0.000102	0.056592 0.009245	0.002828 0.007575	0.000763 0.003816	-0.000115 0.000574	-0.000110 0.000550	0.001188 0.003386	0.000729 0.003645	0.001297 0.004940	0.000763 0.003817	
2 64 5 3.860000	0.017200 0.007701	0.999696 0.000269	0.055688 0.009981	0.003574 0.009215	0.000000 0.000000	0.000724 0.002046	0.001878 0.009534	0.000432 0.002160	0.002121 0.004761	0.000747 0.001893	0.000000 0.000000	
2 64 5 3.870000	0.014991 0.004218	0.999773 0.000128	0.050315 0.009316	0.003387 0.006829	0.001795 0.005281	0.002540 0.007586	0.000528 0.002642	0.000000 0.000000	0.000000 0.000000	0.002443 0.007913	0.002779 0.007315	
2 64 5 3.880000	0.016567 0.004665	0.999723 0.000154	0.048812 0.007695	0.002015 0.004965	0.001875 0.005792	0.000000 0.000000	0.001586 0.005424	0.000984 0.004919	0.001904 0.006890	0.004866 0.009972	0.003711 0.004838	
2 64 5 3.890000	0.015097 0.004903	0.999768 0.000141	0.056506 0.009974	0.003125 0.006365	0.002259 0.005342	0.000161 0.000807	0.001146 0.005174	0.001423 0.004375	0.001379 0.005593	0.000510 0.002550	0.001028 0.004724	
2 64 5 3.900000	0.013312 0.004032	0.999821 0.000111	0.053771 0.005816	0.003986 0.006985	0.001191 0.005712	0.000394 0.001774	0.003805 0.005813	0.000853 0.004267	0.000855 0.004274	0.003603 0.008983	0.001071 0.005356	
2 64 5 3.910000	0.015086 0.008873	0.999764 0.000274	0.055062 0.008684	0.002956 0.009345	0.000086 0.000428	0.002275 0.006564	0.001032 0.005162	0.001891 0.007332	0.000501 0.002171	0.001475 0.003257	0.002173 0.006868	
2 64 5 3.920000	0.014318 0.004048	0.999793 0.000119	0.052518 0.009910	0.000765 0.003823	0.000432 0.002162	0.001093 0.005466	0.001570 0.006713	0.000526 0.002628	0.000515 0.002573	0.002297 0.006698	0.001834 0.009168	
2 64 5 3.930000	0.016187 0.004581	0.999735 0.000147	0.055642 0.009340	0.005124 0.001761	0.000477 0.002385	0.000394 0.001239	0.000545 0.002323	0.001155 0.003748	0.000313 0.001565	0.001558 0.003621	0.002314 0.004981	
2 64 5 3.940000	0.014513 0.009793	0.999777 0.000303	0.054231 0.009153	0.001753 0.008763	0.002752 0.008925	0.000610 0.004025	0.001026 0.003904	0.000670 0.003348	0.002362 0.005544	0.001062 0.004537	0.001484 0.004742	
2 64 5 3.950000	0.016152 0.004076	0.999737 0.000129	0.053899 0.008938	0.001060 0.002583	0.001932 0.005269	0.001776 0.006764	0.001543 0.006734	0.001176 0.003532	0.000632 0.003158	0.000875 0.004376	0.000745 0.003723	
2 64 5 3.960000	0.014624 0.002738	0.999785 0.000079	0.053560 0.009485	0.003932 0.008841	0.000541 0.002703	0.003106 0.008134	0.001136 0.006163	0.003575 0.009378	0.001583 0.004742	0.000785 0.003927	0.001985 0.008051	
2 64 5 3.970000	0.016279 0.003226	0.999734 0.000107	0.051869 0.008923	0.001757 0.003730	0.000000 0.000000	0.000994 0.003871	0.002317 0.007532	0.002504 0.003966	0.002145 0.007041	0.000353 0.002949	0.005729 0.009987	
2 64 5 3.980000	0.014714 0.007703	0.999777 0.000233	0.057209 0.009926	0.003864 0.008323	0.000000 0.000000	0.001333 0.003405	0.000600 0.002999	0.000018 0.000088	0.002110 0.005941	0.000974 0.003745	0.001029 0.005146	
2 64 5 3.990000	0.016274 0.008993	0.999726 0.000310	0.053418 0.007827	0.005287 0.009625	0.001789 0.007323	0.000938 0.003931	0.001398 0.005116	0.001304 0.005463	0.000658 0.003288	0.002675 0.005755	0.001069 0.005344	
2 64 5 4.000000	0.016646 0.007550	0.999716 0.000239	0.053908 0.009406	0.003744 0.009601	0.000762 0.002710	0.002043 0.005898	0.001340 0.004034	0.003085 0.005839	0.003941 0.009744	0.003207 0.007217	0.000316 0.001414	
