2 10 100 0.000000	0.997328 0.003801	0.005336 0.007580	0.000458 0.002290	0.002233 0.004450	0.003322 0.009869	0.003212 0.008323	
2 10 100 0.010000	0.998389 0.004894	0.003215 0.009763	0.000970 0.004849	0.000000 0.000000	0.001953 0.009763	0.000000 0.000000	
2 10 100 0.020000	0.998389 0.004894	0.003215 0.009763	0.000970 0.004849	0.000000 0.000000	0.001953 0.009763	0.000000 0.000000	
2 10 100 0.030000	0.998233 0.004999	0.003527 0.009973	0.001995 0.009973	0.002057 0.009269	0.003323 0.009973	0.000348 0.001738	
2 10 100 0.040000	0.998233 0.004999	0.003527 0.009973	0.001995 0.009973	0.002057 0.009269	0.003323 0.009973	0.000348 0.001738	
2 10 100 0.050000	0.998233 0.004999	0.003527 0.009973	0.001995 0.009973	0.002057 0.009269	0.003323 0.009973	0.000348 0.001738	
2 10 100 0.060000	0.998233 0.004999	0.003527 0.009973	0.001995 0.009973	0.002057 0.009269	0.003323 0.009973	0.000348 0.001738	
2 10 100 0.070000	0.998215 0.004971	0.003563 0.009917	0.000629 0.003144	0.001130 0.005649	0.002142 0.004425	0.000695 0.003474	
2 10 100 0.080000	0.997662 0.004959	0.004666 0.009894	0.000834 0.004169	0.000000 0.000000	0.002817 0.009894	0.004666 0.009894	
2 10 100 0.090000	0.998999 0.005005	0.001997 0.009985	0.001997 0.009985	0.001997 0.009985	0.001997 0.009985	0.000000 0.000000	
2 10 100 0.100000	0.998472 0.005003	0.003051 0.009980	0.000286 0.001430	0.000865 0.004324	0.001055 0.003844	0.000000 0.000000	
2 10 100 0.110000	0.997772 0.004614	0.004447 0.009207	0.000090 0.000451	0.001654 0.008268	0.000956 0.004779	0.001841 0.009207	
2 10 100 0.120000	0.998540 0.005002	0.002915 0.009979	0.001996 0.009979	0.002277 0.009979	0.001996 0.009979	0.001996 0.009979	
2 10 100 0.130000	0.998931 0.004801	0.002132 0.009578	0.000000 0.000000	0.000000 0.000000	0.001524 0.007621	0.001916 0.009578	
2 10 100 0.140000	0.998798 0.004998	0.002399 0.009972	0.000405 0.002026	0.000000 0.000000	0.000405 0.002026	0.000405 0.002026	
2 10 100 0.150000	0.998802 0.005000	0.002390 0.009975	0.001297 0.006487	0.001692 0.006487	0.002390 0.009975	0.000395 0.001975	
2 10 100 0.160000	0.997337 0.004842	0.005316 0.009659	0.002034 0.009853	0.001816 0.004814	0.003269 0.009853	0.001866 0.004814	
2 10 100 0.170000	0.998437 0.004956	0.003121 0.009887	0.000252 0.001259	0.000000 0.000000	0.001143 0.003795	0.001143 0.003795	
2 10 100 0.180000	0.998619 0.004999	0.002755 0.009973	0.001995 0.009973	0.000761 0.003804	0.002755 0.009973	0.002755 0.009973	
2 10 100 0.190000	0.998445 0.004878	0.003105 0.009731	0.000465 0.002006	0.000063 0.000317	0.001659 0.004361	0.002010 0.009731	
2 10 100 0.200000	0.999018 0.004910	0.001959 0.009795	0.000000 0.000000	0.001959 0.009795	0.000000 0.000000	0.001099 0.005495	
2 10 100 0.210000	0.998616 0.005010	0.002762 0.009994	0.000064 0.000321	0.000699 0.003497	0.002293 0.007966	0.000064 0.000321	
2 10 100 0.220000	0.998737 0.005002	0.002520 0.009979	0.001381 0.006907	0.000000 0.000000	0.000095 0.000475	0.000114 0.000572	
2 10 100 0.230000	0.998998 0.005008	0.001998 0.009990	0.001998 0.009990	0.000000 0.000000	0.000000 0.000000	0.000000 0.000000	
2 10 100 0.240000	0.998443 0.004961	0.003109 0.009897	0.001979 0.009897	0.002582 0.009897	0.000527 0.002633	0.000000 0.000000	
2 10 100 0.250000	0.998729 0.004994	0.002536 0.009963	0.001052 0.002717	0.000000 0.000000	0.000543 0.002717	0.001993 0.009963	
2 10 100 0.260000	0.997109 0.003756	0.005773 0.007488	0.005302 0.009839	0.002600 0.005440	0.000470 0.002350	0.002597 0.005456	
2 10 100 0.270000	0.998999 0.005007	0.001998 0.009989	0.000000 0.000000	0.000000 0.000000	0.001329 0.006643	0.000000 0.000000	
2 10 100 0.280000	0.998475 0.004992	0.003043 0.009959	0.002737 0.009959	0.000000 0.000000	0.000000 0.000000	0.000000 0.000000	
2 10 100 0.290000	0.999000 0.005000	0.001995 0.009975	0.001069 0.005344	0.000000 0.000000	0.000000 0.000000	0.001995 0.009975	
2 10 100 0.300000	0.998044 0.004422	0.003905 0.008820	0.002169 0.004145	0.000870 0.002137	0.000673 0.003364	0.002860 0.009877	
2 10 100 0.310000	0.999003 0.004986	0.001989 0.009947	0.000000 0.000000	0.001989 0.009947	0.000000 0.000000	0.000000 0.000000	
2 10 100 0.320000	0.999005 0.004966	0.001981 0.009907	0.001981 0.009907	0.000991 0.004954	0.000000 0.000000	0.000000 0.000000	
2 10 100 0.330000	0.998116 0.004960	0.003760 0.009896	0.001166 0.005832	0.001781 0.008904	0.003097 0.009896	0.003430 0.009896	
2 10 100 0.340000	0.998389 0.004985	0.003215 0.009946	0.000860 0.004298	0.001431 0.005541	0.000000 0.000000	0.000478 0.001804	
2 10 100 0.350000	0.998220 0.005009	0.003548 0.009992	0.002899 0.009474	0.000000 0.000000	0.001492 0.007461	0.002850 0.008601	
2 10 100 0.360000	0.997253 0.004986	0.005482 0.009933	0.001761 0.003808	0.001031 0.003808	0.001512 0.003774	0.001486 0.003774	
2 10 100 0.370000	0.997208 0.004502	0.005573 0.008976	0.001894 0.005083	0.001792 0.005083	0.002352 0.009920	0.003568 0.008083	
2 10 100 0.380000	0.997971 0.004791	0.004051 0.009554	0.000152 0.000760	0.001336 0.005695	0.001442 0.005337	0.002338 0.009944	
2 10 100 0.390000	0.995681 0.004437	0.008616 0.008832	0.000154 0.000770	0.000515 0.001696	0.001999 0.009997	0.001629 0.007449	
2 10 100 0.400000	0.995720 0.005014	0.008539 0.009974	0.001422 0.001769	0.000906 0.002267	0.001800 0.007417	0.001313 0.006565	
2 10 100 0.410000	0.475592 0.871512	0.594458 0.973560	0.069209 0.124321	0.006397 0.017858	0.000938 0.004527	0.000095 0.000473	
2 10 100 0.420000	0.117879 0.009974	0.986090 0.002333	0.104695 0.005679	0.003064 0.006666	0.000000 0.000000	0.000000 0.000000	
2 10 100 0.430000	0.112164 0.009311	0.987405 0.002068	0.089461 0.009968	0.002549 0.006493	0.000000 0.000000	0.000000 0.000000	
2 10 100 0.440000	0.110655 0.008375	0.987745 0.001841	0.083970 0.009857	0.001762 0.008808	0.000000 0.000000	0.000000 0.000000	
2 10 100 0.450000	0.108357 0.009909	0.988243 0.002145	0.080516 0.007917	0.000000 0.000000	0.000000 0.000000	0.000000 0.000000	
2 10 100 0.460000	0.103354 0.009924	0.989304 0.002008	0.073182 0.008508	0.000248 0.001240	0.000000 0.000000	0.000000 0.000000	
2 10 100 0.470000	0.106369 0.008759	0.988673 0.001881	0.067549 0.009829	0.000000 0.000000	0.000000 0.000000	0.000000 0.000000	
2 10 100 0.480000	0.103275 0.006357	0.989328 0.001308	0.061551 0.009932	0.000000 0.000000	0.000000 0.000000	0.000000 0.000000	
2 10 100 0.490000	0.099937 0.006018	0.990008 0.001215	0.054071 0.009876	0.000112 0.000559	0.000000 0.000000	0.000000 0.000000	
2 10 100 0.500000	0.099966 0.004362	0.990004 0.000868	0.055347 0.009869	0.000000 0.000000	0.000000 0.000000	0.000000 0.000000	
2 10 100 0.510000	0.102869 0.007986	0.989411 0.001642	0.045911 0.009840	0.000000 0.000000	0.000000 0.000000	0.000000 0.000000	
2 10 100 0.520000	0.093224 0.008045	0.991299 0.001504	0.065286 0.009601	0.000461 0.002822	0.000000 0.000000	0.000000 0.000000	
2 10 100 0.530000	0.099836 0.007173	0.990027 0.001440	0.045093 0.009554	0.000000 0.000000	0.000000 0.000000	0.000000 0.000000	
2 10 100 0.540000	0.098670 0.009666	0.990250 0.001938	0.041863 0.005254	0.000000 0.000000	0.000000 0.000000	0.000000 0.000000	
2 10 100 0.550000	0.101030 0.009316	0.989781 0.001869	0.049050 0.008034	0.000000 0.000000	0.000000 0.000000	0.000000 0.000000	
2 10 100 0.560000	0.099094 0.008913	0.990165 0.001781	0.037668 0.009994	0.000000 0.000000	0.000000 0.000000	0.000000 0.000000	
2 10 100 0.570000	0.099272 0.003756	0.990142 0.000744	0.040755 0.009713	0.000000 0.000000	0.000000 0.000000	0.000000 0.000000	
2 10 100 0.580000	0.098039 0.003708	0.990387 0.000728	0.036900 0.009952	0.000000 0.000000	0.000000 0.000000	0.000000 0.000000	
2 10 100 0.590000	0.097406 0.009114	0.990503 0.001768	0.031441 0.009051	0.000000 0.000000	0.000000 0.000000	0.000000 0.000000	
2 10 100 0.600000	0.097004 0.009993	0.990577 0.001896	0.039421 0.009609	0.000000 0.000000	0.000000 0.000000	0.000000 0.000000	
2 10 100 0.610000	0.092247 0.006798	0.991484 0.001264	0.025116 0.009922	0.000000 0.000000	0.000000 0.000000	0.000000 0.000000	
2 10 100 0.620000	0.093426 0.009848	0.991262 0.001830	0.032311 0.009714	0.000000 0.000000	0.000000 0.000000	0.000000 0.000000	
2 10 100 0.630000	0.098732 0.007726	0.990240 0.001511	0.032052 0.009594	0.000000 0.000000	0.000000 0.000000	0.000000 0.000000	
2 10 100 0.640000	0.092533 0.009200	0.991426 0.001663	0.029539 0.009959	0.000000 0.000000	0.000000 0.000000	0.000000 0.000000	
2 10 100 0.650000	0.094179 0.004408	0.991128 0.000839	0.033884 0.009431	0.000000 0.000000	0.000000 0.000000	0.000000 0.000000	
2 10 100 0.660000	0.095907 0.008381	0.990792 0.001590	0.025907 0.009877	0.000000 0.000000	0.000000 0.000000	0.000000 0.000000	
2 10 100 0.670000	0.096300 0.004187	0.990724 0.000810	0.025936 0.009880	0.000000 0.000000	0.000000 0.000000	0.000000 0.000000	
2 10 100 0.680000	0.096095 0.005561	0.990761 0.001066	0.030323 0.009918	0.000000 0.000000	0.000000 0.000000	0.000000 0.000000	
2 10 100 0.690000	0.095258 0.007531	0.990917 0.001416	0.020006 0.009986	0.000000 0.000000	0.000000 0.000000	0.000000 0.000000	
2 10 100 0.700000	0.092259 0.009861	0.991476 0.001787	0.021364 0.009144	0.000000 0.000000	0.000000 0.000000	0.000000 0.000000	
2 10 100 0.710000	0.093088 0.007978	0.991324 0.001489	0.023790 0.009989	0.000000 0.000000	0.000000 0.000000	0.000000 0.000000	
2 10 100 0.720000	0.091614 0.009455	0.991594 0.001715	0.019949 0.009385	0.000000 0.000000	0.000000 0.000000	0.000000 0.000000	
2 10 100 0.730000	0.093188 0.008785	0.991305 0.001664	0.023229 0.009277	0.000000 0.000000	0.000000 0.000000	0.000000 0.000000	
2 10 100 0.740000	0.093934 0.009852	0.991163 0.001836	0.017303 0.009264	0.000000 0.000000	0.000000 0.000000	0.000000 0.000000	
2 10 100 0.750000	0.095913 0.009214	0.990787 0.001748	0.018834 0.006526	0.000000 0.000000	0.000000 0.000000	0.000000 0.000000	
2 10 100 0.760000	0.093710 0.007797	0.991212 0.001465	0.018802 0.009754	0.000000 0.000000	0.000000 0.000000	0.000000 0.000000	
2 10 100 0.770000	0.093832 0.009826	0.991183 0.001804	0.014491 0.009973	0.000000 0.000000	0.000000 0.000000	0.000000 0.000000	
2 10 100 0.780000	0.093544 0.009955	0.991238 0.001863	0.020608 0.009604	0.000000 0.000000	0.000000 0.000000	0.000000 0.000000	
2 10 100 0.790000	0.091983 0.009479	0.991527 0.001779	0.017144 0.008807	0.000000 0.000000	0.000000 0.000000	0.000000 0.000000	
2 10 100 0.800000	0.091248 0.009195	0.991660 0.001675	0.015795 0.005599	0.000000 0.000000	0.000000 0.000000	0.000000 0.000000	
2 10 100 0.810000	0.094369 0.007848	0.991085 0.001474	0.017933 0.009898	0.000000 0.000000	0.000000 0.000000	0.000000 0.000000	
2 10 100 0.820000	0.088000 0.008155	0.992246 0.001431	0.016379 0.008948	0.000000 0.000000	0.000000 0.000000	0.000000 0.000000	
2 10 100 0.830000	0.095024 0.008273	0.990962 0.001573	0.017243 0.009081	0.000000 0.000000	0.000000 0.000000	0.000000 0.000000	
2 10 100 0.840000	0.090284 0.009752	0.991837 0.001762	0.011380 0.006865	0.000000 0.000000	0.000000 0.000000	0.000000 0.000000	
2 10 100 0.850000	0.090076 0.009202	0.991874 0.001681	0.015888 0.004130	0.000000 0.000000	0.000000 0.000000	0.000000 0.000000	
2 10 100 0.860000	0.093357 0.008987	0.991275 0.001664	0.008772 0.009797	0.000000 0.000000	0.000000 0.000000	0.000000 0.000000	
2 10 100 0.870000	0.089707 0.009777	0.991939 0.001740	0.012863 0.004025	0.000000 0.000000	0.000000 0.000000	0.000000 0.000000	
2 10 100 0.880000	0.093183 0.003895	0.991315 0.000730	0.012267 0.009499	0.000000 0.000000	0.000000 0.000000	0.000000 0.000000	
2 10 100 0.890000	0.094917 0.006885	0.990984 0.001311	0.010837 0.009896	0.000000 0.000000	0.000000 0.000000	0.000000 0.000000	
2 10 100 0.900000	0.090316 0.005731	0.991839 0.001043	0.008455 0.009559	0.000000 0.000000	0.000000 0.000000	0.000000 0.000000	
2 10 100 0.910000	0.090032 0.009755	0.991883 0.001755	0.015397 0.006120	0.000000 0.000000	0.000000 0.000000	0.000000 0.000000	
2 10 100 0.920000	0.091714 0.003351	0.991587 0.000613	0.014914 0.009494	0.000000 0.000000	0.000000 0.000000	0.000000 0.000000	
2 10 100 0.930000	0.093855 0.004662	0.991188 0.000866	0.014136 0.009698	0.000000 0.000000	0.000000 0.000000	0.000000 0.000000	
2 10 100 0.940000	0.091368 0.008889	0.991643 0.001636	0.010610 0.009956	0.000000 0.000000	0.000000 0.000000	0.000000 0.000000	
2 10 100 0.950000	0.094016 0.008996	0.991149 0.001685	0.011040 0.009322	0.000000 0.000000	0.000000 0.000000	0.000000 0.000000	
2 10 100 0.960000	0.092461 0.009616	0.991438 0.001784	0.008120 0.008099	0.000000 0.000000	0.000000 0.000000	0.000000 0.000000	
2 10 100 0.970000	0.093132 0.008880	0.991314 0.001642	0.009986 0.009980	0.000000 0.000000	0.000000 0.000000	0.000000 0.000000	
2 10 100 0.980000	0.091393 0.004150	0.991645 0.000758	0.008769 0.009818	0.000000 0.000000	0.000000 0.000000	0.000000 0.000000	
2 10 100 0.990000	0.093534 0.006538	0.991245 0.001221	0.009077 0.009832	0.000000 0.000000	0.000000 0.000000	0.000000 0.000000	
2 10 100 1.000000	0.087076 0.009293	0.992408 0.001622	0.010076 0.009742	0.000000 0.000000	0.000000 0.000000	0.000000 0.000000	
2 10 100 1.010000	0.087086 0.009908	0.992401 0.001740	0.008251 0.007588	0.000000 0.000000	0.000000 0.000000	0.000000 0.000000	
2 10 100 1.020000	0.093982 0.005580	0.991164 0.001051	0.005511 0.009743	0.000000 0.000000	0.000000 0.000000	0.000000 0.000000	
2 10 100 1.030000	0.095711 0.009520	0.990826 0.001800	0.000745 0.002719	0.000000 0.000000	0.000000 0.000000	0.000000 0.000000	
2 10 100 1.040000	0.087724 0.006174	0.992299 0.001076	0.005395 0.009947	0.000000 0.000000	0.000000 0.000000	0.000000 0.000000	
2 10 100 1.050000	0.089625 0.009994	0.991953 0.001795	0.006811 0.009960	0.000000 0.000000	0.000000 0.000000	0.000000 0.000000	
2 10 100 1.060000	0.091413 0.009927	0.991626 0.001800	0.010941 0.007279	0.000000 0.000000	0.000000 0.000000	0.000000 0.000000	
2 10 100 1.070000	0.093096 0.008498	0.991323 0.001584	0.005544 0.009876	0.000000 0.000000	0.000000 0.000000	0.000000 0.000000	
2 10 100 1.080000	0.095186 0.008807	0.990924 0.001674	0.010774 0.003595	0.000000 0.000000	0.000000 0.000000	0.000000 0.000000	
2 10 100 1.090000	0.092809 0.009065	0.991375 0.001664	0.004712 0.008537	0.000000 0.000000	0.000000 0.000000	0.000000 0.000000	
2 10 100 1.100000	0.096225 0.009979	0.990723 0.001944	0.004643 0.009983	0.000000 0.000000	0.000000 0.000000	0.000000 0.000000	
2 10 100 1.110000	0.090346 0.009893	0.991824 0.001800	0.009392 0.005818	0.000000 0.000000	0.000000 0.000000	0.000000 0.000000	
2 10 100 1.120000	0.088294 0.009724	0.992189 0.001715	0.003812 0.007057	0.000000 0.000000	0.000000 0.000000	0.000000 0.000000	
2 10 100 1.130000	0.085534 0.009994	0.992669 0.001726	0.008291 0.009238	0.000000 0.000000	0.000000 0.000000	0.000000 0.000000	
2 10 100 1.140000	0.093593 0.009213	0.991229 0.001718	0.005583 0.009776	0.000000 0.000000	0.000000 0.000000	0.000000 0.000000	
2 10 100 1.150000	0.091957 0.009817	0.991533 0.001785	0.005368 0.009327	0.000000 0.000000	0.000000 0.000000	0.000000 0.000000	
2 10 100 1.160000	0.093204 0.009983	0.991300 0.001870	0.001186 0.003862	0.000000 0.000000	0.000000 0.000000	0.000000 0.000000	
2 10 100 1.170000	0.095469 0.009457	0.990870 0.001806	0.004377 0.008171	0.000000 0.000000	0.000000 0.000000	0.000000 0.000000	
2 10 100 1.180000	0.085065 0.009941	0.992749 0.001687	0.002541 0.008144	0.000000 0.000000	0.000000 0.000000	0.000000 0.000000	
2 10 100 1.190000	0.092859 0.006960	0.991372 0.001290	0.004052 0.009955	0.000000 0.000000	0.000000 0.000000	0.000000 0.000000	
2 10 100 1.200000	0.091342 0.009572	0.991646 0.001757	0.006701 0.007711	0.000000 0.000000	0.000000 0.000000	0.000000 0.000000	
2 10 100 1.210000	0.092146 0.009956	0.991497 0.001824	0.002924 0.005387	0.000000 0.000000	0.000000 0.000000	0.000000 0.000000	
2 10 100 1.220000	0.089752 0.009526	0.991934 0.001680	0.004203 0.006995	0.000000 0.000000	0.000000 0.000000	0.000000 0.000000	
2 10 100 1.230000	0.090350 0.009896	0.991823 0.001833	0.003483 0.005588	0.000000 0.000000	0.000000 0.000000	0.000000 0.000000	
2 10 100 1.240000	0.092230 0.009010	0.991479 0.001676	0.007898 0.009589	0.000000 0.000000	0.000000 0.000000	0.000000 0.000000	
2 10 100 1.250000	0.095011 0.009252	0.990961 0.001776	0.001763 0.008493	0.000000 0.000000	0.000000 0.000000	0.000000 0.000000	
2 10 100 1.260000	0.090562 0.008075	0.991787 0.001463	0.003432 0.009783	0.000000 0.000000	0.000000 0.000000	0.000000 0.000000	
2 10 100 1.270000	0.086354 0.009369	0.992531 0.001582	0.003037 0.008096	0.000000 0.000000	0.000000 0.000000	0.000000 0.000000	
2 10 100 1.280000	0.093830 0.009762	0.991179 0.001816	0.003753 0.008989	0.000000 0.000000	0.000000 0.000000	0.000000 0.000000	
2 10 100 1.290000	0.092274 0.009671	0.991471 0.001807	0.002865 0.007367	0.000000 0.000000	0.000000 0.000000	0.000000 0.000000	
2 10 100 1.300000	0.092899 0.007867	0.991363 0.001464	0.002908 0.009007	0.000000 0.000000	0.000000 0.000000	0.000000 0.000000	
2 10 100 1.310000	0.089543 0.006676	0.991976 0.001194	0.001470 0.004510	0.000000 0.000000	0.000000 0.000000	0.000000 0.000000	
2 10 100 1.320000	0.089456 0.008762	0.991988 0.001582	0.004690 0.007793	0.000000 0.000000	0.000000 0.000000	0.000000 0.000000	
2 10 100 1.330000	0.090175 0.009036	0.991860 0.001613	0.002510 0.007678	0.000000 0.000000	0.000000 0.000000	0.000000 0.000000	
2 10 100 1.340000	0.091072 0.009548	0.991695 0.001761	0.004358 0.003677	0.000000 0.000000	0.000000 0.000000	0.000000 0.000000	
2 10 100 1.350000	0.092457 0.009834	0.991439 0.001836	0.001543 0.006484	0.000000 0.000000	0.000000 0.000000	0.000000 0.000000	
2 10 100 1.360000	0.091629 0.009197	0.991595 0.001685	0.001468 0.003006	0.000000 0.000000	0.000000 0.000000	0.000000 0.000000	
2 10 100 1.370000	0.090860 0.009773	0.991732 0.001811	0.002821 0.004116	0.000000 0.000000	0.000000 0.000000	0.000000 0.000000	
2 10 100 1.380000	0.088124 0.009266	0.992221 0.001613	0.004578 0.009692	0.000000 0.000000	0.000000 0.000000	0.000000 0.000000	
2 10 100 1.390000	0.089993 0.008646	0.991892 0.001578	0.003443 0.008831	0.000000 0.000000	0.000000 0.000000	0.000000 0.000000	
2 10 100 1.400000	0.089184 0.009004	0.992033 0.001624	0.004399 0.009928	0.000000 0.000000	0.000000 0.000000	0.000000 0.000000	
2 10 100 1.410000	0.094217 0.009425	0.991109 0.001778	0.001901 0.008491	0.000000 0.000000	0.000000 0.000000	0.000000 0.000000	
2 10 100 1.420000	0.088677 0.009236	0.992126 0.001631	0.002316 0.004540	0.000000 0.000000	0.000000 0.000000	0.000000 0.000000	
2 10 100 1.430000	0.091650 0.005827	0.991596 0.001068	0.006605 0.008008	0.000000 0.000000	0.000000 0.000000	0.000000 0.000000	
2 10 100 1.440000	0.100846 0.005796	0.989825 0.001167	0.002827 0.007114	0.000000 0.000000	0.000000 0.000000	0.000000 0.000000	
2 10 100 1.450000	0.090522 0.009913	0.991790 0.001791	0.003400 0.009508	0.000000 0.000000	0.000000 0.000000	0.000000 0.000000	
2 10 100 1.460000	0.093016 0.009895	0.991336 0.001830	0.000841 0.004776	0.000000 0.000000	0.000000 0.000000	0.000000 0.000000	
2 10 100 1.470000	0.089962 0.009955	0.991895 0.001803	0.001364 0.004503	0.000000 0.000000	0.000000 0.000000	0.000000 0.000000	
2 10 100 1.480000	0.090823 0.009858	0.991737 0.001809	0.000500 0.002502	0.000000 0.000000	0.000000 0.000000	0.000000 0.000000	
2 10 100 1.490000	0.087151 0.009260	0.992393 0.001592	0.000000 0.000000	0.000000 0.000000	0.000000 0.000000	0.001399 0.006997	
2 10 100 1.500000	0.084609 0.009567	0.992823 0.001601	0.003423 0.007295	0.000000 0.000000	0.000000 0.000000	0.000000 0.000000	
2 10 100 1.510000	0.085753 0.008391	0.992635 0.001431	0.000375 0.001874	0.000000 0.000000	0.000000 0.000000	0.000000 0.000000	
2 10 100 1.520000	0.087935 0.008761	0.992255 0.001549	0.002034 0.003974	0.000000 0.000000	0.000000 0.000000	0.000000 0.000000	
2 10 100 1.530000	0.092023 0.008359	0.991518 0.001554	0.001085 0.002847	0.000000 0.000000	0.000000 0.000000	0.000000 0.000000	
2 10 100 1.540000	0.090776 0.009885	0.991744 0.001813	0.001639 0.004741	0.000000 0.000000	0.000000 0.000000	0.000000 0.000000	
2 10 100 1.550000	0.089005 0.009166	0.992067 0.001641	0.002180 0.005113	0.000000 0.000000	0.000000 0.000000	0.000000 0.000000	
2 10 100 1.560000	0.091324 0.009921	0.991644 0.001813	0.000505 0.002267	0.000000 0.000000	0.000000 0.000000	0.000000 0.000000	
2 10 100 1.570000	0.089357 0.009904	0.992004 0.001740	0.003493 0.009374	0.000000 0.000000	0.000000 0.000000	0.000000 0.000000	
2 10 100 1.580000	0.097849 0.009462	0.990410 0.001854	0.001967 0.005151	0.000000 0.000000	0.000000 0.000000	0.000000 0.000000	
2 10 100 1.590000	0.083757 0.008768	0.992974 0.001487	0.003206 0.008984	0.001087 0.005434	0.000000 0.000000	0.000000 0.000000	
2 10 100 1.600000	0.089872 0.009754	0.991909 0.001752	0.002947 0.007076	0.000000 0.000000	0.000000 0.000000	0.000000 0.000000	
2 10 100 1.610000	0.087435 0.007138	0.992347 0.001251	0.000925 0.006416	0.000000 0.000000	0.000166 0.000831	0.001141 0.005707	
2 10 100 1.620000	0.097022 0.009038	0.990573 0.001748	0.002446 0.008426	0.000000 0.000000	0.000000 0.000000	0.000000 0.000000	
2 10 100 1.630000	0.094035 0.009889	0.991141 0.001857	0.000679 0.003394	0.000000 0.000000	0.000000 0.000000	0.000000 0.000000	
2 10 100 1.640000	0.090817 0.009189	0.991737 0.001673	0.000252 0.001262	0.000000 0.000000	0.000000 0.000000	0.000000 0.000000	
2 10 100 1.650000	0.084887 0.008372	0.992785 0.001429	0.001962 0.007346	0.000000 0.000000	0.000000 0.000000	0.000000 0.000000	
2 10 100 1.660000	0.092416 0.009680	0.991447 0.001794	0.001371 0.006853	0.000000 0.000000	0.000000 0.000000	0.000000 0.000000	
2 10 100 1.670000	0.096123 0.003025	0.990759 0.000579	0.002953 0.005896	0.000000 0.000000	0.000000 0.000000	0.000000 0.000000	
2 10 100 1.680000	0.090799 0.008976	0.991743 0.001624	0.001535 0.004455	0.000000 0.000000	0.000000 0.000000	0.000000 0.000000	
2 10 100 1.690000	0.090932 0.009771	0.991718 0.001825	0.000000 0.000000	0.000000 0.000000	0.000000 0.000000	0.000000 0.000000	
2 10 100 1.700000	0.090708 0.008304	0.991764 0.001502	0.000401 0.002004	0.000000 0.000000	0.000000 0.000000	0.000000 0.000000	
2 10 100 1.710000	0.098893 0.008551	0.990208 0.001679	0.000973 0.004864	0.000000 0.000000	0.000567 0.002834	0.000000 0.000000	
2 10 100 1.720000	0.089371 0.009646	0.992000 0.001726	0.002213 0.007056	0.000000 0.000000	0.000000 0.000000	0.000000 0.000000	
2 10 100 1.730000	0.092851 0.009667	0.991366 0.001779	0.000428 0.001455	0.000000 0.000000	0.000000 0.000000	0.000000 0.000000	
2 10 100 1.740000	0.088085 0.008327	0.992234 0.001471	0.000668 0.003112	0.000000 0.000000	0.000000 0.000000	0.000000 0.000000	
2 10 100 1.750000	0.088853 0.009849	0.992090 0.001768	0.001641 0.007823	0.000000 0.000000	0.000000 0.000000	0.000000 0.000000	
2 10 100 1.760000	0.092633 0.009807	0.991404 0.001849	0.000192 0.000960	0.000000 0.000000	0.000000 0.000000	0.000000 0.000000	
2 10 100 1.770000	0.091870 0.009759	0.991544 0.001816	0.000876 0.002797	0.000000 0.000000	0.000000 0.000000	0.000000 0.000000	
2 10 100 1.780000	0.090271 0.004907	0.991849 0.000885	0.002462 0.007109	0.000000 0.000000	0.000000 0.000000	0.000000 0.000000	
2 10 100 1.790000	0.092780 0.009346	0.991380 0.001699	0.003081 0.008628	0.000000 0.000000	0.000000 0.000000	0.000000 0.000000	
2 10 100 1.800000	0.090905 0.009531	0.991723 0.001722	0.000650 0.003248	0.000000 0.000000	0.000000 0.000000	0.000000 0.000000	
2 10 100 1.810000	0.088604 0.009605	0.992138 0.001668	0.000465 0.001644	0.000000 0.000000	0.000000 0.000000	0.000000 0.000000	
2 10 100 1.820000	0.088172 0.009308	0.992210 0.001653	0.002195 0.006611	0.000000 0.000000	0.000000 0.000000	0.000000 0.000000	
2 10 100 1.830000	0.089618 0.008888	0.991959 0.001586	0.004409 0.009395	0.000000 0.000000	0.000000 0.000000	0.000000 0.000000	
2 10 100 1.840000	0.090042 0.009918	0.991882 0.001797	0.001330 0.006650	0.000000 0.000000	0.000000 0.000000	0.000000 0.000000	
2 10 100 1.850000	0.087266 0.007643	0.992377 0.001320	0.001481 0.003945	0.000000 0.000000	0.000000 0.000000	0.000000 0.000000	
2 10 100 1.860000	0.084070 0.007520	0.992924 0.001283	0.001407 0.005563	0.000000 0.000000	0.001059 0.005294	0.000000 0.000000	
2 10 100 1.870000	0.095285 0.009754	0.990907 0.001872	0.001034 0.005169	0.000000 0.000000	0.000000 0.000000	0.000000 0.000000	
2 10 100 1.880000	0.089051 0.009971	0.992056 0.001774	0.000458 0.002290	0.000000 0.000000	0.000000 0.000000	0.000000 0.000000	
2 10 100 1.890000	0.088909 0.008718	0.992084 0.001561	0.000508 0.002538	0.000000 0.000000	0.000000 0.000000	0.000000 0.000000	
2 10 100 1.900000	0.084567 0.008919	0.992837 0.001506	0.002117 0.006357	0.000000 0.000000	0.000000 0.000000	0.000000 0.000000	
2 10 100 1.910000	0.096799 0.009879	0.990617 0.001920	0.001340 0.003082	0.000000 0.000000	0.000000 0.000000	0.000000 0.000000	
2 10 100 1.920000	0.087930 0.009406	0.992259 0.001641	0.001981 0.005131	0.000000 0.000000	0.000000 0.000000	0.000000 0.000000	
2 10 100 1.930000	0.088806 0.009885	0.992097 0.001767	-0.000018 0.000091	0.000000 0.000000	0.000000 0.000000	0.000000 0.000000	
2 10 100 1.940000	0.092121 0.009165	0.991497 0.001707	0.001945 0.006338	0.000000 0.000000	0.000000 0.000000	0.000228 0.001140	
2 10 100 1.950000	0.092121 0.009165	0.991497 0.001707	0.001945 0.006338	0.000000 0.000000	0.000000 0.000000	0.000228 0.001140	
2 10 100 1.960000	0.089905 0.009878	0.991902 0.001722	0.000000 0.000000	0.000000 0.000000	0.000000 0.000000	0.000000 0.000000	
2 10 100 1.970000	0.092646 0.009103	0.991407 0.001697	0.003235 0.006089	0.000000 0.000000	0.000000 0.000000	0.000000 0.000000	
2 10 100 1.980000	0.102537 0.007635	0.989478 0.001568	0.000621 0.003105	0.000000 0.000000	0.000000 0.000000	0.000000 0.000000	
2 10 100 1.990000	0.093268 0.009873	0.991285 0.001825	0.001499 0.007493	0.000000 0.000000	0.000000 0.000000	0.000000 0.000000	
2 10 100 2.000000	0.090622 0.009841	0.991776 0.001813	0.000283 0.001083	0.000000 0.000000	0.000000 0.000000	0.000000 0.000000	
2 10 100 2.010000	0.089256 0.009782	0.992016 0.001750	0.000000 0.000000	0.000000 0.000000	0.000000 0.000000	0.000000 0.000000	
2 10 100 2.020000	0.089985 0.009017	0.991892 0.001601	0.000515 0.001464	0.000000 0.000000	0.000000 0.000000	0.000000 0.000000	
2 10 100 2.030000	0.087743 0.009932	0.992288 0.001739	0.000868 0.004342	0.000000 0.000000	0.000000 0.000000	0.000000 0.000000	
2 10 100 2.040000	0.092814 0.009934	0.991368 0.001855	0.000000 0.000000	0.000000 0.000000	0.000000 0.000000	0.000000 0.000000	
2 10 100 2.050000	0.096418 0.009802	0.990690 0.001863	0.000000 0.000000	0.000000 0.000000	0.000000 0.000000	0.000000 0.000000	
2 10 100 2.060000	0.085115 0.009762	0.992744 0.001643	0.001380 0.004412	0.000000 0.000000	0.000000 0.000000	0.000000 0.000000	
2 10 100 2.070000	0.087504 0.008814	0.992334 0.001565	0.000469 0.001885	0.000000 0.000000	0.000000 0.000000	0.000000 0.000000	
2 10 100 2.080000	0.085768 0.007839	0.992635 0.001351	0.001416 0.007081	0.000000 0.000000	0.000117 0.000584	0.000000 0.000000	
2 10 100 2.090000	0.087251 0.009653	0.992374 0.001714	0.000811 0.003534	0.000000 0.000000	0.000000 0.000000	0.000000 0.000000	
2 10 100 2.100000	0.090192 0.009224	0.991853 0.001624	0.001550 0.004898	-0.000064 0.000319	0.000000 0.000000	0.000000 0.000000	
2 10 100 2.110000	0.083107 0.009882	0.993080 0.001671	0.001113 0.005564	0.000000 0.000000	0.000000 0.000000	0.000000 0.000000	
2 10 100 2.120000	0.090754 0.009872	0.991753 0.001779	0.002388 0.007615	0.000000 0.000000	0.000000 0.000000	0.000000 0.000000	
2 10 100 2.130000	0.090157 0.007759	0.991863 0.001405	0.001336 0.006678	0.000000 0.000000	0.000000 0.000000	0.000000 0.000000	
2 10 100 2.140000	0.091317 0.009316	0.991646 0.001697	0.002057 0.007425	0.000000 0.000000	0.000000 0.000000	0.000000 0.000000	
2 10 100 2.150000	0.087843 0.009113	0.992273 0.001632	0.000838 0.004191	0.000000 0.000000	0.000000 0.000000	0.000000 0.000000	
2 10 100 2.160000	0.092774 0.009833	0.991380 0.001788	0.002201 0.006121	0.000000 0.000000	0.000000 0.000000	0.000000 0.000000	
2 10 100 2.170000	0.091747 0.009549	0.991573 0.001753	0.000097 0.000483	0.000000 0.000000	0.000000 0.000000	0.000000 0.000000	
2 10 100 2.180000	0.086506 0.009872	0.992504 0.001694	0.000000 0.000000	0.000293 0.001467	0.000000 0.000000	0.000023 0.000116	
2 10 100 2.190000	0.085373 0.009328	0.992699 0.001577	0.002535 0.003988	0.000000 0.000000	0.000000 0.000000	0.000000 0.000000	
2 10 100 2.200000	0.086294 0.009156	0.992538 0.001591	0.000272 0.001362	0.000073 0.000365	0.000000 0.000000	0.000000 0.000000	
2 10 100 2.210000	0.092002 0.006078	0.991531 0.001113	0.000000 0.000000	0.000000 0.000000	0.000000 0.000000	0.000454 0.002271	
2 10 100 2.220000	0.093575 0.009583	0.991234 0.001796	0.000000 0.000000	0.000000 0.000000	0.000000 0.000000	0.000000 0.000000	
2 10 100 2.230000	0.086837 0.007187	0.992452 0.001264	0.000000 0.000000	0.000000 0.000000	0.000679 0.003393	0.000000 0.000000	
2 10 100 2.240000	0.091989 0.009717	0.991523 0.001805	0.000000 0.000000	0.000000 0.000000	0.000000 0.000000	0.000000 0.000000	
2 10 100 2.250000	0.089733 0.009967	0.991934 0.001812	0.000042 0.000209	0.000000 0.000000	0.000000 0.000000	0.000000 0.000000	
2 10 100 2.260000	0.086294 0.008957	0.992543 0.001562	0.001174 0.005869	0.001754 0.008768	0.000763 0.003813	0.000000 0.000000	
2 10 100 2.270000	0.084204 0.009144	0.992895 0.001531	0.000227 0.001137	0.000000 0.000000	0.000000 0.000000	0.000000 0.000000	
2 10 100 2.280000	0.089288 0.007141	0.992022 0.001276	0.000000 0.000000	0.000000 0.000000	0.000000 0.000000	0.000000 0.000000	
2 10 100 2.290000	0.088074 0.009759	0.992233 0.001715	0.000574 0.002869	0.000000 0.000000	0.000000 0.000000	0.000000 0.000000	
2 10 100 2.300000	0.084359 0.008020	0.992875 0.001365	0.001768 0.008842	0.000000 0.000000	0.000854 0.004270	0.000000 0.000000	
2 10 100 2.310000	0.091038 0.009645	0.991698 0.001749	0.000177 0.000883	0.000000 0.000000	0.000000 0.000000	0.000000 0.000000	
2 10 100 2.320000	0.089408 0.009591	0.991993 0.001694	0.000492 0.002459	0.000000 0.000000	0.000000 0.000000	0.000000 0.000000	
2 10 100 2.330000	0.089408 0.009591	0.991993 0.001694	0.000492 0.002459	0.000000 0.000000	0.000000 0.000000	0.000000 0.000000	
2 10 100 2.340000	0.088123 0.009721	0.992222 0.001741	0.003225 0.009347	0.000000 0.000000	0.000000 0.000000	0.000000 0.000000	
2 10 100 2.350000	0.092742 0.009970	0.991384 0.001861	0.000193 0.000963	0.000000 0.000000	0.000000 0.000000	0.000000 0.000000	
2 10 100 2.360000	0.090839 0.009775	0.991736 0.001756	0.000193 0.000963	0.000000 0.000000	0.000000 0.000000	0.000000 0.000000	
2 10 100 2.370000	0.090841 0.009067	0.991736 0.001660	0.000000 0.000000	0.000000 0.000000	0.000000 0.000000	0.000000 0.000000	
2 10 100 2.380000	0.090040 0.009508	0.991881 0.001680	0.000000 0.000000	0.000000 0.000000	0.000000 0.000000	0.000000 0.000000	
2 10 100 2.390000	0.082688 0.008969	0.993151 0.001475	0.000000 0.000000	0.000000 0.000000	0.000000 0.000000	0.000000 0.000000	
2 10 100 2.400000	0.086174 0.009327	0.992563 0.001624	0.000833 0.004048	0.000308 0.001539	0.000000 0.000000	0.000000 0.000000	
2 10 100 2.410000	0.088299 0.009429	0.992192 0.001635	0.000000 0.000000	0.000000 0.000000	0.000000 0.000000	0.000000 0.000000	
2 10 100 2.420000	0.095227 0.009511	0.990920 0.001818	0.000216 0.000625	0.000000 0.000000	0.000000 0.000000	0.000000 0.000000	
2 10 100 2.430000	0.086172 0.008690	0.992564 0.001525	0.000453 0.001925	0.000000 0.000000	0.000000 0.000000	0.000000 0.000000	
2 10 100 2.440000	0.088180 0.009958	0.992213 0.001744	0.000000 0.000000	0.000000 0.000000	0.000000 0.000000	0.000000 0.000000	
2 10 100 2.450000	0.089021 0.009771	0.992062 0.001744	0.000000 0.000000	0.000000 0.000000	0.000000 0.000000	0.000000 0.000000	
2 10 100 2.460000	0.087346 0.009713	0.992360 0.001694	0.000787 0.003934	0.000000 0.000000	0.000000 0.000000	0.000000 0.000000	
2 10 100 2.470000	0.088392 0.009372	0.992177 0.001658	0.000000 0.000000	0.000000 0.000000	0.000000 0.000000	0.000000 0.000000	
2 10 100 2.480000	0.090618 0.007201	0.991783 0.001308	0.000000 0.000000	0.000000 0.000000	0.000000 0.000000	0.000000 0.000000	
2 10 100 2.490000	0.094063 0.006481	0.991148 0.001221	0.000315 0.001052	0.000000 0.000000	0.000000 0.000000	0.000000 0.000000	
2 10 100 2.500000	0.084203 0.008999	0.992896 0.001517	0.000424 0.001634	0.000000 0.000000	0.000000 0.000000	0.000268 0.001342	
2 10 100 2.510000	0.073658 0.009979	0.994557 0.001481	-0.000010 0.001838	0.001395 0.005030	0.000766 0.003832	0.000000 0.000000	
2 10 100 2.520000	0.073658 0.009979	0.994557 0.001481	-0.000010 0.001838	0.001395 0.005030	0.000766 0.003832	0.000000 0.000000	
2 10 100 2.530000	0.089929 0.009222	0.991902 0.001680	0.000000 0.000000	0.000000 0.000000	0.000000 0.000000	0.000000 0.000000	
2 10 100 2.540000	0.085385 0.008694	0.992697 0.001479	0.000000 0.000000	0.000000 0.000000	0.000000 0.000000	0.000000 0.000000	
2 10 100 2.550000	0.091671 0.008584	0.991585 0.001578	0.000291 0.001457	0.000000 0.000000	0.000000 0.000000	0.000090 0.000448	
2 10 100 2.560000	0.088543 0.009779	0.992148 0.001737	0.000000 0.000000	0.000000 0.000000	0.000000 0.000000	0.000000 0.000000	
2 10 100 2.570000	0.087901 0.008426	0.992266 0.001497	0.000939 0.004694	0.000000 0.000000	0.000000 0.000000	0.000000 0.000000	
2 10 100 2.580000	0.084793 0.009377	0.992797 0.001563	0.000354 0.001769	0.000000 0.000000	0.000000 0.000000	0.000000 0.000000	
2 10 100 2.590000	0.090576 0.007269	0.991789 0.001336	0.002224 0.006434	0.000000 0.000000	0.000000 0.000000	0.000000 0.000000	
2 10 100 2.600000	0.092849 0.007410	0.991372 0.001393	0.000110 0.000552	0.000113 0.000567	0.000000 0.000000	0.000000 0.000000	
2 10 100 2.610000	0.077709 0.008463	0.993952 0.001330	0.000398 0.001321	0.000000 0.000000	0.000000 0.000000	0.000781 0.003907	
2 10 100 2.620000	0.091325 0.008075	0.991649 0.001472	0.000000 0.000000	0.000000 0.000000	0.000000 0.000000	0.000000 0.000000	
2 10 100 2.630000	0.090980 0.007988	0.991715 0.001464	0.001674 0.008368	0.000000 0.000000	0.000000 0.000000	0.000000 0.000000	
2 10 100 2.640000	0.088576 0.009367	0.992143 0.001679	0.002474 0.007802	0.000000 0.000000	0.000000 0.000000	0.000000 0.000000	
2 10 100 2.650000	0.093054 0.009508	0.991330 0.001750	0.000236 0.001179	0.000000 0.000000	0.000000 0.000000	0.000000 0.000000	
2 10 100 2.660000	0.092786 0.008994	0.991380 0.001681	0.000867 0.004333	0.000000 0.000000	0.000000 0.000000	0.000000 0.000000	
2 10 100 2.670000	0.094342 0.009926	0.991088 0.001853	0.000000 0.000000	0.000000 0.000000	0.000000 0.000000	0.000000 0.000000	
2 10 100 2.680000	0.085071 0.009864	0.992743 0.001689	0.000788 0.003940	0.000000 0.000000	0.000000 0.000000	0.000000 0.000000	
2 10 100 2.690000	0.081334 0.009616	0.993369 0.001566	0.000000 0.000000	0.000000 0.000000	0.000000 0.000000	0.000000 0.000000	
2 10 100 2.700000	0.090143 0.009779	0.991862 0.001789	0.000000 0.000000	0.000000 0.000000	0.000000 0.000000	0.000000 0.000000	
2 10 100 2.710000	0.092711 0.009796	0.991390 0.001785	0.000000 0.000000	0.000000 0.000000	0.000000 0.000000	0.000000 0.000000	
2 10 100 2.720000	0.087111 0.009848	0.992400 0.001714	0.002236 0.005620	0.000000 0.000000	0.000000 0.000000	0.000000 0.000000	
2 10 100 2.730000	0.088699 0.009773	0.992118 0.001719	0.000247 0.001235	0.000000 0.000000	0.000000 0.000000	0.000000 0.000000	
2 10 100 2.740000	0.093595 0.009140	0.991231 0.001716	0.000000 0.000000	0.000000 0.000000	0.000000 0.000000	-0.000042 0.000208	
2 10 100 2.750000	0.093595 0.009140	0.991231 0.001716	0.000000 0.000000	0.000000 0.000000	0.000000 0.000000	-0.000042 0.000208	
2 10 100 2.760000	0.087613 0.009864	0.992311 0.001762	0.001060 0.003972	0.000000 0.000000	0.000000 0.000000	0.000000 0.000000	
2 10 100 2.770000	0.084150 0.009907	0.992904 0.001687	0.000184 0.000919	0.000000 0.000000	0.000000 0.000000	0.000000 0.000000	
2 10 100 2.780000	0.091222 0.008851	0.991664 0.001638	0.000000 0.000000	0.000000 0.000000	0.000000 0.000000	0.000000 0.000000	
2 10 100 2.790000	0.090926 0.004722	0.991729 0.000857	0.001428 0.007138	0.000000 0.000000	0.000000 0.000000	0.000000 0.000000	
2 10 100 2.800000	0.086602 0.009524	0.992487 0.001639	0.000172 0.000858	0.000000 0.000000	0.000000 0.000000	0.000000 0.000000	
2 10 100 2.810000	0.083841 0.006547	0.992965 0.001104	0.000285 0.001424	0.000000 0.000000	0.000000 0.000000	0.000000 0.000000	
2 10 100 2.820000	0.092126 0.008673	0.991503 0.001567	0.000000 0.000000	0.000000 0.000000	0.000000 0.000000	0.000000 0.000000	
2 10 100 2.830000	0.095427 0.009760	0.990878 0.001870	0.000000 0.000000	0.000000 0.000000	0.000000 0.000000	0.000000 0.000000	
2 10 100 2.840000	0.089249 0.009856	0.992022 0.001750	0.000473 0.002366	0.000000 0.000000	0.000000 0.000000	0.000000 0.000000	
2 10 100 2.850000	0.087373 0.009986	0.992352 0.001742	0.000000 0.000000	0.000000 0.000000	0.000000 0.000000	0.000000 0.000000	
2 10 100 2.860000	0.086590 0.009909	0.992490 0.001703	0.000000 0.000000	0.000000 0.000000	0.000000 0.000000	0.000000 0.000000	
2 10 100 2.870000	0.087647 0.009624	0.992305 0.001683	0.000702 0.002747	0.000000 0.000000	0.000000 0.000000	0.000000 0.000000	
2 10 100 2.880000	0.090443 0.009644	0.991806 0.001757	0.000000 0.000000	0.000000 0.000000	0.000000 0.000000	0.000000 0.000000	
2 10 100 2.890000	0.093663 0.006683	0.991222 0.001238	0.000426 0.002132	0.000000 0.000000	0.000000 0.000000	0.000000 0.000000	
2 10 100 2.900000	0.089791 0.009552	0.991925 0.001704	0.000000 0.000000	0.000000 0.000000	0.000000 0.000000	0.000000 0.000000	
2 10 100 2.910000	0.095479 0.009487	0.990871 0.001811	0.000000 0.000000	0.000000 0.000000	0.000000 0.000000	0.000000 0.000000	
2 10 100 2.920000	0.091849 0.009557	0.991551 0.001739	0.000502 0.002509	0.000000 0.000000	0.000000 0.000000	0.000000 0.000000	
2 10 100 2.930000	0.083990 0.009425	0.992931 0.001585	0.000456 0.002281	0.000000 0.000000	0.000000 0.000000	0.000000 0.000000	
2 10 100 2.940000	0.083762 0.009143	0.992969 0.001516	0.000858 0.004288	0.000000 0.000000	0.000000 0.000000	0.000000 0.000000	
2 10 100 2.950000	0.086228 0.009763	0.992551 0.001672	0.000000 0.000000	0.000000 0.000000	0.000000 0.000000	0.000869 0.004347	
2 10 100 2.960000	0.079503 0.009866	0.993660 0.001552	0.000782 0.003908	0.000000 0.000000	0.000000 0.000000	0.000000 0.000000	
2 10 100 2.970000	0.085553 0.009430	0.992667 0.001611	0.000000 0.000000	0.000000 0.000000	0.000000 0.000000	0.000000 0.000000	
2 10 100 2.980000	0.086884 0.009536	0.992436 0.001642	0.000000 0.000000	0.000000 0.000000	0.000000 0.000000	0.000000 0.000000	
2 10 100 2.990000	0.083144 0.009600	0.993069 0.001589	0.000000 0.000000	0.000000 0.000000	0.000000 0.000000	0.000000 0.000000	
2 10 100 3.000000	0.093648 0.009730	0.991217 0.001782	0.000000 0.000000	0.000000 0.000000	0.000000 0.000000	0.000000 0.000000	
2 10 100 3.010000	0.089465 0.007366	0.991987 0.001302	0.001907 0.009535	0.000000 0.000000	0.001162 0.005811	0.000000 0.000000	
2 10 100 3.020000	0.088068 0.009413	0.992233 0.001667	0.002429 0.005528	0.000000 0.000000	0.000000 0.000000	0.000000 0.000000	
2 10 100 3.030000	0.092540 0.009481	0.991422 0.001749	0.000000 0.000000	0.000000 0.000000	0.000000 0.000000	0.000000 0.000000	
2 10 100 3.040000	0.091109 0.009666	0.991687 0.001735	0.000000 0.000000	0.000000 0.000000	0.000000 0.000000	0.000000 0.000000	
2 10 100 3.050000	0.088347 0.009974	0.992182 0.001748	0.000000 0.000000	0.000199 0.000995	0.000000 0.000000	0.000000 0.000000	
2 10 100 3.060000	0.087616 0.009747	0.992312 0.001693	0.000469 0.002344	0.000000 0.000000	0.000000 0.000000	0.000000 0.000000	
2 10 100 3.070000	0.105331 0.009121	0.988897 0.001917	0.000000 0.000000	0.000000 0.000000	0.000000 0.000000	0.000000 0.000000	
2 10 100 3.080000	0.105331 0.009121	0.988897 0.001917	0.000000 0.000000	0.000000 0.000000	0.000000 0.000000	0.000000 0.000000	
2 10 100 3.090000	0.090447 0.008472	0.991809 0.001539	0.001026 0.005128	0.000000 0.000000	0.000000 0.000000	0.000000 0.000000	
2 10 100 3.100000	0.088008 0.008749	0.992243 0.001547	0.000279 0.001396	0.000000 0.000000	0.000000 0.000000	0.000000 0.000000	
2 10 100 3.110000	0.094993 0.009255	0.990963 0.001750	0.000000 0.000000	0.000000 0.000000	0.000000 0.000000	0.000000 0.000000	
2 10 100 3.120000	0.081194 0.008194	0.993395 0.001331	0.000144 0.000510	0.000000 0.000000	0.000651 0.003253	0.000000 0.000000	
2 10 100 3.130000	0.088515 0.009694	0.992153 0.001734	0.000000 0.000000	0.000000 0.000000	0.000000 0.000000	0.000000 0.000000	
2 10 100 3.140000	0.085919 0.009597	0.992606 0.001645	0.000000 0.000000	0.000000 0.000000	0.000000 0.000000	0.000000 0.000000	
2 10 100 3.150000	0.092385 0.008641	0.991456 0.001578	0.000000 0.000000	0.000000 0.000000	0.000000 0.000000	0.000000 0.000000	
2 10 100 3.160000	0.092385 0.008641	0.991456 0.001578	0.000000 0.000000	0.000000 0.000000	0.000000 0.000000	0.000000 0.000000	
2 10 100 3.170000	0.089702 0.008866	0.991941 0.001567	0.000000 0.000000	0.000000 0.000000	0.000000 0.000000	0.000000 0.000000	
2 10 100 3.180000	0.085398 0.008165	0.992697 0.001387	0.000563 0.002813	0.000000 0.000000	0.000000 0.000000	0.000000 0.000000	
2 10 100 3.190000	0.085726 0.008144	0.992641 0.001386	0.000551 0.002155	0.000000 0.000000	0.000041 0.000205	0.000000 0.000000	
2 10 100 3.200000	0.088916 0.009931	0.992081 0.001775	0.000652 0.003262	0.000000 0.000000	0.000000 0.000000	0.000000 0.000000	
2 10 100 3.210000	0.090435 0.009474	0.991812 0.001697	0.000948 0.005723	0.000000 0.000000	0.000000 0.000000	0.000000 0.000000	
2 10 100 3.220000	0.086627 0.009221	0.992482 0.001618	0.001302 0.004094	0.000000 0.000000	0.000000 0.000000	0.000000 0.000000	
2 10 100 3.230000	0.087624 0.008821	0.992314 0.001547	0.000510 0.002552	0.000000 0.000000	0.000000 0.000000	0.000000 0.000000	
2 10 100 3.240000	0.084514 0.008973	0.992842 0.001526	0.000000 0.000000	0.000000 0.000000	0.000000 0.000000	0.000000 0.000000	
2 10 100 3.250000	0.086252 0.008340	0.992552 0.001444	0.000000 0.000000	0.000000 0.000000	0.001673 0.008363	0.000000 0.000000	
2 10 100 3.260000	0.086252 0.008340	0.992552 0.001444	0.000000 0.000000	0.000000 0.000000	0.001673 0.008363	0.000000 0.000000	
2 10 100 3.270000	0.086252 0.008340	0.992552 0.001444	0.000000 0.000000	0.000000 0.000000	0.001673 0.008363	0.000000 0.000000	
2 10 100 3.280000	0.086252 0.008340	0.992552 0.001444	0.000000 0.000000	0.000000 0.000000	0.001673 0.008363	0.000000 0.000000	
2 10 100 3.290000	0.087098 0.009963	0.992400 0.001700	0.000000 0.000000	0.000000 0.000000	0.000000 0.000000	0.000000 0.000000	
2 10 100 3.300000	0.088097 0.009788	0.992226 0.001705	0.000000 0.000000	0.000000 0.000000	0.000000 0.000000	0.000000 0.000000	
2 10 100 3.310000	0.086604 0.009792	0.992486 0.001728	0.000890 0.002330	0.000000 0.000000	0.000000 0.000000	0.000000 0.000000	
2 10 100 3.320000	0.086604 0.009792	0.992486 0.001728	0.000890 0.002330	0.000000 0.000000	0.000000 0.000000	0.000000 0.000000	
2 10 100 3.330000	0.095298 0.009713	0.990904 0.001857	0.000000 0.000000	0.000000 0.000000	0.000000 0.000000	0.000000 0.000000	
2 10 100 3.340000	0.090427 0.009240	0.991811 0.001707	0.000000 0.000000	0.000000 0.000000	0.000000 0.000000	0.000000 0.000000	
2 10 100 3.350000	0.085665 0.009358	0.992645 0.001604	0.000000 0.000000	0.000000 0.000000	0.000000 0.000000	0.000000 0.000000	
2 10 100 3.360000	0.086094 0.008087	0.992580 0.001401	0.000000 0.000000	0.000000 0.000000	0.000000 0.000000	0.000000 0.000000	
2 10 100 3.370000	0.086094 0.008087	0.992580 0.001401	0.000000 0.000000	0.000000 0.000000	0.000000 0.000000	0.000000 0.000000	
2 10 100 3.380000	0.089743 0.008894	0.991938 0.001597	0.000000 0.000000	0.000000 0.000000	0.000000 0.000000	0.000000 0.000000	
2 10 100 3.390000	0.091718 0.009629	0.991573 0.001781	0.000000 0.000000	0.000000 0.000000	0.000000 0.000000	0.000000 0.000000	
2 10 100 3.400000	0.089280 0.009384	0.992017 0.001663	0.000000 0.000000	0.000000 0.000000	0.000000 0.000000	0.000000 0.000000	
2 10 100 3.410000	0.084861 0.009510	0.992786 0.001589	0.000000 0.000000	0.000000 0.000000	0.000000 0.000000	0.000000 0.000000	
2 10 100 3.420000	0.089873 0.009426	0.991909 0.001692	0.000000 0.000000	0.000000 0.000000	0.000000 0.000000	0.000000 0.000000	
2 10 100 3.430000	0.092125 0.008861	0.991502 0.001605	0.000831 0.003605	0.000000 0.000000	0.000000 0.000000	0.000000 0.000000	
2 10 100 3.440000	0.091538 0.009966	0.991608 0.001847	0.000000 0.000000	0.000000 0.000000	0.000000 0.000000	0.000000 0.000000	
2 10 100 3.450000	0.090231 0.009181	0.991847 0.001675	0.000000 0.000000	0.000000 0.000000	0.000000 0.000000	0.000000 0.000000	
2 10 100 3.460000	0.089642 0.009810	0.991952 0.001750	0.000000 0.000000	0.000000 0.000000	0.000000 0.000000	0.000000 0.000000	
2 10 100 3.470000	0.090392 0.009956	0.991818 0.001824	0.000000 0.000000	0.000000 0.000000	0.000000 0.000000	0.000000 0.000000	
2 10 100 3.480000	0.090392 0.009956	0.991818 0.001824	0.000000 0.000000	0.000000 0.000000	0.000000 0.000000	0.000000 0.000000	
2 10 100 3.490000	0.090392 0.009956	0.991818 0.001824	0.000000 0.000000	0.000000 0.000000	0.000000 0.000000	0.000000 0.000000	
2 10 100 3.500000	0.090392 0.009956	0.991818 0.001824	0.000000 0.000000	0.000000 0.000000	0.000000 0.000000	0.000000 0.000000	
2 10 100 3.510000	0.085298 0.008099	0.992715 0.001398	0.000739 0.001934	0.000387 0.001934	0.000105 0.000527	0.000000 0.000000	
2 10 100 3.520000	0.086914 0.009929	0.992436 0.001726	0.000000 0.000000	0.000000 0.000000	0.000000 0.000000	0.000000 0.000000	
2 10 100 3.530000	0.087683 0.009174	0.992301 0.001583	0.000000 0.000000	0.000000 0.000000	0.000000 0.000000	0.000000 0.000000	
2 10 100 3.540000	0.087823 0.008416	0.992277 0.001478	0.000000 0.000000	0.000000 0.000000	0.000000 0.000000	0.000000 0.000000	
2 10 100 3.550000	0.087823 0.008416	0.992277 0.001478	0.000000 0.000000	0.000000 0.000000	0.000000 0.000000	0.000000 0.000000	
2 10 100 3.560000	0.084915 0.009925	0.992775 0.001680	0.000000 0.000000	0.000000 0.000000	0.000000 0.000000	0.000000 0.000000	
2 10 100 3.570000	0.090833 0.009516	0.991735 0.001701	0.000587 0.002937	0.000000 0.000000	0.000000 0.000000	0.000000 0.000000	
2 10 100 3.580000	0.090833 0.009516	0.991735 0.001701	0.000587 0.002937	0.000000 0.000000	0.000000 0.000000	0.000000 0.000000	
2 10 100 3.590000	0.090833 0.009516	0.991735 0.001701	0.000587 0.002937	0.000000 0.000000	0.000000 0.000000	0.000000 0.000000	
2 10 100 3.600000	0.090833 0.009516	0.991735 0.001701	0.000587 0.002937	0.000000 0.000000	0.000000 0.000000	0.000000 0.000000	
2 10 100 3.610000	0.090833 0.009516	0.991735 0.001701	0.000587 0.002937	0.000000 0.000000	0.000000 0.000000	0.000000 0.000000	
2 10 100 3.620000	0.085218 0.007592	0.992727 0.001294	0.001772 0.008859	0.000000 0.000000	0.000688 0.003440	0.000000 0.000000	
2 10 100 3.630000	0.085135 0.008245	0.992740 0.001400	0.001772 0.008859	0.000000 0.000000	0.000716 0.003578	0.000000 0.000000	
2 10 100 3.640000	0.085135 0.008245	0.992740 0.001400	0.001772 0.008859	0.000000 0.000000	0.000716 0.003578	0.000000 0.000000	
2 10 100 3.650000	0.085135 0.008245	0.992740 0.001400	0.001772 0.008859	0.000000 0.000000	0.000716 0.003578	0.000000 0.000000	
2 10 100 3.660000	0.085135 0.008245	0.992740 0.001400	0.001772 0.008859	0.000000 0.000000	0.000716 0.003578	0.000000 0.000000	
2 10 100 3.670000	0.085135 0.008245	0.992740 0.001400	0.001772 0.008859	0.000000 0.000000	0.000716 0.003578	0.000000 0.000000	
2 10 100 3.680000	0.085135 0.008245	0.992740 0.001400	0.001772 0.008859	0.000000 0.000000	0.000716 0.003578	0.000000 0.000000	
2 10 100 3.690000	0.085135 0.008245	0.992740 0.001400	0.001772 0.008859	0.000000 0.000000	0.000716 0.003578	0.000000 0.000000	
2 10 100 3.700000	0.087872 0.008757	0.992267 0.001550	0.000033 0.000166	0.000000 0.000000	0.000000 0.000000	0.000000 0.000000	
2 10 100 3.710000	0.090448 0.009973	0.991804 0.001806	0.000000 0.000000	0.000000 0.000000	0.000000 0.000000	0.000000 0.000000	
2 10 100 3.720000	0.087924 0.009153	0.992260 0.001615	0.000000 0.000000	0.000000 0.000000	0.000000 0.000000	0.000000 0.000000	
2 10 100 3.730000	0.088032 0.009491	0.992236 0.001694	0.000000 0.000000	0.000000 0.000000	0.000000 0.000000	0.000000 0.000000	
2 10 100 3.740000	0.085112 0.009355	0.992745 0.001572	0.000089 0.000447	0.000000 0.000000	0.000000 0.000000	0.000000 0.000000	
2 10 100 3.750000	0.086750 0.009763	0.992464 0.001694	0.000639 0.003193	0.000000 0.000000	0.000000 0.000000	0.000000 0.000000	
2 10 100 3.760000	0.088638 0.009610	0.992128 0.001706	0.000000 0.000000	0.000000 0.000000	0.000000 0.000000	0.000000 0.000000	
2 10 100 3.770000	0.095736 0.009397	0.990823 0.001803	0.000000 0.000000	0.000000 0.000000	0.000000 0.000000	0.000000 0.000000	
2 10 100 3.780000	0.089309 0.009549	0.992007 0.001713	0.000000 0.000000	0.000000 0.000000	0.000000 0.000000	0.000000 0.000000	
2 10 100 3.790000	0.094657 0.008514	0.991032 0.001604	0.000000 0.000000	-0.000227 0.001133	0.000000 0.000000	0.000230 0.001152	
2 10 100 3.800000	0.087585 0.008587	0.992317 0.001512	0.000835 0.004173	0.000000 0.000000	0.000000 0.000000	0.000000 0.000000	
2 10 100 3.810000	0.087585 0.008587	0.992317 0.001512	0.000835 0.004173	0.000000 0.000000	0.000000 0.000000	0.000000 0.000000	
2 10 100 3.820000	0.087585 0.008587	0.992317 0.001512	0.000835 0.004173	0.000000 0.000000	0.000000 0.000000	0.000000 0.000000	
2 10 100 3.830000	0.085430 0.009964	0.992689 0.001706	0.000075 0.000375	0.000000 0.000000	0.000000 0.000000	0.000000 0.000000	
2 10 100 3.840000	0.088539 0.009756	0.992149 0.001728	0.000000 0.000000	0.000000 0.000000	0.000000 0.000000	0.000000 0.000000	
2 10 100 3.850000	0.077586 0.008096	0.993972 0.001237	0.000069 0.000345	0.000000 0.000000	0.001399 0.006995	0.000000 0.000000	
2 10 100 3.860000	0.077586 0.008096	0.993972 0.001237	0.000069 0.000345	0.000000 0.000000	0.001399 0.006995	0.000000 0.000000	
2 10 100 3.870000	0.077586 0.008096	0.993972 0.001237	0.000069 0.000345	0.000000 0.000000	0.001399 0.006995	0.000000 0.000000	
2 10 100 3.880000	0.088570 0.007519	0.992148 0.001340	0.000757 0.003786	0.000000 0.000000	0.000000 0.000000	0.000000 0.000000	
2 10 100 3.890000	0.088570 0.007519	0.992148 0.001340	0.000757 0.003786	0.000000 0.000000	0.000000 0.000000	0.000000 0.000000	
2 10 100 3.900000	0.093902 0.009625	0.991170 0.001811	0.000825 0.004124	0.000000 0.000000	0.000000 0.000000	0.000000 0.000000	
2 10 100 3.910000	0.089087 0.009691	0.992050 0.001704	0.000000 0.000000	0.000000 0.000000	0.000000 0.000000	0.000000 0.000000	
2 10 100 3.920000	0.086998 0.009510	0.992421 0.001642	0.000000 0.000000	0.000000 0.000000	0.000000 0.000000	0.000000 0.000000	
2 10 100 3.930000	0.086998 0.009510	0.992421 0.001642	0.000000 0.000000	0.000000 0.000000	0.000000 0.000000	0.000000 0.000000	
2 10 100 3.940000	0.089392 0.005881	0.992004 0.001044	0.000000 0.000000	0.000000 0.000000	0.000000 0.000000	0.000000 0.000000	
2 10 100 3.950000	0.089392 0.005881	0.992004 0.001044	0.000000 0.000000	0.000000 0.000000	0.000000 0.000000	0.000000 0.000000	
2 10 100 3.960000	0.092953 0.008280	0.991349 0.001544	0.000231 0.001155	0.000207 0.001033	0.000872 0.004362	0.000000 0.000000	
2 10 100 3.970000	0.092953 0.008280	0.991349 0.001544	0.000231 0.001155	0.000207 0.001033	0.000872 0.004362	0.000000 0.000000	
2 10 100 3.980000	0.086488 0.009674	0.992508 0.001691	0.000000 0.000000	0.000000 0.000000	0.000000 0.000000	0.000000 0.000000	
2 10 100 3.990000	0.083909 0.009871	0.992944 0.001657	0.000000 0.000000	0.000000 0.000000	0.000000 0.000000	0.000000 0.000000	
2 10 100 4.000000	0.100045 0.008625	0.989979 0.001723	0.001004 0.005018	0.000700 0.003502	0.000000 0.000000	0.000000 0.000000	
