2 32 2 0.000000	1.000000 0.000000	0.000000 0.000000	0.000000 0.000000	0.000000 0.000000	0.000000 0.000000	0.000000 0.000000	0.000000 0.000000	0.000000 0.000000	0.000000 0.000000	0.000000 0.000000	0.000000 0.000000	
2 32 2 0.010000	1.000000 0.000000	0.000000 0.000000	0.000000 0.000000	0.000000 0.000000	0.000000 0.000000	0.000000 0.000000	0.000000 0.000000	0.000000 0.000000	0.000000 0.000000	0.000000 0.000000	0.000000 0.000000	
2 32 2 0.020000	1.000000 0.000000	0.000000 0.000000	0.000000 0.000000	0.000000 0.000000	0.000000 0.000000	0.000000 0.000000	0.000000 0.000000	0.000000 0.000000	0.000000 0.000000	0.000000 0.000000	0.000000 0.000000	
2 32 2 0.030000	1.000000 0.000000	0.000000 0.000000	0.000000 0.000000	0.000000 0.000000	0.000000 0.000000	0.000000 0.000000	0.000000 0.000000	0.000000 0.000000	0.000000 0.000000	0.000000 0.000000	0.000000 0.000000	
2 32 2 0.040000	1.000000 0.000000	0.000000 0.000000	0.000000 0.000000	0.000000 0.000000	0.000000 0.000000	0.000000 0.000000	0.000000 0.000000	0.000000 0.000000	0.000000 0.000000	0.000000 0.000000	0.000000 0.000000	
2 32 2 0.050000	1.000000 0.000000	0.000000 0.000000	0.000000 0.000000	0.000000 0.000000	0.000000 0.000000	0.000000 0.000000	0.000000 0.000000	0.000000 0.000000	0.000000 0.000000	0.000000 0.000000	0.000000 0.000000	
2 32 2 0.060000	1.000000 0.000000	0.000000 0.000000	0.000000 0.000000	0.000000 0.000000	0.000000 0.000000	0.000000 0.000000	0.000000 0.000000	0.000000 0.000000	0.000000 0.000000	0.000000 0.000000	0.000000 0.000000	
2 32 2 0.070000	1.000000 0.000000	0.000000 0.000000	0.000000 0.000000	0.000000 0.000000	0.000000 0.000000	0.000000 0.000000	0.000000 0.000000	0.000000 0.000000	0.000000 0.000000	0.000000 0.000000	0.000000 0.000000	
2 32 2 0.080000	1.000000 0.000000	0.000000 0.000000	0.000000 0.000000	0.000000 0.000000	0.000000 0.000000	0.000000 0.000000	0.000000 0.000000	0.000000 0.000000	0.000000 0.000000	0.000000 0.000000	0.000000 0.000000	
2 32 2 0.090000	1.000000 0.000000	0.000000 0.000000	0.000000 0.000000	0.000000 0.000000	0.000000 0.000000	0.000000 0.000000	0.000000 0.000000	0.000000 0.000000	0.000000 0.000000	0.000000 0.000000	0.000000 0.000000	
2 32 2 0.100000	1.000000 0.000000	0.000000 0.000000	0.000000 0.000000	0.000000 0.000000	0.000000 0.000000	0.000000 0.000000	0.000000 0.000000	0.000000 0.000000	0.000000 0.000000	0.000000 0.000000	0.000000 0.000000	
2 32 2 0.110000	1.000000 0.000000	0.000000 0.000000	0.000000 0.000000	0.000000 0.000000	0.000000 0.000000	0.000000 0.000000	0.000000 0.000000	0.000000 0.000000	0.000000 0.000000	0.000000 0.000000	0.000000 0.000000	
2 32 2 0.120000	1.000000 0.000000	0.000000 0.000000	0.000000 0.000000	0.000000 0.000000	0.000000 0.000000	0.000000 0.000000	0.000000 0.000000	0.000000 0.000000	0.000000 0.000000	0.000000 0.000000	0.000000 0.000000	
2 32 2 0.130000	1.000000 0.000000	0.000000 0.000000	0.000000 0.000000	0.000000 0.000000	0.000000 0.000000	0.000000 0.000000	0.000000 0.000000	0.000000 0.000000	0.000000 0.000000	0.000000 0.000000	0.000000 0.000000	
2 32 2 0.140000	1.000000 0.000000	0.000000 0.000000	0.000000 0.000000	0.000000 0.000000	0.000000 0.000000	0.000000 0.000000	0.000000 0.000000	0.000000 0.000000	0.000000 0.000000	0.000000 0.000000	0.000000 0.000000	
2 32 2 0.150000	1.000000 0.000000	0.000000 0.000000	0.000000 0.000000	0.000000 0.000000	0.000000 0.000000	0.000000 0.000000	0.000000 0.000000	0.000000 0.000000	0.000000 0.000000	0.000000 0.000000	0.000000 0.000000	
2 32 2 0.160000	1.000000 0.000000	0.000000 0.000000	0.000000 0.000000	0.000000 0.000000	0.000000 0.000000	0.000000 0.000000	0.000000 0.000000	0.000000 0.000000	0.000000 0.000000	0.000000 0.000000	0.000000 0.000000	
2 32 2 0.170000	1.000000 0.000000	0.000000 0.000000	0.000000 0.000000	0.000000 0.000000	0.000000 0.000000	0.000000 0.000000	0.000000 0.000000	0.000000 0.000000	0.000000 0.000000	0.000000 0.000000	0.000000 0.000000	
2 32 2 0.180000	1.000000 0.000000	0.000000 0.000000	0.000000 0.000000	0.000000 0.000000	0.000000 0.000000	0.000000 0.000000	0.000000 0.000000	0.000000 0.000000	0.000000 0.000000	0.000000 0.000000	0.000000 0.000000	
2 32 2 0.190000	1.000000 0.000000	0.000000 0.000000	0.000000 0.000000	0.000000 0.000000	0.000000 0.000000	0.000000 0.000000	0.000000 0.000000	0.000000 0.000000	0.000000 0.000000	0.000000 0.000000	0.000000 0.000000	
2 32 2 0.200000	1.000000 0.000000	0.000000 0.000000	0.000000 0.000000	0.000000 0.000000	0.000000 0.000000	0.000000 0.000000	0.000000 0.000000	0.000000 0.000000	0.000000 0.000000	0.000000 0.000000	0.000000 0.000000	
2 32 2 0.210000	1.000000 0.000000	0.000000 0.000000	0.000000 0.000000	0.000000 0.000000	0.000000 0.000000	0.000000 0.000000	0.000000 0.000000	0.000000 0.000000	0.000000 0.000000	0.000000 0.000000	0.000000 0.000000	
2 32 2 0.220000	1.000000 0.000000	0.000000 0.000000	0.000000 0.000000	0.000000 0.000000	0.000000 0.000000	0.000000 0.000000	0.000000 0.000000	0.000000 0.000000	0.000000 0.000000	0.000000 0.000000	0.000000 0.000000	
2 32 2 0.230000	1.000000 0.000000	0.000000 0.000000	0.000000 0.000000	0.000000 0.000000	0.000000 0.000000	0.000000 0.000000	0.000000 0.000000	0.000000 0.000000	0.000000 0.000000	0.000000 0.000000	0.000000 0.000000	
2 32 2 0.240000	1.000000 0.000000	0.000000 0.000000	0.000000 0.000000	0.000000 0.000000	0.000000 0.000000	0.000000 0.000000	0.000000 0.000000	0.000000 0.000000	0.000000 0.000000	0.000000 0.000000	0.000000 0.000000	
2 32 2 0.250000	1.000000 0.000000	0.000000 0.000000	0.000000 0.000000	0.000000 0.000000	0.000000 0.000000	0.000000 0.000000	0.000000 0.000000	0.000000 0.000000	0.000000 0.000000	0.000000 0.000000	0.000000 0.000000	
2 32 2 0.260000	1.000000 0.000000	0.000000 0.000000	0.000000 0.000000	0.000000 0.000000	0.000000 0.000000	0.000000 0.000000	0.000000 0.000000	0.000000 0.000000	0.000000 0.000000	0.000000 0.000000	0.000000 0.000000	
2 32 2 0.270000	1.000000 0.000000	0.000000 0.000000	0.000000 0.000000	0.000000 0.000000	0.000000 0.000000	0.000000 0.000000	0.000000 0.000000	0.000000 0.000000	0.000000 0.000000	0.000000 0.000000	0.000000 0.000000	
2 32 2 0.280000	1.000000 0.000000	0.000000 0.000000	0.000000 0.000000	0.000000 0.000000	0.000000 0.000000	0.000000 0.000000	0.000000 0.000000	0.000000 0.000000	0.000000 0.000000	0.000000 0.000000	0.000000 0.000000	
2 32 2 0.290000	0.999609 0.001953	0.000780 0.003902	0.000000 0.000000	0.000000 0.000000	0.000780 0.003902	0.000780 0.003902	0.000780 0.003902	0.000000 0.000000	0.000000 0.000000	0.000000 0.000000	0.000780 0.003902	
2 32 2 0.300000	1.000000 0.000000	0.000000 0.000000	0.000000 0.000000	0.000000 0.000000	0.000000 0.000000	0.000000 0.000000	0.000000 0.000000	0.000000 0.000000	0.000000 0.000000	0.000000 0.000000	0.000000 0.000000	
2 32 2 0.310000	1.000000 0.000000	0.000000 0.000000	0.000000 0.000000	0.000000 0.000000	0.000000 0.000000	0.000000 0.000000	0.000000 0.000000	0.000000 0.000000	0.000000 0.000000	0.000000 0.000000	0.000000 0.000000	
2 32 2 0.320000	1.000000 0.000000	0.000000 0.000000	0.000000 0.000000	0.000000 0.000000	0.000000 0.000000	0.000000 0.000000	0.000000 0.000000	0.000000 0.000000	0.000000 0.000000	0.000000 0.000000	0.000000 0.000000	
2 32 2 0.330000	1.000000 0.000000	0.000000 0.000000	0.000000 0.000000	0.000000 0.000000	0.000000 0.000000	0.000000 0.000000	0.000000 0.000000	0.000000 0.000000	0.000000 0.000000	0.000000 0.000000	0.000000 0.000000	
2 32 2 0.340000	1.000000 0.000000	0.000000 0.000000	0.000000 0.000000	0.000000 0.000000	0.000000 0.000000	0.000000 0.000000	0.000000 0.000000	0.000000 0.000000	0.000000 0.000000	0.000000 0.000000	0.000000 0.000000	
2 32 2 0.350000	1.000000 0.000000	0.000000 0.000000	0.000000 0.000000	0.000000 0.000000	0.000000 0.000000	0.000000 0.000000	0.000000 0.000000	0.000000 0.000000	0.000000 0.000000	0.000000 0.000000	0.000000 0.000000	
2 32 2 0.360000	1.000000 0.000000	0.000000 0.000000	0.000000 0.000000	0.000000 0.000000	0.000000 0.000000	0.000000 0.000000	0.000000 0.000000	0.000000 0.000000	0.000000 0.000000	0.000000 0.000000	0.000000 0.000000	
2 32 2 0.370000	1.000000 0.000000	0.000000 0.000000	0.000000 0.000000	0.000000 0.000000	0.000000 0.000000	0.000000 0.000000	0.000000 0.000000	0.000000 0.000000	0.000000 0.000000	0.000000 0.000000	0.000000 0.000000	
2 32 2 0.380000	1.000000 0.000000	0.000000 0.000000	0.000000 0.000000	0.000000 0.000000	0.000000 0.000000	0.000000 0.000000	0.000000 0.000000	0.000000 0.000000	0.000000 0.000000	0.000000 0.000000	0.000000 0.000000	
2 32 2 0.390000	1.000000 0.000000	0.000000 0.000000	0.000000 0.000000	0.000000 0.000000	0.000000 0.000000	0.000000 0.000000	0.000000 0.000000	0.000000 0.000000	0.000000 0.000000	0.000000 0.000000	0.000000 0.000000	
2 32 2 0.400000	1.000000 0.000000	0.000000 0.000000	0.000000 0.000000	0.000000 0.000000	0.000000 0.000000	0.000000 0.000000	0.000000 0.000000	0.000000 0.000000	0.000000 0.000000	0.000000 0.000000	0.000000 0.000000	
2 32 2 0.410000	1.000000 0.000000	0.000000 0.000000	0.000000 0.000000	0.000000 0.000000	0.000000 0.000000	0.000000 0.000000	0.000000 0.000000	0.000000 0.000000	0.000000 0.000000	0.000000 0.000000	0.000000 0.000000	
2 32 2 0.420000	0.999609 0.001953	0.000780 0.003902	0.000780 0.003902	0.000780 0.003902	0.000000 0.000000	0.000780 0.003902	0.000780 0.003902	0.000000 0.000000	0.000780 0.003902	0.000000 0.000000	0.000780 0.003902	
2 32 2 0.430000	1.000000 0.000000	0.000000 0.000000	0.000000 0.000000	0.000000 0.000000	0.000000 0.000000	0.000000 0.000000	0.000000 0.000000	0.000000 0.000000	0.000000 0.000000	0.000000 0.000000	0.000000 0.000000	
2 32 2 0.440000	1.000000 0.000000	0.000000 0.000000	0.000000 0.000000	0.000000 0.000000	0.000000 0.000000	0.000000 0.000000	0.000000 0.000000	0.000000 0.000000	0.000000 0.000000	0.000000 0.000000	0.000000 0.000000	
2 32 2 0.450000	1.000000 0.000000	0.000000 0.000000	0.000000 0.000000	0.000000 0.000000	0.000000 0.000000	0.000000 0.000000	0.000000 0.000000	0.000000 0.000000	0.000000 0.000000	0.000000 0.000000	0.000000 0.000000	
2 32 2 0.460000	0.999609 0.001953	0.000780 0.003902	0.000780 0.003902	0.000000 0.000000	0.000000 0.000000	0.000000 0.000000	0.000780 0.003902	0.000000 0.000000	0.000780 0.003902	0.000780 0.003902	0.000780 0.003902	
2 32 2 0.470000	1.000000 0.000000	0.000000 0.000000	0.000000 0.000000	0.000000 0.000000	0.000000 0.000000	0.000000 0.000000	0.000000 0.000000	0.000000 0.000000	0.000000 0.000000	0.000000 0.000000	0.000000 0.000000	
2 32 2 0.480000	0.999609 0.001953	0.000780 0.003902	0.000000 0.000000	0.000000 0.000000	0.000000 0.000000	0.000000 0.000000	0.000780 0.003902	0.000000 0.000000	0.000000 0.000000	0.000780 0.003902	0.000000 0.000000	
2 32 2 0.490000	1.000000 0.000000	0.000000 0.000000	0.000000 0.000000	0.000000 0.000000	0.000000 0.000000	0.000000 0.000000	0.000000 0.000000	0.000000 0.000000	0.000000 0.000000	0.000000 0.000000	0.000000 0.000000	
2 32 2 0.500000	1.000000 0.000000	0.000000 0.000000	0.000000 0.000000	0.000000 0.000000	0.000000 0.000000	0.000000 0.000000	0.000000 0.000000	0.000000 0.000000	0.000000 0.000000	0.000000 0.000000	0.000000 0.000000	
2 32 2 0.510000	0.998437 0.003906	0.003119 0.007797	0.002338 0.007797	0.000778 0.003891	0.001559 0.007797	0.000000 0.000000	0.000000 0.000000	0.001559 0.007797	0.000778 0.003891	0.000000 0.000000	0.000778 0.003891	
2 32 2 0.520000	0.999219 0.001953	0.001561 0.003902	0.000780 0.003902	0.001561 0.003902	0.001561 0.003902	0.000000 0.000000	0.000780 0.003902	0.001561 0.003902	0.000780 0.003902	0.001561 0.003902	0.001561 0.003902	
2 32 2 0.530000	0.998828 0.001953	0.002341 0.003902	0.000780 0.003902	0.001561 0.003902	0.000780 0.003902	0.001561 0.003902	0.000780 0.003902	0.002341 0.003902	0.000780 0.003902	0.002341 0.003902	0.001561 0.003902	
2 32 2 0.540000	1.000000 0.000000	0.000000 0.000000	0.000000 0.000000	0.000000 0.000000	0.000000 0.000000	0.000000 0.000000	0.000000 0.000000	0.000000 0.000000	0.000000 0.000000	0.000000 0.000000	0.000000 0.000000	
2 32 2 0.550000	0.999609 0.001953	0.000780 0.003902	0.000000 0.000000	-0.000001 0.000004	0.000000 0.000000	0.000000 0.000000	-0.000001 0.000004	0.000000 0.000000	0.000000 0.000000	0.000780 0.003902	0.000000 0.000000	
2 32 2 0.560000	0.998828 0.003906	0.002340 0.007797	0.001559 0.003902	0.000000 0.000000	0.001559 0.007797	0.001559 0.003902	0.000780 0.003902	0.001559 0.003902	0.001559 0.003902	0.000000 0.000000	0.000780 0.003902	
2 32 2 0.570000	0.998047 0.003906	0.003901 0.007797	0.001559 0.003902	0.000780 0.003902	0.002339 0.003902	0.000780 0.003902	0.001561 0.003902	0.003120 0.007797	0.000780 0.003902	0.001561 0.003902	0.000780 0.003902	
2 32 2 0.580000	0.998437 0.003906	0.003120 0.007797	0.001559 0.003902	0.001559 0.007797	0.000780 0.003902	0.000780 0.003902	0.001559 0.007797	0.000780 0.003902	0.000780 0.003902	0.001561 0.003902	0.001561 0.003902	
2 32 2 0.590000	0.998242 0.002930	0.003510 0.005851	0.001170 0.005851	0.000517 0.006510	0.001167 0.003906	0.001819 0.005851	0.001299 0.003247	0.000649 0.003247	0.001170 0.005851	0.000649 0.003247	0.001819 0.005851	
2 32 2 0.600000	0.997266 0.004883	0.005458 0.009742	0.002073 0.009746	0.001948 0.005836	0.001561 0.003902	0.000260 0.001298	0.001948 0.009742	0.000780 0.003902	0.002334 0.005836	0.002594 0.007141	0.002854 0.005836	
2 32 2 0.610000	0.996875 0.003906	0.006238 0.007782	0.001553 0.003891	0.003114 0.007778	0.001561 0.003902	0.003896 0.007797	0.001561 0.003902	0.001561 0.003902	0.002334 0.007797	0.003117 0.007778	0.001555 0.003902	
2 32 2 0.620000	0.996484 0.003906	0.007017 0.007790	0.002339 0.009742	0.002077 0.005851	0.001167 0.004549	0.003241 0.007138	0.000259 0.002612	0.003371 0.006526	0.000390 0.001952	0.000778 0.003891	0.002334 0.005851	
2 32 2 0.630000	0.996484 0.003906	0.007017 0.007782	0.000780 0.003902	0.003117 0.007778	0.002340 0.007797	0.003114 0.007778	0.002340 0.007797	0.002340 0.007797	0.000780 0.003902	0.001553 0.003891	0.002334 0.007797	
2 32 2 0.640000	0.994043 0.002930	0.011877 0.005825	0.001598 0.005229	0.002834 0.008045	0.001830 0.004864	0.001429 0.008052	0.001019 0.004139	0.000660 0.003301	0.002450 0.007127	0.002577 0.009719	0.002342 0.005959	
2 32 2 0.650000	0.995410 0.001465	0.009158 0.002916	0.000555 0.002775	0.000251 0.001944	0.002316 0.005133	0.001620 0.006026	0.000793 0.006822	0.001584 0.008328	0.002681 0.006807	0.002071 0.006807	0.000580 0.002901	
2 32 2 0.660000	0.995020 0.004883	0.009933 0.009713	0.002429 0.005505	0.000000 0.000000	0.000936 0.002901	0.002754 0.005592	0.000724 0.003619	0.001229 0.005505	0.000245 0.001227	0.001167 0.005565	0.001361 0.006807	
2 32 2 0.670000	0.992969 0.002344	0.014012 0.004655	0.002191 0.004063	0.001955 0.006294	0.000701 0.003504	0.002155 0.008680	0.000000 0.000000	0.001245 0.004309	0.002485 0.004620	0.004504 0.006976	0.000753 0.002756	
2 32 2 0.680000	0.992578 0.003255	0.014787 0.006460	0.001551 0.007756	0.000566 0.001615	0.001455 0.004212	0.002094 0.007816	0.000681 0.003403	0.000000 0.000000	0.001464 0.003980	0.002816 0.007449	-0.000001 0.008385	
2 32 2 0.690000	0.993620 0.003255	0.012718 0.006466	0.004074 0.007778	0.000639 0.002570	0.004016 0.007785	0.001488 0.003872	-0.001264 0.003673	0.000408 0.002041	0.000515 0.002577	0.000715 0.003574	0.001183 0.003872	
2 32 2 0.700000	0.989844 0.003125	0.020208 0.006184	0.000000 0.000000	-0.001212 0.006062	0.002925 0.006754	-0.000258 0.000667	0.001797 0.005700	0.001052 0.002631	-0.000327 0.003256	-0.000646 0.003228	0.003053 0.008491	
2 32 2 0.710000	0.991016 0.004297	0.017886 0.008515	0.002851 0.008491	0.000809 0.002869	0.002020 0.004950	0.000670 0.002011	0.001349 0.008973	0.000789 0.005520	0.000124 0.000620	0.001438 0.007189	0.002063 0.006469	
2 32 2 0.720000	0.991016 0.004185	0.017886 0.008290	0.001399 0.004493	0.000983 0.004389	0.001685 0.004268	0.002213 0.008109	0.000891 0.002467	0.000000 0.000000	0.001535 0.007675	0.001464 0.004855	0.000000 0.000000	
2 32 2 0.730000	0.990039 0.004395	0.019820 0.008697	0.001573 0.007866	0.001375 0.007423	0.000358 0.001792	0.001238 0.006192	0.002832 0.008868	0.001355 0.006378	0.000599 0.002994	0.001275 0.003643	0.001603 0.005698	
2 32 2 0.740000	0.988504 0.004464	0.022856 0.008826	0.001002 0.004045	0.002053 0.006707	0.001454 0.007270	0.001116 0.005582	0.001819 0.006825	0.001255 0.006948	0.000885 0.003970	0.002243 0.004074	0.000247 0.003575	
2 32 2 0.750000	0.989062 0.003906	0.021753 0.007729	0.002254 0.006890	0.001230 0.006152	0.000897 0.004678	-0.000058 0.000289	0.001024 0.006260	-0.000015 0.000077	0.001850 0.009961	-0.000183 0.000914	0.000180 0.000899	
2 32 2 0.760000	0.984375 0.002930	0.031004 0.005769	0.005507 0.006861	0.002313 0.005684	0.002220 0.006466	0.002499 0.009498	0.000854 0.003987	0.000385 0.004062	0.002181 0.006466	0.002305 0.006700	0.000414 0.002070	
2 32 2 0.770000	0.983452 0.003551	0.032820 0.006986	0.005717 0.004450	0.002501 0.006031	0.002160 0.007372	0.002251 0.005079	0.001710 0.008550	0.004137 0.008689	0.000736 0.003681	0.003184 0.008976	0.002126 0.006251	
2 32 2 0.780000	0.981163 0.002387	0.037318 0.004686	0.003458 0.008059	0.003860 0.005964	0.002526 0.007331	0.000000 0.000000	0.000843 0.004215	0.001905 0.006182	0.000974 0.002461	0.001662 0.008308	0.002743 0.009697	
2 32 2 0.790000	0.980218 0.003767	0.039171 0.007382	0.003164 0.006164	0.001641 0.005535	0.000739 0.003695	0.002443 0.007137	0.001168 0.005841	0.003909 0.004599	0.001298 0.006490	0.000880 0.003526	0.000705 0.003525	
2 32 2 0.800000	0.979004 0.004150	0.041549 0.008125	0.004670 0.006786	0.008662 0.009768	0.002952 0.009190	0.001825 0.009126	0.000000 0.000000	0.000994 0.004971	0.001440 0.007199	0.002765 0.005677	0.002240 0.006228	
2 32 2 0.810000	0.978548 0.003906	0.042441 0.007643	0.002957 0.008308	0.000133 0.000664	0.001779 0.004876	0.000317 0.001586	0.000000 0.000000	0.001801 0.009005	-0.000214 0.001072	0.001520 0.003286	0.003169 0.007743	
2 32 2 0.820000	0.976637 0.004278	0.046178 0.008358	0.007774 0.009430	0.005226 0.006701	0.000178 0.000889	0.002077 0.004816	0.001424 0.002908	0.004047 0.009031	0.002768 0.008249	0.000790 0.003220	0.001764 0.005519	
2 32 2 0.830000	0.974850 0.003005	0.049667 0.005856	0.006240 0.008512	0.001282 0.005398	0.000987 0.003414	0.002383 0.005353	0.000917 0.004587	0.002371 0.007959	0.000000 0.000000	0.001154 0.004005	0.001422 0.007109	
2 32 2 0.840000	0.969982 0.004958	0.059132 0.009616	0.005754 0.006093	0.001037 0.005184	0.000105 0.000524	0.002391 0.005966	0.000785 0.003927	0.003050 0.009934	0.001629 0.004418	0.002747 0.009795	0.001477 0.003996	
2 32 2 0.850000	0.969940 0.003348	0.059214 0.006497	0.005003 0.008455	0.004089 0.006507	0.001066 0.005329	0.002032 0.008512	0.001260 0.004298	0.001004 0.003945	0.000000 0.000000	0.001093 0.003801	0.002219 0.005624	
2 32 2 0.860000	0.969256 0.004136	0.060541 0.008020	0.006247 0.006022	0.000567 0.001841	0.000709 0.004234	0.000591 0.002957	-0.000079 0.000396	0.003195 0.007537	0.000340 0.001701	0.002733 0.009619	0.000713 0.002432	
2 32 2 0.870000	0.966325 0.005127	0.066213 0.009914	0.008686 0.009028	0.002467 0.004793	0.000229 0.001147	0.002217 0.004152	0.000926 0.003977	0.000805 0.003437	0.001652 0.004020	0.000883 0.003802	0.001754 0.005151	
2 32 2 0.880000	0.963255 0.004948	0.072137 0.009534	0.011108 0.009581	0.001729 0.008646	0.002735 0.006391	0.000000 0.000000	0.000146 0.000732	0.000000 0.000000	0.000464 0.002321	0.004093 0.007908	0.001561 0.004732	
2 32 2 0.890000	0.960043 0.003402	0.078316 0.006536	0.013422 0.008678	0.001360 0.004533	0.000804 0.002505	0.002207 0.007658	0.002194 0.005903	0.002320 0.005392	0.001477 0.006068	0.001119 0.003680	0.001560 0.004772	
2 32 2 0.900000	0.957701 0.004929	0.082806 0.009435	0.015217 0.009004	0.002511 0.006191	0.001580 0.004080	0.004807 0.009776	0.001510 0.007551	0.004013 0.008840	0.001963 0.005572	0.000463 0.001364	0.001086 0.003978	
2 32 2 0.910000	0.954630 0.004978	0.088677 0.009497	0.015275 0.008067	0.003720 0.005736	0.003300 0.005842	0.002444 0.009241	0.001645 0.007504	-0.000096 0.000478	0.000944 0.004719	0.000000 0.000000	0.000287 0.001435	
2 32 2 0.920000	0.950580 0.004473	0.096395 0.008502	0.010027 0.005332	0.002158 0.005354	0.001617 0.008086	0.000000 0.000000	0.000399 0.001076	0.000418 0.001704	0.000504 0.003231	0.002220 0.009694	0.000844 0.004180	
2 32 2 0.930000	0.946516 0.005267	0.104102 0.009972	0.019166 0.005180	0.004389 0.007158	0.002050 0.005318	0.000366 0.001831	0.001512 0.003691	0.000470 0.002349	0.000000 0.000000	0.001064 0.003457	0.000735 0.002978	
2 32 2 0.940000	0.943326 0.004919	0.110134 0.009276	0.020845 0.006080	0.006338 0.008579	0.002433 0.004767	0.000793 0.003964	0.001815 0.004506	0.001226 0.006130	-0.000058 0.000290	0.000254 0.001272	0.002119 0.006790	
2 32 2 0.950000	0.938203 0.004520	0.119772 0.008481	0.021204 0.009042	0.001372 0.002370	0.003295 0.006339	0.002008 0.008196	0.000000 0.000000	0.000000 0.000000	0.000215 0.001077	0.001169 0.005844	0.000000 0.000000	
2 32 2 0.960000	0.933510 0.003385	0.128557 0.006322	0.028649 0.009365	0.008690 0.009354	0.003477 0.008167	0.000435 0.002175	0.002451 0.004555	0.001461 0.005178	0.001283 0.003227	0.001699 0.008424	0.000298 0.001488	
2 32 2 0.970000	0.928766 0.005159	0.137390 0.009585	0.029683 0.005754	0.007747 0.009492	0.002295 0.005727	0.000504 0.002519	0.000000 0.000000	0.000222 0.001108	0.000192 0.000961	0.000000 0.000000	0.000253 0.000945	
2 32 2 0.980000	0.923670 0.002066	0.146834 0.003817	0.032848 0.008503	0.009231 0.008180	0.003110 0.004840	0.000000 0.000000	0.002540 0.005089	0.004282 0.009023	0.000366 0.001829	0.000102 0.000511	0.000575 0.002874	
2 32 2 0.990000	0.918646 0.005425	0.156086 0.009962	0.035957 0.009091	0.007801 0.002808	0.006202 0.007458	0.000543 0.001698	0.000243 0.001216	0.000000 0.000000	0.000192 0.000960	0.002948 0.006285	0.002143 0.005398	
2 32 2 1.000000	0.913636 0.003779	0.165266 0.006909	0.038998 0.007706	0.013733 0.008057	0.002534 0.005944	0.002366 0.008826	0.000721 0.002501	0.001122 0.005043	0.000884 0.004419	0.000000 0.000000	0.000000 0.000000	
2 32 2 1.010000	0.901345 0.005360	0.187571 0.009661	0.050080 0.009588	0.016406 0.008758	0.005119 0.009632	0.005670 0.007182	0.000756 0.001854	0.002594 0.005139	0.002072 0.007601	0.000270 0.001350	0.003388 0.006897	
2 32 2 1.020000	0.897144 0.005545	0.195128 0.009948	0.052956 0.005335	0.018805 0.005064	0.008226 0.005780	0.002720 0.006566	0.002638 0.003904	0.002575 0.007150	0.001967 0.004947	0.000000 0.000000	0.000211 0.001056	
2 32 2 1.030000	0.887053 0.005568	0.213132 0.009876	0.062281 0.003592	0.022604 0.008986	0.010096 0.005072	0.001810 0.004216	0.003346 0.007837	0.001074 0.003235	0.001375 0.004136	0.001065 0.004113	0.001993 0.003200	
2 32 2 1.040000	0.879539 0.005347	0.226408 0.009406	0.066838 0.005975	0.025563 0.007560	0.012270 0.004382	0.007894 0.006614	0.003834 0.008429	0.002531 0.007977	0.000027 0.000345	0.002820 0.005777	0.001068 0.005342	
2 32 2 1.050000	0.871432 0.004661	0.240604 0.008117	0.073929 0.003377	0.028835 0.002953	0.014229 0.005442	0.007655 0.009958	0.004694 0.007424	0.001727 0.004358	0.000000 0.000000	0.001636 0.005048	0.000364 0.001818	
2 32 2 1.060000	0.857574 0.004065	0.264564 0.006972	0.086984 0.003997	0.036861 0.008733	0.019437 0.006003	0.012735 0.007350	0.010831 0.006021	0.004248 0.008227	0.001912 0.005411	0.003173 0.009867	0.000741 0.003021	
2 32 2 1.070000	0.847244 0.005659	0.282175 0.009593	0.096449 0.007950	0.044243 0.008269	0.022189 0.009697	0.011955 0.001366	0.005537 0.009361	0.003875 0.008411	0.003019 0.008529	0.000721 0.002914	0.000772 0.003582	
2 32 2 1.080000	0.831205 0.005972	0.309093 0.009919	0.109003 0.009230	0.051561 0.006292	0.026658 0.009737	0.016645 0.005289	0.010906 0.009692	0.008550 0.007989	0.006798 0.005227	0.004257 0.009210	0.004353 0.009924	
2 32 2 1.090000	0.811267 0.006118	0.341840 0.009925	0.130347 0.008733	0.063488 0.006836	0.038495 0.008536	0.024969 0.007594	0.016877 0.006454	0.011101 0.005991	0.008370 0.003386	0.005666 0.002641	0.004865 0.007016	
2 32 2 1.100000	0.792809 0.005818	0.371450 0.009231	0.148357 0.008457	0.078784 0.009863	0.045793 0.008809	0.031158 0.005971	0.022164 0.002908	0.015009 0.003544	0.012107 0.004810	0.008734 0.004887	0.005034 0.005436	
2 32 2 1.110000	0.770848 0.006483	0.405788 0.009988	0.169900 0.008594	0.091525 0.007705	0.057225 0.006329	0.038922 0.005691	0.027363 0.007059	0.019695 0.004458	0.014922 0.005379	0.011147 0.004437	0.009680 0.003715	
2 32 2 1.120000	0.743421 0.006696	0.447320 0.009946	0.196857 0.006038	0.112443 0.005688	0.074262 0.007556	0.050966 0.005853	0.037118 0.008181	0.027168 0.006199	0.020553 0.007419	0.016250 0.009035	0.013794 0.005913	
2 32 2 1.130000	0.712098 0.006226	0.492912 0.008861	0.229291 0.006583	0.135729 0.005983	0.091569 0.007554	0.066867 0.007320	0.048484 0.005575	0.037596 0.007601	0.028917 0.007746	0.023184 0.005604	0.018253 0.004875	
2 32 2 1.140000	0.671593 0.007425	0.548956 0.009954	0.266025 0.008934	0.163995 0.006928	0.113674 0.009071	0.083031 0.004829	0.063237 0.006838	0.048145 0.005422	0.037729 0.004208	0.030717 0.003246	0.024654 0.004827	
2 32 2 1.150000	0.632559 0.006138	0.599863 0.007761	0.303423 0.009927	0.191309 0.006247	0.135404 0.003997	0.100012 0.003716	0.078216 0.004789	0.062168 0.001802	0.048288 0.003664	0.038873 0.006654	0.030718 0.003108	
2 32 2 1.160000	0.589353 0.007321	0.652656 0.008615	0.339301 0.009564	0.219945 0.004693	0.157406 0.008814	0.117359 0.009718	0.091013 0.007654	0.073379 0.007591	0.059295 0.005720	0.046947 0.004476	0.037772 0.008724	
2 32 2 1.170000	0.552342 0.008713	0.694910 0.009632	0.366541 0.005868	0.238009 0.004365	0.171357 0.003740	0.129736 0.009205	0.099533 0.006749	0.079944 0.004097	0.062957 0.004691	0.049811 0.005331	0.039984 0.002974	
2 32 2 1.180000	0.499673 0.009885	0.750313 0.009924	0.405375 0.006274	0.267778 0.005442	0.194408 0.007491	0.147841 0.006227	0.115174 0.004357	0.090191 0.005085	0.071085 0.004614	0.056800 0.004493	0.045283 0.002873	
2 32 2 1.190000	0.455838 0.009001	0.792197 0.008209	0.432376 0.007817	0.286907 0.008934	0.209695 0.007929	0.158693 0.009894	0.122847 0.007522	0.096232 0.004216	0.074948 0.005544	0.061327 0.004990	0.046915 0.004725	
2 32 2 1.200000	0.407511 0.009681	0.833917 0.007909	0.459157 0.009757	0.305200 0.004934	0.221390 0.002364	0.169791 0.003106	0.131121 0.005127	0.102183 0.004602	0.079228 0.004171	0.062445 0.005523	0.049903 0.005167	
2 32 2 1.210000	0.372920 0.009968	0.860918 0.007456	0.473323 0.005762	0.312496 0.005650	0.226528 0.006384	0.170329 0.002791	0.130896 0.005152	0.101776 0.004503	0.079403 0.005052	0.061430 0.001174	0.046260 0.004470	
2 32 2 1.220000	0.335200 0.009968	0.887630 0.006676	0.488612 0.004919	0.322805 0.005294	0.231721 0.005264	0.174570 0.005125	0.132723 0.006120	0.101593 0.004729	0.077995 0.008044	0.059466 0.006303	0.044404 0.006680	
2 32 2 1.230000	0.301462 0.007487	0.909112 0.004503	0.496141 0.004051	0.324466 0.009018	0.232549 0.009684	0.170887 0.004606	0.130032 0.009957	0.098347 0.008144	0.073643 0.007337	0.056602 0.008539	0.041770 0.006035	
2 32 2 1.240000	0.272198 0.009929	0.925895 0.005444	0.501760 0.007842	0.324209 0.001809	0.227248 0.004349	0.168530 0.006538	0.122885 0.005279	0.094150 0.005352	0.071843 0.007838	0.051205 0.004516	0.037392 0.007372	
2 32 2 1.250000	0.252077 0.006551	0.936452 0.003288	0.503802 0.008271	0.321961 0.009971	0.227054 0.008932	0.164991 0.007856	0.120712 0.003634	0.090828 0.007506	0.065922 0.004928	0.046085 0.005166	0.033060 0.006624	
2 32 2 1.260000	0.230055 0.009485	0.947060 0.004372	0.505509 0.006754	0.319161 0.007583	0.219966 0.006816	0.158346 0.006960	0.114925 0.005731	0.084095 0.002593	0.060747 0.004127	0.041461 0.001744	0.029992 0.006172	
2 32 2 1.270000	0.214718 0.009989	0.953882 0.004300	0.503109 0.007095	0.313971 0.005190	0.213589 0.004229	0.151331 0.007237	0.108208 0.006135	0.078818 0.003669	0.055005 0.006076	0.037628 0.003900	0.025374 0.007086	
2 32 2 1.280000	0.198708 0.009847	0.960499 0.003905	0.500501 0.005903	0.309187 0.005683	0.206920 0.003338	0.144731 0.004133	0.101950 0.001524	0.071313 0.002375	0.049122 0.002672	0.031913 0.003500	0.019421 0.004831	
2 32 2 1.290000	0.184274 0.004520	0.966041 0.001672	0.494687 0.004163	0.301785 0.009909	0.199986 0.004770	0.137443 0.008381	0.094256 0.009817	0.065869 0.006420	0.044398 0.005091	0.027867 0.006085	0.016181 0.008866	
2 32 2 1.300000	0.173177 0.009507	0.969999 0.003319	0.492604 0.004997	0.295811 0.009993	0.193309 0.004676	0.131073 0.004802	0.092247 0.004323	0.064703 0.007597	0.040988 0.004429	0.026892 0.004090	0.014181 0.002908	
2 32 2 1.310000	0.161806 0.009890	0.973804 0.003190	0.489195 0.004798	0.292781 0.007007	0.187853 0.009188	0.125718 0.009407	0.084807 0.004593	0.058656 0.006344	0.038961 0.003080	0.023888 0.006697	0.011862 0.008325	
2 32 2 1.320000	0.156366 0.008198	0.975540 0.002571	0.484196 0.005350	0.283364 0.009718	0.180283 0.001943	0.121614 0.003544	0.082922 0.009480	0.053648 0.005288	0.034318 0.004396	0.021403 0.004011	0.011160 0.004709	
2 32 2 1.330000	0.144144 0.007022	0.979217 0.002033	0.476940 0.005919	0.276433 0.009935	0.174353 0.005444	0.111885 0.008294	0.074265 0.008407	0.046796 0.008298	0.030610 0.004931	0.014669 0.004025	0.005263 0.004394	
2 32 2 1.340000	0.142464 0.009888	0.979690 0.002860	0.474326 0.005302	0.270610 0.007090	0.168466 0.009352	0.109651 0.009452	0.070248 0.009921	0.046610 0.009461	0.027190 0.007069	0.016617 0.009997	0.006111 0.007365	
2 32 2 1.350000	0.136051 0.009840	0.981475 0.002669	0.469258 0.006111	0.265894 0.004769	0.160459 0.007249	0.102493 0.005383	0.064358 0.005920	0.040591 0.006292	0.024249 0.005639	0.013717 0.003192	0.004668 0.004137	
2 32 2 1.360000	0.126226 0.009971	0.984054 0.002491	0.464404 0.002307	0.254951 0.008065	0.156417 0.005953	0.096417 0.009695	0.059006 0.007171	0.038183 0.007065	0.019875 0.003691	0.011931 0.006161	0.002224 0.004262	
2 32 2 1.370000	0.124886 0.010000	0.984393 0.002488	0.461377 0.003603	0.251863 0.005373	0.150889 0.006350	0.092775 0.006161	0.059428 0.004682	0.035562 0.005844	0.021449 0.005821	0.009636 0.007313	0.002357 0.004709	
2 32 2 1.380000	0.118489 0.006055	0.985956 0.001437	0.456656 0.006009	0.249213 0.005748	0.146707 0.004374	0.088708 0.009688	0.056850 0.009282	0.033020 0.005329	0.017859 0.005505	0.010245 0.007369	0.003298 0.007106	
2 32 2 1.390000	0.115135 0.006921	0.986738 0.001600	0.451537 0.008716	0.240138 0.009807	0.139827 0.007650	0.084534 0.004610	0.053045 0.001235	0.029675 0.004950	0.016717 0.009100	0.006160 0.008194	0.001549 0.003307	
2 32 2 1.400000	0.113359 0.009711	0.987137 0.002236	0.447040 0.007770	0.236806 0.005245	0.138478 0.003715	0.081810 0.008931	0.050453 0.006053	0.029282 0.005847	0.015657 0.006757	0.004845 0.006603	0.002628 0.007659	
2 32 2 1.410000	0.110755 0.006451	0.987727 0.001434	0.443148 0.007289	0.232945 0.008404	0.132162 0.007083	0.081597 0.003941	0.044723 0.009795	0.024365 0.005139	0.011434 0.003890	0.004125 0.006293	0.000847 0.002503	
2 32 2 1.420000	0.108561 0.009227	0.988204 0.001996	0.439269 0.007094	0.227404 0.007468	0.127766 0.003903	0.072989 0.006670	0.040208 0.006479	0.024036 0.004803	0.012999 0.007196	0.004799 0.008824	0.000051 0.000254	
2 32 2 1.430000	0.103494 0.004969	0.989285 0.001030	0.434379 0.009068	0.221218 0.005887	0.125327 0.008080	0.069712 0.009787	0.040332 0.002581	0.022998 0.006283	0.011109 0.006196	0.003650 0.009251	0.000449 0.002245	
2 32 2 1.440000	0.101540 0.009854	0.989677 0.001975	0.429283 0.006107	0.218958 0.009768	0.118845 0.005395	0.064437 0.006951	0.039194 0.009508	0.022223 0.005624	0.012543 0.002903	0.004781 0.006820	0.002281 0.007788	
2 32 2 1.450000	0.097594 0.008346	0.990466 0.001613	0.421766 0.009931	0.212521 0.007889	0.115600 0.004103	0.065709 0.007757	0.036112 0.004775	0.019164 0.007194	0.007808 0.005897	0.001784 0.004100	0.000000 0.000000	
2 32 2 1.460000	0.095311 0.009972	0.990902 0.001946	0.418267 0.008528	0.205335 0.005978	0.109265 0.006723	0.058690 0.007767	0.031560 0.007013	0.015195 0.006476	0.008680 0.003919	0.001890 0.002402	0.001258 0.003661	
2 32 2 1.470000	0.093671 0.008053	0.991216 0.001525	0.417213 0.009437	0.203739 0.009853	0.106159 0.004871	0.057431 0.005083	0.032715 0.005724	0.016008 0.004585	0.005289 0.008695	0.002866 0.006306	0.000000 0.000000	
2 32 2 1.480000	0.091738 0.009946	0.991567 0.001820	0.412854 0.003250	0.198608 0.008335	0.102816 0.005375	0.055713 0.007620	0.027665 0.008350	0.012815 0.004291	0.004783 0.007661	0.001189 0.005943	0.000000 0.000000	
2 32 2 1.490000	0.089454 0.009927	0.991988 0.001772	0.410377 0.006484	0.192362 0.008438	0.096976 0.007456	0.051247 0.005496	0.025543 0.005159	0.012944 0.002544	0.004944 0.003565	0.001395 0.006976	0.000000 0.000000	
2 32 2 1.500000	0.087719 0.008818	0.992293 0.001534	0.403278 0.004267	0.191112 0.009862	0.098506 0.009696	0.049961 0.004613	0.027019 0.009720	0.013984 0.009961	0.003861 0.007919	0.000168 0.000840	0.000394 0.001971	
2 32 2 1.510000	0.084669 0.006361	0.992825 0.001055	0.398371 0.009732	0.185958 0.004378	0.095834 0.005957	0.046628 0.004133	0.028095 0.005309	0.010405 0.006207	0.003188 0.004105	0.000448 0.002238	0.000000 0.000000	
2 32 2 1.520000	0.082227 0.008172	0.993232 0.001334	0.396884 0.008134	0.181928 0.009806	0.089630 0.008544	0.046865 0.007234	0.021280 0.009708	0.010127 0.006158	0.003701 0.007137	0.000990 0.004950	0.000000 0.000000	
2 32 2 1.530000	0.079410 0.005032	0.993690 0.000812	0.394967 0.008206	0.180765 0.009671	0.087928 0.003230	0.045885 0.008948	0.022312 0.009347	0.009248 0.003032	0.003444 0.007721	0.000735 0.002317	0.000000 0.000000	
2 32 2 1.540000	0.082918 0.009465	0.993114 0.001547	0.387308 0.007102	0.175035 0.006655	0.089371 0.009431	0.043542 0.009524	0.019640 0.006606	0.007362 0.006755	0.001481 0.004331	0.000563 0.002817	0.000134 0.000672	
2 32 2 1.550000	0.082041 0.005910	0.993265 0.000963	0.385329 0.006025	0.173741 0.006542	0.084145 0.009017	0.042692 0.009991	0.019196 0.006472	0.008024 0.005797	0.001209 0.003737	0.000846 0.002786	0.000925 0.002613	
2 32 2 1.560000	0.076757 0.004008	0.994106 0.000618	0.385213 0.003624	0.168975 0.008228	0.079624 0.003440	0.040779 0.006518	0.020212 0.007756	0.009534 0.009833	0.000858 0.002434	0.000000 0.000000	0.000000 0.000000	
2 32 2 1.570000	0.078001 0.005559	0.993911 0.000873	0.380128 0.003743	0.165248 0.003910	0.076500 0.008524	0.037932 0.009192	0.015626 0.003209	0.006419 0.009863	0.003323 0.009490	0.000000 0.000000	0.000000 0.000000	
2 32 2 1.580000	0.077004 0.009895	0.994059 0.001546	0.375737 0.007496	0.162958 0.006459	0.079674 0.005738	0.037482 0.002731	0.016000 0.005300	0.005308 0.003200	0.000629 0.003144	0.000611 0.003055	0.000138 0.000691	
2 32 2 1.590000	0.072930 0.005462	0.994677 0.000803	0.371884 0.009551	0.161094 0.005638	0.075332 0.009654	0.034837 0.009725	0.014634 0.007482	0.004345 0.002210	0.000000 0.000000	0.000111 0.000556	0.000000 0.000000	
2 32 2 1.600000	0.074214 0.004659	0.994489 0.000692	0.368448 0.009975	0.158563 0.008618	0.068891 0.009955	0.032927 0.009612	0.015235 0.008543	0.003419 0.005309	0.000803 0.002319	0.001091 0.005455	0.000000 0.000000	
2 32 2 1.610000	0.072400 0.008645	0.994749 0.001269	0.366233 0.009189	0.154373 0.006546	0.069806 0.009100	0.032086 0.008911	0.011096 0.008966	0.004462 0.009813	0.001493 0.007463	0.000129 0.000745	0.000192 0.000959	
2 32 2 1.620000	0.074514 0.005761	0.994443 0.000873	0.363613 0.009869	0.151769 0.007544	0.067312 0.009862	0.030781 0.008370	0.011115 0.004100	0.001965 0.004537	0.000343 0.001530	0.000000 0.000000	0.000000 0.000000	
2 32 2 1.630000	0.072208 0.008746	0.994775 0.001259	0.360886 0.001918	0.149464 0.008142	0.066282 0.009954	0.028011 0.008928	0.009994 0.003650	0.005708 0.007567	0.001792 0.004335	0.000278 0.000724	0.000980 0.002822	
2 32 2 1.640000	0.069046 0.009165	0.995223 0.001241	0.360419 0.009356	0.147140 0.008469	0.063802 0.009163	0.027527 0.004661	0.013872 0.006662	0.002817 0.006381	0.000059 0.000295	0.000000 0.000000	0.000000 0.000000	
2 32 2 1.650000	0.069811 0.009922	0.995116 0.001373	0.355733 0.003152	0.144209 0.007304	0.061733 0.007323	0.025500 0.006620	0.011632 0.009105	0.004131 0.003726	0.000754 0.003093	0.000071 0.000357	0.000000 0.000000	
2 32 2 1.660000	0.066282 0.007396	0.995599 0.000977	0.351793 0.001816	0.140460 0.005782	0.058068 0.009454	0.023785 0.005226	0.011164 0.008907	0.003489 0.009740	0.001302 0.003249	0.000436 0.002180	0.000000 0.000000	
2 32 2 1.670000	0.065951 0.008548	0.995641 0.001115	0.348518 0.009724	0.140458 0.007771	0.056959 0.009309	0.023787 0.005276	0.008833 0.003713	0.001929 0.006569	0.000226 0.001131	0.000000 0.000000	0.000000 0.000000	
2 32 2 1.680000	0.068990 0.005214	0.995237 0.000728	0.346942 0.008714	0.137231 0.009742	0.058651 0.006680	0.018355 0.009334	0.007466 0.007542	0.001031 0.005156	0.000238 0.001192	0.001142 0.005709	0.000987 0.002909	
2 32 2 1.690000	0.067193 0.008042	0.995477 0.001064	0.342731 0.005906	0.133026 0.009974	0.056594 0.003673	0.025427 0.007938	0.006902 0.008078	0.004089 0.007425	0.000919 0.002630	0.000253 0.001267	0.000000 0.000000	
2 32 2 1.700000	0.064268 0.008533	0.995857 0.001090	0.341331 0.007903	0.134346 0.009722	0.051802 0.009958	0.019921 0.007812	0.007593 0.009614	0.002191 0.006246	0.000048 0.000241	0.000000 0.000000	0.000000 0.000000	
2 32 2 1.710000	0.063778 0.008647	0.995920 0.001095	0.334839 0.007592	0.127086 0.007176	0.050336 0.007207	0.020250 0.007590	0.005726 0.009330	0.002501 0.004687	0.000424 0.002119	0.000267 0.001334	0.000368 0.001839	
2 32 2 1.720000	0.065627 0.006727	0.995688 0.000876	0.334627 0.004337	0.125322 0.008686	0.048682 0.006217	0.017904 0.008795	0.007376 0.009902	0.000599 0.001675	0.003404 0.007003	0.000229 0.001144	0.000216 0.001079	
2 32 2 1.730000	0.064302 0.006433	0.995860 0.000830	0.331298 0.009982	0.124576 0.009804	0.047177 0.007634	0.020388 0.006944	0.006154 0.008380	0.000640 0.002017	-0.000002 0.000010	0.000272 0.001358	0.000000 0.000000	
2 32 2 1.740000	0.064822 0.002649	0.995797 0.000342	0.329763 0.007142	0.122900 0.009083	0.048247 0.003113	0.018288 0.005111	0.006454 0.007921	0.002358 0.009957	0.000000 0.000000	0.001509 0.005119	0.000233 0.001164	
2 32 2 1.750000	0.062078 0.005437	0.996143 0.000676	0.326266 0.009775	0.122513 0.009406	0.047669 0.009737	0.018966 0.008926	0.007147 0.003130	0.000342 0.001711	0.000790 0.003950	0.000604 0.003019	0.000000 0.000000	
2 32 2 1.760000	0.057827 0.009725	0.996646 0.001149	0.325282 0.009918	0.117995 0.005477	0.044533 0.008002	0.015311 0.008722	0.006905 0.007665	0.002596 0.009986	0.000603 0.003016	0.000000 0.000000	0.001354 0.006771	
2 32 2 1.770000	0.061057 0.007953	0.996263 0.000957	0.320941 0.005622	0.119003 0.009974	0.046663 0.007079	0.019758 0.009833	0.005277 0.008670	0.002018 0.003094	0.003325 0.005833	0.001189 0.005121	0.000191 0.000954	
2 32 2 1.780000	0.059003 0.007938	0.996510 0.000949	0.318762 0.005251	0.114376 0.009420	0.044303 0.007204	0.017105 0.006999	0.005005 0.008084	0.001384 0.006919	0.000376 0.001881	0.000000 0.000000	0.000000 0.000000	
2 32 2 1.790000	0.059362 0.008287	0.996465 0.000992	0.318914 0.007477	0.111705 0.009985	0.041739 0.009676	0.015203 0.007921	0.007076 0.003840	0.000292 0.001459	0.000278 0.001389	0.001121 0.005603	0.000000 0.000000	
2 32 2 1.800000	0.060355 0.005290	0.996352 0.000637	0.316726 0.004381	0.115924 0.009913	0.039665 0.007955	0.015274 0.007086	0.003685 0.006777	0.000783 0.002775	0.000214 0.001069	0.000104 0.000518	0.000000 0.000000	
2 32 2 1.810000	0.060543 0.004407	0.996332 0.000529	0.313229 0.009980	0.108794 0.005613	0.040089 0.006971	0.014797 0.004696	0.003409 0.007573	0.001284 0.005880	0.002503 0.009721	0.000000 0.000000	0.000286 0.001429	
2 32 2 1.820000	0.060987 0.007251	0.996274 0.000903	0.312721 0.007760	0.106363 0.009821	0.039564 0.006606	0.014686 0.008006	0.004160 0.005522	0.001810 0.004839	0.000789 0.002884	0.002089 0.009803	0.001153 0.005766	
2 32 2 1.830000	0.061378 0.005485	0.996229 0.000668	0.313402 0.008652	0.110586 0.007358	0.040014 0.003881	0.012696 0.009659	0.006452 0.008638	0.000824 0.004120	0.000000 0.000000	0.000467 0.002334	0.000000 0.000000	
2 32 2 1.840000	0.060567 0.008664	0.996321 0.001088	0.305738 0.009873	0.106991 0.009553	0.036496 0.008889	0.013677 0.007820	0.004832 0.009925	0.001363 0.004889	0.000236 0.001180	0.000168 0.000839	0.000792 0.003959	
2 32 2 1.850000	0.057243 0.002667	0.996722 0.000304	0.306465 0.009983	0.104517 0.003722	0.036192 0.005902	0.012606 0.005622	0.003255 0.005241	0.000652 0.003261	0.000000 0.000000	0.000829 0.004144	0.000898 0.003067	
2 32 2 1.860000	0.058483 0.006627	0.996572 0.000772	0.303414 0.009876	0.103501 0.004421	0.035993 0.008374	0.011975 0.004588	0.002644 0.005778	0.001335 0.003547	0.000000 0.000000	0.000000 0.000000	0.000000 0.000000	
2 32 2 1.870000	0.057455 0.006421	0.996694 0.000726	0.296722 0.007180	0.099885 0.009878	0.035434 0.008911	0.011502 0.007119	0.003609 0.008076	0.001995 0.005081	0.001278 0.006127	0.000938 0.004688	0.000000 0.000000	
2 32 2 1.880000	0.053200 0.006221	0.997165 0.000655	0.299205 0.004488	0.097214 0.009451	0.032277 0.007011	0.011858 0.005990	0.005803 0.009619	0.001731 0.006096	0.001568 0.007841	0.000000 0.000000	0.000771 0.003857	
2 32 2 1.890000	0.054475 0.007205	0.997024 0.000791	0.299273 0.006642	0.096455 0.008536	0.032961 0.009864	0.008667 0.004745	0.003136 0.006682	0.000000 0.000000	0.000000 0.000000	0.000453 0.002263	0.000000 0.000000	
2 32 2 1.900000	0.054473 0.008518	0.997022 0.000916	0.293143 0.007986	0.093902 0.007236	0.035392 0.009997	0.011043 0.009868	0.002450 0.004948	0.000832 0.004158	0.000000 0.000000	0.000944 0.004720	0.000000 0.000000	
2 32 2 1.910000	0.055411 0.008719	0.996922 0.000959	0.292370 0.006723	0.097855 0.006333	0.030860 0.009840	0.009159 0.005455	0.003352 0.009162	0.000390 0.002004	0.000000 0.000000	0.000000 0.000000	0.000000 0.000000	
2 32 2 1.920000	0.055153 0.002176	0.996957 0.000239	0.290080 0.009961	0.093922 0.004150	0.032853 0.007619	0.011594 0.008360	0.003274 0.003818	0.000242 0.001212	0.000000 0.000000	0.000664 0.003321	0.000000 0.000000	
2 32 2 1.930000	0.055978 0.009801	0.996851 0.001084	0.290706 0.007239	0.092122 0.008881	0.032702 0.009019	0.013752 0.009731	0.001659 0.008294	0.001285 0.005723	0.001316 0.004622	0.000933 0.004663	0.000000 0.000000	
2 32 2 1.940000	0.053043 0.006858	0.997180 0.000736	0.290783 0.006377	0.093487 0.009826	0.031166 0.001659	0.006836 0.009364	0.001785 0.005578	0.001436 0.003260	0.001293 0.006466	0.001177 0.003242	0.000115 0.000574	
2 32 2 1.950000	0.053581 0.006620	0.997125 0.000710	0.284781 0.005893	0.087494 0.008717	0.029207 0.009886	0.012031 0.003368	0.003052 0.007550	0.000343 0.001713	0.000513 0.002563	0.000000 0.000000	0.000320 0.001602	
2 32 2 1.960000	0.055057 0.007434	0.996961 0.000813	0.284404 0.006200	0.087756 0.009762	0.030552 0.009844	0.007317 0.004538	0.002195 0.004298	0.001117 0.003101	0.001054 0.002402	0.000512 0.002562	0.000154 0.000770	
2 32 2 1.970000	0.054892 0.005539	0.996983 0.000604	0.283382 0.008769	0.089576 0.009756	0.026984 0.005611	0.008876 0.007679	0.000998 0.004134	0.000388 0.001938	0.000000 0.000000	0.000465 0.001202	0.000255 0.000927	
2 32 2 1.980000	0.053350 0.003845	0.997152 0.000413	0.281678 0.009691	0.087038 0.009679	0.026316 0.003831	0.007565 0.002379	0.002898 0.006674	0.001588 0.005096	0.000216 0.001078	0.000153 0.000767	0.000000 0.000000	
2 32 2 1.990000	0.053440 0.004384	0.997142 0.000464	0.280974 0.004787	0.084748 0.008594	0.027549 0.009879	0.008204 0.004921	0.001852 0.005054	0.000000 0.000000	0.000160 0.000801	0.000097 0.000487	0.000000 0.000000	
2 32 2 2.000000	0.052558 0.007721	0.997231 0.000823	0.275742 0.008815	0.081533 0.009402	0.027564 0.004687	0.007098 0.009803	0.002575 0.005367	0.002328 0.005233	0.000626 0.003128	0.000233 0.001164	0.001094 0.003763	
2 32 2 2.010000	0.050201 0.001884	0.997479 0.000190	0.272115 0.008543	0.082880 0.003776	0.027265 0.009612	0.005375 0.008938	0.003677 0.007833	0.002534 0.006943	0.000382 0.001911	0.000622 0.003108	0.000000 0.000000	
2 32 2 2.020000	0.051696 0.004661	0.997325 0.000482	0.273562 0.007375	0.081163 0.002553	0.025803 0.008931	0.006769 0.009734	0.002153 0.008447	0.000805 0.004024	0.000000 0.000000	0.000000 0.000000	0.000368 0.001839	
2 32 2 2.030000	0.053364 0.004444	0.997150 0.000474	0.271771 0.009930	0.082831 0.006412	0.021715 0.006038	0.007855 0.009691	0.001146 0.003924	0.000447 0.001220	0.000000 0.000000	0.000000 0.000000	0.000404 0.002022	
2 32 2 2.040000	0.052065 0.005435	0.997285 0.000561	0.273883 0.007403	0.077717 0.009978	0.026490 0.006966	0.006290 0.009841	0.001338 0.005050	0.000600 0.003002	0.000051 0.000255	0.000000 0.000000	0.000663 0.003317	
2 32 2 2.050000	0.051170 0.003557	0.997380 0.000366	0.270529 0.008871	0.080875 0.001146	0.023961 0.008130	0.010176 0.009886	0.002612 0.007873	0.000442 0.002211	0.000000 0.000000	0.001387 0.003416	0.002100 0.005427	
2 32 2 2.060000	0.049752 0.009124	0.997514 0.000932	0.267083 0.004912	0.075670 0.009092	0.024426 0.006507	0.008582 0.007576	0.003773 0.009225	0.000000 0.000000	0.000743 0.002128	0.000587 0.002566	0.000800 0.004000	
2 32 2 2.070000	0.051335 0.007758	0.997358 0.000790	0.266700 0.006440	0.077092 0.009519	0.020953 0.006392	0.006414 0.009463	0.001703 0.007944	0.000733 0.003666	0.001136 0.004886	0.001447 0.005229	0.000594 0.002969	
2 32 2 2.080000	0.049891 0.003320	0.997509 0.000330	0.263324 0.009868	0.077844 0.006369	0.023986 0.009529	0.003655 0.006415	0.002990 0.006430	0.001742 0.006127	0.001538 0.004430	0.000493 0.002281	0.000995 0.004977	
2 32 2 2.090000	0.049263 0.009949	0.997559 0.000997	0.262835 0.007590	0.074825 0.003796	0.022698 0.003919	0.007705 0.006166	0.002484 0.005190	0.000631 0.003155	0.000190 0.000949	0.000132 0.000659	0.000759 0.002863	
2 32 2 2.100000	0.049577 0.005650	0.997539 0.000556	0.258761 0.009952	0.074667 0.006816	0.021834 0.004457	0.004748 0.009936	0.002103 0.006150	0.000433 0.002165	0.000162 0.000809	0.000000 0.000000	0.000000 0.000000	
2 32 2 2.110000	0.047753 0.007224	0.997713 0.000686	0.259694 0.007900	0.074830 0.006487	0.021406 0.008638	0.005568 0.009523	0.001903 0.006561	0.000168 0.000840	0.001623 0.004769	0.000000 0.000000	0.000000 0.000000	
2 32 2 2.120000	0.048905 0.005339	0.997604 0.000520	0.257848 0.007320	0.074863 0.007206	0.019913 0.009424	0.006069 0.008367	0.000501 0.001519	0.000639 0.002288	0.000000 0.000000	0.000000 0.000000	0.000000 0.000000	
2 32 2 2.130000	0.050791 0.009556	0.997409 0.000957	0.256886 0.006645	0.078008 0.007328	0.020297 0.009430	0.010014 0.009787	0.000419 0.002096	0.001926 0.009632	0.001720 0.007650	0.002308 0.005382	0.000000 0.000000	
2 32 2 2.140000	0.046908 0.006459	0.997794 0.000603	0.254033 0.009335	0.069621 0.006307	0.019716 0.006796	0.002404 0.005462	0.002143 0.009674	0.000804 0.004019	0.000000 0.000000	0.000000 0.000000	0.000132 0.000662	
2 32 2 2.150000	0.048637 0.001938	0.997634 0.000188	0.254637 0.009492	0.069129 0.007685	0.022185 0.009482	0.004899 0.006477	0.001189 0.003926	0.000000 0.000000	0.001976 0.005880	0.000000 0.000000	0.000816 0.004078	
2 32 2 2.160000	0.046784 0.004614	0.997808 0.000432	0.254675 0.008203	0.072036 0.009766	0.017747 0.009581	0.004296 0.008853	0.000993 0.003857	0.001356 0.006780	0.000000 0.000000	0.000000 0.000000	0.000000 0.000000	
2 32 2 2.170000	0.049058 0.003906	0.997591 0.000380	0.251229 0.009402	0.071720 0.009797	0.018485 0.006610	0.005643 0.006667	0.002978 0.004521	0.000399 0.001995	0.000000 0.000000	0.000403 0.001636	0.000000 0.000000	
2 32 2 2.180000	0.046654 0.004810	0.997820 0.000440	0.252821 0.007234	0.068233 0.009914	0.016749 0.009260	0.002533 0.008169	0.001003 0.004619	0.000000 0.000000	0.000869 0.003082	0.000000 0.000000	0.000426 0.002129	
2 32 2 2.190000	0.048889 0.003891	0.997608 0.000385	0.249152 0.007435	0.067600 0.008241	0.016572 0.008696	0.006105 0.008949	0.001814 0.005780	0.001599 0.005842	0.001629 0.008045	0.000781 0.003323	0.001042 0.003851	
2 32 2 2.200000	0.049657 0.007994	0.997525 0.000796	0.248153 0.008834	0.066093 0.004664	0.017178 0.009959	0.008282 0.006579	0.001516 0.003421	0.000458 0.002290	0.001852 0.008328	0.000875 0.004377	0.000667 0.002782	
2 32 2 2.210000	0.046916 0.005594	0.997795 0.000522	0.246386 0.009551	0.068230 0.009743	0.010589 0.006079	0.004812 0.009899	0.002214 0.008318	0.000567 0.002835	0.000587 0.001607	0.000312 0.001561	0.000889 0.004445	
2 32 2 2.220000	0.049626 0.005099	0.997534 0.000513	0.243140 0.007300	0.064665 0.009823	0.017394 0.007864	0.004269 0.008384	0.001428 0.004427	0.001325 0.006625	0.000000 0.000000	0.000154 0.000496	0.000413 0.002063	
2 32 2 2.230000	0.045747 0.006078	0.997902 0.000549	0.245399 0.003789	0.060839 0.009832	0.017651 0.009457	0.002532 0.005651	0.000566 0.001418	0.001212 0.005101	0.000358 0.001592	0.000000 0.000000	0.000767 0.003834	
2 32 2 2.240000	0.043891 0.005431	0.998070 0.000475	0.242615 0.009266	0.062323 0.001844	0.014989 0.009841	0.005221 0.008303	0.000000 0.000000	0.001017 0.005086	0.000000 0.000000	0.000209 0.001047	0.000000 0.000000	
2 32 2 2.250000	0.045581 0.005212	0.997919 0.000486	0.238625 0.006615	0.061114 0.006053	0.019991 0.005440	0.004405 0.009547	0.001450 0.004636	0.001418 0.004894	0.000455 0.002273	0.000193 0.000963	0.000418 0.002089	
2 32 2 2.260000	0.046247 0.003807	0.997859 0.000352	0.239653 0.009471	0.060282 0.009182	0.016221 0.009888	0.004611 0.007582	0.000169 0.000846	0.000000 0.000000	0.000260 0.001300	0.000000 0.000000	0.000505 0.002247	
2 32 2 2.270000	0.047376 0.003465	0.997754 0.000328	0.237115 0.009761	0.058538 0.009565	0.012877 0.007011	0.002422 0.004820	0.000099 0.000496	0.000643 0.002809	0.000611 0.002273	0.000000 0.000000	0.000000 0.000000	
2 32 2 2.280000	0.047673 0.006391	0.997723 0.000613	0.234356 0.003801	0.060718 0.009820	0.013386 0.008197	0.004957 0.009351	0.000000 0.000000	0.000000 0.000000	0.000000 0.000000	0.001531 0.007653	0.001454 0.004736	
2 32 2 2.290000	0.044655 0.005820	0.998001 0.000507	0.234675 0.008058	0.057491 0.009998	0.017283 0.005640	0.001065 0.003387	0.001892 0.005562	0.000047 0.000236	0.000903 0.003244	0.000000 0.000000	0.000000 0.000000	
2 32 2 2.300000	0.046306 0.006027	0.997850 0.000567	0.235949 0.007573	0.057300 0.009806	0.015105 0.005172	0.004043 0.005196	0.000313 0.000840	0.001230 0.003346	0.001434 0.003904	0.000000 0.000000	0.000448 0.001434	
2 32 2 2.310000	0.046309 0.008464	0.997846 0.000789	0.230707 0.005208	0.055186 0.004792	0.012404 0.009072	0.002286 0.008758	0.001284 0.003266	0.001061 0.005307	0.000000 0.000000	0.000647 0.002250	0.003083 0.009315	
2 32 2 2.320000	0.042926 0.009816	0.998146 0.000852	0.228921 0.007817	0.057534 0.009600	0.013805 0.007630	0.001653 0.004814	0.001215 0.002507	0.000000 0.000000	0.000480 0.002401	0.001125 0.005627	0.000000 0.000000	
2 32 2 2.330000	0.044950 0.007922	0.997970 0.000716	0.230027 0.006049	0.059598 0.009742	0.015483 0.009584	0.001815 0.003859	0.000855 0.002385	0.000000 0.000000	0.001664 0.004314	0.000223 0.001115	0.000173 0.000867	
2 32 2 2.340000	0.043666 0.005269	0.998090 0.000465	0.228945 0.009849	0.055530 0.005506	0.014274 0.009462	0.006445 0.008097	0.000916 0.003559	0.000499 0.001330	0.000261 0.001305	0.004020 0.008585	0.000115 0.000573	
2 32 2 2.350000	0.044332 0.003618	0.998032 0.000319	0.229513 0.009987	0.056051 0.009409	0.012971 0.004302	0.004613 0.008531	0.000859 0.001567	0.000127 0.000637	0.001385 0.005190	0.002086 0.007187	0.000398 0.001988	
2 32 2 2.360000	0.044016 0.005704	0.998059 0.000503	0.226681 0.009384	0.053901 0.006715	0.015986 0.004951	0.002193 0.005648	0.000790 0.003952	0.003596 0.009044	0.000000 0.000000	0.002764 0.009772	0.000461 0.002306	
2 32 2 2.370000	0.043733 0.004626	0.998084 0.000400	0.226649 0.009806	0.052581 0.004362	0.012904 0.006047	0.003595 0.004095	0.002590 0.007109	0.000777 0.003885	0.000000 0.000000	0.000996 0.004981	0.001633 0.005177	
2 32 2 2.380000	0.044089 0.007891	0.998048 0.000679	0.222266 0.009904	0.054682 0.008404	0.012680 0.005880	0.002436 0.004451	0.000201 0.001006	0.000000 0.000000	0.000153 0.000766	0.000428 0.002138	0.000909 0.003274	
2 32 2 2.390000	0.044098 0.004119	0.998053 0.000361	0.222309 0.002969	0.052648 0.009843	0.014242 0.005483	0.003026 0.009821	0.001049 0.004915	0.001153 0.004142	0.001645 0.007321	0.000622 0.003111	0.003119 0.009824	
2 32 2 2.400000	0.043717 0.002712	0.998088 0.000237	0.221434 0.009508	0.052343 0.009811	0.011714 0.008478	0.001868 0.005244	0.002289 0.006944	0.000000 0.000000	0.000000 0.000000	0.001293 0.006467	0.002148 0.006057	
2 32 2 2.410000	0.042926 0.007255	0.998150 0.000613	0.221125 0.006027	0.053213 0.009982	0.013397 0.005243	0.003671 0.005442	0.000080 0.000398	0.000775 0.003874	0.000183 0.000917	0.000648 0.002484	0.001306 0.004295	
2 32 2 2.420000	0.042325 0.001682	0.998208 0.000142	0.221572 0.009960	0.056920 0.009233	0.013677 0.007624	0.003087 0.007669	0.000000 0.000000	0.002314 0.007543	0.000000 0.000000	0.000206 0.001030	0.000000 0.000000	
2 32 2 2.430000	0.043792 0.002760	0.998081 0.000240	0.218716 0.009920	0.049666 0.005070	0.012277 0.004523	0.004417 0.008184	0.001608 0.004280	0.000690 0.003451	0.000000 0.000000	0.000261 0.001303	0.004104 0.008349	
2 32 2 2.440000	0.043365 0.007527	0.998112 0.000644	0.219914 0.009958	0.052054 0.003039	0.010850 0.006221	0.004371 0.004343	0.000755 0.001981	0.000000 0.000000	0.000000 0.000000	0.002828 0.009055	0.003339 0.008408	
2 32 2 2.450000	0.042227 0.004217	0.998214 0.000363	0.217202 0.009778	0.052308 0.008504	0.010168 0.002468	0.001119 0.003953	0.000680 0.003398	0.000085 0.000427	0.000357 0.001483	0.000000 0.000000	0.000000 0.000000	
2 32 2 2.460000	0.042950 0.005991	0.998151 0.000502	0.219695 0.007500	0.052505 0.009363	0.010216 0.009963	0.003954 0.004663	0.001135 0.005673	0.002129 0.006773	0.000684 0.003848	0.000000 0.000000	0.000000 0.000000	
2 32 2 2.470000	0.042576 0.003926	0.998186 0.000334	0.216446 0.009964	0.046090 0.004738	0.010759 0.009307	0.001521 0.006731	0.000116 0.000580	0.001993 0.008730	0.000233 0.000767	0.000000 0.000000	0.000000 0.000000	
2 32 2 2.480000	0.042881 0.008728	0.998153 0.000745	0.216693 0.007337	0.048908 0.009842	0.011331 0.006501	0.003715 0.004522	0.000756 0.003779	0.000253 0.001265	0.000333 0.001664	0.000279 0.001087	0.000223 0.001115	
2 32 2 2.490000	0.041093 0.009884	0.998301 0.000810	0.213967 0.009013	0.048370 0.005459	0.009664 0.008060	0.002672 0.004758	0.003561 0.007710	0.000690 0.003448	0.000391 0.001953	0.001596 0.007098	0.000000 0.000000	
2 32 2 2.500000	0.042506 0.003920	0.998191 0.000330	0.213862 0.007644	0.048369 0.009264	0.011384 0.007563	0.000734 0.003669	0.000896 0.003930	0.000748 0.002266	0.001044 0.002688	0.000258 0.001291	0.001245 0.006223	
2 32 2 2.510000	0.042668 0.007556	0.998172 0.000647	0.214096 0.006923	0.046739 0.007486	0.009289 0.009393	0.001509 0.004475	0.001651 0.004162	0.000000 0.000000	0.001225 0.005116	0.000449 0.002247	0.002698 0.008011	
2 32 2 2.520000	0.041314 0.004443	0.998291 0.000374	0.211793 0.007056	0.048905 0.007890	0.010766 0.009730	0.001608 0.003689	0.001039 0.005194	0.001376 0.006882	0.000000 0.000000	0.000397 0.002085	0.000527 0.001611	
2 32 2 2.530000	0.041265 0.004235	0.998294 0.000346	0.208636 0.003727	0.047757 0.006829	0.012004 0.009990	0.002484 0.005221	0.000828 0.003924	0.001202 0.003542	0.000234 0.001171	0.000078 0.000392	0.000000 0.000000	
2 32 2 2.540000	0.041416 0.004767	0.998282 0.000386	0.208579 0.007006	0.046645 0.009704	0.010744 0.008995	0.003474 0.008967	0.001503 0.006315	0.002012 0.008048	0.002706 0.008465	0.000000 0.000000	0.000744 0.002851	
2 32 2 2.550000	0.043034 0.004810	0.998144 0.000414	0.206970 0.007953	0.044724 0.008427	0.006673 0.009389	0.001030 0.004614	0.000000 0.000000	0.001052 0.002607	0.002291 0.009985	0.001076 0.005379	0.001578 0.005882	
2 32 2 2.560000	0.043799 0.006804	0.998076 0.000577	0.205754 0.009467	0.044717 0.005460	0.007918 0.009947	-0.000024 0.000118	0.000062 0.000311	0.000000 0.000000	0.000229 0.001146	0.000000 0.000000	0.001683 0.005056	
2 32 2 2.570000	0.041731 0.005047	0.998255 0.000419	0.207680 0.007745	0.045970 0.009957	0.011187 0.006644	0.000361 0.001804	0.000786 0.002431	0.002494 0.004646	0.001515 0.003175	0.001353 0.004786	0.000000 0.000000	
2 32 2 2.580000	0.041628 0.007391	0.998262 0.000611	0.205202 0.006231	0.043569 0.009910	0.008609 0.001652	0.000216 0.001081	0.000374 0.001872	0.001183 0.005917	0.001867 0.005194	0.000000 0.000000	0.000000 0.000000	
2 32 2 2.590000	0.040921 0.002728	0.998324 0.000224	0.208230 0.009388	0.043745 0.008673	0.011231 0.006837	0.002062 0.004470	0.002445 0.006435	0.001884 0.009422	0.000000 0.000000	0.002430 0.006833	0.000502 0.002512	
2 32 2 2.600000	0.042391 0.002753	0.998202 0.000234	0.203132 0.004295	0.043379 0.007834	0.008499 0.009732	0.001429 0.004495	0.003421 0.007311	0.000000 0.000000	0.001280 0.003877	0.000298 0.001488	0.002008 0.006350	
2 32 2 2.610000	0.042213 0.006537	0.998212 0.000561	0.199668 0.005875	0.038989 0.002436	0.011446 0.009813	0.001688 0.008442	0.000000 0.000000	0.000000 0.000000	0.000354 0.001769	0.001295 0.004144	0.000155 0.000774	
2 32 2 2.620000	0.039784 0.002700	0.998416 0.000214	0.201286 0.009802	0.040870 0.007395	0.007534 0.008757	0.001909 0.005861	0.002447 0.006160	0.001077 0.004929	0.001857 0.005977	0.001340 0.004352	0.000638 0.002203	
2 32 2 2.630000	0.039922 0.001875	0.998406 0.000151	0.200381 0.009420	0.043456 0.008054	0.007894 0.009972	0.001973 0.005296	0.001779 0.006547	0.000446 0.002229	0.000000 0.000000	0.000685 0.003043	0.002092 0.007194	
2 32 2 2.640000	0.039578 0.007369	0.998426 0.000567	0.200534 0.005984	0.040660 0.007728	0.010133 0.009298	0.001541 0.004203	0.001894 0.005950	0.000593 0.001950	0.000716 0.002090	0.000273 0.001363	0.000942 0.004711	
2 32 2 2.650000	0.038565 0.009539	0.998502 0.000737	0.197178 0.005279	0.042302 0.008204	0.004024 0.007725	0.000932 0.004661	0.000886 0.002932	0.000210 0.001050	0.002305 0.008060	0.001425 0.006356	0.000000 0.000000	
2 32 2 2.660000	0.040837 0.005215	0.998329 0.000432	0.197995 0.009121	0.042467 0.008516	0.009367 0.006113	0.003062 0.009961	0.002116 0.006178	0.000000 0.000000	0.002805 0.009632	0.000705 0.003523	0.003140 0.006731	
2 32 2 2.670000	0.039030 0.008730	0.998468 0.000676	0.196888 0.008583	0.037589 0.008489	0.008975 0.009685	0.002747 0.007937	0.001444 0.004373	-0.000042 0.000181	0.000000 0.000000	0.001787 0.007396	0.001784 0.006031	
2 32 2 2.680000	0.040841 0.004232	0.998330 0.000337	0.196848 0.009300	0.039318 0.007996	0.005340 0.009756	0.001765 0.006090	0.000292 0.001459	0.000233 0.001166	0.000221 0.001104	0.000000 0.000000	0.001481 0.007407	
2 32 2 2.690000	0.041947 0.004761	0.998237 0.000388	0.193869 0.005168	0.040740 0.005664	0.010397 0.009914	0.001372 0.006093	0.000000 0.000000	0.000316 0.001581	0.000000 0.000000	0.000868 0.002421	0.000920 0.002795	
2 32 2 2.700000	0.039848 0.003560	0.998410 0.000282	0.194596 0.006355	0.037842 0.008921	0.004511 0.007642	0.002326 0.009878	0.000681 0.003405	0.000471 0.002357	0.000000 0.000000	0.000000 0.000000	0.000480 0.001932	
2 32 2 2.710000	0.038000 0.006371	0.998551 0.000479	0.196660 0.009428	0.040862 0.008102	0.006414 0.003356	0.002270 0.004836	0.000202 0.001009	0.000797 0.003984	0.000529 0.002644	0.000679 0.003394	0.000095 0.000474	
2 32 2 2.720000	0.040504 0.002858	0.998358 0.000231	0.193782 0.007046	0.039522 0.009804	0.006317 0.008381	0.002686 0.006977	0.000711 0.001749	0.001081 0.005405	0.001574 0.007872	0.000323 0.001616	0.000000 0.000000	
2 32 2 2.730000	0.039524 0.004804	0.998435 0.000383	0.194585 0.007921	0.041502 0.008896	0.007090 0.009036	0.001490 0.005305	0.001729 0.005341	0.000000 0.000000	0.000000 0.000000	0.000787 0.002128	0.000000 0.000000	
2 32 2 2.740000	0.038478 0.006076	0.998514 0.000455	0.190519 0.009481	0.040889 0.005673	0.002981 0.009819	0.000671 0.002466	0.000112 0.000559	0.000137 0.000686	0.000257 0.001285	0.000466 0.001777	0.001383 0.006915	
2 32 2 2.750000	0.041164 0.006424	0.998300 0.000542	0.193383 0.008918	0.036794 0.009735	0.009397 0.008765	0.002537 0.009259	0.000000 0.000000	0.000502 0.002512	0.000000 0.000000	-0.000052 0.000261	0.000125 0.000624	
2 32 2 2.760000	0.038662 0.006274	0.998501 0.000482	0.191899 0.004557	0.035015 0.009829	0.008277 0.009776	0.005972 0.004870	0.002069 0.005436	0.000000 0.000000	0.000000 0.000000	0.000000 0.000000	0.000000 0.000000	
2 32 2 2.770000	0.038359 0.004375	0.998526 0.000339	0.187685 0.008392	0.038278 0.008130	0.009109 0.009918	0.001887 0.004424	0.000000 0.000000	0.000272 0.001360	0.000710 0.003548	0.001228 0.006139	0.001945 0.006410	
2 32 2 2.780000	0.038101 0.007525	0.998541 0.000578	0.189223 0.007649	0.036965 0.005975	0.008276 0.009783	0.000101 0.000504	0.001223 0.006116	0.000000 0.000000	0.000000 0.000000	0.001484 0.003778	0.001323 0.005305	
2 32 2 2.790000	0.039854 0.006715	0.998405 0.000522	0.187182 0.009321	0.037947 0.009924	0.003742 0.009369	0.001453 0.003597	0.001167 0.005835	0.000051 0.000253	0.000524 0.002622	0.000170 0.000849	0.000697 0.003484	
2 32 2 2.800000	0.040288 0.005062	0.998373 0.000412	0.184313 0.003853	0.034909 0.009443	0.007728 0.004417	0.001694 0.003729	0.000630 0.002113	0.000827 0.003720	0.001934 0.006725	0.000811 0.002308	0.001055 0.003270	
2 32 2 2.810000	0.039086 0.006420	0.998466 0.000500	0.188677 0.009948	0.036505 0.008698	0.008174 0.008800	0.001806 0.004545	0.000892 0.004461	0.000000 0.000000	0.000000 0.000000	0.000000 0.000000	0.000443 0.001405	
2 32 2 2.820000	0.039694 0.006742	0.998418 0.000540	0.187710 0.006385	0.035541 0.009807	0.005760 0.008140	0.004819 0.008996	0.000803 0.004013	0.000986 0.002666	0.000531 0.002654	0.001141 0.005703	0.001816 0.007092	
2 32 2 2.830000	0.039341 0.007964	0.998445 0.000622	0.186743 0.005037	0.036290 0.009336	0.005712 0.007524	0.001619 0.004171	0.000441 0.002205	0.000985 0.003595	0.002162 0.008670	0.000000 0.000000	0.001788 0.006161	
2 32 2 2.840000	0.038006 0.006893	0.998549 0.000513	0.184942 0.008024	0.032411 0.009745	0.005994 0.009616	0.001587 0.005412	0.000940 0.003892	0.000344 0.001718	0.000000 0.000000	0.000607 0.003035	0.001172 0.005896	
2 32 2 2.850000	0.038179 0.006326	0.998535 0.000474	0.182866 0.008862	0.032223 0.009241	0.006007 0.009889	0.000257 0.001284	0.000000 0.000000	0.000000 0.000000	0.002388 0.006646	0.001223 0.005826	0.003042 0.006018	
2 32 2 2.860000	0.037847 0.003449	0.998566 0.000262	0.184618 0.009503	0.036202 0.007019	0.007095 0.009868	0.001928 0.006290	0.000877 0.003629	0.002416 0.005724	0.000000 0.000000	0.000878 0.001960	0.000075 0.000374	
2 32 2 2.870000	0.038196 0.005237	0.998538 0.000398	0.180309 0.007201	0.034980 0.005827	0.001197 0.004673	0.001676 0.008378	0.002210 0.008795	0.000000 0.000000	0.002405 0.008356	-0.000099 0.000493	0.003972 0.008285	
2 32 2 2.880000	0.039631 0.005803	0.998424 0.000473	0.180110 0.004367	0.038100 0.009117	0.005137 0.009639	0.000745 0.003727	0.000539 0.002695	0.000658 0.003290	0.001299 0.003880	0.001751 0.006294	0.001350 0.006239	
2 32 2 2.890000	0.037561 0.004557	0.998586 0.000348	0.179757 0.003876	0.033775 0.009613	0.003972 0.007929	0.000656 0.003282	0.001195 0.005974	0.000586 0.002932	0.002513 0.007028	0.000817 0.004085	0.000311 0.001555	
2 32 2 2.900000	0.038899 0.004220	0.998485 0.000327	0.177766 0.006650	0.033188 0.008444	0.008639 0.008887	0.002402 0.006731	0.002552 0.009072	0.001318 0.003969	0.000268 0.001342	0.002411 0.007331	0.000117 0.000583	
2 32 2 2.910000	0.037029 0.004459	0.998626 0.000331	0.180484 0.005787	0.033598 0.007062	0.005542 0.005673	0.005552 0.009891	0.001785 0.006656	0.001559 0.007795	0.000120 0.000599	0.002276 0.007252	0.000000 0.000000	
2 32 2 2.920000	0.041093 0.002961	0.998310 0.000240	0.177851 0.009201	0.034223 0.009408	0.004302 0.008806	0.001112 0.005560	0.000982 0.004912	0.000206 0.001028	0.000000 0.000000	0.000000 0.000000	0.000580 0.002830	
2 32 2 2.930000	0.038381 0.004801	0.998524 0.000376	0.177229 0.009837	0.034128 0.007012	0.003998 0.007376	0.000100 0.000501	0.000000 0.000000	0.000138 0.000689	0.001524 0.003292	0.000575 0.002873	0.000701 0.003507	
2 32 2 2.940000	0.039275 0.005414	0.998452 0.000424	0.175922 0.006895	0.032555 0.009719	0.005956 0.009605	0.001775 0.004447	0.000818 0.004088	0.000081 0.000403	0.001007 0.003920	0.000137 0.000686	0.000904 0.004519	
2 32 2 2.950000	0.037701 0.005531	0.998574 0.000404	0.174064 0.009908	0.030761 0.009293	0.003394 0.007968	0.001341 0.005072	0.000613 0.003063	0.001700 0.006728	0.000000 0.000000	0.000810 0.004052	0.001346 0.004676	
2 32 2 2.960000	0.037344 0.009837	0.998593 0.000747	0.175768 0.008110	0.033956 0.008418	0.003827 0.007283	0.001320 0.003444	0.001098 0.002915	0.001666 0.004986	0.000550 0.001499	0.002016 0.005092	0.000950 0.004749	
2 32 2 2.970000	0.038190 0.002757	0.998541 0.000212	0.174429 0.004961	0.031681 0.009776	0.005918 0.004240	0.001579 0.003574	0.000475 0.001840	0.000000 0.000000	0.000237 0.000650	0.001140 0.005702	0.000228 0.001142	
2 32 2 2.980000	0.037822 0.004562	0.998566 0.000342	0.176276 0.008673	0.031532 0.008828	0.002954 0.009866	0.001017 0.003090	0.000811 0.002195	0.000000 0.000000	0.001582 0.005304	0.000123 0.000616	0.000255 0.001275	
2 32 2 2.990000	0.036850 0.007133	0.998632 0.000527	0.175389 0.009582	0.033040 0.004080	0.004603 0.009533	0.000000 0.000000	0.000908 0.004541	0.000000 0.000000	0.000617 0.003086	0.001666 0.003340	0.001335 0.004657	
2 32 2 3.000000	0.037061 0.004021	0.998624 0.000301	0.173399 0.005327	0.030492 0.009960	0.001543 0.005570	0.000427 0.002136	-0.000023 0.000115	0.000989 0.003012	0.003338 0.006808	0.001260 0.003525	0.000889 0.002268	
2 32 2 3.010000	0.039682 0.004056	0.998423 0.000322	0.171966 0.008170	0.028396 0.009452	0.003842 0.007760	0.002713 0.009222	0.000955 0.003893	0.000948 0.004740	0.000681 0.003406	0.000000 0.000000	0.000295 0.001475	
2 32 2 3.020000	0.036828 0.003485	0.998642 0.000253	0.172498 0.009952	0.033691 0.004474	0.004727 0.008518	0.001330 0.006035	0.000381 0.001903	0.001277 0.005664	0.000000 0.000000	0.001776 0.004769	0.001994 0.006260	
2 32 2 3.030000	0.037302 0.004139	0.998607 0.000310	0.169489 0.009974	0.031569 0.008995	0.006623 0.001611	0.000000 0.000000	0.000000 0.000000	0.000000 0.000000	0.000719 0.003597	0.000473 0.002365	0.001005 0.004165	
2 32 2 3.040000	0.039249 0.006059	0.998456 0.000478	0.170639 0.008879	0.025535 0.009155	0.007070 0.006207	0.000000 0.000000	0.000000 0.000000	0.004319 0.009662	0.000963 0.004815	0.000097 0.000484	0.001921 0.007000	
2 32 2 3.050000	0.037123 0.002884	0.998621 0.000213	0.175454 0.009649	0.030965 0.007026	0.006204 0.005161	0.001240 0.006202	0.000000 0.000000	0.002096 0.006479	0.000585 0.002927	0.000924 0.004619	0.000369 0.001843	
2 32 2 3.060000	0.036863 0.005441	0.998638 0.000402	0.171955 0.009360	0.031347 0.007097	0.007607 0.009812	0.001710 0.002762	0.000168 0.000839	0.001529 0.004441	0.000224 0.001119	0.000000 0.000000	0.000000 0.000000	
2 32 2 3.070000	0.037458 0.008195	0.998588 0.000599	0.168218 0.007437	0.027936 0.006040	0.004536 0.009354	0.003905 0.009317	0.001372 0.002563	0.000638 0.002846	0.001561 0.004970	0.002420 0.005939	0.000826 0.002870	
2 32 2 3.080000	0.037378 0.002056	0.998602 0.000154	0.167931 0.009580	0.028565 0.006572	0.002515 0.004644	0.001728 0.004116	0.000797 0.003362	0.000345 0.001156	0.001188 0.005941	0.000282 0.001411	0.000000 0.000000	
2 32 2 3.090000	0.038269 0.004209	0.998533 0.000317	0.166540 0.009573	0.028437 0.004195	0.005041 0.008067	0.001596 0.003897	0.000000 0.000000	0.000174 0.000575	0.001134 0.005668	0.001007 0.005033	0.000217 0.000652	
2 32 2 3.100000	0.036825 0.003925	0.998642 0.000289	0.166116 0.009859	0.026198 0.009898	0.004935 0.004451	0.000000 0.000000	0.001299 0.003967	0.000113 0.000567	0.001252 0.004224	0.000979 0.003027	0.000354 0.001768	
2 32 2 3.110000	0.037060 0.004364	0.998625 0.000325	0.167859 0.009969	0.031204 0.005493	0.006171 0.005262	0.001558 0.004046	0.001272 0.005525	0.000000 0.000000	0.001086 0.003015	0.000000 0.000000	0.000398 0.001988	
2 32 2 3.120000	0.036954 0.005381	0.998631 0.000390	0.166687 0.005350	0.032101 0.009928	0.002949 0.008523	0.001580 0.005478	0.000890 0.004447	0.000370 0.001309	0.000450 0.002250	0.000276 0.001381	0.001773 0.008864	
2 32 2 3.130000	0.037152 0.005108	0.998616 0.000390	0.163922 0.005585	0.029081 0.009863	0.009480 0.007475	0.000000 0.000000	0.001356 0.006779	0.001499 0.007494	0.002449 0.006490	0.001075 0.003386	0.003709 0.009276	
2 32 2 3.140000	0.036773 0.001809	0.998647 0.000134	0.163870 0.007538	0.028267 0.009769	0.001433 0.004367	0.001330 0.003910	0.001732 0.003842	0.000000 0.000000	0.002632 0.008716	0.000835 0.002468	0.000681 0.003405	
2 32 2 3.150000	0.036262 0.004154	0.998683 0.000304	0.162977 0.009959	0.027575 0.004797	0.002544 0.007669	0.000000 0.000000	0.000498 0.001386	0.000461 0.001623	0.000305 0.001526	0.000286 0.001431	0.000000 0.000000	
2 32 2 3.160000	0.037023 0.005042	0.998626 0.000373	0.165057 0.006204	0.028983 0.005881	0.004858 0.009935	0.000000 0.000000	0.001264 0.006322	0.000492 0.001539	0.001493 0.007467	0.001240 0.003638	0.000000 0.000000	
2 32 2 3.170000	0.035555 0.008961	0.998724 0.000680	0.162840 0.008377	0.027998 0.006537	0.003919 0.009542	0.000293 0.001464	0.000674 0.003370	0.000844 0.002037	0.000529 0.002679	0.000000 0.000000	0.000843 0.004216	
2 32 2 3.180000	0.036454 0.006190	0.998666 0.000460	0.164876 0.007939	0.026566 0.009867	0.004464 0.007940	0.000000 0.000000	0.002048 0.007677	0.001904 0.005036	0.000917 0.004586	0.004771 0.008745	0.000000 0.000000	
2 32 2 3.190000	0.036468 0.002127	0.998670 0.000156	0.158973 0.009230	0.026176 0.006001	0.003465 0.005752	0.002034 0.009983	0.001154 0.003316	0.000120 0.000602	0.000824 0.004122	0.000000 0.000000	0.001385 0.003746	
2 32 2 3.200000	0.037342 0.008602	0.998595 0.000648	0.163514 0.009930	0.027487 0.005561	0.002401 0.002975	0.001492 0.007459	0.001520 0.006021	0.001849 0.003800	0.000392 0.002516	0.002777 0.006825	0.000730 0.002245	
2 32 2 3.210000	0.037203 0.009078	0.998603 0.000665	0.161849 0.006590	0.025933 0.008687	0.004703 0.009751	0.000610 0.003050	0.003562 0.009906	0.002424 0.006790	0.000000 0.000000	0.002029 0.005386	0.000598 0.002178	
2 32 2 3.220000	0.036165 0.003428	0.998691 0.000245	0.160088 0.005748	0.024255 0.009947	0.001582 0.004032	0.000000 0.000000	0.000953 0.004764	0.001992 0.009959	0.002062 0.007067	0.001322 0.006611	0.001351 0.006757	
2 32 2 3.230000	0.036243 0.003007	0.998685 0.000221	0.158995 0.008379	0.026007 0.009833	0.004795 0.006523	0.000952 0.003122	0.000901 0.003667	0.001035 0.002314	0.002145 0.003627	0.000653 0.002499	0.001605 0.004355	
2 32 2 3.240000	0.037801 0.004995	0.998568 0.000381	0.160835 0.006655	0.027797 0.009472	0.004020 0.009662	0.001568 0.007024	0.003116 0.008266	0.000741 0.002401	0.001390 0.004884	0.001402 0.005066	0.000296 0.001480	
2 32 2 3.250000	0.034861 0.002271	0.998784 0.000159	0.158021 0.006767	0.025842 0.009455	0.006593 0.009743	0.000541 0.002704	0.000610 0.002586	0.000000 0.000000	0.000000 0.000000	0.001288 0.003788	0.000723 0.001833	
2 32 2 3.260000	0.034099 0.005933	0.998833 0.000395	0.156980 0.009940	0.025836 0.008363	0.004537 0.009867	0.001312 0.004132	0.003057 0.008740	0.001336 0.005229	0.000385 0.001489	0.001189 0.005943	0.000000 0.000000	
2 32 2 3.270000	0.036568 0.006029	0.998657 0.000445	0.157769 0.009415	0.021208 0.009728	0.003810 0.006424	0.003090 0.007020	0.000158 0.000792	0.000000 0.000000	0.000818 0.004092	0.000273 0.001366	0.001313 0.004711	
2 32 2 3.280000	0.035335 0.006261	0.998747 0.000443	0.160232 0.009231	0.028484 0.009717	0.003333 0.006137	0.002177 0.007950	0.000000 0.000000	0.000275 0.001375	0.001685 0.006631	0.000665 0.003327	0.000000 0.000000	
2 32 2 3.290000	0.036433 0.007324	0.998665 0.000535	0.157101 0.009362	0.022441 0.007235	0.001397 0.005584	0.001559 0.007795	0.000000 0.000000	0.001195 0.002753	0.000477 0.002385	0.000913 0.004344	0.001522 0.007609	
2 32 2 3.300000	0.037091 0.002263	0.998624 0.000168	0.159291 0.009623	0.023022 0.007060	0.003926 0.008511	0.000025 0.000126	0.001908 0.008423	0.001188 0.003405	0.000268 0.001341	0.000000 0.000000	0.002213 0.007712	
2 32 2 3.310000	0.037099 0.006853	0.998618 0.000514	0.156549 0.009777	0.022668 0.007520	0.003277 0.006575	0.000893 0.004464	0.003220 0.007873	0.001580 0.004493	0.001122 0.004345	0.000943 0.003906	0.000000 0.000000	
2 32 2 3.320000	0.038441 0.006084	0.998517 0.000472	0.157516 0.009591	0.027617 0.007991	0.004854 0.007735	0.002850 0.007147	0.000120 0.000602	0.001789 0.004993	0.000141 0.000704	0.002210 0.006908	0.001245 0.004576	
2 32 2 3.330000	0.034639 0.004745	0.998796 0.000330	0.155151 0.002836	0.025025 0.009927	0.004477 0.007432	0.002118 0.005424	0.000125 0.000369	0.000659 0.003297	0.000960 0.004801	0.000000 0.000000	0.001640 0.008202	
2 32 2 3.340000	0.035434 0.007646	0.998738 0.000552	0.155967 0.008944	0.022245 0.009811	0.003250 0.008072	0.001224 0.003163	0.001690 0.008448	0.001162 0.005974	0.001930 0.007098	0.001647 0.007222	0.000404 0.001204	
2 32 2 3.350000	0.035686 0.007490	0.998719 0.000528	0.155119 0.004275	0.022323 0.003417	0.006237 0.009853	0.000000 0.000000	0.000928 0.003026	0.000985 0.004925	0.003296 0.009848	0.000000 0.000000	0.001037 0.005185	
2 32 2 3.360000	0.034830 0.009257	0.998776 0.000663	0.157123 0.008214	0.026993 0.005740	0.004355 0.009609	0.002151 0.006994	0.001882 0.006781	0.001553 0.007448	0.000629 0.003146	0.000000 0.000000	0.001429 0.004352	
2 32 2 3.370000	0.035156 0.003507	0.998762 0.000249	0.155261 0.007445	0.021955 0.009870	0.002060 0.005743	0.001289 0.004221	0.002056 0.008662	0.000964 0.004818	0.000651 0.003257	0.001583 0.007916	0.000434 0.002171	
2 32 2 3.380000	0.035289 0.006424	0.998748 0.000456	0.151691 0.006939	0.024829 0.006390	0.002662 0.003914	0.001705 0.008194	0.000347 0.001734	0.000607 0.002635	0.001002 0.005009	0.000292 0.001460	0.004683 0.009844	
2 32 2 3.390000	0.036457 0.006796	0.998665 0.000493	0.155657 0.009908	0.026384 0.007462	0.004610 0.008950	0.002923 0.008357	0.002890 0.008498	0.000797 0.002475	0.000000 0.000000	0.002929 0.008282	0.000436 0.001629	
2 32 2 3.400000	0.034824 0.006530	0.998781 0.000463	0.151252 0.009123	0.024598 0.009977	0.005614 0.004959	0.000675 0.002310	0.003695 0.007836	0.001085 0.003584	0.001811 0.003698	0.001640 0.007159	0.000000 0.000000	
2 32 2 3.410000	0.034495 0.003583	0.998808 0.000244	0.151982 0.007226	0.025401 0.007601	0.002909 0.005087	0.001138 0.005688	0.002893 0.009487	0.000893 0.004465	0.001419 0.003909	0.002178 0.008304	0.001755 0.008775	
2 32 2 3.420000	0.034307 0.008391	0.998813 0.000598	0.149006 0.007101	0.024676 0.007680	0.002870 0.009721	0.000000 0.000000	0.001740 0.008452	0.001640 0.004456	0.003414 0.006259	0.001982 0.009908	0.002308 0.007911	
2 32 2 3.430000	0.035733 0.006845	0.998716 0.000495	0.151559 0.004777	0.026756 0.009743	0.007594 0.008119	0.000717 0.002371	0.001816 0.009079	-0.000085 0.000427	0.000000 0.000000	0.000000 0.000000	0.000000 0.000000	
2 32 2 3.440000	0.036135 0.009966	0.998678 0.000712	0.148951 0.004624	0.024530 0.009934	0.003033 0.006210	0.000542 0.002396	0.001095 0.004205	0.000000 0.000000	0.000000 0.000000	0.000000 0.000000	0.002444 0.007461	
2 32 2 3.450000	0.034460 0.009603	0.998802 0.000639	0.147989 0.008686	0.023503 0.009782	0.001892 0.007822	0.000664 0.003320	0.000000 0.000000	0.000421 0.002103	0.000925 0.004627	0.001051 0.004075	0.000402 0.001724	
2 32 2 3.460000	0.033487 0.003551	0.998877 0.000237	0.149843 0.008003	0.020404 0.009449	0.000846 0.004229	0.002688 0.006215	0.000452 0.002258	0.001362 0.006809	0.000000 0.000000	0.005154 0.008642	0.001914 0.005619	
2 32 2 3.470000	0.035000 0.004502	0.998772 0.000310	0.150158 0.005306	0.022763 0.009974	0.004134 0.009294	0.000349 0.001744	0.000068 0.000341	0.000000 0.000000	0.000489 0.002444	0.001251 0.004410	0.001298 0.004936	
2 32 2 3.480000	0.034863 0.006393	0.998780 0.000442	0.149146 0.007571	0.023413 0.009732	0.001131 0.002978	0.000402 0.002009	0.000462 0.002311	0.000249 0.000981	0.001357 0.003124	0.000190 0.000950	0.000735 0.002604	
2 32 2 3.490000	0.035020 0.003509	0.998772 0.000249	0.143837 0.009865	0.022062 0.009243	0.000812 0.001816	0.001828 0.004990	0.000000 0.000000	0.000299 0.001494	0.000647 0.003237	0.000217 0.001084	0.000354 0.001220	
2 32 2 3.500000	0.033979 0.003312	0.998844 0.000227	0.147248 0.009286	0.021861 0.007977	0.001715 0.007042	0.001899 0.005740	0.002312 0.008657	0.000000 0.000000	0.001396 0.003634	0.000728 0.003640	0.000254 0.001268	
2 32 2 3.510000	0.035469 0.003906	0.998740 0.000274	0.145185 0.009778	0.019003 0.007342	0.001999 0.007138	0.000398 0.001988	0.001788 0.005560	0.000098 0.000489	0.001191 0.003652	0.000876 0.004543	0.000000 0.000000	
2 32 2 3.520000	0.035726 0.003772	0.998722 0.000268	0.144644 0.006407	0.021296 0.009012	0.002436 0.009727	0.001548 0.007442	0.000593 0.002965	0.000337 0.001181	0.000651 0.001707	0.001614 0.003750	0.000147 0.000734	
2 32 2 3.530000	0.034682 0.005929	0.998793 0.000411	0.144013 0.007037	0.020173 0.009665	0.002066 0.005859	0.000000 0.000000	0.000148 0.000740	0.001060 0.004971	0.000212 0.001062	0.000000 0.000000	0.002905 0.009791	
2 32 2 3.540000	0.035108 0.007059	0.998760 0.000481	0.145098 0.005564	0.018270 0.009344	0.001675 0.005293	0.002787 0.005298	0.001160 0.005205	0.000000 0.000000	0.000886 0.004051	0.001238 0.006190	0.001958 0.009792	
2 32 2 3.550000	0.034507 0.005635	0.998806 0.000392	0.146245 0.008516	0.021835 0.009489	0.002752 0.007884	0.002140 0.006850	0.001099 0.004740	0.000172 0.000862	0.001125 0.003868	0.000131 0.000657	0.002856 0.009291	
2 32 2 3.560000	0.033861 0.003361	0.998852 0.000226	0.142848 0.004113	0.017137 0.006084	0.002815 0.009468	0.002843 0.005060	0.000415 0.002073	0.000941 0.004707	0.000288 0.001438	0.000000 0.000000	0.000000 0.000000	
2 32 2 3.570000	0.035325 0.005882	0.998748 0.000412	0.143270 0.009217	0.018055 0.009562	0.004799 0.009606	0.000000 0.000000	0.003350 0.009633	0.000000 0.000000	0.000177 0.000885	0.001800 0.004672	0.000840 0.004202	
2 32 2 3.580000	0.033371 0.009796	0.998876 0.000649	0.139404 0.008541	0.016285 0.008787	0.001535 0.005215	0.001789 0.008946	0.002097 0.004301	0.001626 0.003708	0.001841 0.006716	0.000180 0.000900	0.002638 0.008755	
2 32 2 3.590000	0.034082 0.005572	0.998835 0.000390	0.143138 0.009578	0.020488 0.009044	0.003301 0.006245	0.000061 0.000304	0.000538 0.001723	0.000188 0.000940	0.000000 0.000000	0.000061 0.000307	0.001244 0.005813	
2 32 2 3.600000	0.033459 0.002781	0.998880 0.000188	0.143597 0.007942	0.020655 0.009483	0.003078 0.007935	0.000879 0.004393	0.000976 0.002876	0.000400 0.002001	0.000201 0.001004	0.002447 0.009769	0.000770 0.003852	
2 32 2 3.610000	0.034459 0.007851	0.998806 0.000541	0.140779 0.006736	0.018741 0.009632	0.007032 0.009638	0.002324 0.008180	0.000761 0.002186	0.000986 0.004929	0.001591 0.007957	0.000367 0.001627	0.001825 0.005080	
2 32 2 3.620000	0.034861 0.005761	0.998780 0.000392	0.142294 0.009525	0.016057 0.009644	0.000685 0.002466	0.001562 0.005184	0.000000 0.000000	0.000073 0.000364	0.001911 0.007887	0.000258 0.001289	0.000303 0.001517	
2 32 2 3.630000	0.032747 0.005859	0.998923 0.000380	0.146505 0.009552	0.019302 0.005040	0.003774 0.009633	0.000000 0.000000	0.001402 0.004792	0.001664 0.008322	0.003366 0.009971	0.001727 0.008635	0.001697 0.006066	
2 32 2 3.640000	0.034356 0.006468	0.998815 0.000434	0.142889 0.009655	0.019857 0.007689	0.001545 0.006220	0.000000 0.000000	0.000520 0.002602	0.000041 0.000204	0.000235 0.001175	0.000000 0.000000	0.000051 0.000257	
2 32 2 3.650000	0.033979 0.005566	0.998840 0.000379	0.142246 0.009742	0.021390 0.005977	0.000702 0.003508	0.000114 0.000569	0.000998 0.004077	0.002841 0.008564	0.000000 0.000000	0.001842 0.008168	0.003530 0.009901	
2 32 2 3.660000	0.034625 0.004047	0.998799 0.000284	0.140840 0.008169	0.024562 0.008326	0.002402 0.006355	0.002532 0.007238	0.002920 0.008426	0.000998 0.004152	0.001963 0.005018	0.001041 0.005206	0.002178 0.009714	
2 32 2 3.670000	0.032552 0.006944	0.998934 0.000453	0.138167 0.006553	0.018751 0.009379	0.002339 0.005961	0.000397 0.001985	0.000000 0.000000	0.000000 0.000000	0.000509 0.002543	0.003605 0.006181	0.000161 0.000806	
2 32 2 3.680000	0.032744 0.006457	0.998923 0.000418	0.136987 0.009877	0.020595 0.008323	0.001161 0.005805	0.002632 0.007357	0.002711 0.007019	0.000000 0.000000	0.005392 0.009224	0.001800 0.007156	0.001424 0.007119	
2 32 2 3.690000	0.033923 0.004578	0.998846 0.000305	0.138342 0.009358	0.019739 0.007725	0.002734 0.008610	0.000593 0.002966	0.000727 0.003214	0.001912 0.005716	0.002510 0.007258	0.000000 0.000000	0.000518 0.002590	
2 32 2 3.700000	0.033314 0.003094	0.998889 0.000207	0.138062 0.009135	0.018309 0.009865	0.001136 0.004457	0.001994 0.009968	0.002976 0.006221	0.001136 0.003354	0.000000 0.000000	0.000077 0.000387	0.001847 0.005151	
2 32 2 3.710000	0.034263 0.004179	0.998824 0.000287	0.135474 0.009443	0.020690 0.004467	0.001878 0.004605	0.001964 0.005920	0.000791 0.002503	0.000000 0.000000	0.002967 0.009953	0.001637 0.004568	0.001740 0.007578	
2 32 2 3.720000	0.034639 0.002938	0.998799 0.000203	0.137390 0.009384	0.016238 0.009590	0.001905 0.004865	0.001307 0.003698	0.000000 0.000000	0.000561 0.002579	0.000138 0.000692	0.000621 0.003104	0.001423 0.006121	
2 32 2 3.730000	0.035257 0.009858	0.998746 0.000682	0.133639 0.009110	0.013353 0.007262	0.002245 0.005757	0.001051 0.002854	0.001077 0.005387	0.000000 0.000000	0.000465 0.002267	0.002942 0.005819	0.002064 0.009875	
2 32 2 3.740000	0.033895 0.005874	0.998848 0.000401	0.141214 0.009789	0.019044 0.009930	0.003431 0.008310	0.002255 0.005350	0.005175 0.009442	0.001211 0.005153	0.000130 0.000652	0.000000 0.000000	0.001080 0.002971	
2 32 2 3.750000	0.034914 0.004883	0.998778 0.000346	0.135059 0.003443	0.021611 0.007738	0.002289 0.008476	0.000460 0.002300	0.000000 0.000000	0.000881 0.004406	0.000810 0.004049	0.003858 0.009765	0.000000 0.000000	
2 32 2 3.760000	0.034354 0.005557	0.998816 0.000385	0.137637 0.009595	0.019329 0.009911	0.001140 0.004089	0.000123 0.000614	0.001700 0.003874	0.000256 0.001281	0.000972 0.004858	0.000648 0.002170	0.000277 0.001092	
2 32 2 3.770000	0.033992 0.007395	0.998837 0.000511	0.133078 0.008808	0.018653 0.008989	0.002413 0.006889	0.000321 0.001606	0.001206 0.006028	0.000250 0.001252	0.001816 0.004343	0.002054 0.005734	0.000363 0.001813	
2 32 2 3.780000	0.033068 0.005629	0.998903 0.000376	0.134373 0.005509	0.018973 0.009964	0.002656 0.007691	0.001703 0.005302	0.000275 0.001376	0.000691 0.004228	0.000626 0.003090	0.000000 0.000000	0.000658 0.003291	
2 32 2 3.790000	0.033539 0.003398	0.998874 0.000227	0.136464 0.006313	0.020774 0.009645	0.003301 0.006089	0.002945 0.009428	0.001509 0.004540	0.000000 0.000000	0.002901 0.009723	0.002045 0.006960	0.000000 0.000000	
2 32 2 3.800000	0.033804 0.003478	0.998856 0.000236	0.135702 0.009497	0.015090 0.009988	0.000549 0.001710	0.001727 0.006456	0.001014 0.004414	0.001804 0.005307	0.000821 0.002932	0.001703 0.008513	0.000572 0.001835	
2 32 2 3.810000	0.035046 0.006250	0.998767 0.000429	0.138076 0.003702	0.019758 0.008781	0.001285 0.003243	0.000116 0.000580	0.000580 0.002901	0.000066 0.000329	0.000000 0.000000	0.001444 0.003878	0.000704 0.003522	
2 32 2 3.820000	0.032633 0.004839	0.998932 0.000313	0.132748 0.009933	0.021793 0.007962	0.004389 0.008127	0.000955 0.003586	0.001819 0.009096	0.000954 0.004770	0.002056 0.005770	0.001074 0.003925	0.000000 0.000000	
2 32 2 3.830000	0.033093 0.006165	0.998901 0.000402	0.136259 0.007915	0.016905 0.005402	0.003458 0.009807	0.000958 0.004788	0.000000 0.000000	0.000000 0.000000	0.002138 0.008370	0.000649 0.002430	0.000127 0.000635	
2 32 2 3.840000	0.034252 0.004297	0.998824 0.000289	0.131465 0.008996	0.016007 0.007543	0.001034 0.004175	0.001019 0.004796	0.001829 0.008484	0.003006 0.008119	0.000938 0.004059	0.000925 0.004623	0.000528 0.002638	
2 32 2 3.850000	0.034469 0.007909	0.998805 0.000540	0.126523 0.008159	0.016539 0.004718	0.003306 0.009461	0.000000 0.000000	0.000000 0.000000	0.001306 0.003951	0.000000 0.000000	0.002774 0.009476	0.001761 0.008806	
2 32 2 3.860000	0.034515 0.005471	0.998805 0.000384	0.133634 0.009512	0.017368 0.008221	0.000914 0.002360	0.000137 0.000683	0.000000 0.000000	0.001118 0.005592	0.001194 0.005968	0.001255 0.003983	0.002939 0.008991	
2 32 2 3.870000	0.032278 0.005243	0.998955 0.000342	0.135098 0.009251	0.019874 0.008672	0.001678 0.005041	0.002507 0.007481	0.000699 0.003497	0.004301 0.009188	0.001690 0.004477	0.000646 0.002810	0.001923 0.005714	
2 32 2 3.880000	0.034185 0.004925	0.998828 0.000330	0.133784 0.009814	0.018172 0.004812	0.000668 0.003339	0.001440 0.007201	0.002362 0.009870	0.000518 0.002590	0.000000 0.000000	0.001897 0.004325	0.000516 0.002579	
2 32 2 3.890000	0.035126 0.009418	0.998753 0.000694	0.132416 0.008395	0.018778 0.007325	0.002091 0.009686	0.000906 0.004528	0.000897 0.004485	0.001964 0.004722	0.001756 0.004971	0.000700 0.003499	0.000000 0.000000	
2 32 2 3.900000	0.034801 0.006237	0.998784 0.000423	0.131918 0.008760	0.018740 0.009872	0.001699 0.008681	0.002901 0.008886	0.002375 0.005422	0.003256 0.008890	0.000285 0.001425	0.002043 0.007224	0.002013 0.004984	
2 32 2 3.910000	0.033505 0.002209	0.998877 0.000147	0.126447 0.009009	0.014756 0.009815	0.003419 0.007923	0.002491 0.005233	0.000948 0.003089	0.000701 0.003506	0.002126 0.005283	0.000713 0.003566	0.000975 0.004874	
2 32 2 3.920000	0.034490 0.008099	0.998803 0.000538	0.132490 0.009284	0.013143 0.006914	0.002353 0.005054	0.000953 0.002914	0.001352 0.005225	0.001236 0.002784	-0.000006 0.000029	0.001329 0.006646	0.002007 0.006295	
2 32 2 3.930000	0.033076 0.007102	0.998900 0.000467	0.130121 0.009995	0.014131 0.007510	0.001048 0.002741	0.001514 0.007572	0.000199 0.000993	0.000000 0.000000	0.000000 0.000000	0.000205 0.000649	0.000917 0.004587	
2 32 2 3.940000	0.033063 0.008030	0.998898 0.000525	0.125256 0.003531	0.015279 0.009586	0.001987 0.007502	0.002510 0.007122	0.000000 0.000000	0.001383 0.004784	0.000000 0.000000	0.000725 0.002442	0.000000 0.000000	
2 32 2 3.950000	0.034927 0.008497	0.998769 0.000595	0.130969 0.009922	0.018778 0.007119	0.003315 0.008753	0.000904 0.004522	0.001275 0.006374	0.001750 0.005166	0.002001 0.007118	0.001554 0.005654	0.000000 0.000000	
2 32 2 3.960000	0.034809 0.003450	0.998787 0.000238	0.130094 0.009991	0.018329 0.005933	0.002640 0.006665	0.000499 0.002494	0.000506 0.002531	0.000097 0.000487	0.000000 0.000000	0.000000 0.000000	0.000302 0.001511	
2 32 2 3.970000	0.033192 0.007642	0.998891 0.000526	0.131074 0.009994	0.018042 0.005688	0.000835 0.003228	-0.000005 0.000024	0.002409 0.005761	0.001537 0.007162	0.001426 0.003791	0.001845 0.009225	0.000000 0.000000	
2 32 2 3.980000	0.032026 0.008287	0.998966 0.000541	0.134312 0.003063	0.017050 0.004524	0.000667 0.003334	0.002871 0.007856	0.003006 0.007455	0.001175 0.005614	0.002905 0.006735	0.003124 0.009950	0.001837 0.008134	
2 32 2 3.990000	0.034656 0.002201	0.998798 0.000152	0.128186 0.009970	0.018194 0.009922	0.003724 0.005501	0.001093 0.002521	0.000000 0.000000	0.000353 0.001763	0.000613 0.003067	0.000000 0.000000	0.000913 0.004563	
2 32 2 4.000000	0.032919 0.007398	0.998905 0.000473	0.128664 0.008809	0.014820 0.009193	0.003806 0.009025	0.001134 0.005672	0.004108 0.009342	0.000131 0.000368	0.002020 0.006055	0.000083 0.000413	0.000000 0.000000	
