2 24 2 0.000000	1.000000 0.000000	0.000000 0.000000	0.000000 0.000000	0.000000 0.000000	0.000000 0.000000	0.000000 0.000000	0.000000 0.000000	0.000000 0.000000	0.000000 0.000000	0.000000 0.000000	0.000000 0.000000	
2 24 2 0.010000	1.000000 0.000000	0.000000 0.000000	0.000000 0.000000	0.000000 0.000000	0.000000 0.000000	0.000000 0.000000	0.000000 0.000000	0.000000 0.000000	0.000000 0.000000	0.000000 0.000000	0.000000 0.000000	
2 24 2 0.020000	1.000000 0.000000	0.000000 0.000000	0.000000 0.000000	0.000000 0.000000	0.000000 0.000000	0.000000 0.000000	0.000000 0.000000	0.000000 0.000000	0.000000 0.000000	0.000000 0.000000	0.000000 0.000000	
2 24 2 0.030000	1.000000 0.000000	0.000000 0.000000	0.000000 0.000000	0.000000 0.000000	0.000000 0.000000	0.000000 0.000000	0.000000 0.000000	0.000000 0.000000	0.000000 0.000000	0.000000 0.000000	0.000000 0.000000	
2 24 2 0.040000	1.000000 0.000000	0.000000 0.000000	0.000000 0.000000	0.000000 0.000000	0.000000 0.000000	0.000000 0.000000	0.000000 0.000000	0.000000 0.000000	0.000000 0.000000	0.000000 0.000000	0.000000 0.000000	
2 24 2 0.050000	1.000000 0.000000	0.000000 0.000000	0.000000 0.000000	0.000000 0.000000	0.000000 0.000000	0.000000 0.000000	0.000000 0.000000	0.000000 0.000000	0.000000 0.000000	0.000000 0.000000	0.000000 0.000000	
2 24 2 0.060000	1.000000 0.000000	0.000000 0.000000	0.000000 0.000000	0.000000 0.000000	0.000000 0.000000	0.000000 0.000000	0.000000 0.000000	0.000000 0.000000	0.000000 0.000000	0.000000 0.000000	0.000000 0.000000	
2 24 2 0.070000	1.000000 0.000000	0.000000 0.000000	0.000000 0.000000	0.000000 0.000000	0.000000 0.000000	0.000000 0.000000	0.000000 0.000000	0.000000 0.000000	0.000000 0.000000	0.000000 0.000000	0.000000 0.000000	
2 24 2 0.080000	1.000000 0.000000	0.000000 0.000000	0.000000 0.000000	0.000000 0.000000	0.000000 0.000000	0.000000 0.000000	0.000000 0.000000	0.000000 0.000000	0.000000 0.000000	0.000000 0.000000	0.000000 0.000000	
2 24 2 0.090000	1.000000 0.000000	0.000000 0.000000	0.000000 0.000000	0.000000 0.000000	0.000000 0.000000	0.000000 0.000000	0.000000 0.000000	0.000000 0.000000	0.000000 0.000000	0.000000 0.000000	0.000000 0.000000	
2 24 2 0.100000	1.000000 0.000000	0.000000 0.000000	0.000000 0.000000	0.000000 0.000000	0.000000 0.000000	0.000000 0.000000	0.000000 0.000000	0.000000 0.000000	0.000000 0.000000	0.000000 0.000000	0.000000 0.000000	
2 24 2 0.110000	1.000000 0.000000	0.000000 0.000000	0.000000 0.000000	0.000000 0.000000	0.000000 0.000000	0.000000 0.000000	0.000000 0.000000	0.000000 0.000000	0.000000 0.000000	0.000000 0.000000	0.000000 0.000000	
2 24 2 0.120000	1.000000 0.000000	0.000000 0.000000	0.000000 0.000000	0.000000 0.000000	0.000000 0.000000	0.000000 0.000000	0.000000 0.000000	0.000000 0.000000	0.000000 0.000000	0.000000 0.000000	0.000000 0.000000	
2 24 2 0.130000	1.000000 0.000000	0.000000 0.000000	0.000000 0.000000	0.000000 0.000000	0.000000 0.000000	0.000000 0.000000	0.000000 0.000000	0.000000 0.000000	0.000000 0.000000	0.000000 0.000000	0.000000 0.000000	
2 24 2 0.140000	1.000000 0.000000	0.000000 0.000000	0.000000 0.000000	0.000000 0.000000	0.000000 0.000000	0.000000 0.000000	0.000000 0.000000	0.000000 0.000000	0.000000 0.000000	0.000000 0.000000	0.000000 0.000000	
2 24 2 0.150000	1.000000 0.000000	0.000000 0.000000	0.000000 0.000000	0.000000 0.000000	0.000000 0.000000	0.000000 0.000000	0.000000 0.000000	0.000000 0.000000	0.000000 0.000000	0.000000 0.000000	0.000000 0.000000	
2 24 2 0.160000	1.000000 0.000000	0.000000 0.000000	0.000000 0.000000	0.000000 0.000000	0.000000 0.000000	0.000000 0.000000	0.000000 0.000000	0.000000 0.000000	0.000000 0.000000	0.000000 0.000000	0.000000 0.000000	
2 24 2 0.170000	1.000000 0.000000	0.000000 0.000000	0.000000 0.000000	0.000000 0.000000	0.000000 0.000000	0.000000 0.000000	0.000000 0.000000	0.000000 0.000000	0.000000 0.000000	0.000000 0.000000	0.000000 0.000000	
2 24 2 0.180000	1.000000 0.000000	0.000000 0.000000	0.000000 0.000000	0.000000 0.000000	0.000000 0.000000	0.000000 0.000000	0.000000 0.000000	0.000000 0.000000	0.000000 0.000000	0.000000 0.000000	0.000000 0.000000	
2 24 2 0.190000	1.000000 0.000000	0.000000 0.000000	0.000000 0.000000	0.000000 0.000000	0.000000 0.000000	0.000000 0.000000	0.000000 0.000000	0.000000 0.000000	0.000000 0.000000	0.000000 0.000000	0.000000 0.000000	
2 24 2 0.200000	1.000000 0.000000	0.000000 0.000000	0.000000 0.000000	0.000000 0.000000	0.000000 0.000000	0.000000 0.000000	0.000000 0.000000	0.000000 0.000000	0.000000 0.000000	0.000000 0.000000	0.000000 0.000000	
2 24 2 0.210000	1.000000 0.000000	0.000000 0.000000	0.000000 0.000000	0.000000 0.000000	0.000000 0.000000	0.000000 0.000000	0.000000 0.000000	0.000000 0.000000	0.000000 0.000000	0.000000 0.000000	0.000000 0.000000	
2 24 2 0.220000	1.000000 0.000000	0.000000 0.000000	0.000000 0.000000	0.000000 0.000000	0.000000 0.000000	0.000000 0.000000	0.000000 0.000000	0.000000 0.000000	0.000000 0.000000	0.000000 0.000000	0.000000 0.000000	
2 24 2 0.230000	1.000000 0.000000	0.000000 0.000000	0.000000 0.000000	0.000000 0.000000	0.000000 0.000000	0.000000 0.000000	0.000000 0.000000	0.000000 0.000000	0.000000 0.000000	0.000000 0.000000	0.000000 0.000000	
2 24 2 0.240000	1.000000 0.000000	0.000000 0.000000	0.000000 0.000000	0.000000 0.000000	0.000000 0.000000	0.000000 0.000000	0.000000 0.000000	0.000000 0.000000	0.000000 0.000000	0.000000 0.000000	0.000000 0.000000	
2 24 2 0.250000	1.000000 0.000000	0.000000 0.000000	0.000000 0.000000	0.000000 0.000000	0.000000 0.000000	0.000000 0.000000	0.000000 0.000000	0.000000 0.000000	0.000000 0.000000	0.000000 0.000000	0.000000 0.000000	
2 24 2 0.260000	1.000000 0.000000	0.000000 0.000000	0.000000 0.000000	0.000000 0.000000	0.000000 0.000000	0.000000 0.000000	0.000000 0.000000	0.000000 0.000000	0.000000 0.000000	0.000000 0.000000	0.000000 0.000000	
2 24 2 0.270000	1.000000 0.000000	0.000000 0.000000	0.000000 0.000000	0.000000 0.000000	0.000000 0.000000	0.000000 0.000000	0.000000 0.000000	0.000000 0.000000	0.000000 0.000000	0.000000 0.000000	0.000000 0.000000	
2 24 2 0.280000	1.000000 0.000000	0.000000 0.000000	0.000000 0.000000	0.000000 0.000000	0.000000 0.000000	0.000000 0.000000	0.000000 0.000000	0.000000 0.000000	0.000000 0.000000	0.000000 0.000000	0.000000 0.000000	
2 24 2 0.290000	1.000000 0.000000	0.000000 0.000000	0.000000 0.000000	0.000000 0.000000	0.000000 0.000000	0.000000 0.000000	0.000000 0.000000	0.000000 0.000000	0.000000 0.000000	0.000000 0.000000	0.000000 0.000000	
2 24 2 0.300000	1.000000 0.000000	0.000000 0.000000	0.000000 0.000000	0.000000 0.000000	0.000000 0.000000	0.000000 0.000000	0.000000 0.000000	0.000000 0.000000	0.000000 0.000000	0.000000 0.000000	0.000000 0.000000	
2 24 2 0.310000	1.000000 0.000000	0.000000 0.000000	0.000000 0.000000	0.000000 0.000000	0.000000 0.000000	0.000000 0.000000	0.000000 0.000000	0.000000 0.000000	0.000000 0.000000	0.000000 0.000000	0.000000 0.000000	
2 24 2 0.320000	1.000000 0.000000	0.000000 0.000000	0.000000 0.000000	0.000000 0.000000	0.000000 0.000000	0.000000 0.000000	0.000000 0.000000	0.000000 0.000000	0.000000 0.000000	0.000000 0.000000	0.000000 0.000000	
2 24 2 0.330000	1.000000 0.000000	0.000000 0.000000	0.000000 0.000000	0.000000 0.000000	0.000000 0.000000	0.000000 0.000000	0.000000 0.000000	0.000000 0.000000	0.000000 0.000000	0.000000 0.000000	0.000000 0.000000	
2 24 2 0.340000	1.000000 0.000000	0.000000 0.000000	0.000000 0.000000	0.000000 0.000000	0.000000 0.000000	0.000000 0.000000	0.000000 0.000000	0.000000 0.000000	0.000000 0.000000	0.000000 0.000000	0.000000 0.000000	
2 24 2 0.350000	1.000000 0.000000	0.000000 0.000000	0.000000 0.000000	0.000000 0.000000	0.000000 0.000000	0.000000 0.000000	0.000000 0.000000	0.000000 0.000000	0.000000 0.000000	0.000000 0.000000	0.000000 0.000000	
2 24 2 0.360000	1.000000 0.000000	0.000000 0.000000	0.000000 0.000000	0.000000 0.000000	0.000000 0.000000	0.000000 0.000000	0.000000 0.000000	0.000000 0.000000	0.000000 0.000000	0.000000 0.000000	0.000000 0.000000	
2 24 2 0.370000	1.000000 0.000000	0.000000 0.000000	0.000000 0.000000	0.000000 0.000000	0.000000 0.000000	0.000000 0.000000	0.000000 0.000000	0.000000 0.000000	0.000000 0.000000	0.000000 0.000000	0.000000 0.000000	
2 24 2 0.380000	1.000000 0.000000	0.000000 0.000000	0.000000 0.000000	0.000000 0.000000	0.000000 0.000000	0.000000 0.000000	0.000000 0.000000	0.000000 0.000000	0.000000 0.000000	0.000000 0.000000	0.000000 0.000000	
2 24 2 0.390000	1.000000 0.000000	0.000000 0.000000	0.000000 0.000000	0.000000 0.000000	0.000000 0.000000	0.000000 0.000000	0.000000 0.000000	0.000000 0.000000	0.000000 0.000000	0.000000 0.000000	0.000000 0.000000	
2 24 2 0.400000	1.000000 0.000000	0.000000 0.000000	0.000000 0.000000	0.000000 0.000000	0.000000 0.000000	0.000000 0.000000	0.000000 0.000000	0.000000 0.000000	0.000000 0.000000	0.000000 0.000000	0.000000 0.000000	
2 24 2 0.410000	1.000000 0.000000	0.000000 0.000000	0.000000 0.000000	0.000000 0.000000	0.000000 0.000000	0.000000 0.000000	0.000000 0.000000	0.000000 0.000000	0.000000 0.000000	0.000000 0.000000	0.000000 0.000000	
2 24 2 0.420000	1.000000 0.000000	0.000000 0.000000	0.000000 0.000000	0.000000 0.000000	0.000000 0.000000	0.000000 0.000000	0.000000 0.000000	0.000000 0.000000	0.000000 0.000000	0.000000 0.000000	0.000000 0.000000	
2 24 2 0.430000	1.000000 0.000000	0.000000 0.000000	0.000000 0.000000	0.000000 0.000000	0.000000 0.000000	0.000000 0.000000	0.000000 0.000000	0.000000 0.000000	0.000000 0.000000	0.000000 0.000000	0.000000 0.000000	
2 24 2 0.440000	0.999306 0.003472	0.001386 0.006932	0.001386 0.006932	0.000000 0.000000	0.001386 0.006932	0.000000 0.000000	0.000000 0.000000	0.001386 0.006932	0.000000 0.000000	0.001386 0.006932	0.001386 0.006932	
2 24 2 0.450000	1.000000 0.000000	0.000000 0.000000	0.000000 0.000000	0.000000 0.000000	0.000000 0.000000	0.000000 0.000000	0.000000 0.000000	0.000000 0.000000	0.000000 0.000000	0.000000 0.000000	0.000000 0.000000	
2 24 2 0.460000	1.000000 0.000000	0.000000 0.000000	0.000000 0.000000	0.000000 0.000000	0.000000 0.000000	0.000000 0.000000	0.000000 0.000000	0.000000 0.000000	0.000000 0.000000	0.000000 0.000000	0.000000 0.000000	
2 24 2 0.470000	1.000000 0.000000	0.000000 0.000000	0.000000 0.000000	0.000000 0.000000	0.000000 0.000000	0.000000 0.000000	0.000000 0.000000	0.000000 0.000000	0.000000 0.000000	0.000000 0.000000	0.000000 0.000000	
2 24 2 0.480000	1.000000 0.000000	0.000000 0.000000	0.000000 0.000000	0.000000 0.000000	0.000000 0.000000	0.000000 0.000000	0.000000 0.000000	0.000000 0.000000	0.000000 0.000000	0.000000 0.000000	0.000000 0.000000	
2 24 2 0.490000	0.997222 0.003472	0.005546 0.006932	0.004159 0.006932	0.004159 0.006932	0.001386 0.006932	0.002773 0.006932	0.004159 0.006932	0.001386 0.006932	0.002773 0.006932	0.004159 0.006932	0.001386 0.006932	
2 24 2 0.500000	1.000000 0.000000	0.000000 0.000000	0.000000 0.000000	0.000000 0.000000	0.000000 0.000000	0.000000 0.000000	0.000000 0.000000	0.000000 0.000000	0.000000 0.000000	0.000000 0.000000	0.000000 0.000000	
2 24 2 0.510000	0.999306 0.003472	0.001386 0.006932	0.000000 0.000000	0.000000 0.000000	0.000000 0.000000	0.000000 0.000000	0.001386 0.006932	0.000000 0.000000	0.001386 0.006932	0.001386 0.006932	0.001386 0.006932	
2 24 2 0.520000	1.000000 0.000000	0.000000 0.000000	0.000000 0.000000	0.000000 0.000000	0.000000 0.000000	0.000000 0.000000	0.000000 0.000000	0.000000 0.000000	0.000000 0.000000	0.000000 0.000000	0.000000 0.000000	
2 24 2 0.530000	0.998611 0.003472	0.002773 0.006932	0.002773 0.006932	0.001386 0.006932	0.000000 0.000000	0.002773 0.006932	0.002773 0.006932	0.000000 0.000000	0.001386 0.006932	0.000000 0.000000	0.000000 0.000000	
2 24 2 0.540000	1.000000 0.000000	0.000000 0.000000	0.000000 0.000000	0.000000 0.000000	0.000000 0.000000	0.000000 0.000000	0.000000 0.000000	0.000000 0.000000	0.000000 0.000000	0.000000 0.000000	0.000000 0.000000	
2 24 2 0.550000	0.998958 0.003472	0.002080 0.006932	0.001617 0.004618	0.001617 0.004618	0.001386 0.006932	0.000000 0.000000	0.000694 0.003469	0.002080 0.006932	0.000924 0.004618	0.001386 0.006932	0.000924 0.004618	
2 24 2 0.560000	0.999306 0.003472	0.001386 0.006932	0.000000 0.000000	0.000000 0.000000	0.000000 0.000000	0.001386 0.006932	0.000000 0.000000	0.000000 0.000000	0.001386 0.006932	0.001386 0.006932	0.000000 0.000000	
2 24 2 0.570000	0.999306 0.003472	0.001386 0.006932	0.000000 0.000000	0.001386 0.006932	0.001386 0.006932	0.000000 0.000000	-0.000002 0.000012	0.001386 0.006932	0.001386 0.006932	0.000000 0.000000	0.000000 0.000000	
2 24 2 0.580000	0.997917 0.003472	0.004159 0.006932	0.001386 0.006932	0.001386 0.006932	0.002773 0.006932	0.002773 0.006932	0.000000 0.000000	0.000000 0.000000	0.002773 0.006932	0.001386 0.006932	0.004159 0.006932	
2 24 2 0.590000	0.998264 0.003472	0.003467 0.006932	0.001386 0.006932	0.002541 0.006932	0.002773 0.006932	0.001384 0.006944	0.002079 0.006932	0.001384 0.003460	0.000000 0.000000	0.001386 0.006932	0.000000 0.000000	
2 24 2 0.600000	0.997361 0.004861	0.005268 0.009699	0.000492 0.002461	0.001819 0.005548	0.000622 0.003108	0.001003 0.002461	0.002263 0.009699	0.000273 0.001379	0.001017 0.002529	0.000555 0.002776	0.000462 0.003947	
2 24 2 0.610000	0.997917 0.003472	0.004161 0.006932	0.000924 0.004618	0.001847 0.004618	0.001386 0.006932	0.003467 0.006932	0.000694 0.003469	0.001386 0.006932	-0.000465 0.002327	0.002080 0.006932	0.000694 0.003469	
2 24 2 0.620000	0.999306 0.003472	0.001386 0.006932	0.001386 0.006932	0.000000 0.000000	0.001386 0.006932	0.001386 0.006932	0.001386 0.006932	0.001386 0.006932	0.000000 0.000000	0.000000 0.000000	0.001386 0.006932	
2 24 2 0.630000	0.996354 0.004340	0.007276 0.008647	0.000686 0.006975	0.000519 0.006695	0.001492 0.009692	0.000637 0.001699	0.001833 0.004693	0.000411 0.001485	0.000343 0.001717	0.000114 0.000572	0.000103 0.008114	
2 24 2 0.640000	0.995660 0.003472	0.008660 0.006914	0.002193 0.008662	0.002998 0.006932	-0.000474 0.003454	-0.000005 0.004873	0.001312 0.006560	0.002421 0.006932	0.001152 0.005760	-0.000108 0.003006	0.000461 0.002303	
2 24 2 0.650000	0.994444 0.004861	0.011077 0.009672	0.000654 0.003268	0.003729 0.009699	0.001490 0.004159	0.001262 0.009614	0.000000 0.000000	0.002565 0.006896	0.001597 0.008553	0.002489 0.006896	0.000942 0.002556	
2 24 2 0.660000	0.995949 0.004630	0.008082 0.009216	0.001000 0.005002	0.000941 0.003930	0.001213 0.004624	0.001733 0.004624	0.001447 0.008473	0.001150 0.003902	0.000282 0.004368	0.001426 0.004390	0.000265 0.002506	
2 24 2 0.670000	0.991898 0.002894	0.016137 0.005742	0.002532 0.004564	0.003346 0.009194	0.002024 0.007458	0.000000 0.000000	0.002212 0.004544	0.000000 0.000000	0.003707 0.008677	0.001086 0.003849	0.002275 0.008286	
2 24 2 0.680000	0.993056 0.004630	0.013837 0.009190	0.000000 0.000000	0.001319 0.004143	0.000956 0.003445	0.002844 0.007303	0.002919 0.005747	0.001966 0.005690	0.000918 0.004589	0.002702 0.006917	0.001063 0.003954	
2 24 2 0.690000	0.993194 0.004861	0.013562 0.009651	0.002746 0.005730	-0.000528 0.002638	0.000862 0.002978	0.002420 0.007962	0.001943 0.007603	0.000000 0.000000	0.003717 0.007831	0.000498 0.002488	0.001848 0.008933	
2 24 2 0.700000	0.992207 0.003472	0.015524 0.006895	0.003333 0.009780	0.003280 0.008830	0.001234 0.003779	0.002533 0.005413	0.002572 0.009121	0.000266 0.001328	0.001739 0.006498	0.000000 0.000000	0.001723 0.004358	
2 24 2 0.710000	0.990972 0.001488	0.017974 0.002950	0.003177 0.005503	0.002409 0.009497	-0.000283 0.001909	0.001098 0.006173	0.000822 0.003310	0.000000 0.000000	-0.000415 0.002073	0.001669 0.008344	0.001968 0.007186	
2 24 2 0.720000	0.989078 0.004735	0.021721 0.009367	0.004357 0.005174	0.002303 0.007354	0.001208 0.006040	0.000932 0.002443	0.003248 0.009192	0.004493 0.007677	0.002885 0.006284	0.000175 0.000876	0.001778 0.006556	
2 24 2 0.730000	0.986998 0.004630	0.025831 0.009149	0.003262 0.007470	0.000760 0.003799	0.002220 0.009959	0.003341 0.009682	0.003462 0.007744	0.000000 0.000000	0.001197 0.004006	0.000108 0.000538	0.000395 0.001977	
2 24 2 0.740000	0.987447 0.003739	0.024947 0.007387	0.000856 0.004183	0.000000 0.000000	0.001068 0.002978	0.003136 0.007940	0.001837 0.005698	0.000879 0.003116	0.005087 0.009553	0.002203 0.007207	0.001674 0.006229	
2 24 2 0.750000	0.985795 0.002525	0.028206 0.004979	0.003107 0.006916	0.001674 0.004618	0.001523 0.007613	0.000342 0.001708	0.000000 0.000000	0.001811 0.007726	0.000600 0.003002	0.000000 0.000000	0.000534 0.002672	
2 24 2 0.760000	0.985470 0.004541	0.028845 0.008949	0.003570 0.006565	0.001476 0.007382	0.001444 0.004204	0.001520 0.004167	0.001814 0.005544	0.000040 0.002144	0.000685 0.003423	0.000440 0.002199	0.001934 0.004319	
2 24 2 0.770000	0.982963 0.004167	0.033781 0.008194	0.003050 0.008136	0.000000 0.000000	0.001341 0.005487	0.002266 0.007955	0.001458 0.003198	0.003317 0.006762	0.002744 0.005129	0.003807 0.007195	0.000719 0.002169	
2 24 2 0.780000	0.981985 0.003472	0.035703 0.006825	0.005449 0.003764	0.001837 0.004973	0.001387 0.006936	0.000663 0.001692	0.001528 0.007642	0.000764 0.001971	0.001672 0.004740	0.000000 0.000000	0.001155 0.003118	
2 24 2 0.790000	0.981822 0.003472	0.036024 0.006817	0.002005 0.008458	0.001404 0.003155	0.000101 0.000503	0.003307 0.007669	0.003473 0.009852	0.001687 0.003752	0.001554 0.005755	0.000803 0.004014	0.001180 0.005902	
2 24 2 0.800000	0.980694 0.004861	0.038235 0.009543	0.002646 0.008204	0.002842 0.009924	0.001121 0.005605	0.001311 0.005932	0.000103 0.000513	0.002770 0.006226	0.002568 0.006452	0.000000 0.000000	0.001355 0.003746	
2 24 2 0.810000	0.978125 0.004123	0.043269 0.008066	0.005146 0.007663	0.002453 0.005371	0.000805 0.004024	0.003001 0.009191	-0.000155 0.000775	0.000810 0.004052	0.003147 0.008673	0.001310 0.007407	0.000094 0.000469	
2 24 2 0.820000	0.978621 0.003968	0.042298 0.007767	0.005663 0.009737	0.000886 0.002488	0.000000 0.000000	0.003142 0.008206	0.000000 0.000000	0.001449 0.007244	0.002417 0.009972	0.002950 0.006372	0.000663 0.003316	
2 24 2 0.830000	0.974306 0.003968	0.050726 0.007724	0.005301 0.009867	0.001020 0.003898	0.001222 0.006111	0.000360 0.001929	0.000791 0.002913	0.000856 0.002476	0.001155 0.004483	0.000118 0.000590	0.001923 0.005141	
2 24 2 0.840000	0.972126 0.002215	0.054970 0.004307	0.008141 0.008730	0.002079 0.004338	0.000959 0.004584	0.000652 0.001683	0.000384 0.001460	0.000914 0.003373	0.000371 0.001853	0.001852 0.005128	0.000243 0.001215	
2 24 2 0.850000	0.970458 0.002903	0.058210 0.005636	0.008701 0.008589	0.000894 0.003197	0.000988 0.004484	0.001821 0.005998	0.000657 0.002166	0.000585 0.002873	0.000743 0.003713	0.001916 0.004177	0.001218 0.005519	
2 24 2 0.860000	0.967847 0.004745	0.063268 0.009188	0.007280 0.006400	0.001782 0.007831	0.000524 0.001588	0.001316 0.004219	0.000950 0.004751	0.000000 0.000000	0.000647 0.003233	0.000000 0.000000	0.000243 0.001215	
2 24 2 0.870000	0.966564 0.005015	0.065751 0.009691	0.005293 0.009291	0.000000 0.000000	0.000390 0.001950	0.001663 0.005455	0.001248 0.003376	0.002599 0.003724	0.001573 0.004550	0.002189 0.005552	0.001831 0.009155	
2 24 2 0.880000	0.964120 0.002083	0.070471 0.004017	0.008522 0.009806	0.001000 0.005000	0.000926 0.004628	0.000333 0.001663	-0.000663 0.003314	0.002993 0.008059	0.000000 0.000000	-0.000464 0.002322	0.001373 0.002449	
2 24 2 0.890000	0.958819 0.005208	0.080661 0.009984	0.009867 0.007798	0.002466 0.009281	0.000019 0.000096	0.001916 0.007169	-0.000023 0.000114	0.001725 0.005547	0.000824 0.004118	0.000527 0.001575	0.000167 0.003347	
2 24 2 0.900000	0.957613 0.005124	0.082973 0.009806	0.012981 0.005359	0.004663 0.008808	0.001284 0.003950	0.000000 0.000000	0.001154 0.005769	0.000075 0.001061	0.001494 0.007468	0.000208 0.001042	0.002819 0.008642	
2 24 2 0.910000	0.955189 0.005111	0.087610 0.009766	0.015907 0.008161	0.002244 0.006494	0.001287 0.006435	0.002020 0.003640	0.000708 0.003185	0.001857 0.009285	0.002874 0.006869	0.003038 0.007662	0.000000 0.000000	
2 24 2 0.920000	0.949390 0.004261	0.098656 0.008089	0.017640 0.004464	0.005775 0.007444	0.002615 0.005398	0.000058 0.000290	0.001826 0.004360	0.001181 0.003205	0.001019 0.003317	0.001181 0.002894	0.001624 0.005505	
2 24 2 0.930000	0.947086 0.004367	0.103025 0.008279	0.019765 0.006002	0.005986 0.009852	0.001691 0.008456	0.001896 0.004219	0.000123 0.000614	0.000976 0.004044	0.001119 0.003795	0.001584 0.007920	0.001224 0.003466	
2 24 2 0.940000	0.944572 0.004323	0.107782 0.008166	0.020766 0.008130	0.004866 0.006479	0.003886 0.008721	0.001071 0.005355	0.003122 0.008901	0.000739 0.003696	0.000000 0.000000	0.000000 0.000000	0.001904 0.009521	
2 24 2 0.950000	0.938344 0.005260	0.119506 0.009870	0.023555 0.008848	0.005820 0.002613	0.000670 0.003351	0.000000 0.000000	0.000264 0.000543	0.002101 0.006540	0.000151 0.000753	0.000278 0.001230	0.000854 0.003741	
2 24 2 0.960000	0.934799 0.004475	0.126147 0.008373	0.028065 0.006056	0.006265 0.009631	0.001168 0.003797	0.003677 0.008006	0.001223 0.005121	0.002318 0.005015	0.004453 0.009709	0.000667 0.003334	0.001996 0.005476	
2 24 2 0.970000	0.930326 0.005249	0.134489 0.009770	0.029316 0.005731	0.009842 0.007974	0.001461 0.003412	0.000782 0.003843	0.000238 0.001191	0.000720 0.001858	0.000255 0.001275	0.000000 0.000000	0.000012 0.000059	
2 24 2 0.980000	0.925647 0.004419	0.143175 0.008184	0.030657 0.008178	0.009082 0.009956	0.004035 0.006497	0.001731 0.005537	0.000557 0.002787	0.000625 0.003124	0.000000 0.000000	0.001825 0.009125	0.000198 0.000531	
2 24 2 0.990000	0.920721 0.004704	0.152269 0.008661	0.034883 0.008863	0.010976 0.005164	0.004597 0.009988	0.000546 0.002729	0.000505 0.002527	0.000164 0.000820	0.000000 0.000000	0.001475 0.003597	0.000392 0.001958	
2 24 2 1.000000	0.913388 0.004764	0.165718 0.008705	0.040430 0.007109	0.012716 0.009821	0.002997 0.009922	0.003101 0.006830	0.000806 0.002733	0.001456 0.005028	0.000711 0.003954	0.003243 0.009661	0.001487 0.006654	
2 24 2 1.010000	0.906233 0.004461	0.178738 0.008082	0.047211 0.005925	0.014703 0.009804	0.006314 0.008119	0.004215 0.008563	0.002112 0.003582	0.000905 0.003849	0.002334 0.007187	0.000029 0.000144	0.001464 0.004991	
2 24 2 1.020000	0.900201 0.005485	0.189634 0.009868	0.047681 0.007872	0.015784 0.003714	0.002359 0.006296	0.003163 0.009199	0.000773 0.002838	0.002804 0.009776	0.000882 0.004409	0.000000 0.000000	0.000000 0.000000	
2 24 2 1.030000	0.888181 0.005420	0.211129 0.009635	0.060229 0.005369	0.021803 0.004210	0.010403 0.008679	0.003601 0.008721	0.002688 0.004768	0.003940 0.006616	0.001519 0.004260	0.000798 0.002061	0.001026 0.003874	
2 24 2 1.040000	0.881683 0.004508	0.222633 0.007948	0.066669 0.008495	0.024038 0.007613	0.011403 0.006268	0.003629 0.006532	0.002938 0.009921	0.001960 0.008087	0.000182 0.000911	0.001746 0.004848	0.000000 0.000000	
2 24 2 1.050000	0.868529 0.002004	0.245657 0.003482	0.076967 0.004485	0.032600 0.009250	0.016859 0.006247	0.007685 0.009082	0.004440 0.007220	0.003766 0.008429	0.003172 0.006731	0.000000 0.000000	0.001534 0.004833	
2 24 2 1.060000	0.858448 0.005782	0.263063 0.009917	0.085133 0.008379	0.034649 0.006024	0.017844 0.003835	0.009813 0.001582	0.005867 0.006512	0.004052 0.004464	0.000363 0.001817	0.001740 0.004782	0.001585 0.003068	
2 24 2 1.070000	0.845946 0.005386	0.284371 0.009113	0.095019 0.008873	0.042687 0.008225	0.021835 0.009630	0.012797 0.004452	0.009713 0.009828	0.004178 0.009092	0.003150 0.007890	0.002094 0.006761	0.001623 0.006920	
2 24 2 1.080000	0.834345 0.005628	0.303865 0.009401	0.106434 0.009361	0.048202 0.005330	0.026189 0.002252	0.015853 0.003652	0.008437 0.003954	0.005212 0.005796	0.003078 0.005594	0.000987 0.002844	0.001466 0.002971	
2 24 2 1.090000	0.814625 0.006016	0.336382 0.009808	0.126082 0.006259	0.062467 0.009704	0.034854 0.007702	0.022173 0.008211	0.016206 0.005289	0.011645 0.005344	0.007730 0.008184	0.003099 0.005378	0.004728 0.008334	
2 24 2 1.100000	0.803593 0.005999	0.354234 0.009639	0.133697 0.006574	0.065558 0.009795	0.037511 0.009067	0.022779 0.006652	0.015580 0.006115	0.010320 0.005889	0.006756 0.009678	0.004184 0.009983	0.002008 0.006200	
2 24 2 1.110000	0.775452 0.006121	0.398668 0.009495	0.163675 0.007761	0.087087 0.006288	0.053529 0.005746	0.034926 0.003607	0.025022 0.003541	0.018264 0.007980	0.013578 0.008375	0.013058 0.009081	0.005232 0.005918	
2 24 2 1.120000	0.754391 0.004484	0.430892 0.006761	0.183469 0.005417	0.099006 0.002660	0.062543 0.004319	0.043875 0.003739	0.029749 0.006682	0.022200 0.007367	0.016243 0.002985	0.012050 0.001048	0.009775 0.009989	
2 24 2 1.130000	0.729346 0.006793	0.468050 0.009905	0.206035 0.007293	0.117053 0.007009	0.074761 0.006192	0.051562 0.007720	0.036848 0.005092	0.026773 0.006107	0.019903 0.005373	0.016165 0.003031	0.012018 0.002802	
2 24 2 1.140000	0.697078 0.006718	0.514074 0.009365	0.234332 0.009394	0.136277 0.008224	0.090033 0.008818	0.060433 0.005977	0.043462 0.005703	0.031148 0.006382	0.023881 0.007871	0.019007 0.009380	0.012147 0.006186	
2 24 2 1.150000	0.676263 0.004474	0.542665 0.006052	0.252515 0.006403	0.148357 0.008896	0.097822 0.009820	0.067898 0.006774	0.050030 0.008731	0.036713 0.007504	0.027081 0.003043	0.018363 0.008518	0.013565 0.007127	
2 24 2 1.160000	0.639578 0.007762	0.590929 0.009918	0.287575 0.007534	0.173558 0.008160	0.116899 0.009161	0.082812 0.009966	0.061163 0.009387	0.045929 0.009998	0.033538 0.004448	0.026174 0.003170	0.018841 0.002643	
2 24 2 1.170000	0.601483 0.007572	0.638211 0.009128	0.318229 0.007024	0.195611 0.004459	0.134409 0.008559	0.094528 0.001442	0.072308 0.005126	0.053735 0.002672	0.037444 0.007609	0.028812 0.009326	0.022214 0.008583	
2 24 2 1.180000	0.572869 0.006508	0.671815 0.007465	0.338785 0.005361	0.211425 0.007635	0.144781 0.003213	0.104044 0.009966	0.075574 0.004724	0.056212 0.008642	0.040916 0.007266	0.030911 0.007982	0.023475 0.008675	
2 24 2 1.190000	0.547198 0.007908	0.700567 0.008655	0.357929 0.007361	0.223135 0.002717	0.152663 0.006226	0.108592 0.003110	0.081233 0.008319	0.061204 0.009568	0.045418 0.009782	0.036318 0.005248	0.029490 0.009854	
2 24 2 1.200000	0.505817 0.007571	0.744142 0.007650	0.383640 0.009901	0.240968 0.005534	0.163984 0.007027	0.118325 0.005011	0.086006 0.008957	0.062897 0.006318	0.046961 0.005980	0.034508 0.004537	0.025046 0.006350	
2 24 2 1.210000	0.467290 0.009791	0.781628 0.009165	0.406863 0.009650	0.256070 0.005574	0.176806 0.007022	0.125890 0.003183	0.092813 0.006441	0.067477 0.006357	0.047521 0.006861	0.037250 0.007019	0.026693 0.006143	
2 24 2 1.220000	0.439235 0.005173	0.807068 0.004540	0.423021 0.008480	0.262311 0.009430	0.181336 0.006106	0.127112 0.007267	0.092122 0.005885	0.066971 0.006274	0.047571 0.007547	0.034233 0.005647	0.024764 0.005912	
2 24 2 1.230000	0.404053 0.009344	0.836726 0.007533	0.438135 0.008022	0.274264 0.004035	0.187761 0.004278	0.133091 0.004537	0.095450 0.009983	0.068450 0.004189	0.047627 0.007570	0.033937 0.003294	0.022801 0.005538	
2 24 2 1.240000	0.374837 0.009934	0.859482 0.007483	0.448157 0.005189	0.279931 0.002919	0.188905 0.003177	0.133737 0.006384	0.094035 0.002790	0.066942 0.002363	0.045525 0.002762	0.031631 0.005362	0.020012 0.004733	
2 24 2 1.250000	0.344367 0.006649	0.881405 0.004592	0.460603 0.006250	0.283802 0.004143	0.191019 0.009979	0.132711 0.009485	0.092816 0.003300	0.064754 0.005352	0.044606 0.003771	0.029347 0.003339	0.018335 0.004595	
2 24 2 1.260000	0.325049 0.008256	0.894335 0.005346	0.462143 0.008436	0.285266 0.008926	0.188411 0.008580	0.131668 0.005445	0.091391 0.007542	0.061235 0.007078	0.043906 0.009691	0.026610 0.009501	0.016732 0.003098	
2 24 2 1.270000	0.306244 0.009933	0.906199 0.006065	0.464739 0.006491	0.282717 0.003673	0.186541 0.007526	0.127325 0.002746	0.087361 0.004734	0.058494 0.005551	0.037556 0.003622	0.024319 0.004195	0.012152 0.004330	
2 24 2 1.280000	0.279093 0.009972	0.922096 0.005578	0.467879 0.007791	0.281222 0.003308	0.184473 0.005677	0.124848 0.007288	0.083608 0.006691	0.055422 0.004850	0.035395 0.006717	0.020512 0.006688	0.010945 0.006038	
2 24 2 1.290000	0.265726 0.009954	0.929377 0.005275	0.469232 0.002949	0.280067 0.006393	0.181765 0.008018	0.123004 0.006887	0.080045 0.008819	0.051239 0.002620	0.031880 0.009960	0.018070 0.007080	0.007189 0.004767	
2 24 2 1.300000	0.240285 0.004386	0.942261 0.002105	0.470893 0.005788	0.277756 0.004375	0.177913 0.008248	0.115677 0.008292	0.074131 0.006579	0.047285 0.001811	0.027081 0.009860	0.014955 0.003731	0.003659 0.008133	
2 24 2 1.310000	0.234673 0.008993	0.944919 0.004219	0.467403 0.004778	0.273485 0.007779	0.171532 0.009878	0.111920 0.006999	0.071253 0.005503	0.045468 0.009791	0.025498 0.004700	0.013730 0.007061	0.001495 0.003325	
2 24 2 1.320000	0.220573 0.007233	0.951341 0.003186	0.465730 0.007303	0.270845 0.008869	0.168378 0.009941	0.107927 0.005262	0.070167 0.006462	0.042502 0.009433	0.023994 0.005676	0.007777 0.008137	0.000111 0.000347	
2 24 2 1.330000	0.213485 0.009878	0.954410 0.004195	0.461393 0.006267	0.262431 0.009982	0.160978 0.008043	0.101081 0.002580	0.063661 0.007769	0.037350 0.007315	0.017897 0.009400	0.005843 0.009598	0.000894 0.003949	
2 24 2 1.340000	0.203532 0.009942	0.958563 0.004030	0.458658 0.004743	0.259913 0.008364	0.154828 0.005299	0.096805 0.009309	0.058895 0.009269	0.034057 0.004425	0.016479 0.006336	0.004709 0.006641	0.000533 0.002663	
2 24 2 1.350000	0.196043 0.009848	0.961549 0.003852	0.458346 0.006936	0.255256 0.006630	0.154630 0.009552	0.094829 0.003365	0.059200 0.002843	0.034819 0.007945	0.017033 0.006873	0.004331 0.008455	0.000000 0.000000	
2 24 2 1.360000	0.182959 0.009546	0.966514 0.003478	0.453151 0.008608	0.248085 0.008193	0.147097 0.009645	0.090070 0.006969	0.052234 0.009238	0.027676 0.005545	0.011992 0.009806	0.003639 0.004154	0.000525 0.002625	
2 24 2 1.370000	0.177852 0.009999	0.968357 0.003564	0.451677 0.008668	0.246027 0.007986	0.144346 0.004030	0.085873 0.004204	0.051004 0.009587	0.029920 0.007473	0.011121 0.008192	0.002331 0.008840	0.000000 0.000000	
2 24 2 1.380000	0.168814 0.009958	0.971485 0.003392	0.448684 0.009300	0.239502 0.002006	0.138944 0.005389	0.081256 0.004959	0.044961 0.007144	0.024010 0.005871	0.011041 0.003194	0.001221 0.003574	0.000000 0.000000	
2 24 2 1.390000	0.162909 0.009628	0.973446 0.003120	0.441854 0.007893	0.234992 0.002939	0.134525 0.005811	0.080020 0.003094	0.044804 0.002651	0.023418 0.005253	0.009015 0.009875	0.001075 0.002244	0.000000 0.000000	
2 24 2 1.400000	0.158570 0.008385	0.974847 0.002653	0.440461 0.009742	0.231324 0.006168	0.132269 0.005278	0.075524 0.008185	0.043419 0.008844	0.019929 0.007443	0.008130 0.009849	0.003321 0.009175	0.000720 0.003600	
2 24 2 1.410000	0.153878 0.009678	0.976310 0.003012	0.435116 0.008991	0.224106 0.009112	0.123081 0.008290	0.070002 0.001652	0.037418 0.003770	0.017858 0.005161	0.005436 0.007939	0.000000 0.000000	0.000000 0.000000	
2 24 2 1.420000	0.149204 0.009297	0.977727 0.002775	0.430294 0.004327	0.220901 0.006093	0.122302 0.007890	0.068896 0.004440	0.037598 0.007734	0.017628 0.007044	0.004670 0.008347	0.000000 0.000000	0.000000 0.000000	
2 24 2 1.430000	0.144092 0.008591	0.979224 0.002487	0.427686 0.009112	0.215872 0.004140	0.118939 0.008213	0.064718 0.006190	0.035272 0.009874	0.018390 0.005465	0.002228 0.004705	0.000000 0.000000	0.000000 0.000000	
2 24 2 1.440000	0.138771 0.008372	0.980734 0.002298	0.423798 0.005203	0.211475 0.009891	0.114314 0.008768	0.060905 0.007210	0.032880 0.009662	0.014166 0.008075	0.003919 0.003264	0.000000 0.000000	0.000000 0.000000	
2 24 2 1.450000	0.136254 0.008644	0.981423 0.002349	0.419102 0.005211	0.204431 0.007716	0.109255 0.008295	0.060360 0.009311	0.031989 0.007795	0.012427 0.009970	0.002578 0.006322	0.000000 0.000000	0.000000 0.000000	
2 24 2 1.460000	0.128318 0.009029	0.983523 0.002321	0.414124 0.009076	0.200532 0.009772	0.103038 0.005628	0.055348 0.004569	0.025238 0.005742	0.011794 0.001867	0.002417 0.005843	0.000000 0.000000	0.000000 0.000000	
2 24 2 1.470000	0.129641 0.008247	0.983183 0.002145	0.408946 0.007358	0.198848 0.002686	0.103496 0.009713	0.053138 0.005604	0.025777 0.009676	0.010958 0.005767	0.001709 0.002628	0.000000 0.000000	0.000000 0.000000	
2 24 2 1.480000	0.123542 0.005356	0.984734 0.001322	0.406781 0.005976	0.193624 0.009407	0.097514 0.007284	0.053307 0.005311	0.024799 0.009209	0.007162 0.009794	0.000961 0.004803	0.000000 0.000000	0.000000 0.000000	
2 24 2 1.490000	0.121981 0.009538	0.985106 0.002345	0.402848 0.005689	0.190851 0.003745	0.095645 0.002476	0.050327 0.004716	0.023862 0.009646	0.008110 0.008371	0.001006 0.003883	0.000000 0.000000	0.000000 0.000000	
2 24 2 1.500000	0.118541 0.009416	0.985937 0.002198	0.399612 0.007267	0.187694 0.005369	0.093249 0.007045	0.044797 0.009883	0.020671 0.007831	0.007189 0.007896	0.000292 0.001460	0.000000 0.000000	0.000000 0.000000	
2 24 2 1.510000	0.118045 0.006664	0.986060 0.001565	0.397677 0.005106	0.183915 0.004480	0.090524 0.009855	0.047566 0.006034	0.019850 0.005789	0.008321 0.006894	0.000931 0.003153	0.000000 0.000000	0.000000 0.000000	
2 24 2 1.520000	0.116506 0.004785	0.986424 0.001116	0.391668 0.009846	0.181449 0.004184	0.086335 0.009332	0.040935 0.008790	0.017220 0.009972	0.005428 0.009138	0.000000 0.000000	0.000000 0.000000	0.000000 0.000000	
2 24 2 1.530000	0.113288 0.009998	0.987155 0.002254	0.389874 0.006987	0.176810 0.007642	0.085708 0.004209	0.040933 0.005142	0.018049 0.006899	0.005785 0.005164	0.001316 0.003148	0.000000 0.000000	0.000000 0.000000	
2 24 2 1.540000	0.113557 0.009745	0.987093 0.002227	0.383850 0.008303	0.170984 0.008796	0.080136 0.005178	0.035766 0.004405	0.014163 0.007112	0.002712 0.008152	0.000298 0.001490	0.000111 0.000554	0.000000 0.000000	
2 24 2 1.550000	0.109691 0.007709	0.987959 0.001678	0.381082 0.007956	0.170452 0.008413	0.078991 0.008362	0.039052 0.008701	0.014165 0.009614	0.003120 0.008815	0.000464 0.002318	0.000000 0.000000	0.000000 0.000000	
2 24 2 1.560000	0.110478 0.005896	0.987790 0.001295	0.380893 0.007902	0.163405 0.009997	0.075497 0.007775	0.034930 0.007311	0.015718 0.003493	0.002295 0.005599	0.000293 0.001463	0.000000 0.000000	0.000000 0.000000	
2 24 2 1.570000	0.103875 0.009517	0.989199 0.001995	0.379538 0.006125	0.165279 0.006973	0.077520 0.009963	0.035248 0.008218	0.012327 0.007529	0.003456 0.006074	0.000000 0.000000	0.000000 0.000000	0.000000 0.000000	
2 24 2 1.580000	0.108437 0.007967	0.988233 0.001705	0.373164 0.003891	0.159912 0.009912	0.072103 0.005240	0.034507 0.009730	0.013967 0.005743	0.000726 0.003629	0.000000 0.000000	0.000000 0.000000	0.000000 0.000000	
2 24 2 1.590000	0.102994 0.009560	0.989381 0.001950	0.369979 0.005984	0.158527 0.009931	0.071322 0.004241	0.032314 0.007334	0.011906 0.006652	0.003906 0.004940	0.000947 0.004733	0.000000 0.000000	0.000000 0.000000	
2 24 2 1.600000	0.099817 0.003979	0.990035 0.000795	0.367487 0.006039	0.154953 0.005765	0.070994 0.006204	0.030241 0.009969	0.009969 0.004721	0.001638 0.008190	0.000000 0.000000	0.000000 0.000000	0.000000 0.000000	
2 24 2 1.610000	0.099279 0.009891	0.990131 0.001957	0.363528 0.006794	0.149763 0.005137	0.064695 0.007257	0.027227 0.009619	0.006852 0.003582	0.000075 0.000264	0.000413 0.002064	0.000000 0.000000	0.000000 0.000000	
2 24 2 1.620000	0.098554 0.007769	0.990280 0.001528	0.362547 0.008499	0.150108 0.008351	0.064680 0.004159	0.029384 0.009938	0.009802 0.007184	0.001261 0.003225	0.000000 0.000000	0.000000 0.000000	0.000000 0.000000	
2 24 2 1.630000	0.096940 0.006357	0.990599 0.001231	0.360248 0.008688	0.147618 0.009977	0.062832 0.008161	0.024422 0.006268	0.006366 0.007043	0.002999 0.006095	0.000139 0.000693	0.000000 0.000000	0.000000 0.000000	
2 24 2 1.640000	0.095922 0.005455	0.990795 0.001056	0.356541 0.007989	0.143129 0.009785	0.061494 0.007981	0.023596 0.009999	0.008044 0.007419	0.001174 0.003433	0.000000 0.000000	0.000000 0.000000	0.000000 0.000000	
2 24 2 1.650000	0.094896 0.005851	0.990990 0.001107	0.352406 0.005390	0.143459 0.009971	0.060772 0.007055	0.024104 0.005300	0.008814 0.003348	0.001195 0.004217	0.000000 0.000000	0.000000 0.000000	0.000000 0.000000	
2 24 2 1.660000	0.093418 0.008834	0.991261 0.001649	0.348247 0.005022	0.137597 0.009982	0.056789 0.004563	0.023226 0.009160	0.004981 0.003524	0.000000 0.000000	0.000000 0.000000	0.000000 0.000000	0.000000 0.000000	
2 24 2 1.670000	0.091332 0.005791	0.991654 0.001068	0.347119 0.009658	0.137337 0.006286	0.059343 0.003861	0.024827 0.002898	0.009337 0.005783	0.002327 0.005268	0.000000 0.000000	0.000000 0.000000	0.000000 0.000000	
2 24 2 1.680000	0.090454 0.005903	0.991812 0.001070	0.344342 0.007369	0.134098 0.009877	0.053868 0.009469	0.022263 0.005547	0.007419 0.009823	0.000813 0.004065	0.000000 0.000000	0.000000 0.000000	0.000000 0.000000	
2 24 2 1.690000	0.091783 0.005726	0.991571 0.001041	0.343317 0.008519	0.136474 0.009859	0.054995 0.009487	0.020654 0.008700	0.009547 0.007557	0.000930 0.004650	0.000000 0.000000	0.000307 0.001535	0.000000 0.000000	
2 24 2 1.700000	0.088199 0.008318	0.992212 0.001495	0.341276 0.006991	0.131041 0.008433	0.055618 0.009785	0.016956 0.006681	0.005410 0.008689	0.000509 0.002547	0.000191 0.000953	0.000000 0.000000	0.000000 0.000000	
2 24 2 1.710000	0.086535 0.006715	0.992505 0.001167	0.334782 0.009432	0.128054 0.008715	0.049392 0.007661	0.018788 0.009519	0.005777 0.008621	0.003329 0.007932	0.001527 0.007634	0.000000 0.000000	-0.000003 0.000014	
2 24 2 1.720000	0.088546 0.007816	0.992148 0.001389	0.334082 0.008125	0.124188 0.009957	0.050894 0.007482	0.019273 0.006257	0.004897 0.001333	0.001392 0.005408	0.000000 0.000000	0.000000 0.000000	0.000795 0.003975	
2 24 2 1.730000	0.084829 0.004249	0.992801 0.000722	0.332209 0.006898	0.121889 0.008446	0.045624 0.009559	0.015266 0.003822	0.004491 0.007193	0.000198 0.000989	0.000000 0.000000	0.000000 0.000000	0.000825 0.004126	
2 24 2 1.740000	0.087037 0.006355	0.992419 0.001100	0.329220 0.006694	0.119549 0.009716	0.051925 0.009353	0.017178 0.008930	0.001286 0.004826	0.000000 0.000000	0.000000 0.000000	0.000000 0.000000	0.000000 0.000000	
2 24 2 1.750000	0.081275 0.004957	0.993392 0.000803	0.325960 0.009283	0.117684 0.004191	0.044279 0.006687	0.015301 0.009875	0.004982 0.005618	0.001209 0.003786	0.000000 0.000000	0.000000 0.000000	0.000000 0.000000	
2 24 2 1.760000	0.085377 0.006437	0.992705 0.001096	0.324848 0.007128	0.117105 0.006847	0.044898 0.008505	0.012848 0.009842	0.001700 0.006819	0.000000 0.000000	0.000015 0.000074	0.000000 0.000000	0.000000 0.000000	
2 24 2 1.770000	0.081132 0.008375	0.993409 0.001378	0.325891 0.008089	0.115571 0.009801	0.045562 0.008890	0.016757 0.004612	0.001498 0.006322	0.001014 0.004142	0.001100 0.005501	0.000068 0.000340	0.000000 0.000000	
2 24 2 1.780000	0.083092 0.006755	0.993090 0.001127	0.320568 0.002504	0.113416 0.007316	0.041590 0.009409	0.014883 0.006158	0.004369 0.009887	0.000114 0.000570	0.000000 0.000000	0.000000 0.000000	0.000000 0.000000	
2 24 2 1.790000	0.080443 0.007543	0.993522 0.001220	0.317646 0.009409	0.109491 0.008558	0.039852 0.009589	0.010875 0.009971	0.002237 0.004373	0.000599 0.002995	0.000000 0.000000	0.000000 0.000000	0.000000 0.000000	
2 24 2 1.800000	0.080043 0.005895	0.993589 0.000943	0.316108 0.009992	0.110601 0.005025	0.042275 0.007698	0.013054 0.008150	0.003211 0.006326	0.000456 0.002280	0.000000 0.000000	0.000000 0.000000	0.000000 0.000000	
2 24 2 1.810000	0.080329 0.006218	0.993543 0.001001	0.314565 0.009953	0.109367 0.008685	0.039141 0.007885	0.012058 0.003798	0.001905 0.006255	0.000000 0.000000	0.000000 0.000000	0.000030 0.000148	0.000000 0.000000	
2 24 2 1.820000	0.082125 0.007527	0.993249 0.001252	0.308250 0.008876	0.103732 0.009999	0.034697 0.004747	0.012812 0.007054	0.002909 0.007981	0.000070 0.000348	0.000737 0.002941	0.000035 0.000176	0.000000 0.000000	
2 24 2 1.830000	0.076271 0.006455	0.994175 0.000987	0.310071 0.008737	0.103945 0.009712	0.038680 0.005966	0.010975 0.008738	0.001874 0.006914	0.000384 0.001920	0.000000 0.000000	0.000000 0.000000	0.000000 0.000000	
2 24 2 1.840000	0.079575 0.008469	0.993654 0.001355	0.303017 0.007156	0.103230 0.006543	0.035548 0.009939	0.007702 0.009433	0.002532 0.004114	0.000076 0.000378	0.000000 0.000000	0.000000 0.000000	0.000000 0.000000	
2 24 2 1.850000	0.078007 0.006573	0.993909 0.001032	0.301669 0.005082	0.100943 0.006611	0.036265 0.009963	0.010912 0.004568	0.000982 0.002104	0.000000 0.000000	0.000034 0.000169	0.000000 0.000000	0.000000 0.000000	
2 24 2 1.860000	0.074318 0.009967	0.994464 0.001462	0.301105 0.003315	0.099161 0.002787	0.033954 0.009923	0.011525 0.009616	0.002122 0.005188	0.000000 0.000000	-0.000122 0.000612	0.001300 0.005166	0.001402 0.006014	
2 24 2 1.870000	0.077801 0.004930	0.993944 0.000776	0.298792 0.003664	0.100020 0.002993	0.034175 0.009918	0.008120 0.004421	0.001493 0.005183	0.000000 0.000000	0.000000 0.000000	0.000000 0.000000	0.000000 0.000000	
2 24 2 1.880000	0.077481 0.005688	0.993993 0.000886	0.296487 0.009996	0.097433 0.004100	0.031798 0.008846	0.007246 0.008253	0.002339 0.005398	0.000224 0.001119	0.000362 0.001810	0.000000 0.000000	0.000000 0.000000	
2 24 2 1.890000	0.073227 0.009933	0.994625 0.001428	0.298070 0.008381	0.096439 0.009150	0.034591 0.008758	0.007842 0.008556	0.000590 0.002952	0.000619 0.003094	0.000000 0.000000	0.000000 0.000000	0.000240 0.001198	
2 24 2 1.900000	0.074462 0.009818	0.994437 0.001478	0.293779 0.009596	0.096005 0.009532	0.028872 0.009685	0.008109 0.009551	0.001284 0.004271	0.000507 0.002533	0.000000 0.000000	0.000000 0.000000	0.000000 0.000000	
2 24 2 1.910000	0.071577 0.008707	0.994867 0.001252	0.291681 0.009691	0.096185 0.008871	0.028875 0.004846	0.009143 0.006333	0.001548 0.005659	0.000000 0.000000	0.000000 0.000000	0.000313 0.001566	0.000000 0.000000	
2 24 2 1.920000	0.073397 0.008183	0.994602 0.001213	0.291593 0.009930	0.093254 0.007737	0.028868 0.009864	0.010069 0.007852	0.001620 0.006990	0.000000 0.000000	0.000000 0.000000	0.000000 0.000000	0.001002 0.005011	
2 24 2 1.930000	0.073715 0.007565	0.994558 0.001098	0.287684 0.009920	0.089523 0.008418	0.030351 0.005228	0.008837 0.006358	0.001086 0.005428	0.001150 0.003466	0.000000 0.000000	0.000000 0.000000	0.000000 0.000000	
2 24 2 1.940000	0.070949 0.008738	0.994952 0.001224	0.285838 0.006008	0.091165 0.009202	0.028870 0.009883	0.007593 0.005962	0.000402 0.002012	0.000325 0.001626	0.000000 0.000000	0.000000 0.000000	0.000114 0.000571	
2 24 2 1.950000	0.071441 0.006195	0.994891 0.000882	0.286593 0.009408	0.088904 0.009937	0.028511 0.005120	0.005878 0.005331	0.000425 0.001060	0.000650 0.001841	0.000000 0.000000	0.000000 0.000000	0.000000 0.000000	
2 24 2 1.960000	0.073354 0.008425	0.994608 0.001248	0.281148 0.007540	0.089903 0.009908	0.028514 0.008879	0.009326 0.008415	0.002102 0.007992	0.000000 0.000000	0.000761 0.003803	0.000114 0.000568	0.000000 0.000000	
2 24 2 1.970000	0.071173 0.009831	0.994922 0.001414	0.280535 0.009922	0.088714 0.009239	0.026679 0.008419	0.003976 0.005896	0.000971 0.001867	0.000000 0.000000	0.000000 0.000000	0.000858 0.004291	0.000000 0.000000	
2 24 2 1.980000	0.068353 0.004487	0.995326 0.000620	0.279543 0.009954	0.084429 0.008631	0.026442 0.006731	0.005434 0.007551	0.000041 0.000206	0.000000 0.000000	0.001082 0.005411	0.001269 0.006346	0.000000 0.000000	
2 24 2 1.990000	0.070370 0.003329	0.995047 0.000466	0.275241 0.009938	0.085861 0.008467	0.023714 0.004132	0.005271 0.005696	0.001525 0.003869	0.000375 0.001874	0.000000 0.000000	0.000000 0.000000	0.000000 0.000000	
2 24 2 2.000000	0.067381 0.004324	0.995457 0.000592	0.275140 0.003684	0.083860 0.009891	0.021267 0.007173	0.006030 0.007252	0.000000 0.000000	0.000000 0.000000	0.000000 0.000000	0.000000 0.000000	0.000000 0.000000	
2 24 2 2.010000	0.068449 0.003595	0.995312 0.000492	0.275672 0.003638	0.083224 0.009897	0.027925 0.005968	0.005493 0.002901	0.001162 0.003488	0.000000 0.000000	0.000000 0.000000	0.000045 0.000224	0.000000 0.000000	
2 24 2 2.020000	0.069422 0.009848	0.995169 0.001382	0.276034 0.006273	0.079655 0.008165	0.019438 0.009567	0.005723 0.005240	0.000579 0.002896	0.001256 0.003291	0.000130 0.000648	0.000662 0.003310	0.000580 0.002902	
2 24 2 2.030000	0.068279 0.003142	0.995337 0.000426	0.270046 0.004663	0.081041 0.009722	0.024360 0.009769	0.003786 0.009899	0.002494 0.009060	0.000366 0.001131	0.000000 0.000000	0.000000 0.000000	0.000000 0.000000	
2 24 2 2.040000	0.067989 0.004007	0.995376 0.000549	0.269592 0.009626	0.077728 0.009937	0.023533 0.006392	0.001461 0.002585	0.000757 0.002127	0.000813 0.004066	0.000000 0.000000	0.001585 0.007925	0.000000 0.000000	
2 24 2 2.050000	0.067606 0.004915	0.995426 0.000663	0.268668 0.007996	0.078255 0.009891	0.021672 0.007115	0.004575 0.009621	0.000327 0.001637	0.000016 0.000078	0.000261 0.001305	0.000000 0.000000	0.000037 0.000183	
2 24 2 2.060000	0.066022 0.009879	0.995626 0.001310	0.267761 0.008531	0.077759 0.008188	0.020776 0.007531	0.001617 0.002562	0.000402 0.002012	0.000000 0.000000	0.000000 0.000000	0.000180 0.000902	0.000000 0.000000	
2 24 2 2.070000	0.068159 0.006777	0.995349 0.000937	0.264040 0.002858	0.076558 0.009780	0.020197 0.009873	0.004503 0.006056	0.001089 0.003736	0.001405 0.007027	0.000000 0.000000	0.000000 0.000000	0.000109 0.000545	
2 24 2 2.080000	0.067319 0.005872	0.995462 0.000792	0.264924 0.001921	0.072805 0.007879	0.019597 0.009519	0.001821 0.003913	0.001570 0.002949	0.000000 0.000000	0.000936 0.004678	0.000000 0.000000	0.000000 0.000000	
2 24 2 2.090000	0.066826 0.004315	0.995532 0.000578	0.263387 0.008486	0.076055 0.006840	0.020219 0.009555	0.003350 0.005732	0.000217 0.001084	0.000000 0.000000	0.000000 0.000000	0.000000 0.000000	0.000000 0.000000	
2 24 2 2.100000	0.066774 0.003171	0.995540 0.000422	0.260724 0.003219	0.074096 0.004113	0.021350 0.009061	0.006084 0.009951	0.000974 0.002743	0.000240 0.001201	0.000000 0.000000	0.000000 0.000000	0.000000 0.000000	
2 24 2 2.110000	0.065375 0.003893	0.995724 0.000513	0.258873 0.009803	0.073761 0.006529	0.019917 0.004659	0.004316 0.009932	0.000000 0.000000	0.000000 0.000000	0.000000 0.000000	0.000000 0.000000	0.000000 0.000000	
2 24 2 2.120000	0.067553 0.005110	0.995432 0.000694	0.254922 0.003074	0.073510 0.006697	0.018126 0.009750	0.004273 0.009926	0.001565 0.004359	0.000309 0.001546	0.000301 0.001504	0.000221 0.001104	0.000449 0.002244	
2 24 2 2.130000	0.065192 0.009973	0.995738 0.001326	0.252568 0.009012	0.070595 0.009782	0.018769 0.006882	0.003347 0.007283	0.000218 0.001092	0.000000 0.000000	0.000228 0.001140	0.000814 0.003222	0.000268 0.001340	
2 24 2 2.140000	0.063101 0.009937	0.996004 0.001266	0.252149 0.009847	0.069634 0.008637	0.018317 0.001610	0.002652 0.004726	0.000475 0.002123	0.000126 0.000628	0.001010 0.003094	0.000000 0.000000	0.000000 0.000000	
2 24 2 2.150000	0.065804 0.004415	0.995668 0.000578	0.254320 0.005474	0.069249 0.005004	0.017094 0.009962	0.003942 0.003282	0.000678 0.003391	0.000000 0.000000	0.000000 0.000000	0.000000 0.000000	0.000339 0.001696	
2 24 2 2.160000	0.066408 0.003836	0.995588 0.000515	0.252395 0.009745	0.066712 0.009471	0.016050 0.007848	0.002311 0.003314	0.001246 0.006228	0.000115 0.000576	0.000191 0.000955	0.000000 0.000000	0.000000 0.000000	
2 24 2 2.170000	0.062252 0.007679	0.996117 0.000967	0.249606 0.009165	0.069952 0.008680	0.017263 0.009978	0.001493 0.005727	0.000668 0.002808	0.000000 0.000000	0.000131 0.000656	0.000796 0.002975	0.000000 0.000000	
2 24 2 2.180000	0.060887 0.004208	0.996290 0.000515	0.248234 0.003280	0.066618 0.009203	0.015032 0.009485	0.002074 0.006095	0.000244 0.001221	0.000074 0.000371	0.000000 0.000000	0.000315 0.001576	0.000000 0.000000	
2 24 2 2.190000	0.064168 0.007501	0.995874 0.000936	0.244161 0.003936	0.064132 0.003729	0.016124 0.007070	0.005557 0.009631	0.000175 0.000877	0.000000 0.000000	0.000181 0.000907	0.000842 0.004210	0.000555 0.002557	
2 24 2 2.200000	0.063894 0.005813	0.995912 0.000745	0.248594 0.009849	0.063271 0.004786	0.018604 0.006215	0.004302 0.009931	0.000490 0.002449	0.000000 0.000000	0.000000 0.000000	0.000105 0.000525	0.000000 0.000000	
2 24 2 2.210000	0.061715 0.008291	0.996183 0.001016	0.245153 0.008919	0.067409 0.009922	0.017826 0.009320	0.003069 0.007638	0.000107 0.000535	0.000033 0.000166	0.001125 0.003195	0.000000 0.000000	0.000000 0.000000	
2 24 2 2.220000	0.064981 0.005044	0.995775 0.000654	0.242856 0.006575	0.062161 0.006521	0.018695 0.008302	0.007044 0.009755	0.000287 0.001437	0.001109 0.005544	0.000097 0.000487	0.000819 0.004095	0.000829 0.004147	
2 24 2 2.230000	0.062195 0.004799	0.996129 0.000588	0.245581 0.006761	0.064870 0.009786	0.015486 0.006576	0.003652 0.009425	0.000686 0.003432	0.000873 0.004365	0.001227 0.006137	0.000961 0.004806	0.000000 0.000000	
2 24 2 2.240000	0.060415 0.006712	0.996344 0.000812	0.243464 0.009537	0.058393 0.006355	0.016237 0.009625	0.001382 0.004888	0.000634 0.003168	0.000016 0.000082	0.000840 0.004201	0.000470 0.002350	0.000000 0.000000	
2 24 2 2.250000	0.059592 0.005090	0.996446 0.000611	0.239198 0.009924	0.063010 0.007644	0.015629 0.008456	0.003233 0.009779	0.000000 0.000000	0.000860 0.004298	0.001040 0.005201	0.001501 0.004546	0.000707 0.003175	
2 24 2 2.260000	0.061331 0.007872	0.996231 0.000955	0.237249 0.008868	0.058909 0.009738	0.017027 0.005348	0.002975 0.009259	0.000000 0.000000	0.000110 0.000548	0.000000 0.000000	0.000000 0.000000	0.000802 0.004008	
2 24 2 2.270000	0.060509 0.004672	0.996336 0.000557	0.234178 0.008174	0.059654 0.007367	0.015717 0.005842	0.002807 0.009852	0.000673 0.003366	0.000000 0.000000	0.000000 0.000000	0.000247 0.001236	0.000000 0.000000	
2 24 2 2.280000	0.059369 0.005824	0.996471 0.000695	0.235849 0.009633	0.061959 0.004974	0.012231 0.009957	0.001090 0.005449	0.000482 0.001361	0.000232 0.001162	0.000000 0.000000	0.000337 0.001956	0.000560 0.002798	
2 24 2 2.290000	0.060505 0.004413	0.996336 0.000532	0.236905 0.005924	0.056833 0.009821	0.011984 0.009048	0.001458 0.002701	0.000262 0.000714	0.000000 0.000000	0.000000 0.000000	0.000000 0.000000	0.000000 0.000000	
2 24 2 2.300000	0.061465 0.008394	0.996212 0.001011	0.230947 0.004592	0.054520 0.007174	0.014900 0.009909	0.004013 0.009361	0.000415 0.002075	0.001068 0.005341	0.001065 0.005325	0.000881 0.004404	0.001657 0.007585	
2 24 2 2.310000	0.061400 0.005940	0.996226 0.000725	0.231501 0.009956	0.057743 0.002664	0.013130 0.003944	0.000325 0.001280	0.000024 0.000118	0.000904 0.004521	0.000414 0.002072	0.000000 0.000000	0.000107 0.000534	
2 24 2 2.320000	0.057850 0.006520	0.996648 0.000764	0.231496 0.009313	0.053777 0.006544	0.010757 0.004373	0.002412 0.007308	0.000163 0.000816	0.001189 0.004212	0.000000 0.000000	0.000444 0.002220	0.000000 0.000000	
2 24 2 2.330000	0.060220 0.004209	0.996371 0.000512	0.229551 0.006863	0.055576 0.009703	0.015108 0.008689	0.002229 0.005397	0.000000 0.000000	0.000000 0.000000	0.001231 0.005485	0.000000 0.000000	0.000484 0.002420	
2 24 2 2.340000	0.059489 0.009211	0.996451 0.001071	0.229876 0.008905	0.054406 0.009880	0.010457 0.008858	0.001875 0.005122	0.000000 0.000000	0.000000 0.000000	0.000000 0.000000	0.000104 0.000520	0.000254 0.001269	
2 24 2 2.350000	0.059178 0.005393	0.996494 0.000636	0.226071 0.002310	0.054278 0.008150	0.010977 0.009989	0.001965 0.005188	0.000308 0.001541	0.000000 0.000000	0.001016 0.005081	0.000000 0.000000	0.000000 0.000000	
2 24 2 2.360000	0.059732 0.005192	0.996429 0.000615	0.226251 0.005234	0.057689 0.009058	0.010894 0.006521	0.002780 0.006121	0.000000 0.000000	0.000748 0.003740	0.000444 0.002222	0.001855 0.009273	0.000901 0.004507	
2 24 2 2.370000	0.060818 0.006915	0.996294 0.000843	0.226688 0.008324	0.055284 0.008018	0.012614 0.009789	0.001386 0.004981	0.001333 0.006665	0.000563 0.002815	0.000741 0.003705	0.000808 0.002994	0.000429 0.002146	
2 24 2 2.380000	0.058022 0.008207	0.996624 0.000930	0.225984 0.008666	0.055260 0.009243	0.010107 0.008882	0.001783 0.008913	0.002761 0.009789	0.000285 0.001426	0.001144 0.005722	0.001242 0.006208	0.000000 0.000000	
2 24 2 2.390000	0.056932 0.006148	0.996754 0.000710	0.224366 0.009325	0.050822 0.007263	0.011226 0.009847	0.001863 0.005716	0.000590 0.002000	0.000485 0.002426	0.000218 0.001090	0.000436 0.002182	0.000120 0.000599	
2 24 2 2.400000	0.059427 0.006888	0.996462 0.000796	0.219103 0.009657	0.053896 0.003242	0.011495 0.007914	0.002141 0.009778	0.000000 0.000000	0.000000 0.000000	0.000000 0.000000	0.000000 0.000000	0.000835 0.003240	
2 24 2 2.410000	0.058095 0.005926	0.996621 0.000701	0.224164 0.009811	0.048988 0.003707	0.008913 0.008047	0.003718 0.009967	0.000418 0.002088	0.000702 0.003512	0.000000 0.000000	0.001079 0.005395	0.000655 0.003276	
2 24 2 2.420000	0.058355 0.005787	0.996590 0.000663	0.219053 0.009924	0.047136 0.008380	0.010282 0.004672	0.000000 0.000000	0.000000 0.000000	0.000248 0.001240	0.000309 0.001543	0.000000 0.000000	0.000000 0.000000	
2 24 2 2.430000	0.058342 0.004885	0.996593 0.000576	0.220339 0.007471	0.053016 0.007758	0.013117 0.009934	0.000000 0.000000	0.000806 0.002097	0.000000 0.000000	0.000000 0.000000	0.000138 0.000690	0.000000 0.000000	
2 24 2 2.440000	0.056535 0.003823	0.996801 0.000436	0.217925 0.008217	0.050367 0.007330	0.012226 0.009624	0.000393 0.001963	0.002730 0.006401	0.000119 0.000595	0.000000 0.000000	0.000000 0.000000	0.001780 0.007743	
2 24 2 2.450000	0.056237 0.004972	0.996834 0.000567	0.217651 0.005516	0.048638 0.008617	0.010206 0.009837	0.001867 0.004736	0.000224 0.000666	0.000042 0.000209	0.000000 0.000000	0.000587 0.002934	0.000000 0.000000	
2 24 2 2.460000	0.058376 0.003847	0.996590 0.000452	0.214994 0.008102	0.049381 0.009164	0.010652 0.008620	0.002910 0.004396	0.000151 0.000754	0.001430 0.003940	0.001112 0.003386	0.000605 0.003023	0.000685 0.002268	
2 24 2 2.470000	0.058545 0.003158	0.996571 0.000372	0.214136 0.007941	0.047547 0.009902	0.007782 0.002814	0.001501 0.002981	0.000517 0.002584	0.000730 0.003650	0.001511 0.003806	0.000000 0.000000	0.000000 0.000000	
2 24 2 2.480000	0.055052 0.005192	0.996965 0.000573	0.213790 0.008651	0.047456 0.009739	0.010806 0.009355	0.000856 0.002999	0.000000 0.000000	0.000757 0.003783	0.000000 0.000000	0.000000 0.000000	0.000643 0.003217	
2 24 2 2.490000	0.056318 0.005566	0.996825 0.000634	0.214436 0.009267	0.046313 0.009941	0.009811 0.005854	0.003341 0.008225	0.000262 0.000745	0.001564 0.005579	0.000602 0.003012	0.000250 0.001252	0.000574 0.002870	
2 24 2 2.500000	0.054607 0.007747	0.997010 0.000826	0.211287 0.009958	0.042827 0.003452	0.009046 0.006005	0.001518 0.006754	0.000684 0.001877	0.000000 0.000000	0.000000 0.000000	0.001289 0.005300	0.001606 0.006470	
2 24 2 2.510000	0.056091 0.003971	0.996852 0.000445	0.209374 0.009806	0.047014 0.006039	0.009908 0.002986	0.001556 0.006077	0.000210 0.001052	0.001003 0.003795	0.000000 0.000000	0.000400 0.002001	0.000628 0.003138	
2 24 2 2.520000	0.057294 0.006821	0.996710 0.000767	0.211521 0.004687	0.046884 0.009799	0.009448 0.007365	0.000000 0.000000	0.000000 0.000000	0.000000 0.000000	0.000000 0.000000	0.000000 0.000000	0.000656 0.003282	
2 24 2 2.530000	0.056869 0.004734	0.996764 0.000538	0.209472 0.006776	0.045511 0.009761	0.007841 0.008760	0.001930 0.004866	0.000000 0.000000	0.001141 0.005707	0.000091 0.000455	0.001309 0.003623	0.000283 0.001415	
2 24 2 2.540000	0.058214 0.007154	0.996601 0.000838	0.208083 0.007223	0.043368 0.008686	0.013754 0.008657	0.000252 0.001259	0.000422 0.002111	0.000000 0.000000	0.000245 0.001224	0.001842 0.005622	0.000000 0.000000	
2 24 2 2.550000	0.057893 0.004444	0.996646 0.000514	0.206426 0.009402	0.044180 0.009884	0.009564 0.007461	0.000795 0.002067	0.000148 0.000739	0.001264 0.004462	0.001545 0.006032	0.000000 0.000000	0.000000 0.000000	
2 24 2 2.560000	0.056345 0.003772	0.996824 0.000428	0.206708 0.007682	0.041071 0.009694	0.007689 0.005900	0.000233 0.001164	0.001372 0.004616	0.001219 0.005026	0.000579 0.002893	0.000847 0.002745	0.000000 0.000000	
2 24 2 2.570000	0.055441 0.003617	0.996925 0.000407	0.205422 0.009852	0.044348 0.009561	0.009501 0.006061	0.001862 0.004247	0.000000 0.000000	0.001341 0.003302	0.000000 0.000000	0.001200 0.006002	0.000250 0.001252	
2 24 2 2.580000	0.054768 0.002511	0.997000 0.000274	0.201685 0.006968	0.042580 0.009983	0.007093 0.005905	0.000000 0.000000	0.000000 0.000000	0.000490 0.002449	0.000819 0.002933	0.001218 0.004328	0.000179 0.000660	
2 24 2 2.590000	0.054557 0.006254	0.997018 0.000678	0.203533 0.009756	0.042219 0.006964	0.004719 0.009952	0.001955 0.008471	0.001270 0.005028	0.000687 0.003199	0.002336 0.009902	0.001570 0.007851	0.000000 0.000000	
2 24 2 2.600000	0.055083 0.005308	0.996962 0.000596	0.203325 0.009692	0.044527 0.009044	0.008576 0.006805	0.000394 0.001969	0.000000 0.000000	0.000000 0.000000	0.000655 0.003236	0.000000 0.000000	0.000000 0.000000	
2 24 2 2.610000	0.054368 0.006481	0.997039 0.000712	0.206550 0.009934	0.042179 0.009538	0.008526 0.007609	0.001800 0.004756	0.001508 0.007539	0.000000 0.000000	0.000444 0.002220	0.000531 0.002653	0.001228 0.006138	
2 24 2 2.620000	0.055358 0.004205	0.996933 0.000459	0.201923 0.009569	0.041581 0.008896	0.006918 0.003705	0.003608 0.009895	0.000188 0.000941	0.001162 0.003951	0.001077 0.004168	0.000074 0.000368	0.000000 0.000000	
2 24 2 2.630000	0.057217 0.009838	0.996715 0.001150	0.199076 0.007368	0.043131 0.008023	0.010164 0.004668	0.001761 0.003649	0.001753 0.007142	0.001773 0.005205	0.001396 0.005826	0.000000 0.000000	0.001931 0.005760	
2 24 2 2.640000	0.054588 0.006366	0.997014 0.000696	0.200461 0.009100	0.039602 0.009904	0.008693 0.006036	0.000000 0.000000	0.000793 0.002397	0.000000 0.000000	0.000092 0.000458	0.000473 0.002364	0.000000 0.000000	
2 24 2 2.650000	0.055394 0.009763	0.996916 0.001092	0.199187 0.007219	0.039120 0.007461	0.010250 0.009600	0.002677 0.009878	0.002592 0.008460	0.000000 0.000000	0.000000 0.000000	0.002141 0.006603	0.000289 0.001446	
2 24 2 2.660000	0.053013 0.008908	0.997176 0.000947	0.197417 0.005267	0.039326 0.009158	0.005858 0.008776	0.000000 0.000000	0.000270 0.001350	0.003152 0.009095	0.000173 0.001132	0.000236 0.001105	0.001164 0.005822	
2 24 2 2.670000	0.054405 0.008559	0.997031 0.000957	0.197982 0.009977	0.041252 0.007064	0.008248 0.009095	0.002104 0.008298	0.000108 0.000539	0.000213 0.001066	0.000092 0.000460	0.000688 0.002252	0.000505 0.002523	
2 24 2 2.680000	0.054647 0.007695	0.997007 0.000827	0.197876 0.007405	0.041022 0.009866	0.007468 0.008493	0.000900 0.004498	0.000834 0.003557	0.000000 0.000000	0.001315 0.005650	0.000720 0.002542	0.000206 0.000775	
2 24 2 2.690000	0.054330 0.006309	0.997043 0.000701	0.194858 0.008946	0.039133 0.009961	0.006913 0.006245	0.000774 0.003287	0.000909 0.003041	0.000213 0.001064	0.001223 0.003722	0.001863 0.006496	0.001411 0.005083	
2 24 2 2.700000	0.053639 0.004591	0.997120 0.000495	0.194658 0.007762	0.039992 0.009992	0.008505 0.009997	0.000000 0.000000	0.000000 0.000000	0.000892 0.004461	0.002088 0.005305	0.000000 0.000000	0.000595 0.002976	
2 24 2 2.710000	0.053511 0.003280	0.997135 0.000351	0.197809 0.006219	0.037464 0.006499	0.006248 0.009844	0.000886 0.002870	0.001116 0.004910	0.000095 0.000476	0.000203 0.000641	0.000000 0.000000	0.000000 0.000000	
2 24 2 2.720000	0.054769 0.005877	0.996995 0.000635	0.192791 0.009888	0.039858 0.009548	0.006741 0.007431	0.002818 0.007298	0.001561 0.007805	0.000344 0.001720	0.000907 0.004535	0.002171 0.007027	0.000076 0.000378	
2 24 2 2.730000	0.052484 0.006901	0.997238 0.000724	0.189517 0.007788	0.034433 0.009708	0.004865 0.009416	0.001375 0.006000	0.003268 0.008735	0.000875 0.004377	0.000000 0.000000	0.001179 0.004812	0.001493 0.004164	
2 24 2 2.740000	0.054881 0.004162	0.996986 0.000460	0.192514 0.009904	0.040052 0.004537	0.009050 0.007446	0.002491 0.007388	0.000000 0.000000	0.000188 0.000938	0.000666 0.003330	0.000751 0.002732	0.003218 0.007822	
2 24 2 2.750000	0.052562 0.005381	0.997232 0.000563	0.192153 0.007190	0.037639 0.009993	0.006534 0.009553	0.001844 0.004884	0.000155 0.000775	0.000499 0.002210	0.000000 0.000000	0.000747 0.002618	0.000000 0.000000	
2 24 2 2.760000	0.052226 0.004011	0.997271 0.000420	0.188416 0.007680	0.039183 0.007679	0.006475 0.009248	0.001140 0.003235	0.000254 0.001269	0.000710 0.003552	0.001816 0.004689	0.000742 0.003136	0.001130 0.005652	
2 24 2 2.770000	0.052714 0.003446	0.997220 0.000364	0.189124 0.005334	0.038970 0.009802	0.004936 0.006715	0.001684 0.006199	0.000775 0.003874	0.000689 0.002887	0.000000 0.000000	0.001187 0.003086	0.000989 0.003855	
2 24 2 2.780000	0.052554 0.006182	0.997232 0.000651	0.187167 0.008242	0.033330 0.009336	0.003221 0.007094	0.000523 0.002617	0.000114 0.000571	0.000000 0.000000	0.001577 0.007883	0.000000 0.000000	0.000000 0.000000	
2 24 2 2.790000	0.056421 0.007526	0.996807 0.000857	0.186142 0.009941	0.036351 0.009916	0.003749 0.009291	0.001588 0.003782	0.001522 0.007608	0.001272 0.006360	0.000239 0.001193	0.000411 0.002055	0.000111 0.000553	
2 24 2 2.800000	0.054395 0.008571	0.997033 0.000945	0.191069 0.007440	0.033632 0.008161	0.005551 0.007175	0.000893 0.004409	0.000442 0.002211	0.001104 0.004539	0.000060 0.000456	0.000614 0.003070	0.003099 0.009920	
2 24 2 2.810000	0.051243 0.006111	0.997370 0.000625	0.184682 0.008244	0.032867 0.007037	0.005191 0.009922	0.001866 0.004193	0.000476 0.002380	0.000262 0.001068	0.000100 0.000502	0.000000 0.000000	0.000147 0.000734	
2 24 2 2.820000	0.052421 0.005189	0.997249 0.000537	0.185985 0.009725	0.034986 0.009882	0.004120 0.006910	0.001311 0.006555	0.000644 0.003221	0.001499 0.007495	0.000463 0.001450	0.000000 0.000000	0.002713 0.007373	
2 24 2 2.830000	0.049453 0.008453	0.997542 0.000817	0.186787 0.007035	0.036376 0.008063	0.004071 0.009666	0.000802 0.004011	0.000000 0.000000	0.000000 0.000000	0.000000 0.000000	0.001990 0.006274	0.000000 0.000000	
2 24 2 2.840000	0.052311 0.004756	0.997261 0.000491	0.185773 0.005851	0.032898 0.009854	0.003070 0.004783	0.001080 0.005401	0.000552 0.002758	0.000000 0.000000	0.001495 0.002719	0.000000 0.000000	0.000619 0.003093	
2 24 2 2.850000	0.051995 0.003639	0.997294 0.000379	0.181578 0.009308	0.034263 0.004448	0.006683 0.007441	0.000000 0.000000	0.003432 0.009654	0.000457 0.002283	0.000000 0.000000	0.002173 0.007143	0.000889 0.002427	
2 24 2 2.860000	0.052033 0.006054	0.997288 0.000637	0.184987 0.009631	0.035050 0.008478	0.003106 0.008559	0.001025 0.005123	0.000230 0.001148	0.000148 0.000738	0.000845 0.002650	0.000000 0.000000	0.000177 0.000884	
2 24 2 2.870000	0.052483 0.008726	0.997235 0.000933	0.181601 0.009046	0.032319 0.009611	0.003816 0.009731	0.000372 0.001859	0.000957 0.004787	0.001101 0.003207	0.000558 0.002792	0.000000 0.000000	0.000079 0.000396	
2 24 2 2.880000	0.053692 0.008438	0.997104 0.000899	0.182057 0.009597	0.035820 0.004025	0.002963 0.003610	0.000226 0.001131	0.001509 0.007545	0.001481 0.004989	0.002033 0.009109	0.000000 0.000000	0.001598 0.007989	
2 24 2 2.890000	0.052886 0.004638	0.997200 0.000494	0.180597 0.009877	0.033321 0.006966	0.005577 0.008597	0.002625 0.005589	0.000126 0.000632	0.000000 0.000000	0.000000 0.000000	0.001317 0.003292	0.000272 0.001362	
2 24 2 2.900000	0.051171 0.005384	0.997378 0.000553	0.179817 0.007501	0.035009 0.009470	0.003437 0.006663	0.000631 0.003154	0.001576 0.007878	0.002609 0.009360	0.000284 0.001422	0.003314 0.009064	0.000577 0.002885	
2 24 2 2.910000	0.051244 0.006548	0.997368 0.000670	0.183418 0.009524	0.031260 0.009591	0.003376 0.004737	0.000676 0.003378	0.000145 0.000716	0.000151 0.000754	0.001137 0.004030	-0.000000 0.000002	0.000000 0.000000	
2 24 2 2.920000	0.051223 0.005984	0.997372 0.000610	0.174900 0.009562	0.032166 0.007030	0.002084 0.004028	0.000990 0.004256	0.000000 0.000000	0.003211 0.008456	0.001658 0.006031	0.000000 0.000000	0.001261 0.007095	
2 24 2 2.930000	0.053962 0.009643	0.997076 0.001013	0.178320 0.007546	0.032656 0.005104	0.004260 0.008875	0.000949 0.004747	0.001490 0.007451	0.003020 0.009544	0.000275 0.001375	0.000000 0.000000	0.000713 0.003566	
2 24 2 2.940000	0.051790 0.005401	0.997314 0.000551	0.176473 0.006558	0.035875 0.006139	0.004023 0.008648	0.001597 0.007984	0.004594 0.006858	0.003795 0.009495	0.001805 0.003788	0.000037 0.000185	0.000000 0.000000	
2 24 2 2.950000	0.051278 0.008040	0.997364 0.000833	0.176660 0.009661	0.030326 0.009182	0.002534 0.005150	0.003774 0.007825	0.002181 0.005698	0.002795 0.009332	0.000771 0.002788	0.001338 0.005148	0.001576 0.005731	
2 24 2 2.960000	0.049740 0.005064	0.997522 0.000502	0.173977 0.004127	0.030882 0.009793	0.001569 0.003131	0.000766 0.002582	0.000000 0.000000	0.000000 0.000000	0.001213 0.005197	0.002125 0.007520	0.000000 0.000000	
2 24 2 2.970000	0.049753 0.003749	0.997523 0.000373	0.171437 0.008998	0.028467 0.007801	0.005162 0.009698	0.000122 0.000612	0.000622 0.001974	0.000000 0.000000	0.000000 0.000000	0.000649 0.003246	0.001273 0.005097	
2 24 2 2.980000	0.051857 0.003947	0.997309 0.000410	0.175382 0.009058	0.027594 0.008433	0.001102 0.004274	0.000000 0.000000	0.000332 0.001659	0.001343 0.005118	0.000994 0.004972	0.002672 0.007606	0.000264 0.001322	
2 24 2 2.990000	0.050893 0.003705	0.997409 0.000378	0.173858 0.009973	0.029721 0.007378	0.004741 0.009617	0.001124 0.004927	0.001084 0.003890	0.000000 0.000000	0.000982 0.004912	0.000000 0.000000	0.001415 0.006651	
2 24 2 3.000000	0.051194 0.009065	0.997368 0.000925	0.171460 0.009512	0.031121 0.006531	0.002785 0.005160	0.001522 0.006000	0.000483 0.002413	0.000000 0.000000	0.001984 0.006243	0.001459 0.004539	0.001776 0.008881	
2 24 2 3.010000	0.050753 0.006102	0.997419 0.000628	0.171388 0.004492	0.031095 0.009888	0.004091 0.009964	0.000688 0.003024	0.000752 0.003240	0.000224 0.000956	0.000795 0.003973	0.000000 0.000000	0.000437 0.002187	
2 24 2 3.020000	0.051509 0.003607	0.997345 0.000368	0.173554 0.005837	0.029936 0.008623	0.006500 0.009883	0.000000 0.000000	0.000313 0.001565	0.000795 0.003322	0.000000 0.000000	0.000000 0.000000	0.000000 0.000000	
2 24 2 3.030000	0.050937 0.005940	0.997402 0.000601	0.174173 0.009964	0.026554 0.009288	0.002174 0.008654	0.001983 0.007644	0.000637 0.002992	0.000000 0.000000	0.000633 0.001678	0.000710 0.003151	0.000891 0.004453	
2 24 2 3.040000	0.051470 0.004705	0.997347 0.000488	0.171064 0.005934	0.030025 0.009776	0.004063 0.009775	0.000000 0.000000	0.000000 0.000000	0.000887 0.002220	0.000661 0.002180	0.000000 0.000000	0.001138 0.003542	
2 24 2 3.050000	0.051154 0.004300	0.997381 0.000438	0.172032 0.009871	0.030387 0.004887	0.002340 0.004563	0.002754 0.006983	0.000370 0.001256	0.001177 0.003171	0.000411 0.002057	0.000619 0.001532	0.000000 0.000000	
2 24 2 3.060000	0.051058 0.009084	0.997384 0.000943	0.169671 0.008377	0.028096 0.009017	0.009486 0.001238	0.001833 0.004812	-0.000121 0.000603	0.000000 0.000000	0.000357 0.001783	0.000000 0.000000	-0.000221 0.001103	
2 24 2 3.070000	0.053311 0.006355	0.997153 0.000676	0.167558 0.008232	0.030544 0.009271	0.004609 0.008096	0.000554 0.001200	0.001778 0.004447	0.000000 0.000000	0.000290 0.001452	0.001267 0.006336	0.000000 0.000000	
2 24 2 3.080000	0.049243 0.006270	0.997571 0.000627	0.169061 0.007519	0.025487 0.009961	0.003129 0.009275	0.000330 0.001649	0.001275 0.006375	0.000000 0.000000	0.000000 0.000000	0.000433 0.002167	0.001143 0.003917	
2 24 2 3.090000	0.049849 0.009283	0.997503 0.000950	0.170078 0.009405	0.026441 0.009981	0.008420 0.007868	0.000478 0.002392	0.001529 0.007644	0.000002 0.000008	0.002173 0.007431	0.001528 0.003669	0.002231 0.009132	
2 24 2 3.100000	0.049807 0.008028	0.997511 0.000819	0.167389 0.008286	0.031181 0.009182	0.003318 0.007940	0.000373 0.001043	0.000000 0.000000	0.000747 0.003733	0.001924 0.009619	0.000239 0.000674	0.000000 0.000000	
2 24 2 3.110000	0.051266 0.007685	0.997365 0.000784	0.167795 0.009870	0.026023 0.006751	0.005576 0.008864	0.000950 0.004320	0.001134 0.005669	0.001955 0.009773	0.000000 0.000000	0.000657 0.003283	0.000000 0.000000	
2 24 2 3.120000	0.050064 0.004281	0.997490 0.000432	0.163671 0.009849	0.028142 0.009526	0.002717 0.008367	0.002557 0.005454	0.000567 0.002836	0.000000 0.000000	0.001589 0.003542	0.000000 0.000000	0.000795 0.003976	
2 24 2 3.130000	0.050640 0.004291	0.997432 0.000433	0.165230 0.009680	0.025811 0.004937	0.002762 0.009993	0.001453 0.004839	0.000000 0.000000	0.000000 0.000000	0.000599 0.002995	0.000000 0.000000	0.000612 0.003060	
2 24 2 3.140000	0.050663 0.006828	0.997428 0.000684	0.165866 0.009368	0.026800 0.009747	0.003917 0.009798	0.002219 0.004990	0.000133 0.000665	0.000927 0.003449	0.000253 0.000857	0.000000 0.000000	0.000152 0.000760	
2 24 2 3.150000	0.050336 0.007600	0.997459 0.000765	0.165236 0.009418	0.028142 0.006325	0.003863 0.008009	0.001136 0.005678	0.000362 0.001812	0.000691 0.002261	0.002194 0.006869	0.002054 0.009723	0.002978 0.007494	
2 24 2 3.160000	0.049038 0.005010	0.997592 0.000483	0.165977 0.009218	0.025153 0.008948	0.001986 0.006897	0.001008 0.003707	0.001598 0.006454	0.001272 0.005004	0.002043 0.004374	0.001673 0.004100	0.001345 0.006725	
2 24 2 3.170000	0.051509 0.006046	0.997343 0.000627	0.159855 0.008360	0.024380 0.002636	0.002611 0.007994	0.001263 0.005741	0.003318 0.007197	0.001519 0.007595	0.001494 0.006201	0.001746 0.008728	0.000458 0.002291	
2 24 2 3.180000	0.049121 0.005896	0.997583 0.000580	0.163519 0.009909	0.025179 0.008824	0.002099 0.005831	0.000000 0.000000	0.000736 0.003682	0.000945 0.004726	0.000201 0.001004	0.001166 0.004474	0.001564 0.003282	
2 24 2 3.190000	0.048785 0.007236	0.997614 0.000707	0.160113 0.004635	0.026634 0.009855	0.001821 0.005834	0.000937 0.004686	0.000866 0.003270	0.000303 0.001516	0.000266 0.001332	0.002342 0.006383	0.000594 0.002971	
2 24 2 3.200000	0.049428 0.002430	0.997556 0.000240	0.162648 0.009516	0.026791 0.009938	0.001541 0.003640	0.000182 0.000911	0.000866 0.003476	0.000000 0.000000	0.000000 0.000000	0.000652 0.003261	0.000000 0.000000	
2 24 2 3.210000	0.046911 0.003968	0.997797 0.000376	0.158075 0.008191	0.023487 0.008357	0.005540 0.009873	0.000369 0.001620	0.000666 0.003328	0.002583 0.007650	0.000000 0.000000	0.000841 0.004204	0.002926 0.009589	
2 24 2 3.220000	0.048006 0.003511	0.997693 0.000338	0.162706 0.009090	0.023273 0.009887	0.002696 0.006198	0.001837 0.009183	0.000264 0.001322	0.000755 0.003777	0.000982 0.004909	0.000937 0.004685	0.000732 0.002158	
2 24 2 3.230000	0.049506 0.006508	0.997543 0.000647	0.160370 0.003897	0.022499 0.007696	0.004406 0.007223	0.000670 0.003350	0.000152 0.000762	0.000669 0.002148	0.001101 0.005358	0.000597 0.002985	0.002718 0.009809	
2 24 2 3.240000	0.046888 0.003096	0.997800 0.000293	0.159434 0.007968	0.021512 0.009973	0.000743 0.002683	0.001348 0.006739	0.000000 0.000000	0.000489 0.002446	0.000534 0.002669	0.000226 0.001131	0.001251 0.003221	
2 24 2 3.250000	0.050028 0.004831	0.997494 0.000478	0.160235 0.009511	0.024314 0.007039	0.003863 0.009773	0.000523 0.002617	0.000000 0.000000	0.001699 0.005581	0.000846 0.002542	0.000803 0.004015	0.000975 0.002574	
2 24 2 3.260000	0.048664 0.009791	0.997621 0.000975	0.162350 0.006711	0.024547 0.009479	0.004774 0.008760	0.000785 0.003923	0.002179 0.006756	0.002062 0.008801	0.000181 0.000907	0.001409 0.007044	0.000880 0.004401	
2 24 2 3.270000	0.047327 0.003270	0.997759 0.000311	0.156103 0.007259	0.026270 0.004529	0.008870 0.009996	0.000869 0.004344	0.000374 0.002103	0.001543 0.007713	0.000463 0.001563	0.002721 0.009021	0.001963 0.009815	
2 24 2 3.280000	0.048127 0.003720	0.997682 0.000363	0.154768 0.009954	0.025773 0.009917	0.001062 0.004129	0.001230 0.003983	0.000000 0.000000	0.000000 0.000000	0.003260 0.009716	0.000000 0.000000	0.001429 0.003720	
2 24 2 3.290000	0.049941 0.009165	0.997497 0.000904	0.154986 0.009575	0.022103 0.009147	0.001857 0.008006	0.000000 0.000000	0.000000 0.000000	0.000000 0.000000	0.001412 0.004408	0.000000 0.000000	0.000265 0.001325	
2 24 2 3.300000	0.047983 0.007140	0.997692 0.000686	0.158095 0.009865	0.023464 0.009696	0.004277 0.005923	0.000119 0.000595	0.000000 0.000000	0.000000 0.000000	0.000000 0.000000	0.000508 0.002541	0.000000 0.000000	
2 24 2 3.310000	0.047070 0.008299	0.997776 0.000780	0.156899 0.009853	0.028991 0.008751	0.000805 0.003289	0.001205 0.006025	0.000602 0.003010	0.000125 0.000626	0.001270 0.006350	0.002497 0.005851	0.000125 0.000623	
2 24 2 3.320000	0.047811 0.004816	0.997711 0.000456	0.151611 0.006748	0.023923 0.009972	0.001553 0.002374	0.000156 0.000780	0.001479 0.004638	0.000643 0.003216	0.001941 0.005901	0.000000 0.000000	0.000000 0.000000	
2 24 2 3.330000	0.047850 0.002567	0.997710 0.000246	0.153103 0.004633	0.024547 0.009946	0.005500 0.005448	0.000122 0.000608	0.000727 0.003637	0.000088 0.000441	0.000000 0.000000	0.000211 0.001056	0.000411 0.002056	
2 24 2 3.340000	0.047995 0.002850	0.997695 0.000274	0.150404 0.008640	0.020792 0.009993	0.000993 0.003524	0.000000 0.000000	0.000000 0.000000	0.000000 0.000000	0.002594 0.006472	0.000000 0.000000	0.000074 0.000369	
2 24 2 3.350000	0.046456 0.008945	0.997833 0.000813	0.154068 0.009481	0.029116 0.009833	0.002441 0.004749	0.002899 0.007540	0.002140 0.006027	0.000606 0.003030	0.000000 0.000000	0.000733 0.003664	0.000556 0.002782	
2 24 2 3.360000	0.047620 0.006260	0.997727 0.000606	0.154170 0.005042	0.021614 0.009980	0.002151 0.009933	0.001310 0.005683	0.001158 0.005790	0.000000 0.000000	0.001103 0.004032	0.000000 0.000000	0.000329 0.001646	
2 24 2 3.370000	0.046208 0.003472	0.997864 0.000322	0.153760 0.009730	0.019117 0.009538	0.005654 0.009763	0.000000 0.000000	0.000345 0.001723	0.000000 0.000000	0.002519 0.008031	0.001190 0.005949	0.001421 0.005906	
2 24 2 3.380000	0.047728 0.006395	0.997716 0.000602	0.155224 0.009439	0.024245 0.009835	0.003733 0.006321	0.000000 0.000000	0.001256 0.006280	0.000000 0.000000	0.000000 0.000000	0.000794 0.003971	0.000000 0.000000	
2 24 2 3.390000	0.046701 0.009241	0.997810 0.000872	0.151189 0.009915	0.023299 0.003310	0.002591 0.007957	0.000911 0.004555	0.002673 0.007007	0.000000 0.000000	0.000056 0.000281	0.000000 0.000000	0.000291 0.000838	
2 24 2 3.400000	0.047110 0.006987	0.997775 0.000665	0.148209 0.008995	0.025870 0.004875	0.001708 0.004524	0.003151 0.009863	0.000239 0.001194	0.000415 0.002077	0.001039 0.005070	0.002089 0.004308	0.000590 0.001880	
2 24 2 3.410000	0.047890 0.002918	0.997705 0.000277	0.150809 0.005595	0.024155 0.009999	0.003512 0.008336	0.000991 0.004957	0.000000 0.000000	0.000120 0.000602	0.001502 0.003952	0.000282 0.001408	0.000000 0.000000	
2 24 2 3.420000	0.046458 0.005288	0.997838 0.000491	0.146925 0.009808	0.022945 0.009730	0.003668 0.007152	0.001343 0.006713	0.000677 0.002947	0.001023 0.005117	0.002508 0.008187	0.000000 0.000000	0.000831 0.003933	
2 24 2 3.430000	0.047814 0.006896	0.997709 0.000668	0.150594 0.009898	0.020849 0.006048	0.001635 0.004504	0.000000 0.000000	0.001573 0.005487	0.003216 0.008142	0.000115 0.000575	0.003892 0.008307	0.001419 0.007095	
2 24 2 3.440000	0.047274 0.004815	0.997763 0.000456	0.149714 0.009334	0.024053 0.007336	0.000760 0.003799	0.001956 0.009778	0.003674 0.009498	0.000046 0.000230	0.000000 0.000000	0.000208 0.001038	0.000086 0.000429	
2 24 2 3.450000	0.049415 0.004081	0.997556 0.000403	0.150277 0.009463	0.020667 0.008207	0.002588 0.006181	0.001921 0.005386	0.000000 0.000000	0.000913 0.004563	0.001400 0.006998	0.001579 0.007894	0.000626 0.002899	
2 24 2 3.460000	0.048692 0.004489	0.997625 0.000439	0.145338 0.009967	0.025218 0.005370	0.004967 0.007181	0.000811 0.004056	0.002630 0.006068	0.001798 0.004754	0.000499 0.002493	0.001063 0.003705	0.000938 0.004670	
2 24 2 3.470000	0.047713 0.004748	0.997721 0.000456	0.145341 0.006518	0.021749 0.008989	0.001845 0.007275	0.000632 0.003161	0.000000 0.000000	0.003201 0.009824	0.001302 0.003770	0.000000 0.000000	0.000518 0.002591	
2 24 2 3.480000	0.045597 0.002730	0.997920 0.000249	0.148231 0.004136	0.018178 0.009767	0.001242 0.003451	0.000645 0.002402	0.001735 0.004752	0.001412 0.007059	0.000778 0.003891	0.000570 0.002541	0.000000 0.000000	
2 24 2 3.490000	0.046426 0.003574	0.997843 0.000334	0.145737 0.009822	0.017251 0.003335	0.002241 0.005547	0.000253 0.001267	0.000113 0.000565	0.000448 0.002242	0.002441 0.006454	0.000896 0.004478	0.001051 0.005255	
2 24 2 3.500000	0.046174 0.008424	0.997859 0.000774	0.147591 0.006719	0.021357 0.009951	0.003650 0.009170	0.000980 0.004900	0.000000 0.000000	0.001435 0.007176	0.001975 0.009874	0.000289 0.001700	0.000502 0.001314	
2 24 2 3.510000	0.047051 0.007735	0.997780 0.000728	0.146256 0.004911	0.020048 0.009839	0.002557 0.004926	0.001413 0.005397	0.001451 0.007255	0.000000 0.000000	0.001690 0.008451	0.000842 0.004208	0.002023 0.006005	
2 24 2 3.520000	0.046622 0.005909	0.997821 0.000562	0.144498 0.009850	0.019584 0.007844	0.000995 0.004434	0.004257 0.007630	0.000000 0.000000	0.000161 0.000807	0.000000 0.000000	0.000000 0.000000	0.001259 0.004096	
2 24 2 3.530000	0.047559 0.003919	0.997736 0.000369	0.146908 0.002475	0.020143 0.009470	0.000335 0.001677	0.002693 0.007774	0.003047 0.007483	0.000880 0.002999	0.000000 0.000000	0.001296 0.005588	0.000000 0.000000	
2 24 2 3.540000	0.046567 0.006609	0.997827 0.000609	0.144457 0.007826	0.021112 0.009963	0.000624 0.001753	0.000000 0.000000	0.000333 0.001666	0.000000 0.000000	0.000643 0.003216	0.000137 0.000684	0.000143 0.000716	
2 24 2 3.550000	0.045936 0.005539	0.997886 0.000498	0.143285 0.003348	0.022955 0.008493	0.002526 0.005774	0.002284 0.009997	0.000095 0.000477	0.000442 0.002210	0.001364 0.006819	0.000708 0.003542	-0.000091 0.000457	
2 24 2 3.560000	0.045743 0.002924	0.997907 0.000268	0.142602 0.009577	0.021078 0.006462	0.002884 0.009876	0.000955 0.004774	0.000220 0.000601	0.000000 0.000000	0.000000 0.000000	0.000173 0.000652	0.000490 0.002448	
2 24 2 3.570000	0.048773 0.005242	0.997615 0.000507	0.141965 0.008809	0.016555 0.009925	0.002943 0.006917	0.001408 0.003852	0.000000 0.000000	0.000950 0.003569	0.000000 0.000000	0.000034 0.000169	0.000233 0.001165	
2 24 2 3.580000	0.046465 0.003864	0.997839 0.000362	0.139667 0.009981	0.020881 0.008635	0.001109 0.005544	0.002602 0.005900	0.000419 0.002097	0.001408 0.007040	0.001512 0.003801	0.000285 0.001486	0.000000 0.000000	
2 24 2 3.590000	0.044849 0.003288	0.997987 0.000299	0.142714 0.008208	0.020256 0.009650	0.004843 0.002703	0.000531 0.002653	0.000000 0.000000	0.000622 0.002496	0.000000 0.000000	0.000000 0.000000	0.000000 0.000000	
2 24 2 3.600000	0.045144 0.002285	0.997961 0.000205	0.140190 0.009921	0.015557 0.008853	0.003824 0.008231	0.001591 0.005356	0.000206 0.001031	0.000293 0.001466	0.001418 0.007089	0.000634 0.003171	0.000662 0.003309	
2 24 2 3.610000	0.046530 0.006117	0.997830 0.000562	0.136828 0.009731	0.018520 0.004286	0.002881 0.005898	0.001780 0.006644	0.000942 0.003559	0.000000 0.000000	0.000000 0.000000	0.001717 0.005355	0.000250 0.001248	
2 24 2 3.620000	0.045204 0.000933	0.997956 0.000084	0.144484 0.007636	0.020746 0.009937	0.005738 0.007541	0.002504 0.007462	0.001758 0.008790	0.000995 0.003278	0.000939 0.004696	0.000611 0.003055	0.003267 0.008308	
2 24 2 3.630000	0.045613 0.009695	0.997902 0.000869	0.141852 0.009152	0.018520 0.009998	0.002595 0.009426	0.000557 0.002784	0.001345 0.006727	0.003747 0.009321	0.002196 0.005531	0.000000 0.000000	0.000000 0.000000	
2 24 2 3.640000	0.045920 0.004098	0.997888 0.000379	0.138118 0.006676	0.023392 0.009322	0.002499 0.009970	0.001082 0.003545	0.001133 0.004147	0.000332 0.001662	0.000421 0.002103	0.004153 0.008434	0.001394 0.006972	
2 24 2 3.650000	0.046742 0.003421	0.997814 0.000321	0.140692 0.004218	0.016882 0.005742	0.004710 0.009993	0.002033 0.006847	0.000144 0.000718	0.000663 0.002064	0.001852 0.009258	0.001095 0.002815	0.002802 0.007479	
2 24 2 3.660000	0.045006 0.005674	0.997971 0.000507	0.140334 0.009558	0.017806 0.007526	0.002528 0.008445	0.000000 0.000000	0.002948 0.008441	0.000638 0.003191	0.000927 0.004633	0.000000 0.000000	0.000401 0.002003	
2 24 2 3.670000	0.047072 0.005752	0.997780 0.000549	0.137965 0.009410	0.013448 0.009262	0.002806 0.007123	0.001579 0.007894	0.001192 0.005962	0.002005 0.005113	0.000167 0.000836	0.000444 0.002219	0.001454 0.006674	
2 24 2 3.680000	0.047258 0.003056	0.997765 0.000290	0.141408 0.009887	0.018499 0.009205	0.002076 0.007012	0.000637 0.001408	0.001224 0.003557	0.000000 0.000000	0.001731 0.008653	0.000308 0.001538	0.000000 0.000000	
2 24 2 3.690000	0.045139 0.005095	0.997960 0.000459	0.138473 0.009756	0.019103 0.008538	0.003398 0.007836	0.000492 0.001869	0.000527 0.002635	0.001946 0.008599	0.001985 0.006025	0.000000 0.000000	0.000913 0.002837	
2 24 2 3.700000	0.046995 0.002527	0.997790 0.000238	0.134333 0.009923	0.020769 0.008680	0.000075 0.000377	0.000000 0.000000	0.002162 0.006392	0.001435 0.003818	0.000081 0.000406	0.000127 0.000635	0.000796 0.003870	
2 24 2 3.710000	0.044912 0.008809	0.997974 0.000787	0.139404 0.002821	0.016092 0.009307	0.002654 0.006145	0.003129 0.008605	0.002382 0.008820	0.000000 0.000000	0.000000 0.000000	0.000351 0.001753	0.001203 0.006015	
2 24 2 3.720000	0.043816 0.004916	0.998077 0.000424	0.140616 0.004652	0.018354 0.009544	0.001874 0.006462	0.001781 0.005684	0.002348 0.007537	0.001520 0.004001	0.000511 0.002555	0.000229 0.001147	0.003049 0.005871	
2 24 2 3.730000	0.047041 0.003282	0.997786 0.000312	0.135519 0.008452	0.018733 0.009768	0.003469 0.006687	0.001121 0.005606	0.000510 0.002134	0.001647 0.005680	0.000696 0.003141	0.000041 0.000204	0.001105 0.005526	
2 24 2 3.740000	0.043803 0.005698	0.998078 0.000495	0.138403 0.009967	0.018861 0.006594	0.002017 0.005153	0.000000 0.000000	0.000175 0.000873	0.000492 0.002459	0.000185 0.000925	0.000474 0.002372	0.000613 0.003064	
2 24 2 3.750000	0.045452 0.004788	0.997932 0.000435	0.134455 0.009978	0.020498 0.006883	0.002053 0.007726	0.000000 0.000000	0.000000 0.000000	0.000000 0.000000	0.000727 0.003637	0.000619 0.002558	0.002075 0.006649	
2 24 2 3.760000	0.045996 0.004886	0.997881 0.000456	0.137934 0.009948	0.016648 0.009339	0.000482 0.002412	0.000000 0.000000	0.000375 0.001876	0.000000 0.000000	0.003354 0.006909	0.000000 0.000000	0.001882 0.005948	
2 24 2 3.770000	0.044999 0.008102	0.997965 0.000701	0.133885 0.010000	0.016727 0.007654	0.005032 0.007944	0.000077 0.000386	0.000738 0.004349	0.002122 0.005030	0.000378 0.001889	0.002266 0.007190	0.002121 0.005103	
2 24 2 3.780000	0.048305 0.009882	0.997654 0.000987	0.136237 0.007055	0.016544 0.006725	0.003391 0.007295	0.000065 0.000325	0.000348 0.001739	0.000000 0.000000	0.000176 0.000878	0.000309 0.001544	0.000996 0.004981	
2 24 2 3.790000	0.045428 0.007461	0.997930 0.000691	0.132673 0.004859	0.017943 0.003658	0.001256 0.006281	0.001494 0.005524	0.004990 0.009869	0.001517 0.006390	0.002103 0.007232	0.000936 0.004679	0.001559 0.007794	
2 24 2 3.800000	0.044870 0.007436	0.997977 0.000674	0.135229 0.009835	0.019839 0.008994	0.000625 0.003124	0.000000 0.000000	0.002807 0.008570	0.000589 0.002946	0.001114 0.003561	0.003059 0.007980	0.001042 0.005212	
2 24 2 3.810000	0.046221 0.004150	0.997861 0.000387	0.131938 0.009536	0.014880 0.009894	0.001730 0.005396	0.001366 0.002392	0.000362 0.001811	0.000643 0.002708	0.000000 0.000000	0.000000 0.000000	0.000000 0.000000	
2 24 2 3.820000	0.044679 0.007200	0.997997 0.000634	0.133341 0.009537	0.021207 0.009469	0.004309 0.007688	0.002065 0.007097	0.000484 0.002422	0.002169 0.006392	0.003054 0.009456	0.000000 0.000000	0.002080 0.006133	
2 24 2 3.830000	0.045550 0.004426	0.997923 0.000396	0.128899 0.008720	0.013686 0.009864	0.003308 0.007716	0.002729 0.008029	0.000671 0.003355	0.000717 0.003585	0.000334 0.001669	0.000000 0.000000	0.001399 0.006993	
2 24 2 3.840000	0.047578 0.008899	0.997725 0.000875	0.130905 0.005618	0.017555 0.005582	0.002094 0.007621	0.000592 0.002958	0.001944 0.009722	0.000117 0.000587	0.000314 0.001571	0.000048 0.000241	0.000918 0.004591	
2 24 2 3.850000	0.045567 0.009932	0.997913 0.000925	0.136441 0.009824	0.019235 0.004808	0.003364 0.009357	0.000178 0.000891	0.000444 0.002218	0.002671 0.009617	0.000304 0.001519	0.000000 0.000000	0.000740 0.002060	
2 24 2 3.860000	0.045875 0.006713	0.997890 0.000609	0.130020 0.009709	0.015150 0.008922	0.002130 0.005500	0.002316 0.006063	0.001766 0.008831	0.000000 0.000000	0.003338 0.009635	0.000756 0.003780	0.000000 0.000000	
2 24 2 3.870000	0.045644 0.004308	0.997914 0.000394	0.128601 0.009277	0.016260 0.009574	0.000319 0.001594	0.000136 0.000682	0.001219 0.002378	0.002127 0.006293	0.002213 0.005916	0.000000 0.000000	0.000471 0.002355	
2 24 2 3.880000	0.045452 0.004567	0.997932 0.000418	0.132008 0.004818	0.016667 0.009545	0.001481 0.003819	0.001387 0.006936	0.000555 0.003261	0.003166 0.009514	0.001502 0.007512	0.000000 0.000000	0.000000 0.000000	
2 24 2 3.890000	0.044199 0.004729	0.998043 0.000419	0.125298 0.009029	0.014634 0.009039	0.001795 0.004335	0.000000 0.000000	-0.000034 0.000171	0.000738 0.002670	0.002195 0.009877	0.000748 0.003158	0.001504 0.005805	
2 24 2 3.900000	0.046323 0.007648	0.997846 0.000717	0.131345 0.009719	0.015713 0.009555	0.002638 0.009900	0.002329 0.008140	0.000725 0.003626	0.000516 0.002016	0.000106 0.000531	0.000708 0.003538	0.000000 0.000000	
2 24 2 3.910000	0.043788 0.005287	0.998078 0.000463	0.135857 0.009529	0.015943 0.009478	0.001183 0.005917	0.004240 0.007851	0.000000 0.000000	0.001490 0.006283	0.000467 0.001555	0.000653 0.001734	0.000367 0.001834	
2 24 2 3.920000	0.045570 0.004274	0.997921 0.000383	0.127603 0.006752	0.016812 0.009815	0.006029 0.009062	0.000311 0.001556	0.000915 0.004577	0.000470 0.002350	0.000903 0.004452	0.000162 0.000490	0.002331 0.008778	
2 24 2 3.930000	0.045025 0.006721	0.997967 0.000617	0.127223 0.009634	0.018437 0.007936	0.003498 0.007666	0.001861 0.009304	0.000355 0.001776	0.001317 0.005628	0.003348 0.005913	0.000528 0.002641	0.000000 0.000000	
2 24 2 3.940000	0.044162 0.006268	0.998045 0.000558	0.133677 0.009903	0.015763 0.008755	0.002242 0.008481	0.000678 0.001854	0.001188 0.005940	0.001698 0.008348	0.002212 0.009359	0.000000 0.000000	0.000234 0.001172	
2 24 2 3.950000	0.044857 0.008898	0.997975 0.000798	0.129559 0.009809	0.020615 0.009914	0.003561 0.009590	0.001346 0.006728	0.000000 0.000000	0.000000 0.000000	0.001301 0.004387	0.002831 0.008906	0.002961 0.009462	
2 24 2 3.960000	0.046641 0.007711	0.997817 0.000720	0.127555 0.009977	0.016183 0.003235	0.003666 0.008199	0.000805 0.003375	0.000000 0.000000	0.000173 0.000867	0.000088 0.000440	0.000000 0.000000	0.002535 0.008396	
2 24 2 3.970000	0.042915 0.005806	0.998154 0.000497	0.129818 0.006164	0.012993 0.007832	0.003006 0.009726	0.000561 0.002804	0.002546 0.006741	0.002979 0.007433	0.000422 0.002112	0.003449 0.009205	0.002687 0.007450	
2 24 2 3.980000	0.044532 0.006688	0.998010 0.000602	0.126705 0.004144	0.015574 0.009270	0.000179 0.000895	0.000000 0.000000	0.000000 0.000000	0.001070 0.005349	0.000653 0.002460	0.000685 0.003265	0.001275 0.005359	
2 24 2 3.990000	0.045219 0.004337	0.997953 0.000391	0.126112 0.009665	0.019292 0.005536	0.000410 0.002048	0.000030 0.000151	0.000000 0.000000	0.000000 0.000000	0.000918 0.004144	0.000000 0.000000	0.000068 0.000342	
2 24 2 4.000000	0.046014 0.002478	0.997882 0.000229	0.125293 0.009656	0.015664 0.007152	0.000479 0.002310	0.000692 0.002998	0.000460 0.002298	0.001069 0.005347	0.001685 0.005224	0.001539 0.007697	0.004892 0.008208	
