2 64 10 0.000000	0.998780 0.004895	0.002435 0.009765	0.001058 0.003160	0.000996 0.002852	0.000000 0.000000	0.000057 0.000284	0.000000 0.000000	0.000911 0.002428	0.000000 0.000000	0.001028 0.002728	0.000482 0.002128	
2 64 10 0.010000	0.998074 0.004794	0.003845 0.009564	0.000613 0.003067	0.000000 0.000000	0.000025 0.000123	0.000000 0.000000	0.000000 0.000000	0.000000 0.000000	0.000025 0.000123	0.000000 0.000000	0.000000 0.000000	
2 64 10 0.020000	0.998396 0.004539	0.003188 0.009058	0.000468 0.002338	0.000321 0.001604	0.000000 0.000000	0.000396 0.001981	0.000000 0.000000	0.000000 0.000000	0.000353 0.001763	0.000000 0.000000	0.000000 0.000000	
2 64 10 0.030000	0.998794 0.004705	0.002390 0.009477	0.000376 0.001537	0.000000 0.000000	0.000000 0.000000	0.000415 0.001673	0.000371 0.001656	0.000337 0.001342	0.000495 0.001691	0.000000 0.000000	0.000040 0.000198	
2 64 10 0.040000	0.998436 0.003753	0.003106 0.007577	0.000477 0.001633	0.000000 0.000000	0.000924 0.002355	0.000413 0.002065	0.000441 0.002204	0.000000 0.000000	0.000191 0.000954	0.000000 0.000000	0.000000 0.000000	
2 64 10 0.050000	0.999299 0.002853	0.001384 0.005697	0.000396 0.001979	0.000000 0.000000	0.000071 0.000356	0.000000 0.000000	0.000000 0.000000	0.000000 0.000000	0.000000 0.000000	0.000000 0.000000	0.000000 0.000000	
2 64 10 0.060000	0.997822 0.004953	0.004348 0.009879	0.000577 0.002198	0.000151 0.000754	0.000277 0.000944	0.000000 0.000000	0.000000 0.000000	0.000000 0.000000	0.000000 0.000000	0.000000 0.000000	0.000000 0.000000	
2 64 10 0.070000	0.998699 0.003258	0.002599 0.006504	0.000000 0.000000	0.000000 0.000000	0.000000 0.000000	0.000000 0.000000	0.000335 0.001676	0.000000 0.000000	0.000651 0.003255	0.000000 0.000000	0.000000 0.000000	
2 64 10 0.080000	0.998582 0.003459	0.002833 0.006906	0.000000 0.000000	0.000000 0.000000	0.000000 0.000000	0.000000 0.000000	0.000000 0.000000	0.000000 0.000000	0.000000 0.000000	0.000000 0.000000	0.000000 0.000000	
2 64 10 0.090000	0.997985 0.004836	0.004023 0.009648	0.001012 0.002868	0.001204 0.003471	0.001093 0.003116	0.000654 0.002229	0.000260 0.001299	0.000616 0.003082	0.000000 0.000000	0.000444 0.002221	0.000654 0.003270	
2 64 10 0.100000	0.998503 0.003651	0.002989 0.007288	0.001037 0.002912	0.000000 0.000000	0.000476 0.002381	0.000476 0.002381	0.000000 0.000000	0.000000 0.000000	0.000000 0.000000	0.000336 0.001681	0.000520 0.002598	
2 64 10 0.110000	0.998740 0.004758	0.002515 0.009494	0.000088 0.000440	0.000106 0.000528	0.000000 0.000000	0.000000 0.000000	0.000000 0.000000	0.000000 0.000000	0.000000 0.000000	0.000000 0.000000	0.000000 0.000000	
2 64 10 0.120000	0.999031 0.003926	0.001908 0.007836	0.000000 0.000000	0.000078 0.000391	0.000210 0.001048	0.000000 0.000000	0.000000 0.000000	0.000000 0.000000	0.000000 0.000000	0.000000 0.000000	0.000212 0.001058	
2 64 10 0.130000	0.997921 0.003813	0.004151 0.007608	0.000707 0.003534	0.000855 0.004275	0.000659 0.003296	0.000399 0.001596	0.000691 0.003455	0.000505 0.001596	0.000997 0.002635	0.000770 0.003852	0.000760 0.003799	
2 64 10 0.140000	0.999010 0.003125	0.001977 0.006240	0.000623 0.003115	0.000693 0.002768	0.000480 0.002398	0.000526 0.002629	0.000315 0.001575	0.000167 0.000835	0.000315 0.001575	0.000000 0.000000	0.000591 0.002953	
2 64 10 0.150000	0.999018 0.004696	0.001959 0.009371	0.000819 0.004093	0.000524 0.002618	0.000088 0.000439	0.000000 0.000000	0.000199 0.000995	0.000000 0.000000	0.000000 0.000000	0.000000 0.000000	0.000000 0.000000	
2 64 10 0.160000	0.998616 0.002499	0.002766 0.004991	0.000228 0.001139	0.000000 0.000000	0.000555 0.002774	0.000000 0.000000	0.000000 0.000000	0.000000 0.000000	0.000000 0.000000	0.000498 0.002490	0.000000 0.000000	
2 64 10 0.170000	0.997607 0.004575	0.004773 0.009148	0.000646 0.002605	0.000000 0.000000	0.000000 0.000000	0.000632 0.003161	0.000000 0.000000	0.000000 0.000000	0.000000 0.000000	0.000000 0.000000	0.000000 0.000000	
2 64 10 0.180000	0.997424 0.004453	0.005142 0.008886	0.000360 0.001467	0.000475 0.002374	0.000120 0.000599	0.000596 0.002982	0.000078 0.000391	0.000758 0.002472	0.000739 0.003696	0.000000 0.000000	0.000000 0.000000	
2 64 10 0.190000	0.998151 0.004523	0.003690 0.009025	0.000862 0.003091	0.000618 0.003091	0.000000 0.000000	0.000593 0.002965	0.000310 0.001551	0.000000 0.000000	0.000000 0.000000	0.000000 0.000000	0.000000 0.000000	
2 64 10 0.200000	0.998934 0.003917	0.002129 0.007818	0.000934 0.002914	0.000317 0.001584	0.000351 0.001756	0.000000 0.000000	0.000000 0.000000	0.000000 0.000000	0.000000 0.000000	0.000347 0.001737	0.000000 0.000000	
2 64 10 0.210000	0.997146 0.004801	0.005694 0.009578	0.000927 0.004636	0.000255 0.001276	0.001430 0.003350	0.000000 0.000000	0.000878 0.004392	0.000331 0.001655	0.000334 0.001672	0.000000 0.000000	0.000000 0.000000	
2 64 10 0.220000	0.998814 0.003803	0.002369 0.007592	0.000332 0.001658	0.000619 0.003097	0.000000 0.000000	0.000764 0.002415	0.000357 0.001784	0.000057 0.000285	0.000322 0.001456	0.000309 0.001178	0.000377 0.001885	
2 64 10 0.230000	0.998272 0.004812	0.003451 0.009602	0.001619 0.006346	0.000181 0.000688	0.000070 0.000349	0.000289 0.001447	0.000173 0.000866	0.000107 0.000533	0.000138 0.000688	0.000000 0.000000	0.000158 0.000791	
2 64 10 0.240000	0.998557 0.003054	0.002882 0.006099	0.000846 0.002871	0.000384 0.001919	0.000000 0.000000	0.000000 0.000000	0.000516 0.002580	0.000000 0.000000	0.000000 0.000000	0.000000 0.000000	0.000078 0.000392	
2 64 10 0.250000	0.998225 0.005008	0.003543 0.009985	0.000557 0.002785	0.000000 0.000000	0.000000 0.000000	0.000569 0.002843	0.000000 0.000000	0.000000 0.000000	0.000000 0.000000	0.000000 0.000000	0.000000 0.000000	
2 64 10 0.260000	0.998341 0.004865	0.003312 0.009706	0.000897 0.004486	0.000000 0.000000	0.000000 0.000000	0.000000 0.000000	0.000333 0.001665	0.000000 0.000000	0.000000 0.000000	0.000461 0.001688	0.000093 0.000464	
2 64 10 0.270000	0.998367 0.004548	0.003259 0.009073	0.000387 0.001934	0.000939 0.004543	0.000000 0.000000	0.000000 0.000000	0.000000 0.000000	0.000000 0.000000	0.000372 0.001858	0.000000 0.000000	0.000023 0.000116	
2 64 10 0.280000	0.998702 0.004155	0.002584 0.008328	0.000908 0.004542	0.001372 0.006858	0.000000 0.000000	0.000034 0.000168	0.000000 0.000000	0.000000 0.000000	0.000000 0.000000	0.000000 0.000000	0.000000 0.000000	
2 64 10 0.290000	0.998512 0.004980	0.002971 0.009932	0.000691 0.002934	0.000662 0.002911	0.000342 0.001711	0.000000 0.000000	0.000565 0.002823	0.000000 0.000000	0.000347 0.001734	0.000431 0.002156	0.000000 0.000000	
2 64 10 0.300000	0.997778 0.005005	0.004435 0.009980	0.000000 0.000000	0.000673 0.002801	0.000000 0.000000	0.000000 0.000000	0.000180 0.000898	0.000000 0.000000	0.000000 0.000000	0.000059 0.000297	0.000000 0.000000	
2 64 10 0.310000	0.997573 0.004376	0.004845 0.008730	0.000915 0.002298	0.000358 0.001479	0.000000 0.000000	0.000561 0.002803	0.000543 0.002716	0.001471 0.005661	0.000817 0.004083	0.000000 0.000000	0.001629 0.006683	
2 64 10 0.320000	0.998019 0.004537	0.003954 0.009052	0.000668 0.002076	0.000143 0.000547	0.000326 0.001631	0.000000 0.000000	0.001102 0.005508	0.000749 0.003744	0.001081 0.004578	0.000807 0.004037	0.000000 0.000000	
2 64 10 0.330000	0.997690 0.004461	0.004613 0.008901	0.002116 0.004155	0.000339 0.001505	0.000000 0.000000	0.000185 0.000927	0.000678 0.001784	0.000254 0.001269	0.000424 0.002119	0.000768 0.002098	0.000417 0.002084	
2 64 10 0.340000	0.997445 0.004891	0.005099 0.009755	0.000777 0.002111	0.000582 0.002911	0.000000 0.000000	0.000000 0.000000	0.000140 0.000700	0.000113 0.000567	0.000113 0.000567	0.000000 0.000000	0.000000 0.000000	
2 64 10 0.350000	0.998413 0.004221	0.003168 0.008423	0.000646 0.002259	0.000540 0.002700	0.000452 0.001436	0.000264 0.001320	0.000218 0.001090	0.000000 0.000000	0.000074 0.000372	0.000077 0.000387	0.000000 0.000000	
2 64 10 0.360000	0.997467 0.004838	0.005056 0.009648	0.001659 0.004859	0.001598 0.004772	0.000504 0.001275	0.001075 0.003781	0.000456 0.001275	0.000000 0.000000	0.000000 0.000000	0.000195 0.000973	0.000273 0.001365	
2 64 10 0.370000	0.998852 0.004204	0.002292 0.008389	0.001278 0.006268	0.000897 0.004373	0.000924 0.004618	0.000907 0.004536	0.000888 0.004438	0.000789 0.003752	0.000796 0.003981	0.000679 0.003017	0.000799 0.003997	
2 64 10 0.380000	0.998403 0.004826	0.003187 0.009626	0.000958 0.004791	0.000000 0.000000	0.000518 0.002590	0.000000 0.000000	0.000000 0.000000	0.000000 0.000000	0.000000 0.000000	0.000000 0.000000	0.000000 0.000000	
2 64 10 0.390000	0.998385 0.003778	0.003226 0.007541	0.000448 0.001784	0.000000 0.000000	0.000236 0.001180	0.000000 0.000000	0.000000 0.000000	0.000000 0.000000	0.000429 0.001940	0.000000 0.000000	0.000587 0.002937	
2 64 10 0.400000	0.997389 0.004128	0.005213 0.008233	0.001265 0.003488	0.000791 0.002020	0.000341 0.001707	0.000810 0.002645	0.000000 0.000000	0.000613 0.003067	0.000671 0.003354	0.000000 0.000000	0.000000 0.000000	
2 64 10 0.410000	0.998434 0.004635	0.003126 0.009245	0.000384 0.001607	0.000000 0.000000	0.000056 0.000279	0.000301 0.000826	0.000000 0.000000	0.000000 0.000000	0.000000 0.000000	0.000000 0.000000	0.000169 0.000843	
2 64 10 0.420000	0.995990 0.004822	0.008001 0.009595	0.001836 0.003539	0.000704 0.003518	0.000527 0.001384	0.000416 0.002078	0.000146 0.000732	0.001481 0.005384	0.000000 0.000000	0.000000 0.000000	0.000166 0.000828	
2 64 10 0.430000	0.994993 0.004963	0.009985 0.009870	0.002529 0.005328	0.000451 0.001425	0.000857 0.003328	0.000174 0.000870	0.000461 0.002306	0.000000 0.000000	0.000000 0.000000	0.000000 0.000000	0.000860 0.003128	
2 64 10 0.440000	0.997151 0.004734	0.005686 0.009435	0.001200 0.002729	0.000611 0.001781	0.000000 0.000000	0.000354 0.001155	0.000091 0.000457	0.000512 0.001589	0.000000 0.000000	0.000349 0.001746	0.000000 0.000000	
2 64 10 0.450000	0.996369 0.005020	0.007245 0.009998	0.001465 0.004388	0.001374 0.003788	0.000821 0.004103	0.001223 0.002756	0.000329 0.001645	0.000299 0.001494	0.000000 0.000000	0.000155 0.000777	0.000491 0.001420	
2 64 10 0.460000	0.996870 0.004049	0.006248 0.008069	0.000636 0.001703	0.000082 0.000409	0.000313 0.001565	0.000355 0.001260	0.000407 0.001087	0.000000 0.000000	0.000000 0.000000	0.000347 0.001736	0.000067 0.000334	
2 64 10 0.470000	0.996374 0.004698	0.007236 0.009350	0.000467 0.002334	0.000572 0.001667	0.000728 0.002322	0.000250 0.000890	0.000194 0.000780	0.000395 0.001976	0.000521 0.002606	0.000000 0.000000	0.000000 0.000000	
2 64 10 0.480000	0.995539 0.004699	0.008899 0.009346	0.001366 0.003924	0.001561 0.002868	0.000097 0.000484	0.001249 0.006243	0.000277 0.001386	0.000499 0.002493	0.000000 0.000000	0.000000 0.000000	0.000840 0.004202	
2 64 10 0.490000	0.995128 0.004344	0.009718 0.008641	0.000858 0.002056	0.000893 0.003164	0.000721 0.002097	0.000450 0.001434	0.000000 0.000000	0.000000 0.000000	0.000000 0.000000	0.000000 0.000000	0.000274 0.001372	
2 64 10 0.500000	0.993840 0.004699	0.012279 0.009332	0.001596 0.004470	0.001023 0.004138	0.000791 0.002337	0.000000 0.000000	0.000000 0.000000	0.000030 0.000148	0.000818 0.002849	0.000421 0.002104	0.000066 0.000331	
2 64 10 0.510000	0.994689 0.004339	0.010592 0.008623	0.000575 0.002224	0.001371 0.004651	0.000579 0.001700	0.000000 0.000000	0.000135 0.000675	0.000066 0.000330	0.000000 0.000000	0.000000 0.000000	0.000170 0.000848	
2 64 10 0.520000	0.993594 0.004901	0.012769 0.009733	0.001196 0.003566	0.000713 0.002243	0.000301 0.001505	0.000506 0.001455	0.000375 0.001875	0.000000 0.000000	0.000345 0.001159	0.000284 0.001419	0.000432 0.002159	
2 64 10 0.530000	0.992631 0.004952	0.014681 0.009826	0.000706 0.002072	0.000682 0.003409	0.000624 0.001847	0.000445 0.001832	0.001530 0.003995	0.000131 0.000655	0.000406 0.002028	0.000497 0.001883	0.000592 0.002759	
2 64 10 0.540000	0.991234 0.004969	0.017451 0.009839	0.001606 0.005711	0.000509 0.002546	0.000665 0.002337	0.000000 0.000000	0.000632 0.002943	0.000760 0.002238	0.000114 0.000568	0.000000 0.000000	0.000000 0.000000	
2 64 10 0.550000	0.989120 0.004958	0.021639 0.009804	0.001340 0.003437	0.000888 0.002798	0.002011 0.001596	0.000584 0.001680	0.000000 0.000000	0.000243 0.001214	0.000000 0.000000	0.001024 0.002975	0.000000 0.000000	
2 64 10 0.560000	0.987589 0.004848	0.024665 0.009569	0.002013 0.005943	0.000000 0.000000	0.000525 0.002626	0.000470 0.001547	0.000420 0.002101	0.001426 0.003822	0.000000 0.000000	0.000441 0.002206	0.000483 0.001259	
2 64 10 0.570000	0.986509 0.004741	0.026797 0.009352	0.002935 0.001750	0.001357 0.002708	0.001425 0.004952	0.000699 0.003495	0.000399 0.001995	0.000000 0.000000	0.000704 0.003522	0.001736 0.005908	0.001108 0.003730	
2 64 10 0.580000	0.983217 0.004914	0.033282 0.009657	0.003201 0.003935	0.000712 0.002955	0.000559 0.002794	0.000482 0.002408	0.000766 0.003829	0.001686 0.004119	0.000578 0.001658	0.001163 0.002737	0.000000 0.000000	
2 64 10 0.590000	0.981401 0.004597	0.036850 0.009012	0.004355 0.009833	0.001459 0.003314	0.000534 0.002295	0.000317 0.001585	0.000000 0.000000	0.001077 0.003580	0.000300 0.001501	0.000832 0.002336	0.000152 0.000758	
2 64 10 0.600000	0.976960 0.004899	0.045547 0.009577	0.006955 0.009566	0.002358 0.007054	0.002555 0.006330	0.000526 0.002629	0.000994 0.003935	0.001781 0.004727	0.001213 0.004133	0.000445 0.002227	0.001683 0.003430	
2 64 10 0.610000	0.975152 0.003619	0.049077 0.007058	0.005458 0.009641	0.001461 0.006206	0.001285 0.006425	0.001618 0.008091	0.001225 0.006127	0.001730 0.004671	0.001386 0.004592	0.000559 0.002418	0.001224 0.006119	
2 64 10 0.620000	0.973551 0.005079	0.052195 0.009891	0.006768 0.008458	0.001686 0.003299	0.000305 0.000951	0.001010 0.002092	0.000372 0.001181	0.000000 0.000000	0.000371 0.001284	0.001425 0.002956	0.000151 0.000756	
2 64 10 0.630000	0.969113 0.004851	0.060816 0.009398	0.008008 0.006642	0.000076 0.000378	0.001942 0.005647	0.001012 0.003153	0.000667 0.002314	0.000682 0.003411	0.000000 0.000000	0.000702 0.002043	0.000401 0.001339	
2 64 10 0.640000	0.960923 0.004997	0.076623 0.009598	0.010332 0.009298	0.003546 0.006680	0.001335 0.003636	0.001032 0.003158	0.001477 0.004226	0.001692 0.005455	0.001641 0.004235	0.001275 0.003693	0.000000 0.000000	
2 64 10 0.650000	0.957571 0.004762	0.083054 0.009123	0.010902 0.009202	0.002913 0.007693	0.000014 0.000070	0.001184 0.003948	0.001912 0.004295	0.000813 0.001866	0.000687 0.001836	0.000247 0.001237	0.001161 0.003521	
2 64 10 0.660000	0.949578 0.004756	0.098299 0.009026	0.014527 0.006566	0.004412 0.005374	0.003394 0.004087	0.001444 0.004340	0.002488 0.005911	0.000852 0.004261	0.000117 0.000587	0.000000 0.000000	0.002242 0.008283	
2 64 10 0.670000	0.939924 0.005229	0.116538 0.009824	0.020020 0.005936	0.004444 0.008110	0.001392 0.003685	0.002436 0.003731	0.000870 0.001722	0.001549 0.003977	0.000532 0.001353	0.000645 0.002715	0.000045 0.000227	
2 64 10 0.680000	0.927880 0.005379	0.139035 0.009974	0.026073 0.003356	0.006424 0.007170	0.003046 0.003795	0.001465 0.002735	0.000042 0.000211	0.000596 0.002810	0.000325 0.001626	0.001379 0.002964	0.000555 0.002777	
2 64 10 0.690000	0.905490 0.005186	0.180083 0.009390	0.041433 0.009901	0.015766 0.005051	0.006858 0.006093	0.004609 0.006989	0.002892 0.007912	0.002751 0.005046	0.001153 0.004970	0.001356 0.003815	0.002522 0.005343	
2 64 10 0.700000	0.870532 0.005741	0.242169 0.009993	0.066879 0.005911	0.028422 0.004437	0.015856 0.003117	0.009543 0.002299	0.006513 0.002733	0.004446 0.000869	0.003088 0.002352	0.002257 0.001722	0.001345 0.001172	
2 64 10 0.710000	0.056098 0.005910	0.996848 0.000662	0.384749 0.005994	0.188223 0.006105	0.105344 0.009050	0.063986 0.009896	0.040536 0.007348	0.026493 0.005512	0.016578 0.006084	0.010584 0.004602	0.006904 0.003705	
2 64 10 0.720000	0.044547 0.003765	0.998014 0.000338	0.353448 0.009278	0.156351 0.006727	0.080086 0.009888	0.042827 0.006569	0.024689 0.004111	0.014148 0.002397	0.007485 0.004885	0.004051 0.002949	0.001738 0.003705	
2 64 10 0.730000	0.039820 0.005155	0.998409 0.000410	0.334945 0.009896	0.135736 0.008723	0.064803 0.009198	0.032054 0.009681	0.017509 0.004113	0.009079 0.005852	0.002907 0.004088	0.002085 0.004361	0.000902 0.003182	
2 64 10 0.740000	0.035948 0.002687	0.998707 0.000193	0.312978 0.007060	0.121068 0.009892	0.051574 0.005089	0.023131 0.003991	0.010406 0.002460	0.005269 0.002164	0.002114 0.002440	0.001742 0.002853	0.000550 0.001863	
2 64 10 0.750000	0.032653 0.002782	0.998933 0.000181	0.299217 0.009921	0.107277 0.008056	0.042797 0.003258	0.017187 0.001599	0.007635 0.003784	0.001918 0.004311	0.001304 0.002915	0.000407 0.002033	0.000000 0.000000	
2 64 10 0.760000	0.033827 0.004281	0.998853 0.000294	0.292434 0.009244	0.098043 0.009006	0.036875 0.009096	0.014158 0.009165	0.006169 0.006446	0.002120 0.003922	0.000787 0.001536	0.000176 0.001550	0.000000 0.000000	
2 64 10 0.770000	0.029265 0.006426	0.999138 0.000392	0.274137 0.008484	0.088701 0.009391	0.032147 0.004265	0.012062 0.005851	0.004768 0.004539	0.000432 0.001205	0.000284 0.001457	0.000444 0.001964	0.000982 0.002388	
2 64 10 0.780000	0.028056 0.007242	0.999206 0.000394	0.262066 0.005013	0.079303 0.008795	0.026462 0.008258	0.008942 0.003982	0.003196 0.007978	0.000667 0.002262	0.002367 0.006087	0.001123 0.002983	0.001605 0.004673	
2 64 10 0.790000	0.027153 0.001058	0.999263 0.000057	0.258021 0.009763	0.073796 0.009619	0.024845 0.005456	0.007621 0.002214	0.001853 0.003121	0.000546 0.002730	0.000690 0.003297	0.000422 0.001172	0.000591 0.001578	
2 64 10 0.800000	0.027385 0.008158	0.999243 0.000460	0.249549 0.009310	0.071120 0.009350	0.021040 0.009218	0.007369 0.001519	0.003118 0.004632	0.001299 0.002480	0.000879 0.002758	0.000485 0.002426	0.000166 0.000828	
2 64 10 0.810000	0.028734 0.007996	0.999166 0.000479	0.245499 0.007632	0.066699 0.004888	0.020418 0.004543	0.005930 0.007957	0.002939 0.002226	0.000817 0.003429	0.000540 0.001485	0.000407 0.002034	0.001084 0.002485	
2 64 10 0.820000	0.026689 0.009002	0.999277 0.000501	0.231513 0.008178	0.061562 0.008960	0.016715 0.004029	0.005067 0.003187	0.001159 0.003145	0.002137 0.008786	-0.000033 0.000166	0.000677 0.002564	0.000000 0.000000	
2 64 10 0.830000	0.025158 0.005952	0.999363 0.000295	0.230324 0.009960	0.060293 0.004940	0.018220 0.002923	0.004884 0.005386	0.001354 0.002828	0.000487 0.002168	0.000440 0.002200	0.000000 0.000000	0.000341 0.001704	
2 64 10 0.840000	0.022757 0.007932	0.999474 0.000358	0.226059 0.007535	0.055531 0.009927	0.014939 0.006757	0.002760 0.001566	0.001204 0.003345	0.000000 0.000000	0.000680 0.003400	0.000000 0.000000	0.001146 0.001991	
2 64 10 0.850000	0.022965 0.005987	0.999468 0.000271	0.216350 0.008738	0.052221 0.005507	0.013697 0.006325	0.004287 0.005146	0.000268 0.001342	0.000561 0.002852	0.000000 0.000000	0.000608 0.002056	0.002391 0.007118	
2 64 10 0.860000	0.023675 0.005425	0.999436 0.000258	0.212378 0.009485	0.051624 0.007226	0.013069 0.005105	0.003855 0.003609	0.000663 0.001981	0.001186 0.004214	0.000000 0.000000	0.000743 0.001635	0.000000 0.000000	
2 64 10 0.870000	0.021717 0.006013	0.999522 0.000263	0.208551 0.009832	0.049508 0.003648	0.010426 0.005765	0.005147 0.006870	0.001912 0.004845	0.000231 0.001155	0.001214 0.004011	0.000593 0.002461	0.000920 0.002495	
2 64 10 0.880000	0.023904 0.008218	0.999419 0.000402	0.204039 0.009571	0.046279 0.008003	0.010383 0.004991	0.001692 0.003295	0.000165 0.000826	0.000640 0.002438	0.000694 0.002958	0.000000 0.000000	0.000715 0.001745	
2 64 10 0.890000	0.021857 0.007054	0.999517 0.000306	0.195996 0.009125	0.041735 0.008504	0.008375 0.005521	0.001471 0.003137	0.001108 0.003359	0.001035 0.003487	0.001372 0.004363	0.001304 0.003942	0.000175 0.001218	
2 64 10 0.900000	0.022019 0.004165	0.999513 0.000179	0.192822 0.009788	0.041142 0.008005	0.008769 0.002750	0.001085 0.003579	0.001003 0.002256	0.000696 0.003481	0.001165 0.003987	0.000520 0.002598	0.000827 0.002743	
2 64 10 0.910000	0.022913 0.005981	0.999471 0.000271	0.190880 0.004272	0.038167 0.009401	0.006761 0.002218	0.001968 0.003464	0.000398 0.001577	0.000668 0.003341	0.001015 0.005075	0.000145 0.000629	-0.000012 0.000061	
2 64 10 0.920000	0.022051 0.003842	0.999512 0.000171	0.187989 0.009777	0.036298 0.005445	0.007084 0.004714	0.001086 0.003308	0.000774 0.001672	0.000224 0.001119	0.000000 0.000000	-0.000001 0.000004	0.000000 0.000000	
2 64 10 0.930000	0.021968 0.004439	0.999515 0.000189	0.185149 0.009561	0.037727 0.005593	0.007580 0.002066	0.001849 0.005462	0.001754 0.005135	0.000056 0.000282	0.000885 0.004425	0.000242 0.001210	0.000132 0.000659	
2 64 10 0.940000	0.020980 0.008106	0.999547 0.000348	0.177090 0.007837	0.033707 0.003924	0.005298 0.005918	0.002070 0.006371	0.001192 0.002027	0.000000 0.000000	0.002382 0.007132	0.001935 0.006176	0.002208 0.004500	
2 64 10 0.950000	0.023239 0.003530	0.999458 0.000165	0.175144 0.009904	0.033333 0.005853	0.007034 0.002159	0.000698 0.001500	0.000774 0.002190	0.000000 0.000000	0.000000 0.000000	0.000000 0.000000	0.000000 0.000000	
2 64 10 0.960000	0.020428 0.008128	0.999575 0.000328	0.173302 0.008599	0.032028 0.007379	0.007041 0.008432	0.002551 0.006518	0.000596 0.002981	0.001268 0.005518	0.000000 0.000000	0.000528 0.004184	0.001739 0.007149	
2 64 10 0.970000	0.021917 0.005113	0.999515 0.000224	0.168515 0.008209	0.027749 0.007028	0.004320 0.005708	0.001378 0.003480	0.000916 0.004093	0.000328 0.001602	0.001149 0.002168	0.000582 0.002910	0.000634 0.001847	
2 64 10 0.980000	0.018924 0.005439	0.999639 0.000209	0.169021 0.009836	0.029781 0.007201	0.004764 0.006992	0.001532 0.003337	0.000000 0.000000	0.000540 0.002184	0.000996 0.004365	0.000839 0.002303	0.000827 0.002394	
2 64 10 0.990000	0.020775 0.009074	0.999557 0.000345	0.161264 0.008113	0.027668 0.008950	0.002489 0.006527	0.000711 0.003504	0.000372 0.001042	0.002112 0.003932	0.001554 0.005924	0.001980 0.007513	0.000021 0.000107	
2 64 10 1.000000	0.019435 0.004974	0.999619 0.000198	0.156397 0.009744	0.027478 0.008295	0.004823 0.005624	0.001648 0.004760	0.000398 0.001210	0.000077 0.000383	0.001862 0.005006	0.000452 0.002259	0.001880 0.004590	
2 64 10 1.010000	0.018970 0.007448	0.999631 0.000286	0.157038 0.007741	0.027372 0.009957	0.004882 0.004283	0.001060 0.003549	0.000649 0.001599	0.001762 0.004452	0.001324 0.006618	0.001574 0.006049	0.000439 0.001936	
2 64 10 1.020000	0.020389 0.009061	0.999572 0.000373	0.157778 0.005074	0.026255 0.006592	0.003284 0.004392	0.001549 0.003882	0.001286 0.006428	0.001089 0.004016	0.000000 0.000000	0.001470 0.004804	0.002674 0.007104	
2 64 10 1.030000	0.019836 0.004220	0.999604 0.000167	0.148704 0.009570	0.026826 0.006734	0.004987 0.006575	0.000209 0.001043	0.000060 0.000300	0.002039 0.005800	0.000798 0.002710	0.001934 0.004046	0.000000 0.000000	
2 64 10 1.040000	0.019052 0.004383	0.999635 0.000167	0.153403 0.009826	0.023496 0.007142	0.004130 0.009096	0.000937 0.003468	0.000029 0.000145	0.000720 0.003148	0.000647 0.003234	0.000606 0.001665	0.000845 0.002564	
2 64 10 1.050000	0.018521 0.009347	0.999647 0.000343	0.151472 0.009905	0.023495 0.004391	0.004485 0.007113	0.001619 0.003057	0.000198 0.000991	0.000284 0.001844	0.000610 0.002126	0.001324 0.002956	0.000409 0.001427	
2 64 10 1.060000	0.019997 0.008213	0.999591 0.000320	0.149111 0.005851	0.024152 0.006926	0.003568 0.008683	0.002138 0.008661	0.001499 0.004348	0.002339 0.005448	0.000380 0.001902	0.000283 0.001416	0.000000 0.000000	
2 64 10 1.070000	0.019609 0.009221	0.999605 0.000364	0.147346 0.009187	0.022005 0.009443	0.006068 0.009216	0.001156 0.003426	0.002291 0.005720	0.001398 0.006438	0.000378 0.001531	0.000560 0.002895	0.000203 0.004501	
2 64 10 1.080000	0.016764 0.008885	0.999709 0.000273	0.143434 0.009604	0.020569 0.005728	0.002700 0.005071	0.001146 0.002154	0.000143 0.000715	0.000696 0.003364	0.000516 0.002579	0.000461 0.002303	0.001578 0.003499	
2 64 10 1.090000	0.018475 0.007903	0.999652 0.000294	0.142893 0.003694	0.017374 0.005272	0.002843 0.008764	0.000221 0.001210	0.001103 0.005793	0.002496 0.006021	0.001537 0.007187	0.000414 0.002070	0.002290 0.006007	
2 64 10 1.100000	0.018684 0.005659	0.999646 0.000211	0.138054 0.009666	0.020176 0.008982	0.002318 0.004338	0.000709 0.002524	0.000474 0.002368	0.000000 0.000000	0.001509 0.003733	0.000637 0.002245	0.000277 0.001164	
2 64 10 1.110000	0.016977 0.004778	0.999709 0.000158	0.133870 0.009370	0.017514 0.003159	0.004624 0.005811	0.000441 0.002203	0.000406 0.002030	0.001403 0.004005	0.000788 0.001946	0.001230 0.004381	0.000000 0.000000	
2 64 10 1.120000	0.017476 0.009342	0.999677 0.000335	0.130300 0.009389	0.016744 0.007445	0.003179 0.008686	0.000566 0.002828	0.001432 0.002726	0.000652 0.003870	0.001155 0.005773	0.001836 0.006451	0.001037 0.005184	
2 64 10 1.130000	0.016941 0.009340	0.999698 0.000327	0.128921 0.009648	0.016825 0.009628	0.001735 0.003715	0.001522 0.006579	0.002356 0.007922	0.000856 0.004280	0.002237 0.006864	0.001393 0.005778	0.001814 0.007357	
2 64 10 1.140000	0.018435 0.004577	0.999657 0.000175	0.126148 0.008289	0.017141 0.007762	0.002175 0.007602	0.000709 0.001569	0.000000 0.000000	0.000611 0.002279	0.000000 0.000000	0.000499 0.002494	0.000892 0.003126	
2 64 10 1.150000	0.018970 0.008612	0.999626 0.000335	0.131317 0.007513	0.017499 0.004068	0.001640 0.004766	0.001472 0.002863	0.002203 0.005955	0.001425 0.003894	0.000788 0.003942	0.000366 0.001832	0.000106 0.000568	
2 64 10 1.160000	0.020426 0.003078	0.999581 0.000127	0.125384 0.008727	0.016260 0.007526	0.002550 0.004001	0.000216 0.002407	0.000592 0.001192	0.000338 0.001312	0.000694 0.001963	0.000000 0.000000	0.000396 0.001154	
2 64 10 1.170000	0.015661 0.009931	0.999738 0.000298	0.119627 0.007598	0.018201 0.007167	0.002931 0.007879	0.001278 0.005330	0.001724 0.005935	0.001258 0.006288	0.002975 0.005668	0.001671 0.004456	0.000389 0.001269	
2 64 10 1.180000	0.018054 0.005880	0.999669 0.000211	0.125632 0.007675	0.012891 0.004653	0.002546 0.004506	0.000902 0.004508	0.001181 0.002465	0.000088 0.000441	0.000903 0.002660	0.001025 0.003886	0.000557 0.002787	
2 64 10 1.190000	0.018865 0.007366	0.999639 0.000281	0.125361 0.007429	0.014805 0.009520	0.001716 0.003803	0.000409 0.002047	0.000000 0.000000	0.003782 0.006893	0.000779 0.003895	0.000096 0.000479	0.000000 0.000000	
2 64 10 1.200000	0.018212 0.007444	0.999661 0.000264	0.121226 0.009273	0.014465 0.005903	-0.000081 0.000407	0.000931 0.002179	0.001782 0.007037	0.001897 0.006238	0.001658 0.003237	0.000979 0.004896	0.001351 0.003470	
2 64 10 1.210000	0.017385 0.009832	0.999685 0.000331	0.119248 0.009703	0.013638 0.002672	0.001523 0.005400	0.002707 0.006128	0.000336 0.001678	0.000391 0.001268	0.000390 0.001368	0.001190 0.002479	0.001724 0.004646	
2 64 10 1.220000	0.019586 0.009058	0.999601 0.000348	0.118037 0.008431	0.013567 0.006967	0.001495 0.004359	0.000999 0.003428	0.000502 0.001992	0.001180 0.004181	0.001151 0.005603	0.001064 0.003035	0.000785 0.003925	
2 64 10 1.230000	0.017205 0.006567	0.999698 0.000234	0.119876 0.005056	0.015276 0.008741	0.004096 0.006406	0.000530 0.003150	0.001438 0.004594	0.000382 0.001704	0.000913 0.002382	0.001281 0.004779	0.001069 0.004340	
2 64 10 1.240000	0.018672 0.003805	0.999649 0.000142	0.115793 0.005832	0.012918 0.009724	0.003321 0.005401	0.001165 0.002972	0.000314 0.001571	0.001117 0.002497	0.000469 0.002274	0.000224 0.001121	0.000874 0.001650	
2 64 10 1.250000	0.018917 0.007581	0.999635 0.000300	0.111070 0.009974	0.012229 0.005903	0.000469 0.001764	-0.000028 0.000138	0.001767 0.007827	0.000319 0.001596	0.000250 0.001249	0.000000 0.000000	0.001041 0.004867	
2 64 10 1.260000	0.020777 0.008997	0.999558 0.000379	0.109076 0.009398	0.012489 0.005697	0.002223 0.005255	0.001696 0.004726	0.000102 0.000359	0.000948 0.003540	0.000370 0.001848	0.000000 0.000000	0.001562 0.004937	
2 64 10 1.270000	0.019352 0.004157	0.999623 0.000164	0.109007 0.008703	0.012978 0.006068	0.001295 0.003267	0.000000 0.000000	0.001305 0.004371	0.001841 0.004741	0.000358 0.001790	0.001196 0.004273	0.000438 0.002189	
2 64 10 1.280000	0.018048 0.002970	0.999673 0.000107	0.111070 0.009528	0.012673 0.002015	0.001789 0.005188	0.001325 0.004731	0.000994 0.002496	0.000973 0.003768	0.001259 0.003486	0.000650 0.001845	0.000000 0.000000	
2 64 10 1.290000	0.018058 0.003529	0.999672 0.000126	0.107776 0.006652	0.013698 0.003171	0.003754 0.006843	-0.000012 0.000059	0.000000 0.000000	0.000432 0.002266	0.000000 0.000000	0.000508 0.002291	0.000368 0.001838	
2 64 10 1.300000	0.017911 0.006151	0.999675 0.000222	0.105808 0.007895	0.011435 0.005673	0.003124 0.007583	0.000000 0.000000	0.001423 0.003824	0.000000 0.000000	0.000555 0.001480	0.000000 0.000000	0.000663 0.002703	
2 64 10 1.310000	0.017621 0.004834	0.999687 0.000179	0.105138 0.009814	0.011828 0.005040	0.000774 0.002036	0.002031 0.003519	0.000727 0.003636	0.000901 0.002988	0.001425 0.004142	0.001395 0.003761	0.001496 0.005104	
2 64 10 1.320000	0.017453 0.006794	0.999689 0.000230	0.111355 0.008744	0.011062 0.009232	0.003349 0.004166	0.001227 0.004323	0.000770 0.005461	0.002095 0.005706	0.001073 0.003101	0.002129 0.005873	0.004754 0.009810	
2 64 10 1.330000	0.017786 0.006585	0.999678 0.000254	0.105209 0.009979	0.010443 0.007322	0.001205 0.002176	0.000845 0.002846	0.000075 0.000365	0.000392 0.001961	0.000054 0.000268	0.001291 0.003632	0.000835 0.002776	
2 64 10 1.340000	0.017901 0.003243	0.999678 0.000114	0.100737 0.009704	0.010754 0.006809	0.001027 0.002850	0.001110 0.005325	0.000566 0.002829	0.000511 0.001999	0.001569 0.004194	0.001931 0.004503	0.002670 0.005233	
2 64 10 1.350000	0.018208 0.005229	0.999664 0.000190	0.102590 0.008666	0.008672 0.006111	0.001883 0.002255	0.002247 0.005839	0.000111 0.000994	0.000225 0.001302	0.001339 0.006116	0.000267 0.001337	0.000709 0.003023	
2 64 10 1.360000	0.016693 0.006816	0.999715 0.000219	0.103060 0.008037	0.011635 0.009360	0.001648 0.006082	0.001161 0.004779	0.001716 0.005851	-0.000705 0.003076	0.000192 0.006202	0.001952 0.009761	0.000435 0.002173	
2 64 10 1.370000	0.020411 0.009929	0.999572 0.000404	0.101970 0.007501	0.009081 0.003639	0.000717 0.003896	0.000000 0.000000	0.002520 0.006569	0.002863 0.006310	0.000685 0.003427	0.001478 0.007390	0.000913 0.002099	
2 64 10 1.380000	0.017837 0.004826	0.999679 0.000173	0.100828 0.008633	0.008543 0.009267	0.001784 0.004351	0.000800 0.003269	0.000230 0.001148	0.000337 0.001685	0.000959 0.002786	0.000653 0.002103	0.000000 0.000000	
2 64 10 1.390000	0.017753 0.007408	0.999678 0.000277	0.097133 0.007851	0.009604 0.008692	0.003147 0.005781	0.001438 0.003756	0.001126 0.003733	0.000000 0.000000	0.001281 0.003940	0.001235 0.004440	0.000981 0.002518	
2 64 10 1.400000	0.018371 0.005129	0.999660 0.000190	0.099951 0.007224	0.009451 0.006161	0.001322 0.006277	0.001434 0.003839	0.003225 0.007972	0.001365 0.004234	0.000000 0.000000	0.001028 0.002768	0.001571 0.005064	
2 64 10 1.410000	0.016695 0.004471	0.999718 0.000151	0.094287 0.008395	0.007819 0.008261	0.002374 0.006405	0.001317 0.004185	0.000973 0.005205	0.000000 0.000000	0.002148 0.006496	0.000377 0.001890	0.002660 0.006299	
2 64 10 1.420000	0.015248 0.008429	0.999759 0.000260	0.092023 0.007495	0.009063 0.007842	0.000939 0.003578	0.000000 0.000000	0.003083 0.008013	0.002197 0.008840	0.000229 0.001144	0.001174 0.003605	0.000811 0.004054	
2 64 10 1.430000	0.017269 0.008445	0.999691 0.000271	0.097071 0.008225	0.007614 0.006177	0.000000 0.000000	0.000350 0.001364	0.000662 0.003311	0.001838 0.003378	0.000685 0.002777	0.000686 0.002082	0.000597 0.002987	
2 64 10 1.440000	0.017061 0.005842	0.999703 0.000199	0.090311 0.008750	0.006956 0.007365	0.001809 0.005721	0.001188 0.003410	0.000421 0.001948	0.001087 0.004731	0.001190 0.003074	0.000316 0.000952	0.000318 0.000961	
2 64 10 1.450000	0.016579 0.006345	0.999720 0.000222	0.093537 0.002565	0.008128 0.009399	0.000766 0.003829	0.000000 0.000000	0.000459 0.002295	0.000240 0.001202	0.002626 0.006301	0.001794 0.008033	0.000000 0.000000	
2 64 10 1.460000	0.016835 0.005776	0.999712 0.000198	0.090642 0.008388	0.007593 0.008631	0.002251 0.005585	0.001105 0.003669	0.000489 0.002446	0.000928 0.001731	0.000463 0.002182	0.001298 0.005246	0.000000 0.000000	
2 64 10 1.470000	0.017409 0.007205	0.999688 0.000253	0.089974 0.009986	0.008053 0.005588	0.003151 0.006193	0.000963 0.003468	0.001224 0.003523	0.000218 0.001091	0.001437 0.003514	0.001294 0.006472	0.000051 0.001309	
2 64 10 1.480000	0.019058 0.006538	0.999631 0.000255	0.091675 0.007977	0.007902 0.007323	0.000000 0.000000	-0.000036 0.000181	0.000833 0.001977	0.001729 0.003522	0.001339 0.004098	0.002655 0.004915	0.001486 0.003016	
2 64 10 1.490000	0.016891 0.007959	0.999708 0.000277	0.086973 0.009851	0.007517 0.004794	0.000460 0.001737	0.000124 0.000622	0.001817 0.003806	0.001217 0.003828	0.000565 0.002826	0.000666 0.003597	0.000546 0.002031	
2 64 10 1.500000	0.015158 0.005058	0.999766 0.000155	0.088721 0.007084	0.007432 0.009526	0.000336 0.001461	0.001295 0.004816	0.002039 0.005834	0.001443 0.005077	0.000632 0.003158	0.000800 0.004001	0.001181 0.005914	
2 64 10 1.510000	0.016555 0.008835	0.999717 0.000289	0.087014 0.006112	0.007488 0.005029	0.000029 0.000145	0.000686 0.002327	0.000000 0.000000	0.002431 0.005739	0.000367 0.000812	0.001319 0.003412	0.000907 0.004533	
2 64 10 1.520000	0.017835 0.009846	0.999670 0.000327	0.085248 0.008182	0.006647 0.005732	0.002680 0.006213	0.001239 0.006197	0.000519 0.001345	0.002227 0.007446	0.000242 0.001209	0.000225 0.001126	0.000953 0.004468	
2 64 10 1.530000	0.018126 0.007410	0.999661 0.000260	0.084201 0.007241	0.008645 0.008935	0.001551 0.004271	0.000139 0.003123	0.000617 0.003086	0.000304 0.005464	-0.000008 0.000040	0.001395 0.006976	0.001105 0.002951	
2 64 10 1.540000	0.016058 0.009191	0.999726 0.000312	0.084430 0.008343	0.008170 0.009386	0.004029 0.007004	0.002110 0.006652	0.001932 0.005391	0.000628 0.001884	0.001820 0.005566	0.002265 0.006624	0.000327 0.004682	
2 64 10 1.550000	0.018811 0.006606	0.999641 0.000259	0.087427 0.005072	0.007718 0.009456	0.002833 0.008011	0.000368 0.001838	0.000327 0.001637	0.002308 0.009884	0.001590 0.005630	0.000325 0.001624	0.001588 0.005488	
2 64 10 1.560000	0.015980 0.007752	0.999733 0.000253	0.085161 0.009244	0.008058 0.009362	0.001501 0.004592	0.001292 0.004095	0.000080 0.000400	0.000912 0.003112	0.000478 0.001576	0.000631 0.001613	0.000607 0.003036	
2 64 10 1.570000	0.014257 0.007464	0.999790 0.000197	0.083911 0.008127	0.008184 0.006586	0.000178 0.001172	0.003034 0.008019	0.000761 0.003804	0.000743 0.003237	0.001458 0.003254	0.001043 0.003799	0.000980 0.004899	
2 64 10 1.580000	0.017875 0.005602	0.999677 0.000197	0.081205 0.008753	0.007463 0.002738	0.001120 0.003060	0.000820 0.004102	0.000269 0.002891	0.000461 0.002564	0.000872 0.003764	-0.000089 0.000444	0.000106 0.000770	
2 64 10 1.590000	0.017774 0.008448	0.999675 0.000330	0.080564 0.007866	0.006675 0.006755	0.000867 0.003048	0.000597 0.002797	0.001545 0.004329	0.000998 0.004992	0.000000 0.000000	0.000732 0.002831	0.000011 0.000053	
2 64 10 1.600000	0.020414 0.007045	0.999574 0.000284	0.081557 0.007725	0.004524 0.009762	0.001605 0.004438	0.000000 0.000000	0.000651 0.002223	0.001791 0.007551	0.000011 0.000055	0.000533 0.002666	0.001171 0.004166	
2 64 10 1.610000	0.018279 0.009311	0.999655 0.000366	0.082274 0.009560	0.004533 0.009689	0.000198 0.000989	0.001131 0.004902	0.000000 0.000000	0.002120 0.005330	0.000071 0.000357	0.002446 0.005929	0.000862 0.003549	
2 64 10 1.620000	0.015509 0.006841	0.999754 0.000216	0.080552 0.009148	0.005238 0.009002	0.000808 0.002156	0.000000 0.000000	0.000806 0.002402	0.000209 0.001046	0.001088 0.003513	0.000738 0.003427	0.000614 0.001853	
2 64 10 1.630000	0.019286 0.008674	0.999616 0.000308	0.081162 0.009785	0.005658 0.007166	0.002376 0.006672	0.002939 0.007333	0.000306 0.001037	0.000359 0.002418	0.001234 0.005178	0.002479 0.007766	0.001669 0.003639	
2 64 10 1.640000	0.016607 0.007376	0.999718 0.000242	0.075548 0.008545	0.004278 0.004626	0.001743 0.006705	0.002013 0.009904	0.001908 0.007800	0.001646 0.005115	0.001230 0.003348	0.002623 0.008955	0.001641 0.007182	
2 64 10 1.650000	0.016576 0.006725	0.999720 0.000223	0.080194 0.008170	0.007184 0.009757	0.001172 0.004731	0.001659 0.003984	0.002243 0.001386	0.000424 0.001563	0.000579 0.002897	0.000457 0.002047	0.000000 0.000000	
2 64 10 1.660000	0.014380 0.006457	0.999788 0.000202	0.075010 0.009747	0.007721 0.009969	0.001401 0.004487	0.001280 0.006307	0.002094 0.008054	0.001843 0.008211	0.002187 0.006163	-0.000141 0.001216	0.001992 0.005369	
2 64 10 1.670000	0.017130 0.008962	0.999698 0.000307	0.076246 0.007771	0.006026 0.009571	0.001531 0.007416	0.000631 0.001869	0.001758 0.006729	0.000281 0.001405	0.000029 0.000145	0.000000 0.000000	0.001459 0.004234	
2 64 10 1.680000	0.016542 0.003748	0.999724 0.000122	0.074422 0.009263	0.007530 0.004335	0.000152 0.000760	0.000432 0.001289	0.001558 0.007275	0.000986 0.003459	0.001744 0.005101	0.001040 0.003820	0.001223 0.004668	
2 64 10 1.690000	0.017870 0.008687	0.999670 0.000339	0.078636 0.007592	0.006011 0.008205	0.000502 0.001268	-0.000145 0.000725	0.000250 0.001251	0.002311 0.006477	0.002063 0.006436	0.001557 0.007523	0.000798 0.003988	
2 64 10 1.700000	0.016929 0.009709	0.999700 0.000333	0.075598 0.006820	0.006133 0.009097	0.001736 0.007714	0.000976 0.004663	0.000648 0.002576	0.002062 0.005722	0.000000 0.000000	0.001637 0.003803	0.000299 0.000868	
2 64 10 1.710000	0.015891 0.007822	0.999741 0.000257	0.074939 0.008065	0.005180 0.004422	0.000107 0.000533	0.000145 0.000726	0.000238 0.001190	-0.000027 0.000137	0.000749 0.003745	0.001418 0.004202	-0.000130 0.000651	
2 64 10 1.720000	0.016824 0.009070	0.999707 0.000314	0.072874 0.009662	0.003507 0.007145	0.000084 0.000421	0.002115 0.006050	-0.000126 0.000630	0.001251 0.006254	0.000053 0.000265	0.000597 0.001856	0.001110 0.004324	
2 64 10 1.730000	0.016642 0.008381	0.999714 0.000306	0.075784 0.008465	0.002547 0.005963	0.001040 0.003893	0.002475 0.006023	0.003054 0.008307	0.001162 0.003719	0.001778 0.004471	0.000790 0.003529	0.002776 0.006190	
2 64 10 1.740000	0.015728 0.004022	0.999751 0.000124	0.072791 0.009927	0.004816 0.006855	0.001206 0.003657	0.000326 0.001631	0.001744 0.006620	0.001410 0.005139	0.000071 0.000608	0.001274 0.002480	0.001668 0.003489	
2 64 10 1.750000	0.017899 0.006807	0.999674 0.000252	0.070370 0.006392	0.005105 0.008912	0.000386 0.001931	0.002591 0.007204	0.001536 0.007678	0.000580 0.002102	0.000764 0.002385	0.000796 0.001570	0.000554 0.001895	
2 64 10 1.760000	0.015350 0.002737	0.999763 0.000082	0.074083 0.008087	0.004244 0.009538	0.000370 0.001125	0.000798 0.003990	0.002762 0.008594	0.001813 0.007377	0.001345 0.004477	0.001231 0.003707	0.001605 0.007351	
2 64 10 1.770000	0.014228 0.007422	0.999789 0.000214	0.077106 0.005800	0.002219 0.005472	0.001993 0.005116	0.000794 0.003968	0.000212 0.001058	0.000000 0.000000	0.002109 0.005592	0.002319 0.006708	0.000471 0.002356	
2 64 10 1.780000	0.013570 0.004451	0.999813 0.000128	0.073734 0.008647	0.004445 0.007981	0.001386 0.003100	0.000864 0.003040	0.002945 0.006021	0.000437 0.001830	0.000840 0.001753	0.000566 0.003173	0.000663 0.002156	
2 64 10 1.790000	0.012967 0.007594	0.999825 0.000190	0.073751 0.009099	0.005046 0.008813	0.000779 0.003395	0.000648 0.004378	0.003400 0.009734	0.003404 0.008921	0.000268 0.001339	0.000000 0.000000	0.002798 0.007762	
2 64 10 1.800000	0.014753 0.009844	0.999768 0.000290	0.070916 0.006401	0.005807 0.008797	0.001639 0.007147	0.000211 0.000792	0.002812 0.006671	0.000945 0.002404	0.001352 0.004571	0.000740 0.003700	0.002545 0.005947	
2 64 10 1.810000	0.013626 0.005343	0.999811 0.000142	0.069166 0.008453	0.004765 0.009268	0.002106 0.003698	0.000000 0.000000	0.001836 0.005176	0.000221 0.000633	-0.000102 0.000509	0.001876 0.006066	0.001930 0.003703	
2 64 10 1.820000	0.016809 0.006332	0.999713 0.000217	0.068291 0.007550	0.004661 0.008168	0.001787 0.004250	0.000956 0.003848	0.000000 0.000000	0.001173 0.004399	0.001697 0.007310	0.000518 0.001070	0.001980 0.006854	
2 64 10 1.830000	0.018166 0.008310	0.999660 0.000312	0.077016 0.009068	0.007450 0.009870	0.000273 0.001364	0.003805 0.007601	0.000193 0.000967	0.000745 0.003724	0.002240 0.007191	0.000649 0.003243	0.000165 0.000823	
2 64 10 1.840000	0.015673 0.002993	0.999753 0.000094	0.065150 0.008286	0.003475 0.008131	0.002322 0.005576	0.002651 0.007365	0.000000 0.000000	0.000000 0.000000	0.000785 0.002688	0.001074 0.004453	0.001765 0.002929	
2 64 10 1.850000	0.014946 0.006116	0.999771 0.000172	0.067882 0.009872	0.003922 0.006700	0.001272 0.003726	0.001002 0.002400	0.001899 0.004759	0.000000 0.000000	0.000727 0.003633	0.002384 0.006864	0.000285 0.001264	
2 64 10 1.860000	0.017393 0.005246	0.999692 0.000177	0.066470 0.007398	0.003616 0.009996	0.000538 0.002688	0.000753 0.002006	0.001974 0.007955	0.001075 0.005376	0.000029 0.000144	0.001720 0.005292	0.000973 0.002700	
2 64 10 1.870000	0.014984 0.004915	0.999772 0.000154	0.065880 0.009802	0.005537 0.004306	0.001432 0.004368	0.000171 0.000857	0.000218 0.001090	0.001411 0.004387	0.000671 0.001542	0.000247 0.000664	0.000898 0.004382	
2 64 10 1.880000	0.015450 0.007121	0.999756 0.000207	0.065570 0.006649	0.005822 0.006406	0.000422 0.002109	0.001879 0.009447	0.000403 0.002017	0.001038 0.003293	0.000619 0.002563	0.000193 0.000722	0.000466 0.001895	
2 64 10 1.890000	0.017714 0.005792	0.999682 0.000211	0.065349 0.008202	0.003001 0.006068	0.000658 0.002715	0.002355 0.004914	0.000000 0.000000	0.002193 0.005936	0.002237 0.006845	0.000983 0.004917	0.000200 0.001000	
2 64 10 1.900000	0.016478 0.009323	0.999720 0.000301	0.071686 0.009342	0.006215 0.001486	0.001482 0.007409	0.001303 0.004353	0.002583 0.009900	0.001215 0.003789	0.002323 0.007168	0.000363 0.001813	0.000928 0.001882	
2 64 10 1.910000	0.012797 0.003137	0.999835 0.000081	0.066124 0.007068	0.004982 0.005375	0.002871 0.005326	0.000910 0.003585	0.001078 0.005391	0.000585 0.002927	0.001436 0.004597	0.001990 0.003521	0.002138 0.004360	
2 64 10 1.920000	0.017303 0.004260	0.999697 0.000148	0.062893 0.009936	0.003725 0.007223	0.001233 0.004212	0.001020 0.004108	0.001075 0.003300	0.001040 0.003145	0.000470 0.002352	0.000414 0.001953	0.001511 0.004240	
2 64 10 1.930000	0.014713 0.008368	0.999776 0.000249	0.061647 0.003442	0.002884 0.007955	0.001626 0.003078	0.001778 0.004623	0.001068 0.002736	0.000000 0.000000	0.002708 0.009763	0.001085 0.003757	0.003047 0.009806	
2 64 10 1.940000	0.017250 0.005820	0.999698 0.000202	0.065832 0.009695	0.003076 0.004750	0.000873 0.004164	0.000469 0.002345	0.000405 0.002025	0.000971 0.003198	0.001059 0.004731	0.000333 0.001665	0.000229 0.001144	
2 64 10 1.950000	0.016325 0.006882	0.999726 0.000229	0.060911 0.009207	0.006687 0.007583	0.001081 0.002494	0.000469 0.002347	0.001087 0.004302	0.000126 0.000628	0.001073 0.003304	0.000863 0.004976	0.001407 0.006521	
2 64 10 1.960000	0.014641 0.009747	0.999774 0.000300	0.060987 0.008873	0.004557 0.009681	0.003631 0.007181	0.000270 0.001348	0.000229 0.000811	0.001288 0.004609	0.005153 0.009205	0.000819 0.005210	0.000311 0.001556	
2 64 10 1.970000	0.013773 0.004531	0.999807 0.000123	0.063585 0.009727	0.000984 0.004918	0.001598 0.007468	0.001108 0.005539	0.002028 0.009377	0.000827 0.003065	0.002530 0.004762	0.000774 0.002627	0.001434 0.007169	
2 64 10 1.980000	0.016779 0.006057	0.999714 0.000215	0.063186 0.009703	0.004048 0.008525	0.000501 0.002993	0.001001 0.005004	0.001638 0.004955	0.000000 0.000000	0.002614 0.005528	0.002838 0.004819	0.000603 0.001923	
2 64 10 1.990000	0.016214 0.008757	0.999725 0.000276	0.063586 0.007015	0.002344 0.006215	0.001469 0.006428	0.001754 0.004322	0.001418 0.006092	0.000984 0.003260	0.001537 0.003093	0.000822 0.004110	0.000932 0.004658	
2 64 10 2.000000	0.015707 0.003440	0.999752 0.000104	0.062000 0.008654	0.003045 0.004820	0.000738 0.002235	0.000290 0.001452	0.001030 0.005149	0.000962 0.002999	0.001016 0.004081	0.001638 0.006931	0.000544 0.001682	
2 64 10 2.010000	0.013621 0.003040	0.999813 0.000081	0.060188 0.009711	0.003471 0.008753	0.000000 0.000000	0.001881 0.005180	0.002199 0.007338	0.000816 0.001447	0.006019 0.004769	0.000906 0.002783	0.002880 0.006487	
2 64 10 2.020000	0.019466 0.008990	0.999612 0.000372	0.057755 0.008959	0.002348 0.006310	0.001075 0.002952	0.000005 0.000023	0.001552 0.005132	0.001666 0.006608	-0.000021 0.000104	0.000247 0.001233	0.000000 0.000000	
2 64 10 2.030000	0.015420 0.008940	0.999752 0.000299	0.061058 0.006305	0.005400 0.006969	0.001070 0.003601	0.000146 0.000731	0.001103 0.005515	0.000925 0.002716	0.001562 0.003915	0.001195 0.003398	0.000544 0.001896	
2 64 10 2.040000	0.015898 0.005856	0.999743 0.000195	0.063753 0.008391	0.001951 0.004834	0.000351 0.001757	0.000659 0.003297	0.001833 0.003266	0.000776 0.002393	0.003885 0.008631	0.000275 0.001373	0.000694 0.001786	
2 64 10 2.050000	0.014207 0.006847	0.999793 0.000204	0.060765 0.008194	0.002831 0.008947	0.000797 0.002728	0.000834 0.002555	0.002238 0.007128	0.000542 0.002091	0.000072 0.003599	0.001603 0.005077	0.001238 0.003867	
2 64 10 2.060000	0.013906 0.002245	0.999806 0.000061	0.058624 0.009493	0.004220 0.006203	0.002300 0.004820	0.000333 0.000961	0.002088 0.005689	0.000754 0.003461	0.001403 0.004119	0.000000 0.000000	0.001226 0.003552	
2 64 10 2.070000	0.015451 0.009212	0.999753 0.000284	0.058983 0.009263	0.000961 0.005191	0.001113 0.003813	0.000749 0.006502	0.000321 0.002517	0.002094 0.008105	0.000971 0.003078	0.001375 0.005194	0.000947 0.002948	
2 64 10 2.080000	0.015876 0.009828	0.999734 0.000337	0.054179 0.006445	0.002519 0.008739	0.001622 0.008112	0.003291 0.009661	0.001105 0.003311	0.001403 0.007013	0.001696 0.004661	0.000406 0.001180	0.000591 0.002957	
2 64 10 2.090000	0.015876 0.002660	0.999747 0.000085	0.058022 0.009158	0.003661 0.007539	0.000661 0.002582	0.001134 0.005672	0.001492 0.002841	0.000577 0.002250	0.001400 0.004534	0.000047 0.000236	0.000138 0.000692	
2 64 10 2.100000	0.016287 0.006322	0.999729 0.000216	0.058637 0.007433	0.004206 0.008910	0.000266 0.001329	0.000815 0.004075	0.001201 0.004756	0.001787 0.006318	0.000633 0.001991	0.001852 0.006216	0.001418 0.005573	
2 64 10 2.110000	0.017068 0.009887	0.999697 0.000332	0.057728 0.008980	0.004692 0.009440	0.001642 0.009447	-0.000017 0.000084	0.000000 0.000000	0.000000 0.000000	0.003317 0.008117	0.001830 0.004934	0.002014 0.005360	
2 64 10 2.120000	0.012567 0.005995	0.999835 0.000146	0.059026 0.007407	0.004950 0.007254	0.002119 0.007836	0.000558 0.002447	0.003092 0.007789	0.001926 0.003967	0.000685 0.003425	0.000645 0.001992	0.002556 0.007693	
2 64 10 2.130000	0.016779 0.008273	0.999711 0.000289	0.057464 0.009608	0.005008 0.004079	0.000000 0.000000	0.000655 0.001651	0.001651 0.007137	0.001363 0.003589	0.000388 0.001942	0.000103 0.000517	0.000219 0.001093	
2 64 10 2.140000	0.015060 0.001774	0.999773 0.000054	0.056596 0.009082	0.001918 0.004478	0.001875 0.006345	0.000080 0.000398	0.000782 0.002757	0.000880 0.002174	0.000666 0.002441	0.001025 0.003818	0.000393 0.001606	
2 64 10 2.150000	0.012300 0.005941	0.999844 0.000142	0.055444 0.009732	0.005133 0.008803	0.000000 0.000000	0.001113 0.002002	0.001511 0.007500	0.001044 0.005221	0.000900 0.004499	0.001038 0.002286	0.002574 0.007165	
2 64 10 2.160000	0.013808 0.003659	0.999807 0.000101	0.056870 0.009447	0.004251 0.007161	0.001507 0.006006	0.001961 0.004196	0.001693 0.005160	0.000667 0.002087	0.000970 0.002589	0.000678 0.003390	0.000185 0.000927	
2 64 10 2.170000	0.014244 0.007454	0.999787 0.000215	0.060972 0.009183	0.001657 0.002114	0.002837 0.007839	0.000867 0.005405	0.002038 0.005348	0.000471 0.001666	0.001977 0.009885	0.000151 0.000623	0.001462 0.004268	
2 64 10 2.180000	0.016598 0.006419	0.999719 0.000214	0.050024 0.009356	0.000586 0.001545	0.000224 0.000702	0.000610 0.002148	0.001282 0.005328	0.000493 0.002465	0.002525 0.005056	0.000000 0.000000	0.000356 0.001781	
2 64 10 2.190000	0.014770 0.004017	0.999780 0.000125	0.056946 0.006994	0.004182 0.009840	0.001239 0.003184	0.001791 0.002844	0.001831 0.005928	0.001375 0.006873	0.000888 0.002470	0.000056 0.000280	0.000306 0.001531	
2 64 10 2.200000	0.015369 0.009721	0.999752 0.000320	0.059529 0.008568	0.000835 0.004174	0.000000 0.000000	0.001297 0.003420	0.006863 0.007258	0.001005 0.005594	0.001846 0.004657	0.000000 0.000000	0.000697 0.004866	
2 64 10 2.210000	0.015834 0.007067	0.999743 0.000228	0.053938 0.008737	0.003868 0.008469	0.000243 0.001213	0.002751 0.005947	-0.000036 0.000178	0.001659 0.006350	0.001287 0.003717	0.000905 0.002618	0.000577 0.004668	
2 64 10 2.220000	0.016289 0.006100	0.999730 0.000206	0.054824 0.009087	0.003710 0.006839	0.000281 0.000863	0.000528 0.002638	0.000430 0.001127	0.001224 0.003797	0.000000 0.000000	0.000590 0.001784	0.001086 0.004636	
2 64 10 2.230000	0.015577 0.008385	0.999746 0.000264	0.056024 0.007834	0.002186 0.006464	0.002469 0.007311	0.001652 0.006208	0.000128 0.000639	0.000235 0.000793	0.000881 0.004404	0.000000 0.000000	0.000614 0.002431	
2 64 10 2.240000	0.014897 0.005124	0.999775 0.000164	0.054668 0.008883	0.003391 0.007318	0.000000 0.000000	0.000000 0.000000	0.000882 0.002381	0.001021 0.002653	0.000546 0.001823	0.001062 0.004709	0.000941 0.004707	
2 64 10 2.250000	0.016426 0.005250	0.999725 0.000171	0.052828 0.007299	0.003204 0.002396	0.001246 0.004562	0.001163 0.003674	0.001137 0.004781	0.000888 0.004621	0.001789 0.005647	0.001668 0.008342	0.000183 0.000917	
2 64 10 2.260000	0.015189 0.008267	0.999761 0.000252	0.050492 0.009310	0.003985 0.006310	0.000876 0.003166	0.003886 0.009652	0.002567 0.006433	0.000940 0.004699	0.000825 0.002817	-0.000122 0.001571	0.000000 0.000000	
2 64 10 2.270000	0.014443 0.008105	0.999784 0.000222	0.053271 0.006651	0.005395 0.008236	0.003363 0.007580	0.000110 0.000549	0.000000 0.000000	0.002475 0.006725	0.002008 0.005722	0.000388 0.002682	0.000109 0.000543	
2 64 10 2.280000	0.017592 0.008230	0.999682 0.000270	0.050441 0.009380	0.003075 0.007071	0.002011 0.004329	0.000974 0.003536	0.000465 0.002326	0.001638 0.003933	0.001299 0.004842	0.001833 0.006644	0.001463 0.004849	
2 64 10 2.290000	0.017897 0.007648	0.999669 0.000277	0.048024 0.009256	0.001513 0.007565	0.002648 0.004461	0.001875 0.007112	-0.000270 0.001349	0.002885 0.009908	0.001903 0.004876	0.001682 0.005722	0.001590 0.006207	
2 64 10 2.300000	0.016177 0.008542	0.999731 0.000267	0.048052 0.004445	0.001101 0.006005	0.002294 0.007135	0.000000 0.000000	0.001051 0.002767	0.000096 0.000267	0.003131 0.007649	0.000706 0.003767	0.000748 0.003739	
2 64 10 2.310000	0.013779 0.006440	0.999805 0.000186	0.052097 0.007914	0.004160 0.007837	0.000000 0.000000	0.001974 0.004043	0.001192 0.004274	0.001665 0.003621	0.000479 0.002992	0.002027 0.005077	0.004462 0.008604	
2 64 10 2.320000	0.016935 0.007376	0.999706 0.000262	0.055595 0.006045	0.003071 0.006147	0.001666 0.008332	0.001189 0.003311	0.000000 0.000000	0.001669 0.008709	0.002747 0.009222	0.002107 0.004844	0.000952 0.004951	
2 64 10 2.330000	0.011700 0.005698	0.999858 0.000144	0.053414 0.006512	0.001772 0.009849	0.000930 0.004649	0.003048 0.009760	0.000901 0.004504	0.001684 0.008419	0.003085 0.006505	0.000912 0.004560	0.004341 0.007631	
2 64 10 2.340000	0.015399 0.004907	0.999759 0.000153	0.047092 0.008988	0.002164 0.005814	0.001371 0.005390	0.000000 0.000000	0.000000 0.000000	0.001774 0.005042	0.002631 0.006007	0.000696 0.003951	0.001662 0.003265	
2 64 10 2.350000	0.016992 0.008177	0.999702 0.000288	0.051730 0.009489	0.002548 0.007332	0.000373 0.001867	0.001430 0.004390	0.001505 0.007523	0.000707 0.004501	0.001486 0.007431	0.002580 0.005031	0.000839 0.003720	
2 64 10 2.360000	0.016044 0.009799	0.999730 0.000303	0.051230 0.008514	0.002665 0.004271	0.001055 0.002857	0.002607 0.009919	0.001495 0.007366	0.000312 0.001562	0.001396 0.006978	0.001731 0.005876	0.001604 0.004290	
2 64 10 2.370000	0.014458 0.008706	0.999781 0.000261	0.050010 0.007877	0.003244 0.005627	0.000240 0.001200	0.000934 0.004669	0.001378 0.006111	0.000088 0.000439	0.001964 0.004643	0.002706 0.006461	0.000186 0.002196	
2 64 10 2.380000	0.016799 0.008982	0.999706 0.000316	0.049904 0.008454	0.002500 0.006286	0.000283 0.001415	0.002100 0.003141	0.000216 0.002627	0.000688 0.002187	0.001883 0.003804	0.000995 0.004974	0.000429 0.000979	
2 64 10 2.390000	0.013868 0.003700	0.999806 0.000104	0.048161 0.009388	0.000000 0.000000	0.001121 0.007776	0.001224 0.005951	0.001380 0.006900	0.001178 0.004025	0.000980 0.004901	0.001101 0.005506	0.000709 0.003543	
2 64 10 2.400000	0.014852 0.008232	0.999771 0.000230	0.047016 0.009362	0.002686 0.003861	0.001334 0.006248	0.002580 0.007602	0.000000 0.000000	0.002129 0.006963	0.000000 0.000000	0.001791 0.007345	0.001587 0.004750	
2 64 10 2.410000	0.016115 0.009060	0.999730 0.000321	0.049772 0.007075	0.004140 0.009376	0.000644 0.003221	0.001114 0.002175	0.002189 0.005492	0.001378 0.003703	0.001623 0.006407	0.000709 0.002418	0.001068 0.003660	
2 64 10 2.420000	0.014804 0.009618	0.999770 0.000285	0.048348 0.008396	0.002014 0.005013	0.000848 0.002123	0.000019 0.000094	0.000000 0.000000	0.002300 0.007059	0.000136 0.000381	0.002238 0.005261	0.001046 0.003110	
2 64 10 2.430000	0.015877 0.007784	0.999739 0.000270	0.051311 0.008984	0.002117 0.004932	0.000299 0.001470	-0.000018 0.000091	0.000125 0.000625	0.000180 0.000902	0.000934 0.004488	0.001187 0.003303	0.000056 0.000279	
2 64 10 2.440000	0.013498 0.006683	0.999812 0.000190	0.049173 0.009641	0.003541 0.008639	0.000000 0.000000	0.003620 0.003779	0.000718 0.003842	0.001058 0.004445	0.000732 0.003659	0.000711 0.001324	0.000341 0.001707	
2 64 10 2.450000	0.015614 0.008031	0.999746 0.000244	0.048623 0.009871	0.002143 0.005264	0.002578 0.004186	-0.000282 0.001685	0.001432 0.007159	0.001026 0.004316	0.000625 0.003126	0.003157 0.006159	0.000781 0.003903	
2 64 10 2.460000	0.015811 0.007511	0.999744 0.000224	0.047837 0.008270	0.001458 0.004188	0.000582 0.001633	0.002405 0.005252	0.000839 0.005193	0.000303 0.001514	0.000623 0.001575	0.000238 0.001190	0.001098 0.005986	
2 64 10 2.470000	0.013000 0.003755	0.999829 0.000098	0.045468 0.009179	0.002201 0.005680	0.002606 0.008597	0.001847 0.006061	0.002781 0.006623	0.000431 0.002875	0.000656 0.002312	-0.000030 0.000148	0.001032 0.005161	
2 64 10 2.480000	0.014238 0.008660	0.999788 0.000263	0.046677 0.005648	0.002864 0.006465	0.002091 0.006443	0.001136 0.005680	0.000000 0.000000	0.000122 0.000609	0.001433 0.007164	0.000915 0.004574	0.000158 0.002941	
2 64 10 2.490000	0.013916 0.004884	0.999803 0.000130	0.042438 0.009953	0.002476 0.007108	0.000784 0.004697	0.000325 0.001625	0.000019 0.001428	0.003917 0.007609	0.000378 0.001889	0.001072 0.002783	0.001953 0.003885	
2 64 10 2.500000	0.016021 0.004511	0.999741 0.000143	0.047233 0.003191	0.003504 0.007467	0.000287 0.001240	0.000760 0.003800	0.001259 0.003906	0.001589 0.007447	0.000786 0.003818	0.000823 0.003659	0.000892 0.004312	
2 64 10 2.510000	0.016775 0.004369	0.999716 0.000150	0.046964 0.009595	0.002766 0.007785	0.003181 0.006879	0.001540 0.004721	0.002354 0.007593	0.002046 0.004648	0.000761 0.003647	0.000297 0.001484	0.001139 0.006079	
2 64 10 2.520000	0.015701 0.004768	0.999751 0.000148	0.044097 0.007570	0.002337 0.008161	0.000000 0.000000	0.000413 0.002066	0.001018 0.005457	0.002323 0.007187	0.002671 0.006964	0.004052 0.008853	0.001925 0.006567	
2 64 10 2.530000	0.013520 0.001855	0.999817 0.000051	0.042039 0.007994	0.004587 0.008090	0.002468 0.005826	0.001571 0.003307	0.000545 0.002724	0.000616 0.003079	0.001446 0.003499	0.003434 0.005422	0.001210 0.003584	
2 64 10 2.540000	0.017070 0.008058	0.999700 0.000298	0.042537 0.003472	0.004116 0.005948	0.002258 0.005963	0.001476 0.007380	0.000499 0.001530	0.003021 0.008349	0.001643 0.002439	0.001266 0.006328	0.002867 0.008845	
2 64 10 2.550000	0.016230 0.007388	0.999730 0.000229	0.045279 0.008973	0.002788 0.005037	0.000711 0.001923	0.000940 0.003405	0.001294 0.005285	0.001593 0.007239	0.000125 0.000627	0.000509 0.002544	0.002037 0.006045	
2 64 10 2.560000	0.014407 0.003123	0.999791 0.000089	0.043440 0.008452	0.001427 0.002617	0.000186 0.000928	0.001126 0.005628	0.001437 0.003141	0.001151 0.005502	0.000162 0.000809	0.000998 0.003052	0.000000 0.000000	
2 64 10 2.570000	0.014560 0.008519	0.999781 0.000256	0.044003 0.006014	0.002397 0.007405	0.001650 0.007211	0.000195 0.000976	0.000666 0.001850	0.000506 0.002160	0.001923 0.005550	0.000976 0.004879	0.000654 0.001662	
2 64 10 2.580000	0.014259 0.006884	0.999790 0.000176	0.043340 0.009984	0.002124 0.005913	0.000000 0.000000	0.000283 0.001413	0.000738 0.002924	0.000074 0.000370	0.002143 0.006522	0.000448 0.001897	0.001999 0.009993	
2 64 10 2.590000	0.016149 0.007385	0.999731 0.000247	0.050175 0.007839	0.004850 0.008627	0.000292 0.001462	0.002363 0.006053	0.000788 0.003942	0.000272 0.001359	0.003384 0.007995	0.000315 0.004693	0.000867 0.003379	
2 64 10 2.600000	0.018186 0.005014	0.999666 0.000181	0.042285 0.005351	0.001418 0.005921	0.003198 0.007193	0.000995 0.002934	0.001405 0.005500	0.001138 0.004867	0.000855 0.003564	0.000476 0.004283	0.000825 0.002635	
2 64 10 2.610000	0.014796 0.003249	0.999779 0.000098	0.044853 0.008973	0.001105 0.002424	0.000927 0.003943	0.000000 0.000000	0.001346 0.005066	0.001411 0.003352	0.000613 0.001903	0.000120 0.000601	0.000000 0.000000	
2 64 10 2.620000	0.015456 0.004174	0.999759 0.000132	0.042332 0.009108	0.002913 0.005616	0.000968 0.002673	0.001413 0.003173	0.000832 0.003512	0.000410 0.002052	0.000683 0.003417	0.000672 0.001725	0.000850 0.004249	
2 64 10 2.630000	0.014368 0.003182	0.999792 0.000091	0.040207 0.009956	0.001820 0.006350	0.001027 0.002849	0.001135 0.003798	0.000103 0.000513	0.000000 0.000000	0.000453 0.002267	0.001739 0.005673	0.000861 0.002552	
2 64 10 2.640000	0.017305 0.009961	0.999686 0.000339	0.045257 0.009710	0.002040 0.006011	0.001779 0.004358	0.001559 0.004436	0.001116 0.005582	0.000210 0.001092	0.000821 0.002553	0.000333 0.001664	0.002019 0.007747	
2 64 10 2.650000	0.017936 0.009700	0.999663 0.000331	0.043171 0.007524	0.001642 0.004066	0.002756 0.007362	0.002496 0.007924	0.000158 0.000788	0.002889 0.006257	0.001868 0.006088	0.000882 0.003843	0.000109 0.000546	
2 64 10 2.660000	0.016715 0.007811	0.999713 0.000263	0.041401 0.009999	0.001539 0.004139	0.004593 0.008606	0.000103 0.000515	0.001822 0.004139	0.001822 0.009112	0.001691 0.004135	0.000000 0.000000	0.001958 0.008539	
2 64 10 2.670000	0.016215 0.006215	0.999732 0.000199	0.041288 0.006127	0.003462 0.009834	0.000138 0.000690	0.001379 0.003865	0.002032 0.006711	0.002510 0.008327	0.003108 0.009038	0.002540 0.005468	0.002122 0.004834	
2 64 10 2.680000	0.015606 0.008038	0.999747 0.000264	0.040895 0.006324	0.001386 0.006928	0.002517 0.007059	0.001000 0.004999	0.001206 0.004767	0.000599 0.002994	0.000077 0.000385	0.002460 0.005773	0.001434 0.002916	
2 64 10 2.690000	0.013908 0.007010	0.999800 0.000179	0.040289 0.004117	0.001801 0.007492	0.000564 0.002821	0.003699 0.008034	0.001849 0.004673	0.000000 0.000000	0.001335 0.004583	0.001092 0.003039	0.000407 0.002036	
2 64 10 2.700000	0.015688 0.007784	0.999746 0.000243	0.041257 0.007039	0.003604 0.008871	0.002429 0.005376	0.000307 0.002017	0.001398 0.003779	0.002671 0.006351	0.000873 0.003968	0.001121 0.003148	0.001961 0.006356	
2 64 10 2.710000	0.014429 0.007627	0.999785 0.000215	0.040174 0.004748	0.000811 0.002703	0.000850 0.004252	0.001241 0.005792	0.000387 0.001934	0.003465 0.002392	0.002096 0.004339	0.001379 0.004901	0.002215 0.007302	
2 64 10 2.720000	0.014278 0.004017	0.999794 0.000119	0.038905 0.002811	0.002853 0.009096	0.000809 0.004044	0.005223 0.009266	0.001341 0.003457	0.002939 0.009238	0.000000 0.000000	0.002699 0.006951	0.002437 0.007952	
2 64 10 2.730000	0.015912 0.006930	0.999740 0.000200	0.042167 0.006853	0.002374 0.008784	0.000532 0.002658	0.002162 0.005315	0.000386 0.001932	0.000377 0.001886	0.001207 0.004658	0.000468 0.002338	0.002698 0.007169	
2 64 10 2.740000	0.016615 0.008728	0.999714 0.000270	0.040247 0.009395	0.001545 0.005162	0.000785 0.001965	0.000569 0.001623	0.002234 0.006432	0.000099 0.000495	0.001169 0.005845	0.000607 0.003931	0.000411 0.002056	
2 64 10 2.750000	0.014353 0.007083	0.999788 0.000211	0.042061 0.006820	0.002102 0.005316	0.001113 0.004479	0.002193 0.009785	0.000403 0.001630	0.000731 0.003655	0.000993 0.002992	0.000802 0.004011	0.000588 0.004193	
2 64 10 2.760000	0.015371 0.008443	0.999753 0.000264	0.043781 0.006930	0.001951 0.004845	0.002210 0.006551	0.001796 0.007230	0.003000 0.006141	0.000349 0.004554	0.002053 0.007772	0.002055 0.009791	0.000176 0.006606	
2 64 10 2.770000	0.015169 0.006043	0.999764 0.000185	0.041542 0.009650	0.002121 0.008071	0.000216 0.003554	0.003027 0.007765	0.001479 0.004153	0.000000 0.000000	0.001011 0.004345	0.003152 0.005572	0.000180 0.002870	
2 64 10 2.780000	0.014506 0.005446	0.999785 0.000156	0.042872 0.008327	0.000307 0.001537	0.003879 0.007885	-0.000013 0.000063	0.002883 0.009465	0.000000 0.000000	0.001746 0.006167	0.000047 0.000233	0.000051 0.004127	
2 64 10 2.790000	0.015574 0.005842	0.999753 0.000195	0.039179 0.009349	0.002159 0.006291	0.000787 0.002714	-0.000066 0.000330	0.001224 0.003591	0.002598 0.007320	0.000392 0.002545	0.000000 0.000000	0.001562 0.003976	
2 64 10 2.800000	0.015357 0.006134	0.999760 0.000195	0.042093 0.009908	0.004899 0.008601	0.002749 0.006882	0.000878 0.004392	0.001354 0.006771	0.000533 0.004077	0.001316 0.005515	0.004324 0.001567	0.003086 0.009381	
2 64 10 2.810000	0.013911 0.007401	0.999799 0.000218	0.043947 0.009549	0.001499 0.003521	0.002467 0.004151	0.002957 0.005326	0.000283 0.001105	0.002250 0.007022	0.002634 0.007149	0.000167 0.000837	0.000000 0.000000	
2 64 10 2.820000	0.015980 0.009580	0.999734 0.000328	0.042270 0.008091	0.003190 0.009825	0.002765 0.008208	-0.000073 0.000363	0.000226 0.001131	0.000952 0.004447	0.000000 0.000000	0.000423 0.001080	0.000473 0.002366	
2 64 10 2.830000	0.016463 0.009480	0.999718 0.000331	0.045173 0.009426	0.001720 0.005155	0.001031 0.007114	0.000933 0.004665	0.001060 0.003269	0.002824 0.005887	0.000952 0.005315	0.002316 0.009658	0.001590 0.005990	
2 64 10 2.840000	0.014615 0.005797	0.999781 0.000188	0.042374 0.008618	0.001769 0.003011	0.000889 0.004444	0.001752 0.007243	0.001474 0.005048	0.000423 0.002116	0.001538 0.003151	0.002203 0.007741	0.000502 0.000891	
2 64 10 2.850000	0.013593 0.001976	0.999815 0.000053	0.037806 0.008512	0.002406 0.006759	0.000928 0.003651	0.000018 0.000091	0.001216 0.003146	0.000311 0.001553	0.002479 0.005917	0.001979 0.004667	0.001000 0.003816	
2 64 10 2.860000	0.016739 0.004891	0.999717 0.000164	0.037939 0.004053	0.002193 0.004494	0.001283 0.004838	0.002260 0.005123	0.000923 0.004626	0.003137 0.007686	0.004704 0.004609	0.001474 0.005518	0.003730 0.008718	
2 64 10 2.870000	0.014179 0.007185	0.999793 0.000213	0.039642 0.007431	0.002295 0.005443	0.001045 0.004269	0.001203 0.003891	0.001224 0.004639	0.002554 0.005121	0.000000 0.000000	0.001437 0.007187	0.002453 0.004573	
2 64 10 2.880000	0.013792 0.006962	0.999804 0.000193	0.036001 0.006638	0.000754 0.004537	0.001706 0.003813	0.001000 0.003505	0.002603 0.009699	0.000985 0.004128	0.001641 0.004305	0.000904 0.003029	0.002475 0.007723	
2 64 10 2.890000	0.014605 0.005342	0.999781 0.000161	0.038152 0.008803	0.001345 0.003629	0.003002 0.007624	0.000612 0.003060	0.001726 0.005399	0.001629 0.004010	0.000980 0.003918	0.002288 0.004296	0.001406 0.005102	
2 64 10 2.900000	0.017958 0.009225	0.999668 0.000343	0.039515 0.007231	0.002523 0.006790	0.001801 0.007272	0.001140 0.003171	0.001870 0.005171	0.001397 0.003511	0.001811 0.005959	0.002144 0.005795	0.000282 0.001653	
2 64 10 2.910000	0.014545 0.007650	0.999781 0.000202	0.041537 0.007501	0.001608 0.004545	0.001049 0.005245	0.000000 0.000000	0.001868 0.007622	0.001495 0.005900	0.000443 0.002111	0.000147 0.000737	0.000854 0.002930	
2 64 10 2.920000	0.016199 0.008613	0.999726 0.000286	0.038666 0.007304	0.002290 0.007064	0.002243 0.004664	0.000484 0.001240	0.001611 0.004118	0.000273 0.000898	0.000443 0.002284	0.001530 0.003396	0.000000 0.000000	
2 64 10 2.930000	0.014984 0.006275	0.999768 0.000184	0.038787 0.009646	0.002551 0.005703	0.001602 0.004589	0.000233 0.001163	0.001700 0.004498	-0.000088 0.000442	0.000672 0.001938	0.002948 0.007140	-0.000101 0.000503	
2 64 10 2.940000	0.013255 0.008446	0.999816 0.000207	0.037556 0.008189	0.000723 0.003617	0.000498 0.001406	0.000277 0.000875	-0.000114 0.000569	0.000000 0.000000	0.003018 0.005940	0.002209 0.007002	0.000237 0.001185	
2 64 10 2.950000	0.015371 0.009647	0.999753 0.000325	0.037228 0.003167	0.000372 0.001257	0.002267 0.006504	0.003390 0.006649	0.000654 0.002352	0.002752 0.005377	0.000571 0.001649	0.000855 0.003367	0.000788 0.003353	
2 64 10 2.960000	0.014806 0.002498	0.999780 0.000074	0.037011 0.008700	-0.000129 0.000644	0.002297 0.005697	0.000982 0.002328	0.003301 0.008167	0.000069 0.000628	0.001248 0.004813	0.000000 0.000000	0.002646 0.005145	
2 64 10 2.970000	0.016167 0.008131	0.999730 0.000260	0.039211 0.003463	0.002794 0.006318	0.002167 0.008405	0.001774 0.005321	0.000423 0.001654	0.003267 0.007939	0.000000 0.000000	0.001132 0.003506	0.000092 0.001730	
2 64 10 2.980000	0.015812 0.004505	0.999748 0.000142	0.037816 0.009380	0.002621 0.008536	0.001650 0.006172	0.000506 0.002467	0.000357 0.001783	0.000503 0.002517	0.001289 0.004261	0.000839 0.003962	0.000353 0.002230	
2 64 10 2.990000	0.013968 0.006393	0.999800 0.000174	0.036763 0.006877	0.003572 0.007035	0.003238 0.007129	0.000432 0.002445	0.001441 0.006281	0.000795 0.002977	0.002242 0.004716	0.000000 0.000000	0.001074 0.005368	
2 64 10 3.000000	0.014325 0.005663	0.999791 0.000165	0.036192 0.005162	0.000705 0.002222	0.000982 0.003109	0.000000 0.000000	0.003804 0.006998	0.000116 0.000940	0.001523 0.003972	0.002768 0.008766	0.000650 0.003250	
2 64 10 3.010000	0.015824 0.008365	0.999740 0.000256	0.040768 0.008225	0.002701 0.005484	0.000920 0.004598	0.001353 0.003509	0.001957 0.009785	0.001142 0.005711	0.001754 0.007872	0.000230 0.001148	0.000881 0.003395	
2 64 10 3.020000	0.016268 0.005833	0.999731 0.000178	0.035271 0.008956	0.000410 0.002049	0.001231 0.005548	0.001194 0.002928	0.000752 0.002383	0.000160 0.000799	0.000676 0.002634	0.000326 0.001629	0.000792 0.003961	
2 64 10 3.030000	0.013941 0.008592	0.999796 0.000230	0.036634 0.009885	0.001163 0.003391	0.004498 0.008553	0.002138 0.007139	0.002306 0.004974	0.000000 0.000000	0.001374 0.004115	0.002319 0.009420	0.001701 0.005864	
2 64 10 3.040000	0.017401 0.008360	0.999689 0.000307	0.037484 0.008444	0.002280 0.005633	0.001521 0.004193	0.001459 0.008183	0.000947 0.002489	0.000449 0.002244	0.001523 0.003989	0.000413 0.001507	0.001695 0.004285	
2 64 10 3.050000	0.013209 0.009015	0.999816 0.000248	0.034316 0.006871	0.000356 0.003022	0.000920 0.003019	0.001327 0.003343	0.003157 0.008535	0.001763 0.002722	0.000000 0.000000	0.001878 0.006666	0.001964 0.004057	
2 64 10 3.060000	0.012115 0.006893	0.999846 0.000178	0.037427 0.009682	0.002179 0.008166	0.001926 0.004406	0.001271 0.006356	0.001492 0.004985	0.000000 0.000000	0.001461 0.003628	0.000825 0.004123	0.000812 0.004061	
2 64 10 3.070000	0.017383 0.009949	0.999687 0.000362	0.036558 0.009455	0.000000 0.000000	0.001065 0.003785	0.001004 0.005020	0.002384 0.009131	0.001292 0.003800	0.001962 0.005236	0.000993 0.003575	0.001511 0.006686	
2 64 10 3.080000	0.018119 0.007134	0.999666 0.000263	0.037166 0.009985	0.000471 0.001654	0.000000 0.000000	0.001932 0.007103	0.000000 0.000000	0.001992 0.005557	-0.000118 0.000591	0.001329 0.003925	0.000983 0.003948	
2 64 10 3.090000	0.014007 0.008106	0.999795 0.000245	0.035212 0.009243	0.003675 0.009805	0.000000 0.000000	0.001416 0.004507	0.002195 0.007936	0.000931 0.002710	0.000000 0.000000	0.001338 0.004599	0.002347 0.006709	
2 64 10 3.100000	0.014306 0.008414	0.999785 0.000254	0.029341 0.009778	0.002099 0.005025	-0.000199 0.000995	0.000000 0.000000	0.000754 0.007254	0.000303 0.002263	0.000928 0.002525	0.001618 0.005905	0.002699 0.008400	
2 64 10 3.110000	0.014083 0.008013	0.999793 0.000235	0.035812 0.008776	0.000516 0.003337	0.001160 0.003107	0.000134 0.000670	0.000573 0.002867	0.000079 0.000393	0.005153 0.005699	0.000863 0.003465	0.001501 0.003389	
2 64 10 3.120000	0.013433 0.005601	0.999814 0.000150	0.036773 0.009338	0.003205 0.004631	0.000779 0.003894	0.000785 0.003925	0.001993 0.004923	0.000800 0.003028	0.001109 0.003885	0.001017 0.004638	0.001125 0.002928	
2 64 10 3.130000	0.016645 0.009873	0.999711 0.000358	0.034934 0.007933	0.003359 0.008226	0.001523 0.005278	0.000473 0.002341	0.000270 0.001352	0.000373 0.001863	0.003785 0.005983	0.001916 0.007249	0.002916 0.008974	
2 64 10 3.140000	0.014851 0.003180	0.999778 0.000095	0.036471 0.009285	0.003556 0.005971	0.003885 0.008156	0.001772 0.004273	0.000629 0.001628	0.001533 0.006251	0.000012 0.000061	0.000732 0.003658	0.001263 0.006620	
2 64 10 3.150000	0.015222 0.009076	0.999758 0.000305	0.038980 0.008733	0.001915 0.008031	0.000540 0.004316	0.001824 0.004111	0.002059 0.008405	0.000273 0.001366	0.003484 0.009193	0.002957 0.006405	0.000549 0.004493	
2 64 10 3.160000	0.015830 0.002441	0.999749 0.000078	0.034707 0.009227	0.000567 0.002653	0.002481 0.006175	0.000639 0.003537	0.000894 0.003130	0.001791 0.004415	0.000380 0.001899	0.002049 0.004005	0.001537 0.003879	
2 64 10 3.170000	0.014874 0.007118	0.999772 0.000202	0.033198 0.006345	0.002216 0.008084	0.001035 0.003004	0.001162 0.005812	0.001375 0.003458	0.002665 0.009017	0.000992 0.004962	0.002133 0.007975	0.003647 0.009552	
2 64 10 3.180000	0.014218 0.004090	0.999795 0.000119	0.035168 0.009586	0.001646 0.004309	0.000000 0.000000	0.000156 0.000779	0.001399 0.004739	0.000000 0.000000	0.000426 0.002129	0.001166 0.003981	0.000637 0.002740	
2 64 10 3.190000	0.014005 0.009769	0.999792 0.000277	0.034277 0.009515	0.001213 0.002151	0.000868 0.003243	0.001242 0.004055	0.002184 0.005630	0.001205 0.002938	0.001564 0.005325	0.001619 0.008094	0.001393 0.003910	
2 64 10 3.200000	0.012884 0.007860	0.999827 0.000216	0.032732 0.006121	0.001984 0.005322	0.005916 0.007562	0.000229 0.000903	0.002554 0.007084	0.002155 0.006385	0.004032 0.007762	0.001588 0.004703	0.000252 0.001261	
2 64 10 3.210000	0.016056 0.006525	0.999737 0.000193	0.038070 0.007973	0.000362 0.001231	0.001188 0.005856	0.002451 0.005040	0.000517 0.001494	0.000652 0.001661	0.001915 0.004016	0.000228 0.001138	0.000751 0.001898	
2 64 10 3.220000	0.014741 0.005256	0.999778 0.000164	0.033707 0.007317	0.003351 0.006624	0.000680 0.002347	0.001854 0.009271	0.001687 0.006445	0.000889 0.003901	0.001077 0.005032	0.001253 0.005109	0.000993 0.004703	
2 64 10 3.230000	0.013575 0.002737	0.999815 0.000074	0.035086 0.009021	0.001775 0.004521	0.000833 0.001772	0.000001 0.000766	0.001947 0.005551	0.001646 0.007052	0.000785 0.003481	0.002912 0.005316	0.003045 0.006300	
2 64 10 3.240000	0.014357 0.007860	0.999788 0.000222	0.032010 0.007724	0.003566 0.007915	0.001262 0.002939	0.000797 0.003254	0.003003 0.007604	0.000329 0.002331	0.000178 0.000890	0.000501 0.002610	0.000909 0.003970	
2 64 10 3.250000	0.015649 0.003941	0.999753 0.000126	0.036173 0.008948	0.000679 0.004594	0.001950 0.006171	0.003098 0.007065	0.001412 0.004542	0.001386 0.004308	0.001617 0.004248	0.001837 0.009186	0.000373 0.001863	
2 64 10 3.260000	0.015958 0.008246	0.999738 0.000251	0.032690 0.009259	0.002373 0.003869	0.001632 0.003192	0.001900 0.004595	0.000286 0.001428	0.000852 0.004260	0.000000 0.000000	0.000000 0.000000	0.002301 0.007142	
2 64 10 3.270000	0.013889 0.009328	0.999798 0.000275	0.032909 0.009562	0.002834 0.009661	0.001049 0.002818	0.002038 0.005528	0.000000 0.000000	0.000119 0.000596	0.000660 0.001843	0.000689 0.002126	0.001545 0.004464	
2 64 10 3.280000	0.015531 0.007462	0.999751 0.000233	0.032465 0.004792	0.001478 0.003577	0.001107 0.005007	0.000000 0.000000	0.001752 0.006126	0.000149 0.000743	0.001591 0.005136	0.000560 0.002800	0.001119 0.002219	
2 64 10 3.290000	0.013060 0.007387	0.999823 0.000172	0.033239 0.006283	0.002991 0.005779	0.002163 0.004809	0.001272 0.003418	0.002071 0.009569	0.000000 0.000000	0.001335 0.005136	0.000041 0.001444	0.004352 0.009794	
2 64 10 3.300000	0.014222 0.006474	0.999791 0.000193	0.033535 0.009115	0.002032 0.006236	0.000000 0.000000	0.001737 0.003261	0.000494 0.003059	0.000412 0.002059	0.000245 0.001224	0.002309 0.009041	0.001206 0.005419	
2 64 10 3.310000	0.013442 0.007705	0.999813 0.000209	0.033544 0.004848	0.002811 0.004566	0.004091 0.008797	0.004731 0.005001	0.001100 0.004434	0.003899 0.007857	0.001059 0.003363	0.001634 0.005378	0.003196 0.007295	
2 64 10 3.320000	0.012653 0.008117	0.999830 0.000211	0.037918 0.004656	0.003010 0.009798	0.002148 0.009333	0.001446 0.006070	0.003183 0.006653	0.000095 0.000475	-0.000132 0.001034	0.002332 0.009364	0.002907 0.009572	
2 64 10 3.330000	0.012644 0.007033	0.999834 0.000173	0.032458 0.007080	0.002034 0.008196	0.001910 0.005134	0.001496 0.007479	0.001442 0.005722	0.001332 0.004431	0.002625 0.008743	0.000172 0.000862	0.000762 0.003812	
2 64 10 3.340000	0.012744 0.004160	0.999835 0.000107	0.034532 0.008972	0.000678 0.004706	0.002229 0.007244	0.001057 0.003080	0.000000 0.000000	-0.000111 0.000840	0.001559 0.006661	0.002366 0.004476	0.000956 0.004779	
2 64 10 3.350000	0.015046 0.007508	0.999765 0.000218	0.034154 0.007618	0.000183 0.000916	0.003563 0.007743	0.004116 0.007237	0.002881 0.006145	-0.000021 0.000104	0.002013 0.009653	0.001849 0.006551	0.001417 0.005810	
2 64 10 3.360000	0.014200 0.005401	0.999795 0.000151	0.034965 0.007748	0.002079 0.007306	0.000554 0.002157	0.000516 0.002487	0.000956 0.002546	0.000191 0.000676	0.001474 0.004420	0.001757 0.005943	0.001773 0.004744	
2 64 10 3.370000	0.014923 0.008846	0.999766 0.000261	0.035670 0.007634	0.001665 0.004881	0.001472 0.002393	0.002517 0.006853	0.001855 0.008103	0.000825 0.004125	0.000751 0.003745	0.000640 0.003199	0.003432 0.007918	
2 64 10 3.380000	0.014555 0.007811	0.999779 0.000249	0.034045 0.009211	0.000325 0.002318	0.000434 0.002169	0.001439 0.004761	0.000843 0.002278	0.000435 0.002173	0.002228 0.005618	0.002229 0.004484	0.000000 0.000000	
2 64 10 3.390000	0.013970 0.006819	0.999798 0.000176	0.032354 0.009187	0.002183 0.004098	0.000527 0.001317	0.001763 0.005233	0.001578 0.004762	0.002839 0.005535	0.000726 0.003630	-0.000168 0.000578	0.000000 0.000000	
2 64 10 3.400000	0.014764 0.009083	0.999769 0.000294	0.032461 0.009259	0.002379 0.005834	0.000656 0.001657	0.000533 0.001409	0.000481 0.001291	0.000290 0.000859	0.000109 0.000546	0.000977 0.002777	0.001960 0.008139	
2 64 10 3.410000	0.012413 0.007373	0.999840 0.000169	0.033240 0.009118	0.003586 0.009882	0.000155 0.000773	0.001369 0.007723	0.001147 0.003263	0.004712 0.008190	0.001632 0.005327	0.001111 0.003495	0.000453 0.002647	
2 64 10 3.420000	0.015566 0.005997	0.999753 0.000190	0.030622 0.009570	0.002187 0.005718	0.000027 0.000137	0.001177 0.003501	0.001531 0.007436	0.000000 0.000000	0.001476 0.004717	0.000665 0.003326	0.000888 0.004438	
2 64 10 3.430000	0.016224 0.005843	0.999733 0.000181	0.035444 0.009694	0.001700 0.004101	0.002397 0.007609	0.000256 0.001278	0.000892 0.003896	0.000738 0.003688	0.002493 0.005397	0.001005 0.005000	0.001201 0.003202	
2 64 10 3.440000	0.011340 0.007444	0.999860 0.000160	0.035949 0.005686	0.001546 0.005964	0.001329 0.002506	0.000612 0.003062	0.001117 0.005584	0.000490 0.001328	0.005184 0.008795	0.000665 0.003284	0.000112 0.000560	
2 64 10 3.450000	0.014243 0.005771	0.999792 0.000174	0.032118 0.009007	0.001446 0.003094	0.000449 0.003163	0.000407 0.002034	-0.000089 0.000444	0.001155 0.004477	0.000042 0.001533	0.001875 0.005401	0.001196 0.004008	
2 64 10 3.460000	0.016987 0.008296	0.999701 0.000265	0.032257 0.009462	0.000655 0.003273	0.001990 0.006650	0.000640 0.003051	0.000000 0.000000	0.002388 0.004843	0.001292 0.004780	0.001123 0.005613	0.002235 0.007796	
2 64 10 3.470000	0.012665 0.005214	0.999835 0.000134	0.034324 0.009280	0.002629 0.006914	0.004474 0.009616	0.000000 0.000000	-0.000419 0.007004	0.000163 0.000815	0.000719 0.003597	0.000668 0.002951	0.001533 0.006145	
2 64 10 3.480000	0.016333 0.004776	0.999729 0.000154	0.029893 0.008774	0.002155 0.005476	0.000337 0.001685	0.000601 0.001840	0.000549 0.002743	0.000348 0.001738	0.002552 0.005446	0.000638 0.003191	0.001884 0.006061	
2 64 10 3.490000	0.014608 0.006153	0.999782 0.000186	0.031394 0.009319	0.001689 0.003081	0.001098 0.005488	0.000440 0.001607	0.000453 0.002263	0.001529 0.003221	0.001121 0.003098	0.001415 0.002539	0.000000 0.000000	
2 64 10 3.500000	0.016072 0.006437	0.999735 0.000210	0.032735 0.007861	0.000838 0.002326	0.002554 0.006532	0.002463 0.004554	0.000200 0.000998	0.000291 0.001456	0.000982 0.002768	0.001471 0.004125	0.002188 0.007369	
2 64 10 3.510000	0.015778 0.008926	0.999743 0.000277	0.035215 0.005012	0.000868 0.004032	0.000000 0.000000	0.000971 0.002874	0.001780 0.006441	0.002151 0.006921	0.000359 0.001795	0.001890 0.009448	0.001225 0.006127	
2 64 10 3.520000	0.013430 0.005497	0.999814 0.000150	0.029503 0.004640	0.002547 0.004855	-0.000024 0.000119	0.001526 0.004603	0.003006 0.005992	0.000193 0.000966	0.001546 0.004309	0.001938 0.006304	-0.000075 0.000373	
2 64 10 3.530000	0.013987 0.007197	0.999797 0.000196	0.033484 0.005610	0.000112 0.000562	0.001057 0.005021	0.002002 0.005060	0.002637 0.006900	0.002173 0.005148	0.000885 0.003678	0.001801 0.008037	0.000000 0.000000	
2 64 10 3.540000	0.010063 0.007296	0.999892 0.000155	0.031133 0.006137	0.001842 0.004998	0.002072 0.004575	0.001255 0.006273	0.002489 0.008226	0.001583 0.004986	0.001064 0.005322	0.002319 0.006251	0.000046 0.000229	
2 64 10 3.550000	0.012135 0.007103	0.999845 0.000169	0.030495 0.006587	0.001310 0.002431	0.001274 0.003971	0.002219 0.007115	0.001736 0.004981	0.001663 0.005796	0.002432 0.009400	0.000328 0.001642	0.000953 0.002732	
2 64 10 3.560000	0.015908 0.007929	0.999740 0.000268	0.029629 0.009953	-0.000072 0.000361	0.001206 0.002111	0.000821 0.003924	-0.000100 0.000500	0.000693 0.006726	0.002297 0.008654	0.000632 0.002899	0.001446 0.004302	
2 64 10 3.570000	0.014884 0.009628	0.999765 0.000303	0.028860 0.004574	0.002353 0.005426	0.001018 0.003776	0.002928 0.005158	0.001593 0.004047	0.001229 0.006145	0.001532 0.007658	0.002035 0.004835	0.001322 0.004341	
2 64 10 3.580000	0.017669 0.006435	0.999682 0.000224	0.033753 0.007311	0.000341 0.001299	0.000823 0.004116	0.001265 0.002947	0.001426 0.007129	0.000482 0.002067	0.000562 0.001569	0.001570 0.005944	0.002745 0.009916	
2 64 10 3.590000	0.016348 0.007795	0.999724 0.000256	0.035026 0.008112	0.001326 0.004374	0.000334 0.001381	0.001334 0.003874	0.001023 0.002158	0.001446 0.004898	0.001454 0.006813	0.002228 0.007734	0.001175 0.003266	
2 64 10 3.600000	0.014722 0.005964	0.999779 0.000166	0.027263 0.009380	0.000586 0.002930	0.000000 0.000000	0.001006 0.005030	0.001014 0.002704	0.000734 0.003669	0.001500 0.005458	0.001355 0.003256	0.002149 0.009347	
2 64 10 3.610000	0.012170 0.009747	0.999842 0.000243	0.031013 0.006394	0.001048 0.005341	0.000815 0.003023	0.001302 0.003699	0.003451 0.008831	0.000695 0.003473	0.001072 0.006496	0.001157 0.005784	0.001196 0.003831	
2 64 10 3.620000	0.014777 0.006483	0.999776 0.000191	0.029709 0.004461	0.004414 0.009842	0.002975 0.009059	0.001012 0.003495	0.001361 0.006807	0.001000 0.002548	0.000763 0.006021	0.002106 0.004676	0.002042 0.005534	
2 64 10 3.630000	0.015325 0.004137	0.999762 0.000128	0.034466 0.006002	0.001527 0.006487	0.001471 0.004944	0.000212 0.001954	0.000958 0.002487	0.001766 0.006639	0.002758 0.009669	0.000632 0.002098	0.001635 0.005804	
2 64 10 3.640000	0.011559 0.009282	0.999854 0.000206	0.033521 0.007362	0.002467 0.007462	0.001605 0.007277	0.002705 0.006873	0.001858 0.008035	0.000432 0.001090	-0.000012 0.000336	0.002297 0.006188	0.000998 0.002736	
2 64 10 3.650000	0.014816 0.006360	0.999775 0.000191	0.028593 0.008108	0.004964 0.008970	0.000816 0.003668	0.001504 0.005054	0.001508 0.005600	0.003868 0.007892	0.004556 0.005266	0.000961 0.003279	0.000706 0.002224	
2 64 10 3.660000	0.015143 0.007833	0.999758 0.000224	0.028857 0.003737	0.001760 0.006381	0.000819 0.003314	0.002267 0.004198	-0.000065 0.000326	0.001668 0.008524	0.002242 0.005145	0.001482 0.004681	0.001881 0.009404	
2 64 10 3.670000	0.016170 0.008025	0.999731 0.000264	0.029064 0.008291	0.000886 0.003470	0.000184 0.000920	0.001498 0.005039	0.000430 0.002148	0.000215 0.001075	0.001766 0.003109	0.000500 0.002499	0.000701 0.003503	
2 64 10 3.680000	0.012604 0.007926	0.999829 0.000210	0.029207 0.006476	0.002959 0.007297	0.002298 0.006736	0.001918 0.005466	0.001605 0.004495	0.003840 0.008511	0.001852 0.007403	0.000000 0.000000	0.000484 0.002421	
2 64 10 3.690000	0.012748 0.008177	0.999829 0.000196	0.029659 0.009475	0.002239 0.005726	0.002312 0.005882	0.000132 0.000697	0.000476 0.002381	0.000237 0.001187	0.002275 0.008149	0.002284 0.005883	0.003304 0.009214	
2 64 10 3.700000	0.015714 0.009621	0.999743 0.000322	0.028787 0.006389	0.000549 0.002746	0.003986 0.007345	0.000502 0.002512	0.002464 0.005167	0.000955 0.003647	0.001729 0.008647	0.000624 0.002012	0.001129 0.003006	
2 64 10 3.710000	0.014907 0.009392	0.999768 0.000299	0.025641 0.005823	0.001296 0.003708	0.001192 0.003065	0.001257 0.003465	0.000000 0.000000	0.000933 0.004666	0.001176 0.003763	0.002024 0.003664	0.000809 0.004043	
2 64 10 3.720000	0.014737 0.003593	0.999781 0.000103	0.029497 0.009347	0.002043 0.004327	0.001785 0.005029	0.000890 0.002780	0.001045 0.006092	0.000695 0.002890	0.000264 0.001320	0.001017 0.003941	0.000223 0.001117	
2 64 10 3.730000	0.015052 0.008260	0.999765 0.000221	0.026170 0.009927	0.001816 0.004353	-0.000099 0.000493	0.001098 0.003190	0.001122 0.004256	0.001694 0.004497	0.002011 0.006701	0.001349 0.003605	0.001035 0.005173	
2 64 10 3.740000	0.015366 0.004962	0.999761 0.000158	0.031055 0.009221	0.002110 0.006402	0.000836 0.004180	0.001861 0.005120	0.001343 0.002579	0.000430 0.002679	0.001038 0.002664	0.000975 0.004876	0.001037 0.002910	
2 64 10 3.750000	0.010933 0.006984	0.999873 0.000163	0.029817 0.009558	0.001801 0.004882	0.000000 0.000000	0.001177 0.003411	0.000991 0.004956	0.002398 0.005743	0.002526 0.007142	0.001799 0.008994	0.000416 0.001326	
2 64 10 3.760000	0.015019 0.003767	0.999772 0.000114	0.030099 0.009159	0.001083 0.002778	0.000222 0.001108	0.001129 0.002879	0.000838 0.002635	0.001197 0.003678	0.001741 0.004713	0.001524 0.005308	0.003172 0.008981	
2 64 10 3.770000	0.013436 0.007111	0.999814 0.000190	0.028898 0.004667	0.001270 0.004381	0.001764 0.003068	0.000375 0.001874	0.000831 0.004154	0.000000 0.000000	0.000959 0.004051	0.003402 0.006759	0.000044 0.000220	
2 64 10 3.780000	0.015243 0.008715	0.999759 0.000259	0.026617 0.008771	0.003447 0.009921	0.001057 0.003669	0.000993 0.004965	0.002798 0.007548	0.002181 0.006939	-0.000017 0.000084	0.002716 0.005631	0.000950 0.003381	
2 64 10 3.790000	0.016063 0.003503	0.999741 0.000115	0.029667 0.009023	0.000754 0.002527	0.002264 0.008003	0.000164 0.003793	0.002789 0.009446	0.002801 0.006136	0.002277 0.006081	0.001750 0.006972	0.001048 0.003348	
2 64 10 3.800000	0.017303 0.008761	0.999691 0.000332	0.029725 0.006828	0.000000 0.000000	0.000000 0.000000	0.001340 0.004657	0.001250 0.003200	0.000831 0.004157	0.001359 0.005115	0.000711 0.001486	0.001672 0.006164	
2 64 10 3.810000	0.014846 0.004189	0.999778 0.000129	0.029428 0.009900	0.000530 0.002648	0.000546 0.001470	0.000747 0.002239	0.000965 0.004823	0.001409 0.007046	0.001057 0.004853	0.000322 0.001608	0.003278 0.004133	
2 64 10 3.820000	0.013192 0.008711	0.999816 0.000245	0.032631 0.005965	0.004508 0.008794	0.001979 0.009126	0.003559 0.006731	0.001898 0.007546	0.000377 0.001883	0.001556 0.005978	0.003462 0.007836	0.003306 0.008549	
2 64 10 3.830000	0.015301 0.008128	0.999759 0.000252	0.029398 0.007198	0.001130 0.005649	0.003094 0.007647	0.001516 0.007581	0.000450 0.002250	0.000604 0.003018	0.000529 0.002647	0.001059 0.003599	0.000000 0.000000	
2 64 10 3.840000	0.014082 0.007907	0.999792 0.000231	0.032607 0.009768	0.000150 0.000752	0.001731 0.004549	0.000334 0.001669	0.001325 0.004169	0.001156 0.002275	0.003551 0.006808	0.000935 0.003700	0.002293 0.006782	
2 64 10 3.850000	0.014957 0.007519	0.999770 0.000220	0.028882 0.004304	0.003549 0.009779	0.001332 0.004221	0.003337 0.006551	0.001006 0.005032	0.001237 0.008855	0.004375 0.007159	0.003259 0.006745	0.003185 0.008920	
2 64 10 3.860000	0.014396 0.008466	0.999783 0.000263	0.026561 0.006793	0.000770 0.003852	0.001378 0.002897	-0.000054 0.000271	0.001148 0.006031	0.001280 0.004640	0.000336 0.001682	0.000000 0.000000	0.002925 0.008439	
2 64 10 3.870000	0.015061 0.007120	0.999766 0.000215	0.031411 0.005024	0.003524 0.008398	0.002153 0.004101	0.001276 0.003731	0.001677 0.003429	0.000815 0.004073	0.003117 0.007509	0.001164 0.005533	0.000337 0.001398	
2 64 10 3.880000	0.014031 0.009336	0.999791 0.000265	0.028921 0.007715	0.001572 0.004051	0.002855 0.008521	0.001038 0.005190	0.000404 0.000881	0.000275 0.001374	0.000793 0.003966	0.001055 0.005276	0.000717 0.004316	
2 64 10 3.890000	0.013734 0.008661	0.999800 0.000246	0.027615 0.008721	0.001854 0.006056	0.000771 0.003855	0.001808 0.009040	0.001827 0.007349	0.002231 0.004449	0.000000 0.000000	0.000000 0.000000	0.000538 0.002293	
2 64 10 3.900000	0.014287 0.005584	0.999793 0.000161	0.030459 0.008506	0.001674 0.004863	0.001477 0.007383	0.000844 0.003604	0.001904 0.007341	0.000823 0.003532	0.000795 0.003977	0.001429 0.004900	0.002999 0.006421	
2 64 10 3.910000	0.016743 0.005163	0.999716 0.000162	0.029405 0.005014	0.000422 0.002112	0.001267 0.006918	0.000367 0.001835	0.000531 0.002656	0.001701 0.003717	0.001549 0.006057	0.001717 0.005548	0.001588 0.006845	
2 64 10 3.920000	0.014948 0.005605	0.999773 0.000171	0.028973 0.008512	0.000147 0.002859	0.001200 0.003107	0.000373 0.001864	0.002536 0.008007	0.001990 0.007756	0.000330 0.001649	0.003753 0.009287	0.001977 0.006003	
2 64 10 3.930000	0.014098 0.006720	0.999794 0.000176	0.025757 0.003047	0.001722 0.008608	0.001154 0.005469	0.000242 0.005014	0.000000 0.000000	0.001871 0.006201	0.000181 0.000905	0.000000 0.000000	0.000821 0.002691	
2 64 10 3.940000	0.015875 0.007126	0.999740 0.000223	0.028073 0.008883	0.003251 0.008582	0.001067 0.002765	0.000827 0.003376	0.000774 0.003872	0.000141 0.000704	0.000490 0.001300	0.000634 0.003170	0.001511 0.004085	
2 64 10 3.950000	0.012963 0.009381	0.999820 0.000262	0.022956 0.009752	0.001692 0.004097	0.001363 0.006814	0.000049 0.006387	0.000514 0.002569	0.000971 0.004877	0.001304 0.004356	0.003046 0.008007	-0.000090 0.000448	
2 64 10 3.960000	0.015050 0.008786	0.999765 0.000247	0.023780 0.005618	0.001211 0.002967	0.005388 0.007909	0.003354 0.008311	0.000000 0.000000	0.001485 0.004353	0.000000 0.000000	0.001245 0.003391	0.005802 0.006217	
2 64 10 3.970000	0.016556 0.008010	0.999716 0.000262	0.025771 0.002886	0.002985 0.005735	0.002015 0.006439	0.002555 0.004402	0.003351 0.009253	0.001894 0.004313	0.001127 0.004755	0.000679 0.004971	0.001825 0.004157	
2 64 10 3.980000	0.015081 0.008271	0.999762 0.000253	0.025693 0.006981	0.002382 0.004658	0.000532 0.001935	0.000072 0.000361	0.001748 0.005730	0.000318 0.001591	0.000839 0.002314	0.003468 0.008417	0.000162 0.000810	
2 64 10 3.990000	0.014406 0.003660	0.999791 0.000105	0.029207 0.009845	0.003162 0.009924	0.000231 0.001157	0.001503 0.007517	0.002908 0.009346	0.001771 0.004531	0.003020 0.005493	0.000988 0.003021	0.000577 0.002887	
2 64 10 4.000000	0.014128 0.008404	0.999792 0.000230	0.024681 0.008485	0.002655 0.005545	0.000902 0.003014	0.002950 0.009753	0.001056 0.003491	0.001446 0.007232	0.003170 0.008292	-0.000309 0.001543	0.000381 0.001903	
