2 48 100 0.000000	0.996814 0.004900	0.006359 0.009769	0.001266 0.001598	0.000737 0.002906	0.000364 0.001060	0.000596 0.001106	0.000000 0.000000	0.000177 0.000538	0.000827 0.002072	0.000883 0.002755	0.000916 0.003462	
2 48 100 0.010000	0.997894 0.005009	0.004204 0.009993	0.001454 0.003325	0.000826 0.003305	0.000588 0.001824	0.001154 0.003277	0.000115 0.000461	0.000000 0.000000	0.000782 0.003235	0.000283 0.001414	0.000040 0.000198	
2 48 100 0.020000	0.993775 0.005012	0.012408 0.009963	0.004242 0.005278	0.002162 0.004052	0.001990 0.004166	0.002115 0.007468	0.001836 0.003946	0.000000 0.000000	0.000344 0.001021	0.000726 0.001514	0.000255 0.001273	
2 48 100 0.030000	0.996847 0.004977	0.006293 0.009928	0.001136 0.001817	0.001199 0.002998	0.000367 0.001369	0.000584 0.002922	0.001275 0.003148	0.000511 0.002557	0.001059 0.003822	0.000424 0.001148	0.000821 0.004107	
2 48 100 0.040000	0.997034 0.004968	0.005920 0.009905	0.001827 0.005431	0.000631 0.002940	0.000429 0.001709	0.000805 0.002127	0.000539 0.002237	0.001031 0.002987	0.001450 0.002014	0.000679 0.003147	0.000047 0.000235	
2 48 100 0.050000	0.996691 0.004926	0.006604 0.009823	0.001846 0.003700	0.001404 0.002904	0.000898 0.001766	0.001416 0.003467	0.001288 0.002508	0.000347 0.001232	0.000903 0.003081	0.001255 0.003464	0.000993 0.002168	
2 48 100 0.060000	0.995418 0.005003	0.009139 0.009967	0.002504 0.004262	0.002367 0.006277	0.000262 0.001309	0.000670 0.002119	0.001118 0.002288	0.001091 0.004355	0.001286 0.003306	0.000000 0.000000	0.001036 0.005179	
2 48 100 0.070000	0.998227 0.004970	0.003539 0.009913	0.000588 0.001470	0.000879 0.002040	0.000552 0.001424	0.000000 0.000000	0.000067 0.000333	0.000333 0.001185	0.000604 0.002076	0.000046 0.000228	0.000078 0.000392	
2 48 100 0.080000	0.998061 0.004965	0.003871 0.009901	0.000840 0.002761	0.000331 0.001657	0.000000 0.000000	0.000645 0.002027	0.000765 0.001882	0.000431 0.001104	0.000117 0.000583	0.000687 0.001822	0.000417 0.002084	
2 48 100 0.090000	0.996684 0.005019	0.006617 0.009996	0.001513 0.004703	0.000155 0.000777	0.001333 0.002673	0.000883 0.002569	0.001013 0.003300	0.000409 0.001789	0.001173 0.004153	0.000465 0.001172	0.000575 0.001521	
2 48 100 0.100000	0.997513 0.005016	0.004965 0.009997	0.001524 0.005425	0.001286 0.005392	0.000779 0.003894	0.000553 0.002610	0.000328 0.001181	0.000485 0.001604	0.000278 0.000868	0.000464 0.001050	0.000094 0.000469	
2 48 100 0.110000	0.997915 0.004962	0.004163 0.009895	0.000651 0.002942	0.001780 0.003767	0.000000 0.000000	0.000206 0.001029	0.001294 0.002881	0.000360 0.001799	0.000312 0.001561	0.000036 0.000180	0.000000 0.000000	
2 48 100 0.120000	0.997159 0.004985	0.005671 0.009939	0.001401 0.003040	0.000000 0.000000	0.000861 0.003646	0.000354 0.000992	0.000000 0.000000	0.000886 0.002114	0.000293 0.000656	0.000782 0.003308	0.001024 0.002498	
2 48 100 0.130000	0.995109 0.005006	0.009754 0.009970	0.000973 0.002141	0.001075 0.003232	0.001412 0.004494	0.000755 0.001499	0.000000 0.000000	0.001840 0.003555	0.001374 0.004265	0.001729 0.003636	0.001639 0.003057	
2 48 100 0.140000	0.997032 0.005000	0.005924 0.009968	0.001653 0.003192	0.000629 0.002865	0.000000 0.000000	0.000994 0.003458	0.000000 0.000000	0.000000 0.000000	0.000969 0.003065	0.000958 0.003057	0.000837 0.002524	
2 48 100 0.150000	0.996890 0.004943	0.006208 0.009853	0.001195 0.004283	0.000575 0.002876	0.000592 0.002959	0.000380 0.000981	0.000692 0.001934	0.000650 0.003248	0.000519 0.001804	0.000658 0.002273	0.000410 0.001139	
2 48 100 0.160000	0.993279 0.005017	0.013394 0.009965	0.003985 0.008112	0.002852 0.006345	0.001257 0.005547	0.001276 0.001969	0.000774 0.001921	0.001113 0.002547	0.001145 0.002739	0.001039 0.003364	0.000746 0.002872	
2 48 100 0.170000	0.996492 0.004981	0.007002 0.009920	0.002112 0.005962	0.000066 0.000329	0.000502 0.002508	0.000293 0.000697	0.001205 0.002918	0.000654 0.002568	0.000618 0.001767	0.000384 0.001920	0.000326 0.001631	
2 48 100 0.180000	0.995891 0.005013	0.008198 0.009984	0.001844 0.005903	0.001511 0.001672	0.000607 0.001755	0.000000 0.000000	0.000472 0.001293	0.000000 0.000000	0.000945 0.002701	0.001092 0.002844	0.000876 0.003452	
2 48 100 0.190000	0.997064 0.005006	0.005860 0.009971	0.001100 0.001782	0.000846 0.001835	0.001221 0.003047	0.000000 0.000000	0.000272 0.001360	0.000614 0.001688	0.000050 0.000250	0.000000 0.000000	0.000865 0.002074	
2 48 100 0.200000	0.994000 0.004992	0.011962 0.009929	0.002137 0.004113	0.001996 0.006452	0.001243 0.002707	0.002313 0.001780	0.001807 0.005090	0.001068 0.002685	0.001425 0.003887	0.002043 0.004184	0.002144 0.005475	
2 48 100 0.210000	0.997493 0.005006	0.005004 0.009980	0.000991 0.002487	0.000433 0.001632	0.001072 0.001195	0.001020 0.003609	0.000224 0.001118	0.000046 0.000232	0.000384 0.000989	0.000222 0.000890	0.000206 0.001028	
2 48 100 0.220000	0.995462 0.004995	0.009053 0.009936	0.003015 0.005770	0.001109 0.003103	0.001219 0.003118	0.000150 0.000613	0.000343 0.001484	0.000584 0.001740	0.000634 0.001949	0.001182 0.002472	0.000472 0.001833	
2 48 100 0.230000	0.996820 0.004900	0.006347 0.009769	0.001969 0.004352	0.000889 0.002309	0.000233 0.001163	0.000368 0.001838	0.000362 0.001277	0.000272 0.000970	0.000839 0.002528	0.000293 0.001223	0.001158 0.002536	
2 48 100 0.240000	0.997560 0.004929	0.004871 0.009826	0.001321 0.004405	0.000846 0.002295	0.000961 0.002940	0.000325 0.000817	0.000252 0.000595	0.000833 0.003376	0.000258 0.001292	0.000807 0.002128	0.000649 0.002377	
2 48 100 0.250000	0.997708 0.004960	0.004577 0.009892	0.001359 0.003035	0.000000 0.000000	0.000703 0.001719	0.000379 0.001373	0.000343 0.001714	0.000395 0.001489	0.000818 0.003641	0.000733 0.003323	0.000116 0.000579	
2 48 100 0.260000	0.997635 0.004936	0.004720 0.009845	0.001323 0.004211	0.000417 0.001720	0.000725 0.001992	0.000642 0.001816	0.000430 0.001584	0.000000 0.000000	0.000723 0.002731	0.000000 0.000000	0.000893 0.002768	
2 48 100 0.270000	0.997028 0.005015	0.005930 0.009999	0.002283 0.007101	0.000886 0.002133	0.001016 0.003702	0.000478 0.002023	0.000612 0.001404	0.000359 0.001536	0.000641 0.002285	0.001070 0.003956	0.000604 0.002311	
2 48 100 0.280000	0.998145 0.005003	0.003704 0.009980	0.001501 0.006104	0.000690 0.001492	0.000369 0.001123	0.000802 0.002071	0.000762 0.002103	0.000110 0.000551	0.000902 0.003131	0.000420 0.001320	0.000329 0.000997	
2 48 100 0.290000	0.997795 0.005005	0.004403 0.009983	0.000772 0.001733	0.000064 0.000318	0.000627 0.001059	0.000791 0.002598	0.000168 0.000722	0.000653 0.002176	0.001008 0.003699	0.000284 0.000948	0.000270 0.000968	
2 48 100 0.300000	0.997814 0.005015	0.004363 0.009995	0.001164 0.004300	0.000745 0.003095	0.000779 0.003568	0.000166 0.000386	0.000137 0.000685	0.000364 0.001265	0.000387 0.001157	0.000922 0.002837	0.000228 0.000983	
2 48 100 0.310000	0.998026 0.004944	0.003940 0.009861	0.000634 0.002961	0.000059 0.000297	0.000973 0.002648	0.000548 0.002742	0.000447 0.001954	0.001183 0.004236	0.000772 0.002731	0.000710 0.003092	0.000064 0.000207	
2 48 100 0.320000	0.997561 0.004943	0.004868 0.009858	0.001687 0.003763	0.000970 0.001973	0.000639 0.000922	0.000173 0.000314	0.000844 0.003871	0.000382 0.001702	0.000972 0.001434	0.000177 0.000675	0.000531 0.001417	
2 48 100 0.330000	0.996177 0.004980	0.007627 0.009926	0.002112 0.004024	0.000740 0.002567	0.000258 0.000870	0.000489 0.001563	0.000576 0.001986	0.001482 0.002957	0.000709 0.002880	0.001317 0.002522	0.000932 0.002423	
2 48 100 0.340000	0.998196 0.005001	0.003600 0.009972	0.000644 0.002909	0.000685 0.003230	0.000245 0.000623	0.000093 0.000464	0.000308 0.001539	0.000224 0.000871	0.000811 0.004056	0.000175 0.000620	0.000084 0.000421	
2 48 100 0.350000	0.996950 0.005012	0.006089 0.009988	0.001803 0.002734	0.000908 0.002523	0.000386 0.001191	0.001151 0.002604	0.001007 0.002748	0.000699 0.003073	0.000532 0.001407	0.000224 0.000713	0.000574 0.001603	
2 48 100 0.360000	0.997360 0.005002	0.005270 0.009966	0.001033 0.004608	0.000578 0.002889	0.000000 0.000000	0.001346 0.005089	0.000000 0.000000	0.000663 0.001408	0.000000 0.000000	0.000229 0.000762	0.000552 0.001250	
2 48 100 0.370000	0.996295 0.005004	0.007394 0.009966	0.000914 0.002239	0.000694 0.001580	0.000759 0.001501	0.000945 0.002409	0.000206 0.000869	0.000525 0.001239	0.000264 0.001319	0.000340 0.000860	0.000236 0.000709	
2 48 100 0.380000	0.993873 0.005022	0.012212 0.009987	0.002045 0.004806	0.001494 0.003672	0.001250 0.003473	0.001236 0.003397	0.001265 0.004083	0.001023 0.001944	0.001016 0.001525	0.001167 0.002530	0.001031 0.002369	
2 48 100 0.390000	0.993586 0.005021	0.012782 0.009973	0.001927 0.003626	0.001571 0.004505	0.000943 0.002619	0.000957 0.003002	0.000950 0.002701	0.001346 0.003537	0.000819 0.001860	0.001036 0.003054	0.000668 0.001579	
2 48 100 0.400000	0.024479 0.005081	0.999397 0.000257	0.124678 0.003595	0.017187 0.009706	0.002517 0.003202	0.000362 0.001199	0.000000 0.000000	0.000363 0.001331	0.000059 0.000295	0.000067 0.000334	0.000096 0.000481	
2 48 100 0.410000	0.021959 0.009864	0.999508 0.000429	0.106382 0.009286	0.011362 0.006372	0.002649 0.004637	0.000504 0.001200	0.000079 0.000397	0.000407 0.001347	0.000000 0.000000	0.000046 0.000232	0.000000 0.000000	
2 48 100 0.420000	0.019675 0.006212	0.999607 0.000265	0.097063 0.009383	0.010082 0.009049	0.000293 0.001065	0.000411 0.001240	0.000449 0.001297	0.000385 0.001238	0.000287 0.001434	0.000430 0.001243	0.000517 0.001781	
2 48 100 0.430000	0.024737 0.003104	0.999387 0.000153	0.098455 0.009647	0.011680 0.004136	0.001014 0.002200	0.000060 0.000300	0.000000 0.000000	0.000143 0.000717	0.000115 0.000574	0.000537 0.001632	0.000000 0.000000	
2 48 100 0.440000	0.023032 0.003739	0.999467 0.000173	0.090340 0.009969	0.008948 0.000965	0.000312 0.000843	0.000000 0.000000	0.000000 0.000000	0.000000 0.000000	0.000000 0.000000	0.000000 0.000000	0.000000 0.000000	
2 48 100 0.450000	0.020979 0.009887	0.999548 0.000420	0.082223 0.007630	0.008779 0.005057	0.000921 0.001968	-0.000055 0.000276	0.000351 0.001005	0.000205 0.000705	0.000571 0.001652	0.000085 0.000503	0.000487 0.002299	
2 48 100 0.460000	0.019728 0.008819	0.999602 0.000360	0.077002 0.009910	0.006155 0.003658	0.000432 0.001703	0.000434 0.001527	0.000433 0.002167	0.000336 0.000851	0.000076 0.000378	0.000000 0.000000	0.000346 0.000710	
2 48 100 0.470000	0.019269 0.006404	0.999624 0.000236	0.072054 0.009980	0.005547 0.002586	0.001058 0.004272	0.000346 0.001492	0.000099 0.000496	0.000457 0.001696	0.000092 0.000461	0.000000 0.000000	0.001164 0.002980	
2 48 100 0.480000	0.022072 0.002217	0.999512 0.000097	0.075497 0.009603	0.005714 0.003093	0.000667 0.001514	-0.000021 0.000105	0.000240 0.001202	0.000381 0.001906	0.000000 0.000000	0.000199 0.000996	0.000163 0.000541	
2 48 100 0.490000	0.020751 0.005175	0.999566 0.000218	0.064969 0.006657	0.002760 0.002304	0.000326 0.001885	0.000000 0.000000	0.000310 0.001549	0.000483 0.001344	0.000147 0.000737	-0.000002 0.000010	0.000000 0.000000	
2 48 100 0.500000	0.021300 0.008977	0.999537 0.000406	0.058529 0.009151	0.001956 0.003994	0.001210 0.003808	0.001311 0.002678	0.000060 0.000301	0.000290 0.001439	0.000778 0.001846	0.000883 0.003153	0.001388 0.005385	
2 48 100 0.510000	0.021638 0.006674	0.999527 0.000285	0.058856 0.009705	0.002762 0.004141	0.000213 0.000870	0.000000 0.000000	0.000284 0.001128	0.000351 0.001177	0.000000 0.000000	0.000070 0.000351	0.000259 0.001296	
2 48 100 0.520000	0.019904 0.006535	0.999599 0.000260	0.055259 0.009385	0.002095 0.003768	0.001397 0.003652	0.000993 0.003592	0.000620 0.003100	0.000492 0.001418	0.000000 0.000000	0.000570 0.001513	0.001072 0.004775	
2 48 100 0.530000	0.019902 0.007599	0.999597 0.000313	0.050939 0.009913	0.002691 0.003864	0.000171 0.000854	0.000040 0.000201	0.000096 0.000479	0.000310 0.001552	0.000000 0.000000	0.000091 0.000453	0.000135 0.000450	
2 48 100 0.540000	0.020427 0.006357	0.999578 0.000246	0.048934 0.009587	0.002368 0.001957	0.000226 0.001132	0.000161 0.000482	0.000315 0.001576	0.000025 0.000126	0.000325 0.001626	0.000287 0.001435	0.000396 0.001276	
2 48 100 0.550000	0.020569 0.008230	0.999569 0.000357	0.050106 0.008230	0.001719 0.003874	0.000264 0.001041	0.000361 0.001803	0.000068 0.000342	0.001581 0.002994	0.000055 0.000277	0.000627 0.002152	0.000446 0.001348	
2 48 100 0.560000	0.020751 0.004008	0.999568 0.000167	0.049600 0.009681	0.001777 0.002771	0.000234 0.000745	0.000000 0.000000	0.000056 0.000282	0.000277 0.000951	0.000097 0.000762	0.000050 0.000248	0.000000 0.000000	
2 48 100 0.570000	0.011341 0.009505	0.999854 0.000204	0.043532 0.005363	0.002010 0.003881	0.002677 0.006319	0.000204 0.000545	0.000847 0.004897	0.001129 0.005646	0.000579 0.003698	0.000553 0.001422	0.000367 0.001835	
2 48 100 0.580000	0.020338 0.002360	0.999586 0.000096	0.042913 0.008547	0.000645 0.003225	0.000000 0.000000	0.000209 0.001046	0.000262 0.001310	0.000110 0.000552	0.000354 0.001768	0.000000 0.000000	0.000000 0.000000	
2 48 100 0.590000	0.020372 0.009281	0.999576 0.000391	0.045000 0.009088	0.001400 0.002829	0.000730 0.003651	0.000190 0.001108	0.000000 0.000000	0.000000 0.000000	0.000361 0.001315	0.000000 0.000000	0.000000 0.000000	
2 48 100 0.600000	0.020522 0.006961	0.999571 0.000295	0.039299 0.007921	0.000629 0.001857	0.000092 0.000459	0.000697 0.001983	0.000208 0.001722	0.001211 0.004488	0.000196 0.000982	0.000447 0.002233	0.000000 0.000000	
2 48 100 0.610000	0.021054 0.008237	0.999546 0.000369	0.038033 0.009214	0.001966 0.003960	0.000000 0.000000	0.000458 0.001910	0.000019 0.000094	0.000371 0.001075	0.000000 0.000000	0.000273 0.000954	0.000173 0.000866	
2 48 100 0.620000	0.019046 0.009704	0.999628 0.000377	0.039948 0.009607	0.001576 0.002432	0.000053 0.000267	0.000354 0.001279	0.000016 0.000079	0.000161 0.000805	0.000261 0.001304	0.000320 0.001168	0.000096 0.000482	
2 48 100 0.630000	0.017508 0.009246	0.999682 0.000287	0.037175 0.008744	0.000311 0.001557	0.000000 0.000000	0.001488 0.005563	0.000435 0.002176	0.000704 0.003522	0.000005 0.000023	0.002600 0.006034	0.000225 0.001124	
2 48 100 0.640000	0.022800 0.006654	0.999473 0.000318	0.033439 0.009008	0.000676 0.001560	0.001373 0.002921	0.000375 0.001875	0.001649 0.003681	0.001747 0.006130	0.000801 0.002313	0.000350 0.001752	0.000170 0.000852	
2 48 100 0.650000	0.020485 0.008544	0.999570 0.000365	0.036130 0.009280	0.000425 0.001083	0.000327 0.001637	0.000131 0.000656	0.000246 0.001229	0.000000 0.000000	0.000361 0.001803	0.001362 0.002545	0.000803 0.002808	
2 48 100 0.660000	0.018083 0.008108	0.999666 0.000290	0.033195 0.008209	0.001110 0.005550	0.000351 0.002028	0.000026 0.003447	0.001437 0.004033	0.000678 0.005800	-0.000072 0.001376	0.001436 0.003736	0.000810 0.003035	
2 48 100 0.670000	0.020172 0.006191	0.999587 0.000250	0.033252 0.008540	0.001351 0.003261	0.000413 0.001283	0.000773 0.001685	0.000683 0.003360	0.000416 0.001697	0.000286 0.001428	0.000231 0.000932	0.000000 0.000000	
2 48 100 0.680000	0.019420 0.007161	0.999615 0.000279	0.032078 0.009298	0.001537 0.004080	0.000338 0.000833	0.000049 0.000244	0.000696 0.002562	0.000000 0.000000	0.001260 0.003436	0.000410 0.002052	0.000282 0.001409	
2 48 100 0.690000	0.012294 0.008061	0.999838 0.000193	0.033929 0.006563	0.000029 0.001130	0.000760 0.002474	0.000514 0.001355	0.001209 0.003865	0.000589 0.001610	0.000710 0.002474	0.001189 0.002503	0.000722 0.002863	
2 48 100 0.700000	0.019824 0.009190	0.999597 0.000366	0.031325 0.004116	0.000188 0.001153	0.000000 0.000000	0.000075 0.000373	0.000343 0.001715	0.000415 0.002075	0.000232 0.000635	0.000252 0.001262	0.000505 0.001536	
2 48 100 0.710000	0.016485 0.007647	0.999718 0.000253	0.029272 0.009158	0.001751 0.002061	0.000424 0.002118	0.001145 0.002329	0.001297 0.004162	0.000007 0.000036	0.000127 0.000633	0.000396 0.001980	0.000191 0.000588	
2 48 100 0.720000	0.020205 0.009799	0.999575 0.000405	0.029773 0.007645	0.000767 0.001867	0.000000 0.000000	0.000848 0.002916	0.001244 0.002837	0.000488 0.001037	0.000378 0.001961	0.000555 0.001914	0.000492 0.001914	
2 48 100 0.730000	0.021786 0.009404	0.999513 0.000411	0.029430 0.008086	0.001159 0.005059	0.000421 0.001230	0.001394 0.002847	0.000244 0.000702	0.000968 0.002465	0.000394 0.001968	0.000257 0.001286	0.000365 0.001372	
2 48 100 0.740000	0.017458 0.006081	0.999691 0.000221	0.030776 0.008301	0.000167 0.000837	0.000000 0.000000	0.001086 0.003175	0.000082 0.000409	0.000385 0.001297	0.000113 0.000567	0.000158 0.000630	0.000085 0.000317	
2 48 100 0.750000	0.018423 0.008266	0.999653 0.000321	0.025930 0.009576	0.000521 0.001441	0.000530 0.001408	0.000239 0.002436	0.000000 0.000000	0.001091 0.001621	0.000557 0.001808	0.000215 0.001340	0.000000 0.000000	
2 48 100 0.760000	0.020433 0.005918	0.999578 0.000250	0.028115 0.009214	0.000803 0.002803	0.000867 0.002589	0.000162 0.000811	0.000132 0.000659	0.000568 0.002662	0.000399 0.001161	0.000322 0.001610	0.000073 0.000367	
2 48 100 0.770000	0.016053 0.005259	0.999738 0.000165	0.027621 0.007519	0.000585 0.003032	0.001094 0.003154	0.000284 0.001422	0.000465 0.001232	0.001066 0.003117	0.001526 0.004309	0.000957 0.003834	0.000565 0.001861	
2 48 100 0.780000	0.019529 0.006575	0.999613 0.000271	0.025637 0.008904	0.000966 0.003456	0.000463 0.001657	0.000803 0.002704	0.000607 0.003630	0.000547 0.002325	0.000492 0.002460	0.000632 0.002665	0.001028 0.002753	
2 48 100 0.790000	0.018617 0.009538	0.999644 0.000347	0.026808 0.003654	0.000755 0.003172	0.000383 0.001917	0.000236 0.000879	0.000260 0.000765	0.000476 0.001180	0.000121 0.000606	0.000256 0.000668	0.000238 0.000639	
2 48 100 0.800000	0.016901 0.007238	0.999708 0.000256	0.027924 0.007087	0.003052 0.005363	0.001543 0.004239	0.000110 0.000552	0.001551 0.007194	0.000457 0.002120	0.001158 0.003438	0.000081 0.000406	0.000000 0.000000	
2 48 100 0.810000	0.018147 0.009201	0.999660 0.000303	0.023439 0.008478	0.001069 0.003071	0.000176 0.000879	0.001094 0.004520	0.000000 0.000000	0.000231 0.001157	-0.000087 0.000437	0.000617 0.003083	0.000946 0.003135	
2 48 100 0.820000	0.021055 0.005136	0.999554 0.000223	0.023590 0.009008	0.000020 0.000102	0.000141 0.000707	0.000257 0.001138	0.000312 0.000981	0.000619 0.001597	0.000098 0.000488	0.000460 0.002298	-0.000011 0.000056	
2 48 100 0.830000	0.019164 0.008634	0.999625 0.000331	0.025503 0.006714	0.000566 0.002279	0.000430 0.002148	0.000845 0.001680	0.000932 0.002421	0.000157 0.000682	0.000000 0.000000	0.000000 0.000000	0.000348 0.000980	
2 48 100 0.840000	0.017343 0.009941	0.999686 0.000338	0.018310 0.006684	0.000867 0.004200	0.000120 0.000544	0.001494 0.003008	0.000777 0.003885	0.001021 0.004348	0.000893 0.002327	0.000479 0.002394	0.000643 0.002206	
2 48 100 0.850000	0.019350 0.009887	0.999612 0.000374	0.018753 0.008057	0.000159 0.000448	0.000630 0.001980	0.000296 0.001103	0.000605 0.001690	0.000279 0.001395	0.000436 0.001814	-0.000119 0.000502	0.000000 0.000000	
2 48 100 0.860000	0.018183 0.009518	0.999658 0.000368	0.020000 0.009758	0.001767 0.006569	0.002420 0.005336	0.000817 0.002297	0.001162 0.004226	-0.000058 0.001802	0.001060 0.002711	0.000463 0.002606	0.000000 0.000000	
2 48 100 0.870000	0.017416 0.007311	0.999690 0.000234	0.020772 0.008974	0.000533 0.002666	0.000780 0.002267	0.001236 0.005909	0.000973 0.003429	0.000257 0.000817	0.000783 0.002012	0.000223 0.000843	0.000164 0.000411	
2 48 100 0.880000	0.018100 0.008722	0.999661 0.000312	0.019982 0.007178	0.000000 0.000000	0.000224 0.000970	0.000000 0.000000	0.000599 0.000903	0.000511 0.001344	0.000111 0.000316	0.000311 0.001554	0.000129 0.000644	
2 48 100 0.890000	0.015720 0.006182	0.999747 0.000192	0.020452 0.007553	0.000192 0.000958	0.000295 0.001476	0.000176 0.000881	0.000000 0.000000	0.000631 0.001150	0.001156 0.003712	0.000269 0.000728	0.000247 0.001779	
2 48 100 0.900000	0.017157 0.009709	0.999695 0.000347	0.016371 0.005319	0.000663 0.001949	0.000239 0.001195	0.001654 0.006446	0.000301 0.001504	0.000774 0.001431	0.000561 0.002122	0.000399 0.001995	0.000160 0.000799	
2 48 100 0.910000	0.013766 0.009434	0.999799 0.000270	0.019335 0.005783	0.000512 0.002818	0.000662 0.004362	0.001855 0.006028	0.000091 0.000456	0.000411 0.002053	0.001323 0.003274	0.000910 0.004548	0.001005 0.003997	
2 48 100 0.920000	0.020364 0.006266	0.999580 0.000253	0.020519 0.005208	0.000324 0.002388	0.000000 0.000000	0.000616 0.002562	0.000724 0.003063	0.000208 0.000757	0.000567 0.001828	0.000524 0.002621	0.000451 0.001358	
2 48 100 0.930000	0.019688 0.008878	0.999601 0.000342	0.019948 0.009787	0.000338 0.001692	0.000011 0.000053	0.001079 0.003086	0.000742 0.001874	0.001224 0.003268	0.000276 0.001005	0.000306 0.001529	0.000108 0.000328	
2 48 100 0.940000	0.020382 0.007622	0.999578 0.000313	0.019026 0.006315	0.001866 0.003311	0.000154 0.000768	0.001307 0.004866	0.001201 0.003261	0.000001 0.000004	0.000752 0.004543	0.000360 0.001800	0.000784 0.003919	
2 48 100 0.950000	0.016466 0.008486	0.999721 0.000270	0.021049 0.003650	0.000480 0.001984	0.000057 0.000285	0.000479 0.001984	0.000000 0.000000	0.000534 0.001663	0.000682 0.001561	0.000776 0.003193	0.000277 0.001103	
2 48 100 0.960000	0.014887 0.007072	0.999771 0.000206	0.018001 0.008319	0.000898 0.001936	0.001201 0.001993	0.000790 0.002950	0.000823 0.002980	0.000870 0.004352	0.001234 0.002233	0.000364 0.001819	0.000152 0.000762	
2 48 100 0.970000	0.016881 0.007765	0.999708 0.000269	0.018230 0.005577	0.000463 0.001862	0.000243 0.001214	0.000501 0.002261	0.000311 0.001556	0.000303 0.001515	0.000297 0.000849	0.000383 0.001914	0.000340 0.000911	
2 48 100 0.980000	0.015891 0.009275	0.999737 0.000280	0.021702 0.006893	0.001598 0.005865	0.001022 0.003908	0.000592 0.002504	0.000477 0.004534	0.000000 0.000000	0.000123 0.000617	0.000130 0.000650	0.001476 0.004888	
2 48 100 0.990000	0.019008 0.009870	0.999627 0.000403	0.017181 0.006923	0.000356 0.001108	0.000592 0.002959	0.000248 0.001242	0.000450 0.001014	0.000110 0.000513	0.000000 0.000000	0.000561 0.001828	0.000359 0.001602	
2 48 100 1.000000	0.017534 0.008019	0.999684 0.000280	0.015985 0.008911	0.002092 0.004317	0.000000 0.000000	0.000570 0.001296	0.000000 0.000000	-0.000032 0.000160	-0.000095 0.000474	0.000437 0.001145	0.000363 0.000921	
2 48 100 1.010000	0.020707 0.006850	0.999565 0.000300	0.016132 0.008850	0.000000 0.000000	0.000000 0.000000	0.000197 0.000984	0.001130 0.002043	-0.000000 0.000001	0.000920 0.004599	0.000262 0.000656	0.000757 0.002344	
2 48 100 1.020000	0.015782 0.005412	0.999748 0.000175	0.018874 0.008807	0.001290 0.004567	0.000732 0.003661	0.000045 0.004821	0.000950 0.004596	0.002067 0.008449	0.003260 0.006786	0.002605 0.007079	0.000106 0.000531	
2 48 100 1.030000	0.021166 0.008245	0.999544 0.000361	0.015105 0.009976	0.002343 0.005362	0.000309 0.001215	0.000000 0.000000	0.000968 0.002966	0.000537 0.001322	0.000242 0.001212	0.000770 0.002050	0.000599 0.001975	
2 48 100 1.040000	0.019627 0.008807	0.999604 0.000332	0.018175 0.009787	0.000719 0.001881	0.000314 0.001572	0.000624 0.001186	0.000237 0.001186	0.000072 0.000359	0.000330 0.001763	0.000000 0.000000	0.000428 0.001706	
2 48 100 1.050000	0.017686 0.009319	0.999676 0.000318	0.015013 0.006918	0.001075 0.002873	0.000409 0.001692	0.000217 0.001083	0.000064 0.000319	0.000000 0.000000	0.000103 0.000516	0.000000 0.000000	0.000281 0.001357	
2 48 100 1.060000	0.020381 0.005391	0.999581 0.000213	0.017152 0.008187	0.000717 0.001914	0.001170 0.002985	0.000535 0.004171	0.002228 0.005246	0.001341 0.006705	0.000938 0.004152	0.000933 0.003874	0.000378 0.001889	
2 48 100 1.070000	0.016292 0.006553	0.999730 0.000203	0.016722 0.009257	0.000978 0.004890	0.000000 0.000000	0.000439 0.001630	0.000584 0.001922	0.000716 0.003121	0.001148 0.002731	0.000685 0.003845	0.000569 0.002542	
2 48 100 1.080000	0.019179 0.005360	0.999628 0.000208	0.014630 0.007385	0.001166 0.003147	0.001028 0.002036	0.000337 0.001685	0.001725 0.003909	0.000910 0.002055	0.000519 0.001977	0.000386 0.001930	0.000623 0.002312	
2 48 100 1.090000	0.020408 0.007995	0.999576 0.000309	0.013402 0.007850	0.000852 0.003477	0.001155 0.004980	0.001871 0.003718	0.000138 0.002071	0.000000 0.000000	0.000418 0.001241	0.000307 0.001534	0.000000 0.000000	
2 48 100 1.100000	0.015893 0.007324	0.999739 0.000243	0.010963 0.006557	0.000000 0.000000	0.000177 0.002436	0.001329 0.003761	0.000510 0.002552	0.001013 0.005961	0.000508 0.002445	0.000366 0.001832	0.000300 0.001501	
2 48 100 1.110000	0.020359 0.007728	0.999578 0.000331	0.013614 0.009261	0.000127 0.000331	0.001204 0.003483	0.001243 0.002624	0.000372 0.001200	0.000088 0.000583	0.000000 0.000000	0.000158 0.000788	0.001054 0.003522	
2 48 100 1.120000	0.020856 0.006992	0.999556 0.000297	0.016571 0.007265	0.000869 0.001763	0.000506 0.002313	0.000760 0.001397	0.000305 0.000999	0.000435 0.002177	0.000294 0.001469	0.000340 0.001699	0.000197 0.000414	
2 48 100 1.130000	0.015868 0.008268	0.999735 0.000251	0.012467 0.004416	0.000000 0.000000	0.001715 0.004508	0.001227 0.004683	0.001450 0.003361	0.001159 0.003237	0.000508 0.001615	0.001344 0.002272	0.000876 0.002272	
2 48 100 1.140000	0.015932 0.007938	0.999734 0.000244	0.012255 0.005913	0.000185 0.000923	0.001494 0.003798	0.000549 0.001820	0.001416 0.007081	0.002026 0.005929	0.000438 0.002578	0.000770 0.006806	0.001825 0.004675	
2 48 100 1.150000	0.017929 0.009938	0.999667 0.000384	0.013094 0.004229	0.000618 0.001626	0.000315 0.001440	0.000197 0.000987	0.000139 0.000694	0.000803 0.002079	0.000750 0.003752	0.000043 0.000215	0.000240 0.001663	
2 48 100 1.160000	0.020519 0.008726	0.999566 0.000355	0.011561 0.006479	0.000000 0.000000	0.000131 0.000657	-0.000038 0.000189	0.001303 0.004853	0.000349 0.001744	0.000313 0.001564	0.000382 0.001909	0.000205 0.001315	
2 48 100 1.170000	0.020972 0.007802	0.999553 0.000328	0.012351 0.007249	0.000293 0.001044	0.000450 0.002249	0.000423 0.002113	0.000000 0.000000	0.000339 0.001693	0.000000 0.000000	0.000000 0.000000	0.000000 0.000000	
2 48 100 1.180000	0.015916 0.009135	0.999735 0.000304	0.015062 0.008884	0.000276 0.001151	0.001197 0.003729	0.001815 0.007100	0.001291 0.003593	0.001115 0.005347	0.001844 0.006368	0.000000 0.000000	0.001266 0.003477	
2 48 100 1.190000	0.022594 0.009242	0.999479 0.000432	0.010562 0.008686	0.001039 0.002226	0.000044 0.000222	0.000096 0.000458	0.000109 0.000547	0.000612 0.003063	0.001754 0.003325	0.000552 0.001822	0.000573 0.002866	
2 48 100 1.200000	0.023138 0.005029	0.999461 0.000244	0.010638 0.007574	0.000311 0.001001	0.000476 0.001556	0.000336 0.001680	0.000484 0.001264	0.000978 0.004311	0.001736 0.004625	0.000161 0.000803	0.000267 0.000801	
2 48 100 1.210000	0.015015 0.007357	0.999766 0.000209	0.011200 0.003474	0.000985 0.002326	0.001404 0.003588	0.001009 0.005045	0.000650 0.001669	-0.000089 0.000445	0.001434 0.005667	0.001867 0.005517	0.001053 0.004080	
2 48 100 1.220000	0.017265 0.008380	0.999691 0.000294	0.011019 0.005892	0.001303 0.006368	0.000263 0.001404	0.001418 0.006263	0.000860 0.002159	0.000036 0.002035	0.000000 0.000000	-0.000024 0.000121	0.000575 0.002873	
2 48 100 1.230000	0.013454 0.008325	0.999809 0.000208	0.011717 0.004760	0.002651 0.005161	0.002401 0.006427	0.000876 0.002920	0.000506 0.001508	0.001213 0.004236	0.000477 0.002385	0.000319 0.003767	0.000713 0.002690	
2 48 100 1.240000	0.021771 0.008054	0.999517 0.000354	0.012246 0.009890	0.000596 0.001401	0.001054 0.002028	0.000124 0.000622	0.000000 0.000000	0.000844 0.001473	0.000644 0.002012	0.000268 0.001339	0.000560 0.001809	
2 48 100 1.250000	0.015694 0.007576	0.999744 0.000248	0.011506 0.005103	0.000383 0.001916	0.000681 0.002739	0.000000 0.000000	0.000595 0.002235	0.000769 0.001821	0.000000 0.000000	0.000000 0.000000	0.000000 0.000000	
2 48 100 1.260000	0.014962 0.009658	0.999761 0.000298	0.009067 0.009137	0.000190 0.000948	0.000456 0.002281	0.000823 0.002062	0.000456 0.002281	0.001990 0.005256	0.001070 0.002994	0.002649 0.004394	0.000929 0.003450	
2 48 100 1.270000	0.014707 0.009727	0.999771 0.000314	0.011766 0.003893	0.000328 0.001641	0.000407 0.001755	0.000279 0.001396	0.001731 0.007486	0.003700 0.003914	0.000756 0.003780	0.001829 0.005601	0.000232 0.000866	
2 48 100 1.280000	0.015200 0.009531	0.999754 0.000283	0.014817 0.008354	0.000094 0.000755	0.002332 0.005297	0.001441 0.003376	0.000866 0.004351	0.000984 0.004883	0.000241 0.001206	0.000310 0.001230	0.000880 0.002792	
2 48 100 1.290000	0.022732 0.005910	0.999479 0.000267	0.012902 0.007710	0.000187 0.000935	0.000476 0.002664	0.000000 0.000000	0.000444 0.001520	0.000096 0.000480	0.000147 0.000735	0.000049 0.000246	0.000804 0.003950	
2 48 100 1.300000	0.013426 0.009970	0.999807 0.000259	0.008971 0.006173	0.000024 0.001328	0.000579 0.001386	0.000000 0.000000	0.000530 0.001676	0.000452 0.002262	0.000953 0.003614	0.000247 0.001234	0.000287 0.002139	
2 48 100 1.310000	0.017232 0.008547	0.999691 0.000300	0.010844 0.005384	0.001833 0.005033	0.000715 0.003577	0.001017 0.003417	0.000085 0.000424	0.000000 0.000000	0.001223 0.002402	0.000631 0.003155	0.000470 0.003757	
2 48 100 1.320000	0.018942 0.007576	0.999633 0.000263	0.008612 0.005699	0.000175 0.000874	0.001081 0.003062	0.000175 0.000874	0.000761 0.002277	0.001402 0.003130	0.001394 0.005156	0.000885 0.002277	0.002462 0.006306	
2 48 100 1.330000	0.017161 0.009988	0.999691 0.000358	0.008821 0.009074	-0.000030 0.000148	0.000117 0.000583	0.000498 0.002489	0.000436 0.001752	0.001204 0.002831	0.000671 0.001927	0.000709 0.002526	0.000920 0.001824	
2 48 100 1.340000	0.017886 0.009316	0.999668 0.000373	0.012027 0.007008	0.000756 0.002524	0.000217 0.000754	0.000000 0.000000	0.001763 0.005008	0.000778 0.002292	0.000413 0.000925	0.000297 0.001904	0.000105 0.001440	
2 48 100 1.350000	0.015485 0.007959	0.999753 0.000237	0.011643 0.006550	0.000070 0.004164	0.000565 0.002823	0.001416 0.003620	0.000074 0.000368	0.000586 0.002932	0.000332 0.003285	0.000588 0.002389	0.000013 0.000064	
2 48 100 1.360000	0.020901 0.008223	0.999551 0.000347	0.009793 0.006456	0.000999 0.004703	0.000196 0.000982	0.001118 0.004051	0.000110 0.000552	0.000456 0.002179	0.000007 0.000255	0.000000 0.000000	0.000850 0.002471	
2 48 100 1.370000	0.012337 0.009145	0.999836 0.000237	0.012182 0.007975	0.000561 0.003855	-0.000018 0.000090	0.000221 0.006226	0.001181 0.005904	0.000838 0.004660	0.000000 0.000000	0.000355 0.002503	0.002485 0.006252	
2 48 100 1.380000	0.017875 0.009840	0.999670 0.000374	0.009429 0.006212	0.000313 0.001019	0.000129 0.000643	0.000789 0.002560	0.000000 0.000000	0.000085 0.000427	0.000357 0.001601	0.000123 0.000613	0.000623 0.001976	
2 48 100 1.390000	0.017223 0.009197	0.999692 0.000296	0.008806 0.006029	0.000516 0.001458	0.001907 0.005436	0.000429 0.002574	0.000000 0.000000	0.000000 0.000000	0.000111 0.001276	0.000760 0.002830	0.001005 0.002900	
2 48 100 1.400000	0.019022 0.007765	0.999632 0.000298	0.009142 0.008024	0.000276 0.000712	0.000722 0.001940	0.000234 0.001168	-0.000110 0.000550	-0.000056 0.000257	0.000394 0.001614	0.000000 0.000000	0.000000 0.000000	
2 48 100 1.410000	0.020999 0.007930	0.999550 0.000329	0.010001 0.005841	0.000683 0.003416	0.000153 0.000767	0.000305 0.001212	0.000094 0.000469	0.000077 0.000245	0.000715 0.002288	0.000000 0.000000	0.000000 0.000000	
2 48 100 1.420000	0.015734 0.009521	0.999739 0.000325	0.010594 0.009364	0.000605 0.003024	0.002218 0.005497	0.001019 0.003468	0.000776 0.002023	0.000620 0.001259	0.001701 0.004328	-0.000864 0.002529	0.001574 0.004491	
2 48 100 1.430000	0.017578 0.005496	0.999686 0.000189	0.014311 0.006563	0.000270 0.001350	0.000335 0.001675	0.000000 0.000000	0.001275 0.003720	0.001685 0.005589	0.000718 0.003588	0.000000 0.000000	0.001037 0.002666	
2 48 100 1.440000	0.019826 0.005888	0.999601 0.000232	0.008965 0.007075	0.000377 0.001016	0.000000 0.000000	0.001094 0.005049	0.001412 0.003669	0.000143 0.000715	0.000096 0.000481	0.001240 0.002865	0.000705 0.001884	
2 48 100 1.450000	0.021569 0.004369	0.999533 0.000183	0.010619 0.008027	0.000045 0.000134	0.000027 0.000133	0.000254 0.000937	0.000048 0.000242	-0.000226 0.001128	0.000613 0.002111	0.000164 0.000821	0.000308 0.001542	
2 48 100 1.460000	0.020813 0.006515	0.999561 0.000273	0.006716 0.002934	0.001019 0.002646	0.000858 0.004512	0.000130 0.000545	0.000383 0.001380	0.000861 0.002080	0.001139 0.003134	0.001790 0.003614	0.000153 0.000766	
2 48 100 1.470000	0.018624 0.007791	0.999647 0.000285	0.010122 0.008083	0.000369 0.001845	0.000821 0.003306	0.000121 0.000607	0.001468 0.002946	0.001101 0.005284	0.000043 0.000215	0.000529 0.002800	0.000278 0.001391	
2 48 100 1.480000	0.010093 0.008163	0.999890 0.000160	0.006448 0.004320	0.001005 0.003866	0.001760 0.004613	0.000851 0.002142	0.002460 0.006526	0.000362 0.001236	0.002122 0.005649	0.001728 0.006497	0.000804 0.003736	
2 48 100 1.490000	0.020769 0.005541	0.999564 0.000232	0.011690 0.008710	0.000545 0.002724	0.000747 0.003736	0.000252 0.001260	0.000000 0.000000	0.000000 0.000000	0.000491 0.001550	0.000384 0.001310	0.000914 0.002889	
2 48 100 1.500000	0.015394 0.004232	0.999761 0.000124	0.010704 0.008409	0.001605 0.003675	0.000875 0.002456	0.000813 0.004063	0.001247 0.007139	0.001057 0.001922	0.000846 0.001922	0.000539 0.001915	0.000431 0.001893	
2 48 100 1.510000	0.020386 0.009260	0.999570 0.000379	0.009306 0.003607	0.000450 0.001486	0.000055 0.000307	0.000305 0.001033	0.000000 0.000000	-0.000001 0.000003	-0.000041 0.000205	0.000892 0.002029	0.000925 0.002120	
2 48 100 1.520000	0.017452 0.009226	0.999685 0.000335	0.008827 0.006592	0.000240 0.001248	0.000322 0.001327	0.000000 0.000000	0.001279 0.004980	0.000184 0.000919	0.000821 0.002242	0.000753 0.002143	0.000195 0.000547	
2 48 100 1.530000	0.019746 0.009463	0.999594 0.000369	0.007774 0.005302	0.000251 0.001257	0.000479 0.002332	0.000170 0.000531	0.000473 0.001744	0.000000 0.000000	0.000230 0.001151	0.000515 0.001784	0.000373 0.001228	
2 48 100 1.540000	0.023835 0.008777	0.999422 0.000412	0.009094 0.004512	0.000452 0.000892	0.000000 0.000000	0.000619 0.002915	0.000340 0.001699	0.000000 0.000000	0.000163 0.000814	0.000000 0.000000	0.000000 0.000000	
2 48 100 1.550000	0.017279 0.007761	0.999695 0.000277	0.011546 0.002803	0.000000 0.000000	0.000000 0.000000	0.000324 0.000971	0.000000 0.000000	0.000922 0.004609	0.000385 0.001926	-0.000082 0.001008	-0.000054 0.000146	
2 48 100 1.560000	0.020081 0.009890	0.999585 0.000419	0.008248 0.007337	0.001345 0.005877	0.000370 0.001851	0.000188 0.000939	0.000539 0.002693	0.000000 0.000000	0.000202 0.000850	0.002417 0.006111	0.001805 0.008866	
2 48 100 1.570000	0.023621 0.008508	0.999433 0.000424	0.007445 0.005169	0.000230 0.001148	0.000295 0.000838	0.000479 0.002086	0.000096 0.000482	0.000330 0.000963	0.000176 0.000879	0.000000 0.000000	0.000633 0.001542	
2 48 100 1.580000	0.015411 0.007065	0.999755 0.000235	0.007717 0.008373	0.001042 0.005768	0.001568 0.005197	0.001154 0.004633	0.000458 0.002291	0.000446 0.001981	0.000000 0.000000	-0.000009 0.000043	0.002687 0.007745	
2 48 100 1.590000	0.018463 0.006870	0.999653 0.000263	0.008351 0.005875	0.000325 0.001545	0.001107 0.003897	0.000459 0.001945	0.000086 0.000325	0.000894 0.003419	0.000619 0.003014	0.000774 0.002037	0.001039 0.003932	
2 48 100 1.600000	0.020877 0.007609	0.999556 0.000338	0.007167 0.007813	0.000725 0.003543	0.001001 0.005004	0.001307 0.004430	0.000367 0.001835	0.000284 0.001418	0.000554 0.001543	0.003005 0.005218	0.000554 0.001497	
2 48 100 1.610000	0.021252 0.009361	0.999532 0.000399	0.009072 0.005893	0.000729 0.003661	0.000115 0.002346	0.000152 0.003792	0.001127 0.004578	0.000067 0.003862	-0.000013 0.002206	0.000583 0.002913	0.000500 0.002692	
2 48 100 1.620000	0.018894 0.006548	0.999637 0.000236	0.009937 0.006778	0.000594 0.003351	0.000820 0.002435	0.000814 0.003605	0.000410 0.001099	0.001191 0.003166	0.001282 0.002827	0.000000 0.000000	0.001259 0.003604	
2 48 100 1.630000	0.021451 0.009482	0.999525 0.000423	0.008329 0.004652	0.000351 0.001173	0.000110 0.000551	0.000000 0.000000	0.000379 0.003916	0.000892 0.004461	0.000045 0.001332	0.000652 0.002049	0.000000 0.000000	
2 48 100 1.640000	0.019396 0.009792	0.999613 0.000361	0.008013 0.009257	0.000257 0.001530	0.001479 0.003043	0.000759 0.003849	0.000805 0.003161	0.000661 0.002800	0.000170 0.000851	0.000927 0.002005	0.001163 0.007969	
2 48 100 1.650000	0.019911 0.007794	0.999595 0.000317	0.008753 0.004173	0.000493 0.002466	0.000000 0.000000	0.000028 0.000714	0.000568 0.002840	0.000588 0.002571	0.000059 0.000295	0.000555 0.002139	0.001133 0.002139	
2 48 100 1.660000	0.021434 0.008728	0.999531 0.000378	0.006616 0.006855	0.001455 0.005106	0.000618 0.003089	0.003087 0.007473	0.001596 0.004067	0.000880 0.004399	0.000295 0.001477	-0.000131 0.000423	0.001589 0.006596	
2 48 100 1.670000	0.016115 0.008193	0.999733 0.000271	0.008338 0.005096	0.000857 0.003997	0.000174 0.000871	0.001788 0.005108	0.001640 0.004815	0.000682 0.001749	0.001933 0.007449	0.000229 0.001143	0.000413 0.001728	
2 48 100 1.680000	0.011208 0.009771	0.999863 0.000195	0.008701 0.009567	0.000276 0.001076	0.000215 0.001076	0.001158 0.004688	0.002444 0.005487	0.001580 0.003025	0.000412 0.002058	0.002114 0.008195	0.000805 0.002924	
2 48 100 1.690000	0.017925 0.009760	0.999660 0.000362	0.008995 0.002617	0.000686 0.002060	0.000413 0.001427	0.000426 0.002128	0.001321 0.003450	0.000328 0.001640	0.000974 0.002937	0.000599 0.003182	0.000209 0.000784	
2 48 100 1.700000	0.014692 0.009577	0.999773 0.000296	0.006331 0.005992	0.003175 0.005214	0.002059 0.005542	-0.000725 0.006895	0.000269 0.001038	0.004193 0.008198	0.001698 0.003788	0.000191 0.003653	0.000977 0.003788	
2 48 100 1.710000	0.018293 0.006265	0.999658 0.000221	0.006896 0.006509	0.000444 0.002222	0.000503 0.002514	0.000000 0.000000	0.000862 0.003135	0.000382 0.002564	0.000889 0.002932	0.000485 0.002076	0.000700 0.002121	
2 48 100 1.720000	0.018718 0.005170	0.999646 0.000185	0.005094 0.004491	0.000283 0.001413	0.000707 0.003537	0.001358 0.003187	0.000252 0.001259	0.000300 0.001316	0.001052 0.002412	0.001602 0.007045	0.002025 0.005798	
2 48 100 1.730000	0.020849 0.007907	0.999558 0.000350	0.007695 0.009210	0.000304 0.001520	0.000000 0.000000	0.000053 0.000265	0.000275 0.001374	0.000330 0.001395	0.000805 0.002467	0.000781 0.003904	0.000271 0.001356	
2 48 100 1.740000	0.019263 0.006500	0.999624 0.000239	0.008228 0.005665	0.000422 0.003166	0.000622 0.003110	0.000000 0.000000	0.000600 0.004146	0.000637 0.002365	-0.000068 0.000338	0.000000 0.000000	0.001247 0.005215	
2 48 100 1.750000	0.019464 0.005877	0.999616 0.000238	0.007648 0.002684	0.000060 0.002333	0.001019 0.003625	0.001241 0.006542	-0.000110 0.001845	0.000129 0.000644	0.001804 0.003917	0.000631 0.002572	0.000405 0.002772	
2 48 100 1.760000	0.018869 0.009310	0.999628 0.000342	0.005711 0.007939	0.001286 0.003039	0.000472 0.002362	0.000368 0.001534	0.000826 0.002834	0.000789 0.003764	0.000097 0.000483	0.000125 0.000911	0.000295 0.001475	
2 48 100 1.770000	0.015269 0.008292	0.999757 0.000259	0.006491 0.007503	0.000465 0.002323	0.000392 0.000990	0.001101 0.001621	0.001146 0.002504	0.000740 0.001783	0.000854 0.002043	0.001440 0.003726	0.000461 0.002305	
2 48 100 1.780000	0.017446 0.007962	0.999688 0.000292	0.007825 0.004815	0.001601 0.005185	0.001505 0.003372	0.000505 0.002886	0.000168 0.000993	0.000551 0.001665	0.000788 0.001874	0.000481 0.002407	0.001378 0.002717	
2 48 100 1.790000	0.016999 0.002732	0.999710 0.000092	0.006678 0.008488	0.000782 0.003909	0.001811 0.004564	0.000642 0.002518	0.000854 0.004272	0.000000 0.000000	0.000618 0.003091	0.000526 0.001641	-0.000120 0.000818	
2 48 100 1.800000	0.018206 0.008977	0.999660 0.000326	0.005079 0.005194	0.000301 0.001111	0.000799 0.002187	0.000008 0.000039	0.000316 0.001581	0.000000 0.000000	0.000205 0.001023	0.000875 0.001515	0.000282 0.000717	
2 48 100 1.810000	0.018290 0.007842	0.999653 0.000293	0.008579 0.003549	0.000899 0.002207	0.000000 0.000000	0.000866 0.004845	0.000852 0.002380	0.001217 0.003250	0.000036 0.000181	0.000787 0.002582	0.000255 0.001277	
2 48 100 1.820000	0.020499 0.007983	0.999570 0.000345	0.005096 0.003939	0.000000 0.000000	0.000716 0.002185	0.000503 0.002515	0.000622 0.003110	0.000218 0.001091	0.000357 0.000908	0.000702 0.001755	0.000262 0.001310	
2 48 100 1.830000	0.020743 0.008296	0.999561 0.000315	0.007208 0.005060	0.000000 0.000000	-0.000019 0.000095	0.000205 0.001025	0.000266 0.000785	0.000935 0.002101	-0.000001 0.000005	0.000015 0.000197	0.000468 0.001617	
2 48 100 1.840000	0.019234 0.008340	0.999619 0.000327	0.007896 0.008524	0.000000 0.000000	-0.000109 0.000606	0.000418 0.002092	0.000227 0.000777	0.000212 0.001059	0.000997 0.002416	0.000466 0.002328	0.000000 0.000000	
2 48 100 1.850000	0.018427 0.008465	0.999652 0.000315	0.005763 0.008590	0.001125 0.003908	0.000528 0.002639	0.002404 0.004348	0.000293 0.001467	0.000215 0.000685	0.000087 0.000433	0.000000 0.000000	0.000400 0.001030	
2 48 100 1.860000	0.020941 0.009947	0.999550 0.000408	0.006506 0.003452	0.000130 0.000649	0.001399 0.003396	0.000424 0.001332	0.000000 0.000000	0.000675 0.001774	0.000169 0.000843	0.000148 0.000740	0.000834 0.002269	
2 48 100 1.870000	0.020282 0.009348	0.999572 0.000394	0.006043 0.003244	0.000019 0.000096	0.000000 0.000000	0.000333 0.001665	0.001079 0.005412	0.000756 0.001906	-0.000203 0.001017	0.000000 0.000000	0.000318 0.001825	
2 48 100 1.880000	0.019730 0.007703	0.999603 0.000310	0.006810 0.003336	0.000195 0.000833	0.000214 0.001046	0.000164 0.000771	0.000191 0.000932	0.000422 0.002110	0.000394 0.001528	0.000382 0.001390	0.000073 0.000365	
2 48 100 1.890000	0.015571 0.009832	0.999746 0.000279	0.005186 0.008018	0.000000 0.000000	0.000560 0.002799	0.000571 0.002686	0.000000 0.000000	0.000376 0.001880	0.002350 0.006193	0.001088 0.004439	0.000067 0.000335	
2 48 100 1.900000	0.019030 0.007917	0.999627 0.000318	0.005988 0.004073	0.000178 0.000891	0.000689 0.003447	0.000000 0.000000	0.000000 0.000000	0.000580 0.001505	0.000259 0.001297	0.000043 0.000216	0.000338 0.001476	
2 48 100 1.910000	0.018062 0.008245	0.999664 0.000294	0.005346 0.004887	0.000490 0.001044	0.000222 0.001109	0.000861 0.001921	-0.000208 0.002254	0.001057 0.002736	0.000089 0.005153	0.000134 0.000671	0.000222 0.000690	
2 48 100 1.920000	0.017477 0.007099	0.999688 0.000231	0.006598 0.007673	0.000786 0.003096	-0.000032 0.000159	0.000266 0.001135	0.000598 0.001857	0.000998 0.002339	0.000700 0.003501	0.001196 0.003275	0.000203 0.001013	
2 48 100 1.930000	0.019516 0.009364	0.999609 0.000340	0.008315 0.007382	0.000718 0.001794	0.000549 0.002745	0.000943 0.004183	0.000221 0.001119	0.000649 0.003246	0.000000 0.000000	0.000000 0.000000	0.000209 0.000786	
2 48 100 1.940000	0.017721 0.009954	0.999673 0.000313	0.006197 0.006429	0.000000 0.000000	0.002967 0.006440	0.000515 0.001999	0.000470 0.002351	0.000156 0.000782	0.000494 0.001669	0.000096 0.000481	0.000000 0.000000	
2 48 100 1.950000	0.018146 0.006787	0.999664 0.000252	0.005042 0.009814	0.000522 0.002611	0.001363 0.004202	0.000000 0.000000	0.000892 0.002332	0.000204 0.001022	0.001438 0.003501	0.000209 0.001046	0.000000 0.000000	
2 48 100 1.960000	0.019611 0.006867	0.999609 0.000281	0.007120 0.006358	0.000319 0.001612	0.000836 0.002998	0.000000 0.000000	0.000175 0.000593	0.001021 0.004234	0.000440 0.000963	0.000567 0.001604	0.000544 0.002722	
2 48 100 1.970000	0.021158 0.008419	0.999540 0.000359	0.005467 0.004465	0.000000 0.000000	0.000586 0.002931	0.000052 0.000259	0.000000 0.000000	0.000279 0.001396	0.000000 0.000000	0.000863 0.003180	0.000464 0.002320	
2 48 100 1.980000	0.018467 0.005869	0.999655 0.000220	0.008230 0.007737	0.000196 0.000982	0.000297 0.001487	0.000376 0.001880	0.001380 0.003533	0.000830 0.003320	0.001925 0.007484	0.001912 0.003634	-0.000041 0.003968	
2 48 100 1.990000	0.017759 0.009211	0.999675 0.000313	0.005286 0.008112	0.001135 0.004254	0.000235 0.000588	0.000796 0.001901	0.001183 0.005917	0.000491 0.001709	0.000576 0.002878	0.000556 0.002778	0.000539 0.001901	
2 48 100 2.000000	0.020410 0.006417	0.999578 0.000274	0.007329 0.005366	0.000522 0.002611	0.000172 0.000858	0.000435 0.002173	0.000000 0.000000	-0.000023 0.001123	0.000113 0.000564	0.000263 0.001831	0.000360 0.001293	
2 48 100 2.010000	0.025981 0.007923	0.999316 0.000416	0.006576 0.005500	0.000139 0.001724	0.000428 0.002140	0.000426 0.002807	0.000353 0.001263	0.000000 0.000000	0.000125 0.000626	0.000491 0.002560	0.000173 0.002767	
2 48 100 2.020000	0.016588 0.008329	0.999713 0.000277	0.005631 0.008734	0.000514 0.002012	0.000708 0.003542	0.000402 0.002012	-0.000064 0.000318	0.000469 0.001727	0.000433 0.003370	0.001479 0.005382	-0.000007 0.000034	
2 48 100 2.030000	0.019649 0.009001	0.999601 0.000348	0.006957 0.006547	0.000596 0.002173	0.000904 0.001915	0.000756 0.002962	0.000704 0.002046	0.000157 0.000786	0.000563 0.002393	0.001020 0.002832	0.000376 0.001789	
2 48 100 2.040000	0.015701 0.009382	0.999743 0.000327	0.004863 0.006680	0.001044 0.002123	0.000682 0.002142	0.000921 0.002476	0.000255 0.001277	0.001867 0.003438	0.000556 0.001277	0.000858 0.004292	0.001120 0.003014	
2 48 100 2.050000	0.017338 0.007075	0.999694 0.000250	0.003998 0.006885	0.000093 0.000464	0.001018 0.002894	0.001629 0.003378	0.000339 0.001696	0.001172 0.005057	0.000950 0.003027	0.000000 0.000000	0.001284 0.003729	
2 48 100 2.060000	0.018227 0.009546	0.999657 0.000352	0.006792 0.004866	0.000404 0.001553	0.000953 0.004766	0.000170 0.000852	0.000000 0.000000	0.000264 0.001322	0.001772 0.003806	0.000463 0.001203	0.000690 0.002690	
2 48 100 2.070000	0.013548 0.006050	0.999810 0.000157	0.004089 0.009774	0.000250 0.001041	0.001775 0.003671	0.000600 0.001917	0.001888 0.008939	0.000834 0.002838	0.000210 0.001048	0.002414 0.008063	0.000602 0.001925	
2 48 100 2.080000	0.019336 0.008339	0.999614 0.000328	0.007420 0.007732	0.000684 0.003141	0.000000 0.000000	0.000683 0.003377	0.000280 0.001402	0.001150 0.002627	0.000475 0.002373	0.000850 0.001643	0.000491 0.002454	
2 48 100 2.090000	0.018262 0.005675	0.999662 0.000212	0.004789 0.004777	0.000407 0.001188	0.000617 0.002361	0.000206 0.001029	0.000367 0.001160	0.000249 0.001243	0.000201 0.001004	0.000319 0.001949	0.000000 0.000000	
2 48 100 2.100000	0.017102 0.007629	0.999699 0.000251	0.003510 0.004924	0.000898 0.004734	0.000988 0.003269	0.000438 0.001261	0.001013 0.001995	0.000748 0.001722	0.001176 0.005989	0.001393 0.004526	0.000863 0.001381	
2 48 100 2.110000	0.017347 0.007314	0.999691 0.000246	0.005860 0.002561	0.000843 0.001923	0.001133 0.002440	0.001490 0.004104	0.000000 0.000000	0.000000 0.000000	0.001221 0.003092	0.000522 0.001856	0.000000 0.000000	
2 48 100 2.120000	0.020133 0.009948	0.999583 0.000395	0.004946 0.008035	0.000549 0.001620	0.000231 0.000646	0.000073 0.000364	-0.000069 0.000344	0.000125 0.000626	0.000034 0.000168	0.000137 0.000687	0.000000 0.000000	
2 48 100 2.130000	0.017181 0.006313	0.999698 0.000212	0.008186 0.008219	0.000293 0.001110	0.000009 0.000046	0.000623 0.003115	0.000949 0.004196	0.001564 0.004430	0.000000 0.000000	0.001218 0.005342	0.000961 0.003427	
2 48 100 2.140000	0.019153 0.006900	0.999627 0.000271	0.006829 0.008312	0.001542 0.003220	0.000455 0.002275	0.001617 0.003503	0.000000 0.000000	0.001339 0.005820	0.002590 0.004899	0.000244 0.001563	0.000405 0.003346	
2 48 100 2.150000	0.020663 0.005323	0.999569 0.000218	0.005864 0.008717	0.000768 0.002798	0.000602 0.005244	0.000034 0.001792	0.000622 0.001930	0.000260 0.000979	0.000591 0.002953	0.000042 0.000985	0.000361 0.001805	
2 48 100 2.160000	0.018028 0.008164	0.999663 0.000290	0.005295 0.002430	0.000988 0.003715	0.001023 0.002972	0.000468 0.002888	0.000291 0.001457	0.000398 0.001988	0.000807 0.004037	0.000222 0.001111	0.000357 0.001876	
2 48 100 2.170000	0.018342 0.009151	0.999655 0.000331	0.006189 0.006998	0.000487 0.002082	0.000294 0.001115	0.000503 0.002515	0.000245 0.001115	0.002701 0.007074	0.000304 0.000784	0.000581 0.002214	0.000000 0.000000	
2 48 100 2.180000	0.016121 0.006010	0.999736 0.000193	0.007581 0.005825	0.000000 0.000000	0.001515 0.004601	0.001453 0.007265	0.000574 0.001591	0.000222 0.001109	0.000050 0.000250	0.001492 0.007460	0.001913 0.006095	
2 48 100 2.190000	0.017689 0.007743	0.999678 0.000305	0.006202 0.004096	0.001094 0.004425	0.000679 0.002362	0.001485 0.003811	0.000557 0.002785	0.001259 0.004993	0.000832 0.002564	0.000538 0.003755	0.000621 0.001619	
2 48 100 2.200000	0.023803 0.005694	0.999430 0.000274	0.005989 0.005229	0.002543 0.006984	0.001637 0.004209	0.000439 0.005863	0.001166 0.002600	0.001134 0.002600	0.000842 0.004209	0.001145 0.004209	0.000654 0.002497	
2 48 100 2.210000	0.021488 0.009188	0.999529 0.000385	0.003366 0.003484	0.000142 0.000709	0.000565 0.001846	0.000124 0.000622	-0.000033 0.000163	0.000889 0.002040	0.000466 0.001492	0.000000 0.000000	0.000315 0.001557	
2 48 100 2.220000	0.017211 0.009541	0.999688 0.000339	0.007065 0.004744	0.000627 0.004258	0.000607 0.003033	0.000000 0.000000	0.000265 0.001775	0.000263 0.001316	0.000387 0.001133	0.000534 0.001348	0.000491 0.001936	
2 48 100 2.230000	0.019116 0.009393	0.999623 0.000395	0.004925 0.003858	0.000259 0.001294	0.000092 0.000328	0.000149 0.000745	0.000328 0.000928	0.000691 0.002227	0.000802 0.002307	0.000526 0.001023	0.000000 0.000000	
2 48 100 2.240000	0.015135 0.008335	0.999761 0.000269	0.006378 0.003823	0.000878 0.002093	0.000271 0.002643	0.000511 0.001285	0.001515 0.003127	0.000548 0.002738	0.000433 0.002166	0.000000 0.000000	0.000044 0.000218	
2 48 100 2.250000	0.020589 0.008985	0.999566 0.000400	0.004185 0.004171	0.000210 0.001049	0.000276 0.000959	0.000910 0.001873	0.000132 0.000660	0.000244 0.000750	0.000349 0.001159	0.000401 0.001301	0.000226 0.001130	
2 48 100 2.260000	0.014819 0.008783	0.999769 0.000264	0.003346 0.005109	0.000946 0.004078	0.000628 0.002261	0.000000 0.000000	0.000934 0.002436	0.000469 0.001898	0.000000 0.000000	0.001342 0.003102	-0.000055 0.000276	
2 48 100 2.270000	0.022308 0.009503	0.999486 0.000425	0.004642 0.009773	0.000227 0.001134	0.000504 0.001573	0.001003 0.002317	0.000431 0.001574	0.000724 0.003619	0.000000 0.000000	0.000426 0.001142	0.000050 0.000248	
2 48 100 2.280000	0.017213 0.009708	0.999694 0.000331	0.005083 0.008621	0.000631 0.003154	0.000130 0.001355	0.000995 0.003428	0.000514 0.002571	0.000865 0.004324	0.000093 0.000465	0.001237 0.002902	0.000000 0.000000	
2 48 100 2.290000	0.020733 0.005868	0.999566 0.000246	0.003055 0.005875	0.001047 0.005236	0.000164 0.000819	0.000481 0.002406	0.000000 0.000000	0.000233 0.001167	0.000953 0.004060	0.000483 0.003315	0.000317 0.001586	
2 48 100 2.300000	0.024147 0.007917	0.999410 0.000383	0.003397 0.003430	-0.000003 0.000016	0.000000 0.000000	0.000423 0.002116	0.000233 0.001197	0.000453 0.002088	0.000395 0.003059	0.000938 0.002642	0.000109 0.000544	
2 48 100 2.310000	0.018135 0.007590	0.999663 0.000284	0.004660 0.009092	0.000943 0.003347	0.000212 0.003837	0.000240 0.001201	0.000534 0.001525	0.002482 0.005759	0.000810 0.004049	0.000228 0.001142	0.000253 0.000999	
2 48 100 2.320000	0.015552 0.006970	0.999752 0.000229	0.007188 0.005363	0.000923 0.004616	0.002081 0.004440	0.000000 0.000000	0.000123 0.001188	0.000635 0.002226	0.000486 0.002432	0.000883 0.002607	0.000688 0.006399	
2 48 100 2.330000	0.015855 0.006665	0.999742 0.000219	0.006406 0.003587	0.000780 0.001784	0.000612 0.002330	0.000701 0.001652	0.000939 0.003570	0.000903 0.002924	0.000432 0.002159	0.000484 0.001952	0.000462 0.002310	
2 48 100 2.340000	0.018789 0.009233	0.999637 0.000323	0.005995 0.003564	0.000000 0.000000	0.000000 0.000000	0.001753 0.003753	0.001372 0.002444	0.000000 0.000000	0.000145 0.000727	0.000425 0.002124	0.001406 0.004326	
2 48 100 2.350000	0.018372 0.008496	0.999652 0.000279	0.004238 0.004169	0.000014 0.000072	0.001012 0.002702	0.000595 0.001947	0.000767 0.002010	0.000617 0.003086	0.000257 0.001286	0.000541 0.002203	0.000000 0.000000	
2 48 100 2.360000	0.016751 0.008219	0.999708 0.000272	0.004335 0.007890	0.000400 0.001985	0.001686 0.003022	0.001884 0.005026	0.000653 0.002876	0.000000 0.000000	0.001133 0.003864	0.000266 0.001328	0.000000 0.000000	
2 48 100 2.370000	0.014486 0.009276	0.999778 0.000276	0.007564 0.008933	-0.000058 0.002092	0.001002 0.005008	0.002288 0.008791	0.001487 0.007119	0.000300 0.001500	0.001601 0.004196	-0.000180 0.000900	0.000610 0.004758	
2 48 100 2.380000	0.015863 0.006152	0.999743 0.000189	0.004198 0.004717	0.000744 0.003718	0.000901 0.002986	0.000657 0.001890	0.000000 0.000000	0.000441 0.001350	0.000698 0.002051	0.000000 0.000000	0.000511 0.001890	
2 48 100 2.390000	0.017942 0.008338	0.999669 0.000268	0.004883 0.005009	0.000714 0.002033	0.000572 0.002858	0.000883 0.003226	0.001284 0.002682	0.001157 0.005783	0.000854 0.002652	-0.000003 0.000013	0.000753 0.001806	
2 48 100 2.400000	0.022091 0.009528	0.999496 0.000407	0.004272 0.003100	0.000806 0.003015	0.000000 0.000000	0.000585 0.002926	0.000113 0.000566	0.000000 0.000000	0.000020 0.000101	0.000590 0.002952	0.000205 0.001023	
2 48 100 2.410000	0.018316 0.008615	0.999656 0.000321	0.004694 0.005753	0.001213 0.002291	0.001668 0.005184	-0.000157 0.000787	0.001384 0.004406	0.001622 0.003091	-0.000421 0.002103	0.001520 0.003669	0.000986 0.006131	
2 48 100 2.420000	0.017282 0.009443	0.999690 0.000307	0.004846 0.002994	0.000358 0.001791	0.000197 0.000983	0.000873 0.004204	0.001191 0.003327	0.000778 0.003288	-0.000043 0.000216	0.000642 0.002205	0.000010 0.000172	
2 48 100 2.430000	0.016585 0.007641	0.999714 0.000257	0.004613 0.006945	0.000833 0.003065	0.000268 0.002752	0.000210 0.001048	0.001279 0.004720	0.000702 0.003508	0.000211 0.001132	0.001058 0.002394	0.000214 0.000545	
2 48 100 2.440000	0.017366 0.009854	0.999688 0.000347	0.005727 0.009019	0.000477 0.001656	0.000825 0.002835	0.000638 0.002810	0.000534 0.001180	0.000611 0.002423	0.000985 0.002920	0.000000 0.000000	0.000000 0.000000	
2 48 100 2.450000	0.014620 0.007327	0.999780 0.000223	0.003825 0.005499	0.001073 0.004253	0.001903 0.005422	0.000947 0.004672	0.000960 0.004347	0.001216 0.006079	0.000000 0.000000	0.000339 0.001695	0.000091 0.000453	
2 48 100 2.460000	0.022897 0.008212	0.999465 0.000366	0.007427 0.007134	0.001167 0.002649	0.000707 0.003535	0.000273 0.003520	0.000741 0.002847	0.000384 0.001918	0.001208 0.004055	0.000000 0.000000	-0.000005 0.000524	
2 48 100 2.470000	0.019383 0.008460	0.999617 0.000325	0.004997 0.008082	0.000558 0.003059	0.000000 0.000000	0.000464 0.001574	0.000306 0.001530	0.000332 0.001658	0.000057 0.000284	0.000232 0.001161	0.000722 0.002788	
2 48 100 2.480000	0.016419 0.009172	0.999721 0.000306	0.003550 0.005360	0.000896 0.003300	-0.000045 0.000227	0.000204 0.001018	0.000253 0.001267	0.000716 0.004764	0.000109 0.002016	0.000281 0.001407	0.000204 0.001018	
2 48 100 2.490000	0.018675 0.008615	0.999642 0.000323	0.002860 0.003673	0.000393 0.001966	0.000360 0.000942	0.001033 0.002185	0.000000 0.000000	0.000074 0.000368	0.000615 0.003075	0.000391 0.001189	0.000093 0.000465	
2 48 100 2.500000	0.019968 0.008891	0.999591 0.000356	0.004268 0.008405	0.000672 0.002131	0.000206 0.001444	0.000944 0.002614	-0.000090 0.000451	0.000311 0.001557	0.001586 0.005988	0.000616 0.003080	0.000545 0.001674	
2 48 100 2.510000	0.020936 0.008965	0.999552 0.000396	0.003800 0.009166	0.000308 0.001470	0.000000 0.000000	0.000000 0.000000	0.000206 0.001030	0.000621 0.001825	0.000081 0.000403	0.000433 0.001177	-0.000065 0.000341	
2 48 100 2.520000	0.022227 0.007870	0.999496 0.000349	0.005384 0.007999	-0.000096 0.000479	0.000176 0.000881	0.000277 0.001387	0.000215 0.001073	0.000942 0.002488	0.000000 0.000000	0.000000 0.000000	0.000935 0.004675	
2 48 100 2.530000	0.015425 0.004594	0.999759 0.000148	0.003906 0.002936	0.001542 0.003016	0.000484 0.001459	0.000236 0.001885	0.000353 0.001764	0.000859 0.002158	0.000394 0.000816	0.001144 0.003113	0.000000 0.000000	
2 48 100 2.540000	0.023877 0.007952	0.999420 0.000384	0.007381 0.005289	0.000526 0.002658	0.000081 0.003254	0.000993 0.003521	0.000625 0.001740	0.000675 0.002514	-0.000077 0.005618	0.001139 0.007698	0.000000 0.000000	
2 48 100 2.550000	0.017001 0.009190	0.999699 0.000301	0.004389 0.008524	0.000710 0.002211	0.000260 0.002903	0.000771 0.002036	0.000842 0.004299	0.000175 0.000876	0.000535 0.001806	0.000000 0.000000	0.000580 0.002507	
2 48 100 2.560000	0.017151 0.009975	0.999693 0.000330	0.003292 0.004835	0.000000 0.000000	0.000240 0.001199	0.000740 0.002487	0.000468 0.001172	0.000000 0.000000	0.000000 0.000000	0.000244 0.001222	0.000815 0.001915	
2 48 100 2.570000	0.019495 0.008569	0.999610 0.000335	0.004532 0.007515	0.000271 0.001357	0.000388 0.001942	0.000380 0.001899	0.001471 0.006581	0.001617 0.006034	0.001120 0.003696	0.001174 0.002903	0.000931 0.004657	
2 48 100 2.580000	0.013746 0.009865	0.999800 0.000284	0.002900 0.007346	0.000444 0.005339	0.000000 0.000000	0.000764 0.002027	0.000829 0.005931	0.000978 0.002387	0.001349 0.004213	0.001906 0.005079	0.000000 0.000000	
2 48 100 2.590000	0.017421 0.008994	0.999683 0.000315	0.004738 0.005110	0.000432 0.001126	0.000735 0.003172	0.002376 0.006564	0.000324 0.001069	0.001420 0.005218	0.000138 0.000689	0.000075 0.000319	0.000610 0.002297	
2 48 100 2.600000	0.017930 0.008990	0.999670 0.000326	0.003364 0.008030	0.001403 0.003365	0.000205 0.001026	0.001648 0.006923	0.000000 0.000000	0.000799 0.002677	0.000687 0.003543	0.000888 0.003742	0.000860 0.002865	
2 48 100 2.610000	0.012407 0.008786	0.999835 0.000216	0.005868 0.008652	0.000958 0.003663	0.000865 0.002989	0.000911 0.003357	0.000776 0.002696	0.001829 0.007156	0.002032 0.004818	0.001598 0.005619	0.001397 0.003281	
2 48 100 2.620000	0.020687 0.008093	0.999562 0.000324	0.004067 0.004436	0.000000 0.000000	0.000638 0.003045	0.000912 0.003277	0.001040 0.003935	0.000657 0.001659	0.000781 0.001805	0.001279 0.005004	0.000378 0.001889	
2 48 100 2.630000	0.018176 0.009983	0.999658 0.000396	0.003746 0.005915	0.000515 0.001600	0.000264 0.001322	0.000813 0.002436	0.000000 0.000000	0.001042 0.002811	0.001005 0.002581	0.000000 0.000000	0.000380 0.002762	
2 48 100 2.640000	0.017121 0.009401	0.999696 0.000293	0.002625 0.006733	0.000891 0.004453	0.001171 0.005856	0.001619 0.002815	0.002413 0.006031	0.001099 0.002114	0.000727 0.003634	0.001084 0.002748	0.000280 0.001402	
2 48 100 2.650000	0.018059 0.008390	0.999666 0.000310	0.005242 0.006955	0.000000 0.000000	0.000447 0.004093	0.000508 0.002538	-0.000036 0.002921	0.001212 0.003338	0.000062 0.002248	0.000000 0.000000	0.000786 0.002445	
2 48 100 2.660000	0.015307 0.009905	0.999753 0.000292	0.004520 0.003364	0.000144 0.000721	0.000722 0.001645	0.000846 0.002254	0.000081 0.000624	0.000000 0.000000	0.000575 0.002876	0.001056 0.003053	0.000934 0.002225	
2 48 100 2.670000	0.018055 0.009491	0.999662 0.000356	0.003692 0.002809	0.000099 0.000497	0.001110 0.002694	0.000347 0.001060	0.000045 0.000225	0.000607 0.001617	0.000775 0.001732	0.000758 0.002338	0.000000 0.000000	
2 48 100 2.680000	0.016868 0.007650	0.999704 0.000246	0.002700 0.004655	-0.000154 0.000871	0.000805 0.002072	0.001416 0.005653	0.000000 0.000000	0.000034 0.000171	0.000680 0.003402	0.000002 0.000393	0.001323 0.006546	
2 48 100 2.690000	0.017132 0.009985	0.999693 0.000332	0.003767 0.003108	0.000802 0.002478	0.000187 0.000711	0.000303 0.001513	0.000898 0.002331	0.000615 0.003076	0.000651 0.001802	0.002334 0.007739	-0.000259 0.001293	
2 48 100 2.700000	0.017578 0.009962	0.999677 0.000332	0.002553 0.005120	0.001764 0.003465	0.001453 0.004528	0.000692 0.003460	0.001275 0.003792	0.000732 0.003659	0.000555 0.002774	0.001519 0.005404	0.002006 0.004669	
2 48 100 2.710000	0.019289 0.009126	0.999617 0.000354	0.003253 0.004429	0.000319 0.000998	0.000184 0.000918	0.000293 0.001467	0.000309 0.001546	0.000511 0.002557	0.000258 0.001874	0.000000 0.000000	0.000000 0.000000	
2 48 100 2.720000	0.018288 0.008928	0.999655 0.000304	0.006039 0.006468	0.000613 0.001537	0.000989 0.002659	0.000323 0.001139	0.000000 0.000000	0.000000 0.000000	0.001418 0.003904	0.001049 0.003631	0.000241 0.002360	
2 48 100 2.730000	0.015949 0.008575	0.999736 0.000274	0.003883 0.005265	0.000821 0.004103	-0.000001 0.000003	0.000391 0.001957	0.000965 0.002258	0.000572 0.002861	0.001573 0.003326	0.000291 0.001454	-0.000411 0.002053	
2 48 100 2.740000	0.020257 0.008879	0.999579 0.000327	0.003750 0.002743	0.000476 0.002378	0.000000 0.000000	0.000062 0.000311	0.000674 0.002077	0.000082 0.000408	0.000390 0.001724	0.000009 0.000045	0.000707 0.001833	
2 48 100 2.750000	0.016489 0.007598	0.999720 0.000228	0.001271 0.004012	0.000460 0.001686	0.000485 0.002424	0.000560 0.002800	0.000410 0.002052	0.000278 0.001391	0.000730 0.003536	0.000322 0.001610	0.000204 0.000943	
2 48 100 2.760000	0.016601 0.007418	0.999716 0.000238	0.004774 0.007283	0.000400 0.001145	0.000399 0.001437	0.000039 0.000197	0.000957 0.002022	0.000593 0.001496	0.001563 0.003425	0.000778 0.002200	0.000827 0.003382	
2 48 100 2.770000	0.021036 0.006973	0.999551 0.000290	0.006761 0.001600	0.000418 0.001154	0.000954 0.004057	0.000453 0.002602	0.000172 0.000862	0.000566 0.003417	0.000825 0.002684	0.000187 0.001074	-0.000039 0.000197	
2 48 100 2.780000	0.015578 0.008755	0.999748 0.000257	0.003115 0.007099	0.000414 0.002069	0.001866 0.006015	0.001166 0.002048	0.000823 0.003121	0.000411 0.002054	0.000200 0.001002	0.001448 0.009365	0.001362 0.004004	
2 48 100 2.790000	0.019190 0.009164	0.999620 0.000333	0.003245 0.007256	0.000178 0.000890	0.000821 0.003092	0.000284 0.001419	0.000772 0.001693	0.000307 0.000821	0.000537 0.002685	-0.000067 0.001383	0.000542 0.002136	
2 48 100 2.800000	0.020925 0.006113	0.999557 0.000254	0.003216 0.007245	0.000029 0.000145	0.001609 0.005332	-0.000002 0.000433	0.001643 0.003652	0.000489 0.002445	0.001806 0.003360	0.001086 0.002737	0.000915 0.005969	
2 48 100 2.810000	0.018260 0.009785	0.999654 0.000397	0.003757 0.006821	0.000376 0.001880	0.000546 0.001405	0.000000 0.000000	0.000677 0.001273	0.000951 0.002438	0.000000 0.000000	0.000413 0.003450	-0.000085 0.000426	
2 48 100 2.820000	0.020244 0.006453	0.999585 0.000273	0.002286 0.004080	0.000210 0.001052	0.000273 0.001363	0.000000 0.000000	0.000711 0.003555	0.002492 0.005269	0.001924 0.009217	0.000265 0.001323	0.000407 0.003340	
2 48 100 2.830000	0.015352 0.009953	0.999752 0.000291	0.004948 0.009096	0.000194 0.000969	0.002321 0.006230	0.000648 0.002561	0.001225 0.004476	0.000991 0.006523	0.000929 0.003438	0.001254 0.005006	0.001590 0.004022	
2 48 100 2.840000	0.019223 0.006058	0.999626 0.000224	0.005096 0.009017	0.002323 0.007971	0.002366 0.006094	0.000000 0.000000	0.002206 0.004857	0.001868 0.004385	0.000241 0.000921	0.002154 0.006431	0.001355 0.003524	
2 48 100 2.850000	0.015630 0.006078	0.999750 0.000192	0.003152 0.007207	0.000296 0.002219	0.001191 0.004095	0.000422 0.002112	0.000461 0.002304	0.001931 0.004743	0.002139 0.003766	0.000446 0.001135	0.001102 0.005301	
2 48 100 2.860000	0.020423 0.009516	0.999572 0.000404	0.004211 0.005425	0.000497 0.002484	0.000248 0.001138	0.000000 0.000000	0.000904 0.002028	0.000250 0.001251	0.000446 0.001606	0.000612 0.002265	0.000303 0.002183	
2 48 100 2.870000	0.022579 0.009167	0.999481 0.000412	0.003444 0.004783	0.001145 0.003733	0.000434 0.003719	0.001195 0.003390	0.000306 0.000900	0.000437 0.002185	0.000459 0.003042	0.001226 0.003434	0.001181 0.003647	
2 48 100 2.880000	0.018641 0.007842	0.999644 0.000275	0.003611 0.004506	0.000593 0.002966	0.000074 0.000370	0.000413 0.002067	0.000488 0.002271	0.000509 0.001320	0.000218 0.001464	0.000413 0.001402	0.000000 0.000000	
2 48 100 2.890000	0.018022 0.007211	0.999668 0.000277	0.004380 0.005382	0.000734 0.003509	0.000720 0.002793	0.000000 0.000000	0.000527 0.001946	0.000681 0.003404	0.000586 0.002894	0.000000 0.000000	0.001193 0.004183	
2 48 100 2.900000	0.016174 0.008348	0.999727 0.000264	0.002647 0.003901	0.000320 0.001601	0.000974 0.005591	0.001134 0.002862	0.001004 0.002478	0.001181 0.002332	0.002177 0.005547	0.000851 0.003793	0.000005 0.000330	
2 48 100 2.910000	0.019274 0.008049	0.999621 0.000308	0.003022 0.005617	0.000231 0.001421	0.001248 0.003574	0.000196 0.000980	0.000692 0.002331	0.000313 0.001567	0.000000 0.000000	0.000121 0.000606	0.000349 0.002113	
2 48 100 2.920000	0.022550 0.008694	0.999480 0.000365	0.004812 0.005111	0.000370 0.001852	0.000925 0.003315	0.000000 0.000000	0.000079 0.000394	0.000316 0.001337	0.001072 0.003288	0.000000 0.000000	0.000000 0.000000	
2 48 100 2.930000	0.017218 0.009383	0.999692 0.000305	0.003562 0.004789	0.001542 0.003601	0.000369 0.001847	0.000082 0.003144	0.001087 0.003396	0.001632 0.005534	-0.000428 0.002789	0.000931 0.007786	0.001075 0.003601	
2 48 100 2.940000	0.018937 0.006975	0.999635 0.000250	0.003363 0.002229	0.000903 0.001798	0.000514 0.001662	0.000394 0.001352	0.000000 0.000000	0.000482 0.002412	0.000924 0.002468	0.000427 0.002136	0.000025 0.000123	
2 48 100 2.950000	0.018983 0.008269	0.999629 0.000309	0.004785 0.004963	0.000844 0.002260	0.000000 0.000000	-0.000020 0.000101	0.000189 0.000944	0.000550 0.002261	0.000053 0.003096	0.001235 0.002118	0.000537 0.002479	
2 48 100 2.960000	0.018738 0.005395	0.999646 0.000205	0.003282 0.006729	0.001007 0.005034	0.001556 0.004566	0.000187 0.000936	0.000851 0.002982	0.000000 0.000000	0.000000 0.000000	0.000031 0.000154	0.001670 0.004782	
2 48 100 2.970000	0.016954 0.007889	0.999705 0.000268	0.006339 0.005943	0.000325 0.001624	0.000735 0.003675	0.000459 0.002296	0.001010 0.003378	0.000781 0.002788	0.000000 0.000000	0.000243 0.001215	0.000620 0.001712	
2 48 100 2.980000	0.012834 0.008036	0.999823 0.000209	0.004313 0.006084	0.000757 0.003785	0.000317 0.001447	0.000231 0.001155	0.001234 0.004516	0.002123 0.006478	0.001081 0.003322	0.000000 0.000000	0.001281 0.005294	
2 48 100 2.990000	0.023253 0.008317	0.999449 0.000375	0.004129 0.007424	0.001344 0.003631	0.000555 0.002777	0.000395 0.001974	0.000266 0.000711	0.000327 0.001463	0.000000 0.000000	0.000065 0.001096	0.000397 0.001987	
2 48 100 3.000000	0.019421 0.005417	0.999619 0.000203	0.004661 0.005976	0.001256 0.002795	0.000000 0.000000	-0.000055 0.000276	0.001015 0.003923	0.000484 0.001967	0.000712 0.002885	0.002000 0.003377	0.000442 0.002208	
2 48 100 3.010000	0.019276 0.005816	0.999623 0.000224	0.005227 0.003168	0.000110 0.000372	0.000175 0.001073	0.000617 0.003085	0.000267 0.001333	0.001842 0.003660	0.000236 0.001030	0.000833 0.004166	0.000146 0.000732	
2 48 100 3.020000	0.019053 0.009544	0.999621 0.000368	0.002528 0.004399	0.000453 0.001040	0.000053 0.000211	0.000659 0.001181	0.000271 0.000813	0.000571 0.002355	0.000276 0.000795	0.000000 0.000000	0.000000 0.000000	
2 48 100 3.030000	0.017595 0.009287	0.999680 0.000353	0.003129 0.006129	0.000531 0.004080	0.001574 0.005048	0.000754 0.003021	0.000954 0.003234	0.000417 0.001919	0.000241 0.001042	0.001393 0.003429	0.000068 0.000341	
2 48 100 3.040000	0.014709 0.005871	0.999779 0.000182	0.004102 0.003586	0.000920 0.002587	0.000806 0.003341	0.000000 0.000000	0.000631 0.003153	0.000228 0.002878	0.000265 0.001327	0.000112 0.000561	0.000331 0.000867	
2 48 100 3.050000	0.014272 0.002925	0.999795 0.000083	0.002621 0.004760	0.001271 0.003796	0.000961 0.002367	0.000000 0.000000	0.000561 0.002806	0.000451 0.001149	0.000911 0.002947	0.000284 0.001419	0.001391 0.003094	
2 48 100 3.060000	0.017218 0.006820	0.999697 0.000232	0.003445 0.003059	0.000300 0.001502	0.000937 0.003488	0.000749 0.002308	0.000425 0.002451	0.000035 0.000175	0.000620 0.002430	0.001677 0.005058	0.000329 0.001307	
2 48 100 3.070000	0.014836 0.009753	0.999763 0.000294	0.005059 0.008302	0.000112 0.000561	0.000631 0.002402	0.000428 0.002139	0.001028 0.005141	0.001483 0.004490	0.000393 0.001964	0.000426 0.001365	0.000761 0.003091	
2 48 100 3.080000	0.016860 0.006978	0.999710 0.000228	0.002956 0.006053	0.000266 0.000676	0.001275 0.003534	0.000202 0.000528	0.000405 0.001904	0.000000 0.000000	0.000723 0.002440	0.000328 0.002752	0.000534 0.002157	
2 48 100 3.090000	0.017782 0.008183	0.999675 0.000278	0.003954 0.007184	0.001515 0.002958	0.002685 0.008783	0.001674 0.004361	0.000758 0.001377	-0.000083 0.000416	0.000180 0.000901	0.001227 0.002858	0.000625 0.002089	
2 48 100 3.100000	0.019590 0.009895	0.999604 0.000386	0.003813 0.004301	0.000000 0.000000	-0.000040 0.000267	0.000841 0.004207	0.000777 0.003887	0.000952 0.003157	0.000838 0.001879	0.000743 0.003716	0.000711 0.001476	
2 48 100 3.110000	0.015505 0.007039	0.999753 0.000209	0.003369 0.004671	0.000214 0.001070	0.002078 0.004714	0.000151 0.000757	0.000625 0.002804	0.001131 0.002851	0.001404 0.003732	0.000458 0.002291	0.000488 0.001273	
2 48 100 3.120000	0.014138 0.007108	0.999792 0.000217	0.003181 0.008167	0.002304 0.009052	0.002073 0.005545	0.001165 0.002914	0.001823 0.004663	0.000382 0.001912	0.001997 0.005537	0.001559 0.004663	0.000788 0.002029	
2 48 100 3.130000	0.020025 0.004479	0.999596 0.000174	0.003841 0.003360	0.000184 0.000922	0.000000 0.000000	0.000950 0.002471	0.000502 0.001704	0.000623 0.003117	0.000475 0.001377	0.000672 0.003360	0.000371 0.001203	
2 48 100 3.140000	0.015020 0.004942	0.999771 0.000156	0.001441 0.003389	0.000259 0.000683	0.001215 0.003225	0.000000 0.000000	0.000815 0.005116	0.001443 0.004166	0.000193 0.000965	0.000376 0.001121	0.000095 0.001508	
2 48 100 3.150000	0.016024 0.007538	0.999736 0.000230	0.004588 0.007700	0.000012 0.000059	0.001382 0.003312	0.000087 0.000844	0.001263 0.002240	-0.000049 0.000244	0.000759 0.002569	0.000000 0.000000	0.001097 0.004239	
2 48 100 3.160000	0.020508 0.009729	0.999568 0.000395	0.002321 0.001750	0.000638 0.002074	0.000000 0.000000	0.000738 0.003170	0.000519 0.002594	0.000050 0.000250	0.000281 0.001302	0.000072 0.000362	0.001023 0.003431	
2 48 100 3.170000	0.021047 0.009626	0.999543 0.000403	0.003821 0.004708	0.000002 0.000009	0.000000 0.000000	0.000364 0.001818	0.000069 0.000343	0.000891 0.002123	0.000032 0.000161	-0.000064 0.000320	0.000544 0.002718	
2 48 100 3.180000	0.017169 0.005721	0.999700 0.000194	0.001635 0.005747	0.000649 0.003245	0.001246 0.003439	0.000317 0.001587	0.001044 0.003537	0.000909 0.003542	-0.000093 0.002598	0.001083 0.003537	0.001018 0.002247	
2 48 100 3.190000	0.019282 0.009457	0.999616 0.000352	0.002061 0.005025	0.000296 0.003275	0.000964 0.002546	0.000100 0.000500	0.001897 0.004269	0.000000 0.000000	0.000817 0.002395	0.000910 0.004551	0.003349 0.007948	
2 48 100 3.200000	0.014368 0.009929	0.999782 0.000314	0.003886 0.002515	0.001201 0.003158	0.001012 0.002683	0.000000 0.000000	0.000926 0.003769	0.000090 0.000449	0.000727 0.003635	0.000655 0.002028	-0.000108 0.000538	
2 48 100 3.210000	0.018853 0.004143	0.999642 0.000156	0.002102 0.002804	0.000093 0.000465	0.000405 0.001165	0.001247 0.003766	0.000000 0.000000	0.000393 0.000893	0.000000 0.000000	0.000209 0.000768	0.000552 0.001740	
2 48 100 3.220000	0.019926 0.008909	0.999593 0.000332	0.003121 0.006650	0.000863 0.002342	0.001919 0.005827	-0.000044 0.000219	0.000705 0.002059	-0.000009 0.000045	0.000843 0.002166	0.000096 0.000481	0.000489 0.001816	
2 48 100 3.230000	0.019068 0.006609	0.999628 0.000258	0.002240 0.001963	-0.000006 0.000028	0.000906 0.003433	0.000124 0.000316	0.000779 0.002866	0.000067 0.000333	0.000268 0.001339	0.000000 0.000000	0.000000 0.000000	
2 48 100 3.240000	0.020922 0.009623	0.999549 0.000394	0.002631 0.004521	0.001035 0.003043	0.000000 0.000000	0.000778 0.002368	0.000772 0.002167	0.001025 0.002121	0.000297 0.001487	0.001101 0.002906	0.000762 0.004414	
2 48 100 3.250000	0.017627 0.008643	0.999680 0.000312	0.002544 0.006763	0.001048 0.002863	0.001121 0.001966	-0.000383 0.001856	0.000046 0.000232	0.000359 0.001382	0.001854 0.004069	0.000588 0.001651	0.001433 0.004305	
2 48 100 3.260000	0.015405 0.009995	0.999752 0.000299	0.001544 0.003366	0.000071 0.000254	0.000393 0.001963	0.000600 0.004464	0.000477 0.001777	0.000113 0.000541	0.001363 0.003092	0.000219 0.001095	0.000197 0.001575	
2 48 100 3.270000	0.015342 0.009375	0.999752 0.000257	0.002365 0.006748	-0.000012 0.000058	0.000578 0.001836	0.000626 0.002525	0.000433 0.001843	0.000439 0.002194	0.000488 0.001508	0.000334 0.001782	0.000322 0.001169	
2 48 100 3.280000	0.021906 0.007759	0.999511 0.000351	0.003475 0.003568	0.000000 0.000000	0.000000 0.000000	0.000564 0.002820	0.000769 0.003845	0.000383 0.001916	0.000573 0.002116	0.000835 0.003054	0.000058 0.000901	
2 48 100 3.290000	0.018692 0.007351	0.999645 0.000277	0.003075 0.005443	0.000262 0.001308	0.000000 0.000000	0.000000 0.000000	-0.000060 0.000301	0.000642 0.003212	0.000996 0.002549	0.000740 0.002280	0.000564 0.002821	
2 48 100 3.300000	0.015242 0.007173	0.999760 0.000207	0.001542 0.002783	0.000311 0.001557	0.000451 0.001429	0.000770 0.001731	0.000000 0.000000	0.000000 0.000000	0.001950 0.006465	0.000693 0.002349	0.001211 0.004772	
2 48 100 3.310000	0.022220 0.009777	0.999493 0.000461	0.003532 0.007252	0.000493 0.001319	0.000251 0.001319	-0.000154 0.000769	0.001469 0.006626	0.000184 0.001564	0.001041 0.004061	0.000401 0.001241	0.000427 0.002137	
2 48 100 3.320000	0.011639 0.006578	0.999858 0.000153	0.003552 0.007549	0.001277 0.004875	0.000000 0.000000	0.000529 0.005110	0.000000 0.000000	0.000500 0.002574	0.001814 0.006186	0.001396 0.003847	0.001076 0.004975	
2 48 100 3.330000	0.017425 0.009866	0.999683 0.000315	0.004960 0.004022	0.000574 0.001527	0.000564 0.001522	0.000428 0.001722	0.000060 0.000300	0.000643 0.002227	0.000098 0.000491	0.000853 0.003615	0.000516 0.001423	
2 48 100 3.340000	0.021253 0.007919	0.999538 0.000333	0.005745 0.006279	0.002252 0.007687	0.001490 0.004210	0.001411 0.005198	0.000000 0.000000	0.001073 0.005365	0.001415 0.003636	0.000364 0.001006	0.000862 0.003303	
2 48 100 3.350000	0.016574 0.007786	0.999717 0.000238	0.003074 0.006246	0.000677 0.003387	0.000252 0.001262	0.000249 0.001243	0.001194 0.003454	0.000127 0.000637	0.000162 0.000810	0.000157 0.000428	0.001396 0.003979	
2 48 100 3.360000	0.019309 0.008953	0.999617 0.000329	0.001499 0.003083	0.000000 0.000000	0.000585 0.001689	0.000467 0.001819	0.000317 0.002888	-0.000481 0.002403	0.000643 0.002856	0.000792 0.003150	0.001279 0.005159	
2 48 100 3.370000	0.021019 0.008571	0.999550 0.000366	0.003184 0.005222	0.000552 0.002760	0.000096 0.000480	0.000912 0.002274	0.000981 0.004904	0.000587 0.001758	0.001900 0.003310	0.000281 0.001163	0.000452 0.002259	
2 48 100 3.380000	0.023304 0.007016	0.999448 0.000326	0.005013 0.008979	0.002530 0.006780	0.001079 0.003533	-0.000259 0.000769	0.000058 0.000291	0.000239 0.002895	0.000028 0.005770	0.002308 0.007339	0.000058 0.000291	
2 48 100 3.390000	0.013714 0.008043	0.999802 0.000227	0.003371 0.007540	0.000678 0.003388	0.000212 0.001093	0.000374 0.002111	0.001547 0.004997	0.000983 0.004914	0.000631 0.003856	0.000913 0.002073	0.001091 0.002423	
2 48 100 3.400000	0.019285 0.009751	0.999613 0.000372	0.004096 0.004189	0.000001 0.000007	0.000676 0.003355	0.000812 0.001601	0.000457 0.002287	0.000388 0.001291	0.000339 0.001697	0.000000 0.000000	0.000285 0.001427	
2 48 100 3.410000	0.016550 0.008071	0.999717 0.000263	0.004282 0.004798	0.001101 0.002605	0.000359 0.000827	0.000159 0.000796	0.000263 0.001147	0.000258 0.001470	0.000532 0.002660	0.000440 0.002030	0.000684 0.001783	
2 48 100 3.420000	0.018108 0.008059	0.999663 0.000280	0.005440 0.009681	0.000203 0.002510	0.000704 0.002261	0.000224 0.001120	0.001805 0.004678	0.001830 0.004347	0.001048 0.002996	0.001345 0.004457	0.001817 0.004858	
2 48 100 3.430000	0.011924 0.002338	0.999857 0.000056	0.004077 0.008222	0.000698 0.003492	0.001113 0.005567	0.000992 0.004661	0.000989 0.003758	0.000977 0.004423	0.001048 0.002937	0.000226 0.000835	0.000753 0.003766	
2 48 100 3.440000	0.019014 0.009353	0.999627 0.000385	0.001848 0.003487	0.000090 0.000868	0.000332 0.001662	0.000000 0.000000	0.000243 0.002026	0.000346 0.001563	0.000238 0.000641	0.001515 0.004370	0.000918 0.002688	
2 48 100 3.450000	0.021374 0.007445	0.999534 0.000322	0.002098 0.003764	0.000291 0.001457	0.001469 0.004341	0.000170 0.000851	0.000056 0.000171	0.000549 0.001681	0.000180 0.000902	0.000526 0.001328	0.000394 0.001970	
2 48 100 3.460000	0.018875 0.008970	0.999630 0.000324	0.000294 0.001340	0.000467 0.001759	0.001104 0.001895	0.000026 0.000132	0.000447 0.002233	0.000518 0.001349	-0.000042 0.000211	0.000811 0.002089	0.000275 0.001377	
2 48 100 3.470000	0.015871 0.006586	0.999741 0.000191	0.002721 0.004867	0.001352 0.004312	0.000447 0.002036	0.000716 0.003582	0.000221 0.000808	0.000588 0.001661	0.000000 0.000000	0.000825 0.002268	0.001725 0.003356	
2 48 100 3.480000	0.015680 0.007136	0.999747 0.000228	0.003456 0.005113	0.000103 0.000517	0.000921 0.002869	0.001481 0.004272	0.000512 0.002073	0.000039 0.000195	0.000351 0.001072	0.000567 0.002722	0.000866 0.004330	
2 48 100 3.490000	0.017169 0.008643	0.999693 0.000319	0.002776 0.005328	0.000261 0.000633	0.000924 0.001816	0.000414 0.002072	0.000706 0.001934	0.000385 0.001004	0.000755 0.002745	0.000034 0.000169	0.000687 0.002139	
2 48 100 3.500000	0.017167 0.009560	0.999692 0.000333	0.002131 0.006274	0.001358 0.002376	0.000464 0.001974	0.000000 0.000000	0.000591 0.002956	0.000892 0.004459	0.000814 0.001839	0.000184 0.000919	0.000689 0.002313	
2 48 100 3.510000	0.019725 0.009544	0.999593 0.000367	0.002341 0.005849	0.000481 0.001614	0.000000 0.000000	0.000645 0.001607	-0.000113 0.003148	0.000608 0.002843	0.000000 0.000000	0.000768 0.002459	0.000323 0.001614	
2 48 100 3.520000	0.019294 0.009810	0.999613 0.000380	0.003787 0.005407	0.000343 0.001502	0.000548 0.002558	0.000183 0.000913	0.000388 0.001941	0.000400 0.003337	0.002364 0.007381	0.000125 0.000626	-0.000094 0.001057	
2 48 100 3.530000	0.021465 0.008409	0.999531 0.000357	0.001636 0.003202	0.001257 0.002593	0.001682 0.004718	0.000234 0.000839	0.000000 0.000001	0.000168 0.000839	0.001573 0.003574	0.000687 0.004089	0.000117 0.000586	
2 48 100 3.540000	0.017956 0.009663	0.999665 0.000328	0.002083 0.003123	-0.000059 0.000294	0.001113 0.002144	0.001352 0.004950	0.000925 0.002226	0.000000 0.000000	0.000757 0.001961	0.001130 0.005652	0.000339 0.003557	
2 48 100 3.550000	0.018379 0.009169	0.999648 0.000328	0.002179 0.007295	0.000242 0.000800	0.001294 0.003272	0.000192 0.002081	0.000085 0.002345	0.001142 0.004628	-0.000015 0.000077	0.000271 0.001894	0.000000 0.000000	
2 48 100 3.560000	0.015789 0.007629	0.999742 0.000241	0.002962 0.005099	0.000088 0.001746	0.001125 0.005184	0.000977 0.004887	0.001010 0.004184	0.000977 0.002469	0.002319 0.005484	0.000610 0.002272	0.000000 0.000000	
2 48 100 3.570000	0.017264 0.008139	0.999691 0.000285	0.003672 0.004585	0.000048 0.000240	0.000554 0.001709	0.000201 0.000591	0.002265 0.005822	0.001535 0.004043	-0.000186 0.000929	0.001544 0.002666	0.000657 0.003287	
2 48 100 3.580000	0.017950 0.009701	0.999667 0.000367	0.001842 0.006006	0.002121 0.005995	0.002647 0.005411	0.000042 0.000671	0.000583 0.002109	0.000410 0.004673	0.001375 0.005845	0.001858 0.003946	0.001052 0.005768	
2 48 100 3.590000	0.015113 0.009576	0.999755 0.000287	0.004765 0.007753	0.000000 0.000000	0.001457 0.003537	0.001076 0.005979	0.000000 0.000000	0.000146 0.000731	0.000224 0.000906	0.001662 0.006058	0.001508 0.005290	
2 48 100 3.600000	0.016493 0.009417	0.999716 0.000341	0.001321 0.001490	0.000146 0.000732	0.000528 0.001469	0.000933 0.001959	0.001183 0.004524	-0.000093 0.000467	0.000378 0.002031	0.000506 0.002530	0.000179 0.004166	
2 48 100 3.610000	0.019073 0.009828	0.999622 0.000340	0.002854 0.006029	0.000110 0.000548	0.000442 0.001876	0.000424 0.002119	0.000908 0.003520	0.000164 0.001445	0.000051 0.000256	0.000237 0.000674	0.000174 0.000366	
2 48 100 3.620000	0.012364 0.006312	0.999841 0.000160	0.003653 0.008031	0.000241 0.001207	0.000000 0.000000	0.000506 0.003842	0.001273 0.003187	0.002040 0.003772	0.001183 0.003538	0.001417 0.003772	0.001153 0.002603	
2 48 100 3.630000	0.011670 0.008657	0.999854 0.000213	0.006763 0.004220	0.000627 0.001819	0.002195 0.007322	0.000944 0.004719	0.001448 0.003230	0.001887 0.007372	0.000665 0.003823	0.000769 0.004549	0.001278 0.002673	
2 48 100 3.640000	0.013296 0.009847	0.999813 0.000244	0.003933 0.005794	0.001057 0.002872	0.001939 0.004942	0.000848 0.002837	0.000506 0.002411	0.001140 0.005495	0.000621 0.002280	0.001320 0.002253	0.001751 0.004041	
2 48 100 3.650000	0.016331 0.009773	0.999720 0.000318	0.002859 0.005715	0.000541 0.001502	0.001214 0.003557	0.001031 0.003168	0.001410 0.003760	0.000321 0.001606	0.002158 0.003573	0.000521 0.001941	0.000404 0.002312	
2 48 100 3.660000	0.018338 0.009141	0.999653 0.000314	0.002348 0.002124	0.000595 0.002973	0.000500 0.002500	0.000333 0.001665	0.000417 0.001003	0.000339 0.000826	0.000341 0.001705	0.000168 0.000838	0.000739 0.001880	
2 48 100 3.670000	0.017668 0.008568	0.999679 0.000310	0.004409 0.005372	0.000160 0.000801	0.001091 0.002437	-0.000012 0.000062	0.000971 0.002980	0.000713 0.002863	0.001043 0.003063	0.001187 0.005842	0.000000 0.000000	
2 48 100 3.680000	0.018235 0.009420	0.999651 0.000355	0.004070 0.003735	0.000000 0.000000	0.000713 0.001536	0.002250 0.004066	0.001033 0.002100	0.000986 0.004233	0.000000 0.000000	0.001519 0.003269	0.000682 0.003409	
2 48 100 3.690000	0.020349 0.006084	0.999582 0.000242	0.002788 0.007907	0.001600 0.004520	0.000847 0.003986	0.000167 0.000833	0.002113 0.005105	0.003098 0.005397	0.000028 0.000230	0.000954 0.003643	0.000321 0.002276	
2 48 100 3.700000	0.012924 0.009195	0.999823 0.000217	0.002790 0.006506	0.000079 0.000243	0.000805 0.003876	0.002173 0.003290	0.001743 0.003876	0.000437 0.001942	0.000442 0.001144	0.001487 0.005528	0.001822 0.004601	
2 48 100 3.710000	0.020309 0.009491	0.999578 0.000400	0.003757 0.004684	0.000654 0.001836	0.000177 0.000884	0.000317 0.001583	0.000474 0.001176	0.000050 0.000251	-0.000029 0.000106	0.000276 0.001382	0.000000 0.000000	
2 48 100 3.720000	0.020163 0.008587	0.999583 0.000358	0.001991 0.003884	0.000309 0.001546	0.000403 0.002014	0.000076 0.000615	0.000178 0.002350	0.000459 0.002294	0.000196 0.000979	0.000014 0.000071	0.000380 0.001900	
2 48 100 3.730000	0.020780 0.009615	0.999558 0.000425	0.002331 0.003972	0.000000 0.000000	0.000000 0.000000	0.000060 0.000300	0.000178 0.000688	0.000000 0.000000	0.000352 0.001761	0.001130 0.004520	0.000237 0.001516	
2 48 100 3.740000	0.020111 0.009619	0.999579 0.000369	0.005052 0.009199	0.000000 0.000000	0.000277 0.001384	0.000997 0.002801	0.000631 0.003291	0.000523 0.002652	0.001049 0.003160	0.001189 0.002216	0.000837 0.002553	
2 48 100 3.750000	0.018806 0.008953	0.999635 0.000304	0.003618 0.004613	0.000096 0.000337	0.000555 0.001383	0.000000 0.000000	0.000000 0.000000	0.000163 0.000598	0.000441 0.001039	0.000000 0.000000	0.000286 0.000828	
2 48 100 3.760000	0.012066 0.006065	0.999848 0.000144	0.000444 0.002486	0.002034 0.006467	0.001591 0.008755	-0.000784 0.002432	0.002145 0.003716	0.000110 0.000342	0.001672 0.001887	0.003601 0.008637	0.001742 0.004593	
2 48 100 3.770000	0.016868 0.008414	0.999707 0.000290	0.002290 0.007611	0.000425 0.003960	0.000092 0.000461	0.000268 0.002007	0.000512 0.001964	0.001271 0.003101	0.000454 0.002452	0.000587 0.001890	0.000094 0.000472	
2 48 100 3.780000	0.020360 0.009235	0.999574 0.000394	0.002652 0.005412	0.000097 0.000483	0.000338 0.001689	0.000133 0.000667	0.000189 0.000947	0.000578 0.001516	0.000094 0.000469	0.000178 0.000806	0.000692 0.002459	
2 48 100 3.790000	0.018574 0.008089	0.999645 0.000303	0.001299 0.004749	0.000000 0.000000	0.000837 0.002479	0.000029 0.000144	0.000918 0.003887	0.000000 0.000000	0.000507 0.002533	0.000000 0.000000	0.000440 0.001569	
2 48 100 3.800000	0.014927 0.008094	0.999767 0.000225	0.002255 0.003323	0.000270 0.001351	0.001189 0.004336	0.000205 0.001024	0.000000 0.000000	0.000000 0.000000	0.001131 0.003153	0.000240 0.000648	0.002229 0.003623	
2 48 100 3.810000	0.014922 0.007812	0.999766 0.000216	0.003694 0.005267	0.000397 0.002623	0.000915 0.001873	0.000109 0.001183	-0.000410 0.001204	0.001861 0.003618	0.000866 0.002909	0.000582 0.002151	0.002912 0.006828	
2 48 100 3.820000	0.013180 0.006507	0.999821 0.000189	0.004979 0.008603	0.002127 0.005540	0.000043 0.002230	0.001043 0.004369	0.001882 0.005517	0.000372 0.001859	0.001714 0.003612	0.000774 0.003763	0.001501 0.004202	
2 48 100 3.830000	0.016399 0.007261	0.999725 0.000253	0.002557 0.005803	0.000291 0.002128	0.000673 0.003363	0.000433 0.001293	0.000535 0.001419	0.000250 0.000719	0.000162 0.000812	0.000400 0.001328	0.000750 0.001985	
2 48 100 3.840000	0.016100 0.005537	0.999737 0.000174	0.004704 0.007060	0.000641 0.002658	0.001478 0.003762	0.000684 0.003418	0.000899 0.004680	0.000496 0.002036	0.000000 0.000000	0.000132 0.001759	0.002010 0.003489	
2 48 100 3.850000	0.006414 0.002596	0.999958 0.000033	0.002659 0.003541	0.001625 0.006152	0.000248 0.001238	0.001726 0.007390	0.002483 0.003488	0.002236 0.003902	0.001625 0.003881	0.000428 0.002142	0.001006 0.003480	
2 48 100 3.860000	0.021897 0.007040	0.999513 0.000314	0.001740 0.004280	0.000594 0.002969	0.001588 0.004102	0.000475 0.001508	0.000247 0.001237	0.000275 0.001893	-0.000286 0.000747	0.000026 0.000130	0.000026 0.000130	
2 48 100 3.870000	0.014739 0.009721	0.999773 0.000290	0.003350 0.007192	0.000434 0.001119	0.001490 0.007160	0.000000 0.000000	0.002234 0.006018	0.001268 0.005141	0.000000 0.000000	0.000000 0.000000	-0.000203 0.000808	
2 48 100 3.880000	0.017876 0.009291	0.999670 0.000338	0.003443 0.009089	0.000099 0.001608	0.000432 0.002159	0.000690 0.005908	0.003324 0.007544	0.000793 0.001783	0.000882 0.003862	0.000214 0.001069	0.001290 0.002822	
2 48 100 3.890000	0.018132 0.009246	0.999657 0.000307	0.001859 0.004079	0.001278 0.003785	0.000500 0.002031	0.003644 0.003697	0.001222 0.004372	0.002425 0.006708	-0.000531 0.002654	0.000869 0.002616	0.000000 0.000000	
2 48 100 3.900000	0.020628 0.008912	0.999565 0.000372	0.003591 0.008684	0.000281 0.001403	0.001029 0.003499	0.000381 0.001904	0.000512 0.001535	0.001370 0.005898	0.000587 0.002656	0.001688 0.003226	0.000000 0.000000	
2 48 100 3.910000	0.015895 0.005061	0.999744 0.000164	0.002744 0.004875	0.000591 0.002485	0.000235 0.001055	0.000777 0.003886	0.000529 0.002644	0.000894 0.003594	0.000140 0.000700	0.000598 0.002991	0.000362 0.001812	
2 48 100 3.920000	0.019207 0.009719	0.999619 0.000410	0.002541 0.007373	0.001955 0.005926	0.000708 0.003576	0.000955 0.003445	0.001259 0.003790	0.000000 0.000000	0.000663 0.003313	0.000885 0.004423	0.001378 0.004664	
2 48 100 3.930000	0.018573 0.007532	0.999645 0.000278	0.003137 0.006460	-0.000015 0.000073	0.000151 0.000556	0.000000 0.000000	0.000181 0.000906	0.000286 0.001431	0.000315 0.001575	0.000128 0.000380	0.000739 0.002557	
2 48 100 3.940000	0.018885 0.009116	0.999631 0.000357	0.002370 0.007146	0.001158 0.002534	-0.000041 0.000203	0.000924 0.003615	0.000388 0.001371	0.000876 0.003227	0.001243 0.004114	0.000000 0.000000	0.000241 0.001203	
2 48 100 3.950000	0.015188 0.008526	0.999758 0.000271	0.002347 0.005038	0.001014 0.002862	0.000408 0.002039	0.001146 0.002712	0.000000 0.000000	0.000187 0.000933	0.000000 0.000000	0.000726 0.002737	0.001680 0.006509	
2 48 100 3.960000	0.021530 0.007996	0.999527 0.000354	0.002491 0.002642	0.000930 0.002551	0.001215 0.004000	0.001081 0.008221	0.000000 0.000000	0.000232 0.002161	0.000615 0.003057	0.000298 0.001491	0.000064 0.000413	
2 48 100 3.970000	0.018278 0.009604	0.999656 0.000345	0.003501 0.003811	0.000000 0.000000	0.000185 0.000925	0.000225 0.001124	0.000663 0.002532	0.000000 0.000000	0.001320 0.002834	0.000000 0.000000	0.001767 0.003926	
2 48 100 3.980000	0.022855 0.009401	0.999465 0.000422	0.005252 0.003941	0.000667 0.001860	0.000582 0.002101	-0.000173 0.000863	0.001401 0.003573	0.000118 0.000592	-0.000369 0.001845	0.001864 0.003754	0.000644 0.003222	
2 48 100 3.990000	0.017115 0.009178	0.999695 0.000323	0.002210 0.002369	0.000617 0.001755	0.000422 0.001245	0.001409 0.002617	0.000361 0.000913	0.000270 0.001136	0.000404 0.001275	0.000631 0.001786	0.000673 0.001746	
2 48 100 4.000000	0.018990 0.008489	0.999630 0.000333	0.003575 0.003746	0.000182 0.000939	0.000000 0.000000	0.000977 0.003142	0.000280 0.002786	0.000522 0.002439	0.000686 0.001764	0.001527 0.004235	0.000210 0.001050	
