2 48 10 0.000000	0.999114 0.004237	0.001769 0.008456	0.000593 0.002573	0.000621 0.003103	0.000000 0.000000	0.000000 0.000000	0.000078 0.000391	0.000078 0.000391	0.000795 0.003585	0.000078 0.000391	0.000000 0.000000	
2 48 10 0.010000	0.999114 0.004237	0.001769 0.008456	0.000593 0.002573	0.000621 0.003103	0.000000 0.000000	0.000000 0.000000	0.000078 0.000391	0.000078 0.000391	0.000795 0.003585	0.000078 0.000391	0.000000 0.000000	
2 48 10 0.020000	0.998118 0.004875	0.003757 0.009727	0.000321 0.001607	0.000000 0.000000	0.001021 0.004271	0.000000 0.000000	0.001312 0.006558	0.000000 0.000000	0.000000 0.000000	0.001341 0.005704	0.000000 0.000000	
2 48 10 0.030000	0.998118 0.004875	0.003757 0.009727	0.000321 0.001607	0.000000 0.000000	0.001021 0.004271	0.000000 0.000000	0.001312 0.006558	0.000000 0.000000	0.000000 0.000000	0.001341 0.005704	0.000000 0.000000	
2 48 10 0.040000	0.998362 0.004539	0.003270 0.009057	0.000668 0.002919	0.000000 0.000000	0.001086 0.003270	0.000143 0.000713	0.000871 0.002919	0.000000 0.000000	0.000503 0.001800	0.000380 0.001900	0.000000 0.000000	
2 48 10 0.050000	0.997957 0.004473	0.004078 0.008922	0.000000 0.000000	0.000355 0.000913	0.000508 0.002540	0.001158 0.005792	0.001158 0.005792	0.001490 0.005792	0.002395 0.005792	0.001830 0.005792	0.000000 0.000000	
2 48 10 0.060000	0.997957 0.004473	0.004078 0.008922	0.000000 0.000000	0.000355 0.000913	0.000508 0.002540	0.001158 0.005792	0.001158 0.005792	0.001490 0.005792	0.002395 0.005792	0.001830 0.005792	0.000000 0.000000	
2 48 10 0.070000	0.999292 0.003542	0.001414 0.007072	0.000000 0.000000	0.000000 0.000000	0.000000 0.000000	0.000690 0.003450	0.000000 0.000000	0.000000 0.000000	0.000690 0.003450	0.000000 0.000000	0.000000 0.000000	
2 48 10 0.080000	0.999107 0.004386	0.001783 0.008752	0.000895 0.004315	0.001266 0.006329	0.001783 0.008752	0.001327 0.006477	0.000000 0.000000	0.001285 0.006427	0.001295 0.006477	0.000032 0.000160	0.001293 0.006304	
2 48 10 0.090000	0.998818 0.004782	0.002354 0.009541	0.000419 0.001504	0.000944 0.004719	0.000000 0.000000	0.001908 0.009541	0.000000 0.000000	0.000265 0.000846	0.000000 0.000000	0.001908 0.009541	0.000000 0.000000	
2 48 10 0.100000	0.998652 0.004605	0.002690 0.009186	0.000523 0.002616	0.000807 0.003354	0.000421 0.002106	0.000053 0.000267	0.000489 0.002446	0.000883 0.002900	0.000376 0.001260	0.000178 0.000619	0.000104 0.000522	
2 48 10 0.110000	0.997697 0.004856	0.004597 0.009689	0.001387 0.002723	0.000766 0.003420	0.000000 0.000000	0.000586 0.002928	0.000000 0.000000	0.000130 0.000650	0.000000 0.000000	0.000000 0.000000	0.000000 0.000000	
2 48 10 0.120000	0.998645 0.004546	0.002706 0.009071	0.000282 0.001408	0.000000 0.000000	0.000000 0.000000	0.000184 0.000919	0.000000 0.000000	0.000000 0.000000	0.000094 0.000469	0.000000 0.000000	0.000000 0.000000	
2 48 10 0.130000	0.998557 0.004967	0.002881 0.009909	0.000084 0.000419	0.000473 0.001204	0.000000 0.000000	0.000000 0.000000	0.000286 0.001432	0.000000 0.000000	0.000000 0.000000	0.002010 0.008752	0.000000 0.000000	
2 48 10 0.140000	0.998857 0.004533	0.002283 0.009045	0.001447 0.007237	0.000877 0.004384	0.000812 0.004062	0.001071 0.004986	0.002025 0.008504	0.001699 0.008494	0.000754 0.003771	0.000748 0.003741	0.000085 0.000425	
2 48 10 0.150000	0.998761 0.004168	0.002473 0.008318	0.000721 0.003603	0.000000 0.000000	0.000000 0.000000	0.000000 0.000000	0.000000 0.000000	0.000000 0.000000	0.000000 0.000000	0.000084 0.000422	0.000000 0.000000	
2 48 10 0.160000	0.998975 0.004930	0.002045 0.009836	0.000000 0.000000	0.000000 0.000000	0.000000 0.000000	0.000078 0.000390	0.000000 0.000000	0.000000 0.000000	0.000078 0.000390	0.000000 0.000000	0.000000 0.000000	
2 48 10 0.170000	0.997084 0.004263	0.005821 0.008505	0.000615 0.003075	0.000148 0.000742	0.000531 0.002653	0.000000 0.000000	0.000000 0.000000	0.000000 0.000000	0.000000 0.000000	0.000000 0.000000	0.000000 0.000000	
2 48 10 0.180000	0.999151 0.003223	0.001677 0.006527	0.000000 0.000000	0.000000 0.000000	0.000000 0.000000	0.000000 0.000000	0.000000 0.000000	0.000000 0.000000	0.000085 0.000427	0.000000 0.000000	0.000000 0.000000	
2 48 10 0.190000	0.998924 0.004882	0.002147 0.009739	0.001073 0.005367	0.001038 0.004831	0.000936 0.004681	0.000114 0.000572	0.000000 0.000000	0.000072 0.000361	0.000585 0.002923	0.000000 0.000000	0.000000 0.000000	
2 48 10 0.200000	0.999009 0.004953	0.001976 0.009881	0.000000 0.000000	0.000000 0.000000	0.001976 0.009881	0.000000 0.000000	0.000000 0.000000	0.001976 0.009881	0.001976 0.009881	0.000000 0.000000	0.001976 0.009881	
2 48 10 0.210000	0.998972 0.004937	0.002052 0.009850	0.001163 0.005813	0.001048 0.005242	0.000998 0.004992	0.000855 0.004277	0.000770 0.003849	0.001147 0.005737	0.001318 0.006429	0.001191 0.005956	0.001191 0.005955	
2 48 10 0.220000	0.999000 0.004998	0.001994 0.009971	0.001007 0.005033	0.000499 0.002497	0.000121 0.000607	0.001026 0.005130	0.001592 0.007962	0.000778 0.003888	0.000000 0.000000	0.000911 0.004553	0.000651 0.003257	
2 48 10 0.230000	0.998786 0.003765	0.002425 0.007515	0.000584 0.002352	0.000000 0.000000	0.000342 0.001709	0.000000 0.000000	0.000000 0.000000	0.000000 0.000000	0.000000 0.000000	0.000000 0.000000	0.000000 0.000000	
2 48 10 0.240000	0.998920 0.003198	0.002157 0.006386	0.000000 0.000000	0.000000 0.000000	0.000000 0.000000	0.000000 0.000000	0.000000 0.000000	0.000000 0.000000	0.000000 0.000000	0.000718 0.003591	0.000669 0.003344	
2 48 10 0.250000	0.999138 0.004312	0.001721 0.008606	0.000908 0.004542	0.000000 0.000000	0.000000 0.000000	0.000000 0.000000	0.000192 0.000959	0.000495 0.002475	0.000000 0.000000	0.000000 0.000000	0.000764 0.003818	
2 48 10 0.260000	0.998223 0.004684	0.003548 0.009345	0.001037 0.004080	0.000537 0.002687	0.000331 0.001654	0.000436 0.001547	0.000868 0.003919	0.000387 0.001937	0.000545 0.002419	0.000093 0.000463	0.000000 0.000000	
2 48 10 0.270000	0.999027 0.004866	0.001942 0.009708	0.000551 0.002757	0.000000 0.000000	0.000578 0.002890	0.000000 0.000000	0.000000 0.000000	0.000000 0.000000	0.000000 0.000000	0.000000 0.000000	0.000000 0.000000	
2 48 10 0.280000	0.999096 0.004210	0.001805 0.008403	0.000345 0.001725	0.000642 0.003209	0.000000 0.000000	0.000000 0.000000	0.000045 0.000223	0.000000 0.000000	0.000000 0.000000	0.000000 0.000000	0.000000 0.000000	
2 48 10 0.290000	0.998888 0.004697	0.002219 0.009373	0.000000 0.000000	0.000116 0.000582	0.000000 0.000000	0.000000 0.000000	0.000000 0.000000	0.000000 0.000000	0.000000 0.000000	0.000000 0.000000	0.000125 0.000624	
2 48 10 0.300000	0.998929 0.003852	0.002140 0.007688	0.000648 0.002625	0.000094 0.000469	0.000718 0.003589	0.000000 0.000000	0.000094 0.000469	0.000094 0.000469	0.000156 0.000469	0.000745 0.003252	0.000094 0.000469	
2 48 10 0.310000	0.999141 0.004184	0.001714 0.008350	0.000445 0.002004	0.000000 0.000000	0.000000 0.000000	0.000000 0.000000	0.000044 0.000220	0.000044 0.000220	0.000000 0.000000	0.000044 0.000220	0.000044 0.000220	
2 48 10 0.320000	0.998743 0.003723	0.002511 0.007432	0.001613 0.004490	0.000536 0.001714	0.000000 0.000000	0.000000 0.000000	0.000000 0.000000	0.000000 0.000000	0.000000 0.000000	0.000272 0.001194	0.000165 0.000826	
2 48 10 0.330000	0.996803 0.004976	0.006381 0.009925	0.002821 0.005261	0.001988 0.003399	0.000656 0.002721	0.000695 0.003474	0.000586 0.002929	0.000605 0.003027	0.000121 0.000604	0.000812 0.004058	0.000765 0.003827	
2 48 10 0.340000	0.997964 0.004138	0.004064 0.008257	0.000785 0.003926	0.000000 0.000000	0.000000 0.000000	0.000000 0.000000	0.000000 0.000000	0.000155 0.000395	0.000309 0.001543	0.000145 0.000724	0.000217 0.001084	
2 48 10 0.350000	0.994347 0.004272	0.011272 0.008500	0.002269 0.003903	0.001312 0.002818	0.001702 0.004264	0.000728 0.003641	0.000439 0.002194	0.001493 0.003771	0.000955 0.004776	0.000000 0.000000	0.000662 0.003308	
2 48 10 0.360000	0.998786 0.004594	0.002424 0.009165	0.000469 0.002345	0.000190 0.000949	0.000000 0.000000	0.000183 0.000915	0.000615 0.003077	0.000086 0.000289	0.000000 0.000000	0.000250 0.000882	0.000123 0.000615	
2 48 10 0.370000	0.998516 0.004305	0.002961 0.008598	0.000956 0.002691	0.000387 0.001934	0.000000 0.000000	0.000000 0.000000	0.000000 0.000000	0.000510 0.001331	0.000426 0.002128	0.000691 0.003454	0.000000 0.000000	
2 48 10 0.380000	0.997714 0.004922	0.004563 0.009816	0.001195 0.005975	0.000819 0.002735	0.000661 0.003303	0.000978 0.004891	0.000997 0.004286	0.000828 0.003611	0.000000 0.000000	0.000000 0.000000	0.000683 0.003416	
2 48 10 0.390000	0.998769 0.004623	0.002458 0.009223	0.000711 0.003555	0.000222 0.001109	0.000000 0.000000	0.000212 0.000799	0.000000 0.000000	0.000701 0.003348	0.000000 0.000000	0.000168 0.000552	0.000095 0.000474	
2 48 10 0.400000	0.997047 0.004756	0.005895 0.009485	0.000606 0.001755	0.001562 0.005823	0.000460 0.002298	0.000879 0.003838	0.000707 0.003008	0.000000 0.000000	0.000118 0.000588	0.000088 0.000442	0.000000 0.000000	
2 48 10 0.410000	0.995196 0.004641	0.009583 0.009232	0.000931 0.002688	0.001085 0.003810	0.000000 0.000000	0.000000 0.000000	0.000000 0.000000	0.000720 0.003601	0.000163 0.000817	0.000339 0.001693	0.000000 0.000000	
2 48 10 0.420000	0.998495 0.003488	0.003007 0.006964	0.000000 0.000000	0.000000 0.000000	0.000000 0.000000	0.000479 0.001807	0.000000 0.000000	0.000000 0.000000	0.000000 0.000000	0.000000 0.000000	0.000000 0.000000	
2 48 10 0.430000	0.996232 0.004969	0.007519 0.009899	0.001353 0.006362	0.001248 0.004915	0.000000 0.000000	0.001674 0.005317	0.000854 0.004272	0.000205 0.001026	0.000640 0.003121	0.000764 0.002327	0.000174 0.000868	
2 48 10 0.440000	0.996838 0.003462	0.006312 0.006901	0.001413 0.003970	0.000586 0.002931	0.000626 0.001781	0.000000 0.000000	0.000000 0.000000	0.000000 0.000000	0.000000 0.000000	0.001103 0.003096	0.000000 0.000000	
2 48 10 0.450000	0.997175 0.003821	0.005640 0.007612	0.000121 0.000607	0.000000 0.000000	0.000000 0.000000	0.000184 0.000921	0.000000 0.000000	0.000000 0.000000	0.000000 0.000000	0.000000 0.000000	0.000000 0.000000	
2 48 10 0.460000	0.996413 0.004929	0.007157 0.009817	0.001743 0.005013	0.000822 0.003153	0.001291 0.005461	0.001312 0.003377	0.001199 0.003086	0.000444 0.002220	0.000000 0.000000	0.000900 0.002039	0.000824 0.003573	
2 48 10 0.470000	0.996643 0.004137	0.006700 0.008244	0.000656 0.003282	0.000599 0.001821	0.000000 0.000000	0.000713 0.002839	0.000244 0.001219	0.000047 0.000235	0.000000 0.000000	0.000645 0.003135	0.000023 0.000114	
2 48 10 0.480000	0.994448 0.004859	0.011070 0.009661	0.002941 0.006181	0.000653 0.002855	0.000674 0.003368	0.001673 0.006101	0.001191 0.005954	0.000466 0.002332	0.000000 0.000000	0.000373 0.001865	0.001577 0.007515	
2 48 10 0.490000	0.995903 0.004466	0.008173 0.008883	0.001203 0.004290	0.000074 0.000372	0.000301 0.001506	0.000000 0.000000	0.000000 0.000000	0.000783 0.002021	0.000226 0.000570	0.000423 0.002113	0.000791 0.002248	
2 48 10 0.500000	0.994962 0.004400	0.010048 0.008748	0.001401 0.003322	0.000697 0.003487	0.000000 0.000000	0.001244 0.003625	0.000000 0.000000	0.000483 0.001620	0.000256 0.001278	0.000676 0.003378	0.000000 0.000000	
2 48 10 0.510000	0.993044 0.004448	0.013861 0.008829	0.001450 0.005867	0.000325 0.001623	0.000286 0.000943	0.000497 0.002483	0.001026 0.003479	0.000000 0.000000	0.001092 0.005462	0.000000 0.000000	0.001026 0.003635	
2 48 10 0.520000	0.993730 0.004423	0.012497 0.008779	0.001632 0.004013	0.000404 0.002021	0.000745 0.003726	0.000477 0.002385	0.000223 0.001115	0.001251 0.003542	0.000000 0.000000	0.000100 0.000502	0.000343 0.001715	
2 48 10 0.530000	0.991806 0.005044	0.016317 0.010000	0.002420 0.007198	0.001321 0.003642	0.000000 0.000000	0.000000 0.000000	0.000754 0.003319	0.000000 0.000000	0.000000 0.000000	0.001312 0.006559	0.001033 0.003622	
2 48 10 0.540000	0.987987 0.004873	0.023879 0.009623	0.003404 0.008703	0.001606 0.005999	0.000801 0.004007	0.000678 0.002523	0.001369 0.004025	0.001833 0.006064	0.000000 0.000000	0.000000 0.000000	0.000000 0.000000	
2 48 10 0.550000	0.990047 0.004830	0.019803 0.009562	0.000182 0.000908	0.001223 0.003344	0.000000 0.000000	0.000154 0.000771	0.000000 0.000000	0.000000 0.000000	0.000885 0.004068	0.000000 0.000000	0.000000 0.000000	
2 48 10 0.560000	0.988845 0.004522	0.022183 0.008938	0.001779 0.003077	0.002136 0.005253	0.000560 0.002801	0.000943 0.001626	0.000445 0.001325	0.000564 0.002818	0.000283 0.001415	0.000000 0.000000	0.000000 0.000000	
2 48 10 0.570000	0.987497 0.004531	0.024846 0.008944	0.001887 0.004503	0.000687 0.003435	0.000071 0.000356	0.000323 0.001613	0.000278 0.001391	0.000000 0.000000	0.000000 0.000000	0.000000 0.000000	0.001009 0.003706	
2 48 10 0.580000	0.983401 0.004752	0.032920 0.009338	0.004331 0.005103	0.001229 0.004093	0.001518 0.003822	0.001225 0.006124	0.000000 0.000000	0.000520 0.001684	0.000271 0.001355	0.000000 0.000000	0.000317 0.001586	
2 48 10 0.590000	0.981611 0.004754	0.036437 0.009337	0.002245 0.003589	0.000774 0.003872	0.001052 0.002792	0.000388 0.001524	0.000171 0.000856	0.000601 0.003005	0.000376 0.001882	0.000000 0.000000	0.000108 0.000541	
2 48 10 0.600000	0.979970 0.005055	0.039654 0.009903	0.003782 0.007298	0.000415 0.002074	0.000000 0.000000	0.000041 0.000206	0.001797 0.006904	0.001321 0.006606	0.000802 0.004012	0.001241 0.005069	0.000471 0.002357	
2 48 10 0.610000	0.977757 0.004393	0.043988 0.008588	0.003378 0.007463	0.000902 0.004510	0.000865 0.002348	0.000481 0.002403	0.000302 0.001510	0.000764 0.003820	0.000732 0.003662	0.000688 0.002182	0.000000 0.000000	
2 48 10 0.620000	0.972708 0.004786	0.053838 0.009314	0.004248 0.008035	0.000526 0.001897	0.000000 0.000000	0.002802 0.006367	0.000000 0.000000	0.000000 0.000000	0.000467 0.002333	0.000918 0.004592	0.000945 0.002745	
2 48 10 0.630000	0.968466 0.003452	0.062073 0.006688	0.005977 0.004810	0.005135 0.009841	0.001275 0.003880	0.000816 0.002130	0.000769 0.003847	0.000000 0.000000	0.000000 0.000000	0.001241 0.006204	0.001289 0.006446	
2 48 10 0.640000	0.965243 0.005126	0.068304 0.009898	0.007396 0.006384	0.001217 0.002423	0.001400 0.003939	0.001401 0.003726	0.001814 0.005792	0.002268 0.006754	0.000023 0.000113	0.000000 0.000000	0.000517 0.002583	
2 48 10 0.650000	0.954942 0.005013	0.088083 0.009571	0.012874 0.007857	0.001704 0.004694	0.003591 0.007364	-0.000002 0.000010	0.001638 0.006930	0.001099 0.002759	0.000857 0.002843	0.000975 0.004300	0.000467 0.002334	
2 48 10 0.660000	0.950442 0.005148	0.096655 0.009784	0.014537 0.006872	0.002666 0.004606	0.002629 0.005423	0.001499 0.005093	0.000135 0.000675	0.000684 0.003200	0.003475 0.008734	0.000157 0.000786	0.000000 0.000000	
2 48 10 0.670000	0.941071 0.005303	0.114381 0.009985	0.017179 0.002992	0.005087 0.004726	0.001645 0.003098	0.001242 0.002396	0.000287 0.001437	0.000661 0.003303	0.000841 0.001996	0.000952 0.002829	0.000163 0.000814	
2 48 10 0.680000	0.929940 0.005357	0.135208 0.009976	0.023506 0.001717	0.007066 0.003951	0.002252 0.004445	0.001960 0.005174	0.000392 0.001958	0.000934 0.002179	0.000442 0.001219	0.000000 0.000000	0.000253 0.001263	
2 48 10 0.690000	0.911399 0.005473	0.169347 0.009967	0.036355 0.005008	0.011941 0.007143	0.003586 0.005890	0.001330 0.002525	0.001590 0.003688	0.000634 0.002073	0.001011 0.002781	0.000213 0.001064	0.000193 0.000550	
2 48 10 0.700000	0.871395 0.005739	0.240664 0.010000	0.066125 0.008393	0.028448 0.007921	0.015691 0.005291	0.010306 0.005512	0.006337 0.004702	0.004845 0.002780	0.003969 0.004667	0.001504 0.002251	0.001445 0.002307	
2 48 10 0.710000	0.077109 0.009771	0.994044 0.001524	0.382922 0.005999	0.189164 0.007574	0.106754 0.007798	0.065694 0.008527	0.041026 0.006742	0.026623 0.008120	0.017173 0.009313	0.009754 0.007784	0.007215 0.008354	
2 48 10 0.720000	0.059945 0.004852	0.996404 0.000589	0.351619 0.007350	0.156923 0.007075	0.080226 0.009996	0.042350 0.005161	0.024192 0.004054	0.012590 0.003243	0.006964 0.002055	0.002763 0.001669	0.000611 0.001249	
2 48 10 0.730000	0.050046 0.009113	0.997486 0.000923	0.328910 0.007144	0.134877 0.009969	0.061763 0.008844	0.029002 0.006237	0.014398 0.005652	0.007157 0.007636	0.003119 0.004183	0.000222 0.001108	0.000000 0.000000	
2 48 10 0.740000	0.047677 0.002614	0.997726 0.000247	0.317293 0.009834	0.122499 0.005785	0.051546 0.001087	0.023655 0.003137	0.010658 0.003213	0.003561 0.002411	0.000190 0.000522	0.000057 0.000287	0.000000 0.000000	
2 48 10 0.750000	0.044485 0.007828	0.998013 0.000687	0.300176 0.009606	0.108485 0.006319	0.044073 0.005940	0.017669 0.003809	0.006754 0.005378	0.002739 0.006704	0.000968 0.002462	0.000794 0.003968	0.000000 0.000000	
2 48 10 0.760000	0.042207 0.006821	0.998213 0.000580	0.291627 0.009807	0.099503 0.008759	0.037432 0.003286	0.014176 0.003861	0.005631 0.001573	0.002375 0.003814	0.000260 0.001287	0.000000 0.000000	0.000000 0.000000	
2 48 10 0.770000	0.039137 0.006207	0.998463 0.000503	0.276959 0.009528	0.091123 0.008787	0.032360 0.008858	0.011343 0.006710	0.002164 0.004077	0.001376 0.004673	0.001035 0.003258	0.000299 0.000847	0.000096 0.000479	
2 48 10 0.780000	0.039946 0.001923	0.998404 0.000153	0.267227 0.009650	0.083178 0.008376	0.029610 0.008784	0.011030 0.007264	0.004188 0.004795	0.000630 0.001647	0.000398 0.001992	0.000509 0.001526	0.000000 0.000000	
2 48 10 0.790000	0.036030 0.004256	0.998700 0.000304	0.258329 0.008002	0.073937 0.009293	0.025521 0.009564	0.008142 0.002666	0.002284 0.005634	0.001337 0.003818	0.000000 0.000000	0.000272 0.001360	0.000464 0.001514	
2 48 10 0.800000	0.036129 0.004832	0.998692 0.000349	0.247924 0.009912	0.071042 0.005496	0.022658 0.006316	0.007189 0.002604	0.001199 0.002341	0.000260 0.001299	0.000000 0.000000	0.000494 0.002472	0.000281 0.001407	
2 48 10 0.810000	0.034975 0.007521	0.998771 0.000519	0.246132 0.009847	0.066537 0.004101	0.018187 0.007496	0.003705 0.003941	0.000550 0.001574	0.000962 0.002452	0.000457 0.001161	0.000129 0.000645	0.000000 0.000000	
2 48 10 0.820000	0.032756 0.004572	0.998924 0.000300	0.238799 0.009881	0.062048 0.007132	0.017302 0.003508	0.005314 0.005400	0.000443 0.001811	0.000985 0.004355	0.000467 0.002333	0.000450 0.002251	0.000463 0.001715	
2 48 10 0.830000	0.033210 0.003143	0.998896 0.000212	0.229884 0.009632	0.056853 0.002677	0.016330 0.002771	0.003715 0.006688	0.000826 0.002471	0.000872 0.002862	0.000326 0.001632	0.000142 0.000711	0.000000 0.000000	
2 48 10 0.840000	0.031053 0.008135	0.999027 0.000532	0.216366 0.009307	0.052928 0.009976	0.015454 0.009266	0.002558 0.004839	0.000529 0.002647	0.000000 0.000000	0.000000 0.000000	0.000950 0.003396	0.001002 0.003225	
2 48 10 0.850000	0.033133 0.007482	0.998894 0.000472	0.222015 0.009802	0.054885 0.008777	0.013561 0.005596	0.003854 0.006335	0.000713 0.003176	0.000000 0.000000	0.000773 0.003101	0.000639 0.001908	0.000114 0.000568	
2 48 10 0.860000	0.032709 0.003758	0.998929 0.000246	0.213193 0.009574	0.049012 0.003599	0.012883 0.006942	0.001899 0.004565	0.000667 0.002776	0.000925 0.003790	0.000336 0.001680	0.000639 0.002597	0.000053 0.000266	
2 48 10 0.870000	0.032328 0.006266	0.998948 0.000405	0.209159 0.009755	0.049409 0.003006	0.011328 0.005598	0.001842 0.003593	0.000983 0.004028	0.001125 0.003314	0.000442 0.001434	0.000000 0.000000	0.000541 0.001971	
2 48 10 0.880000	0.031784 0.006959	0.998982 0.000449	0.206724 0.009260	0.046680 0.004572	0.009980 0.004854	0.003165 0.008511	0.000059 0.000293	0.000846 0.002762	0.000909 0.003443	0.000709 0.002293	0.000696 0.002220	
2 48 10 0.890000	0.031463 0.004477	0.999007 0.000280	0.195814 0.009951	0.044461 0.007477	0.008919 0.002618	0.001374 0.003861	0.000282 0.001411	0.000037 0.000186	0.000125 0.000624	0.001526 0.003503	0.001101 0.005505	
2 48 10 0.900000	0.029779 0.008410	0.999104 0.000481	0.192425 0.007541	0.038237 0.009538	0.006812 0.007993	0.002134 0.006791	0.000000 0.000000	0.000635 0.003174	0.001786 0.006344	0.001228 0.004584	0.000000 0.000000	
2 48 10 0.910000	0.028968 0.008843	0.999151 0.000525	0.190626 0.009355	0.038014 0.004316	0.008742 0.003868	0.000837 0.003783	0.000269 0.001343	0.000599 0.002997	0.000205 0.001024	0.000433 0.001735	0.001280 0.004902	
2 48 10 0.920000	0.028983 0.003284	0.999158 0.000190	0.182839 0.009468	0.037531 0.002638	0.005533 0.003004	0.001337 0.002900	0.000464 0.001352	0.000317 0.001586	0.000000 0.000000	0.000000 0.000000	0.000427 0.001321	
2 48 10 0.930000	0.024996 0.008513	0.999366 0.000433	0.181716 0.009484	0.039263 0.007367	0.005648 0.006541	0.001828 0.002382	0.001726 0.003567	0.000000 0.000000	0.000000 0.000000	0.000000 0.000000	0.000000 0.000000	
2 48 10 0.940000	0.029653 0.007255	0.999112 0.000445	0.178888 0.007758	0.032323 0.008482	0.006540 0.005613	0.004398 0.009581	0.001700 0.005525	0.001363 0.003615	0.000358 0.001789	0.001584 0.005716	0.000679 0.003395	
2 48 10 0.950000	0.028934 0.006131	0.999157 0.000352	0.173128 0.009870	0.031824 0.004652	0.006458 0.003498	0.000247 0.001235	0.000448 0.002240	0.000065 0.000326	0.000148 0.000738	0.000695 0.002657	0.000630 0.003151	
2 48 10 0.960000	0.025604 0.002456	0.999344 0.000126	0.170379 0.009877	0.026934 0.002746	0.004790 0.008794	0.000000 0.000000	0.000087 0.001652	0.000000 0.000000	0.000833 0.003372	0.001028 0.004438	0.000845 0.004223	
2 48 10 0.970000	0.028104 0.007108	0.999204 0.000389	0.168295 0.009901	0.029787 0.007624	0.005460 0.002493	0.000247 0.000807	0.000000 0.000000	0.000805 0.004027	0.000583 0.002219	0.000133 0.000663	0.000446 0.002231	
2 48 10 0.980000	0.027232 0.005661	0.999254 0.000323	0.163593 0.009474	0.030925 0.009202	0.004141 0.002175	0.000000 0.000000	0.001008 0.003808	0.000815 0.002995	0.000820 0.002198	0.000689 0.001852	0.000879 0.004393	
2 48 10 0.990000	0.028858 0.007763	0.999157 0.000450	0.165015 0.009813	0.026797 0.005575	0.006223 0.005579	0.000457 0.002284	0.000599 0.002996	0.000768 0.003371	0.000000 0.000000	0.001874 0.005161	0.001138 0.004612	
2 48 10 1.000000	0.026963 0.004357	0.999271 0.000240	0.161151 0.009246	0.026973 0.005341	0.003695 0.006447	0.001980 0.004757	0.001491 0.004456	0.000080 0.000296	0.000568 0.002838	0.000000 0.000000	0.000139 0.001011	
2 48 10 1.010000	0.024566 0.006643	0.999391 0.000334	0.157852 0.007195	0.024854 0.009162	0.004552 0.005717	0.000549 0.001567	0.001843 0.006435	0.000000 0.000000	0.001107 0.006311	0.001182 0.004924	0.000380 0.001902	
2 48 10 1.020000	0.026325 0.003671	0.999306 0.000193	0.157926 0.009963	0.023487 0.006509	0.004332 0.008703	0.000944 0.003443	0.002363 0.006157	0.000053 0.000263	0.000441 0.001288	0.002178 0.006425	0.002808 0.007133	
2 48 10 1.030000	0.027593 0.009448	0.999227 0.000510	0.150916 0.009066	0.023491 0.004161	0.002489 0.006626	0.000526 0.002630	0.000275 0.001374	0.001296 0.002689	0.000046 0.000232	0.000193 0.000967	0.001044 0.003091	
2 48 10 1.040000	0.024997 0.004880	0.999372 0.000244	0.150675 0.005836	0.024642 0.007989	0.005550 0.009873	0.000685 0.003425	0.001346 0.004997	0.000412 0.002062	0.002341 0.004182	0.000312 0.001561	0.001831 0.004635	
2 48 10 1.050000	0.026726 0.006632	0.999281 0.000361	0.149055 0.009556	0.022622 0.007075	0.004328 0.007050	0.000520 0.001174	0.000327 0.001636	0.000757 0.003786	0.000423 0.002114	0.000849 0.004246	0.001167 0.002252	
2 48 10 1.060000	0.026326 0.009667	0.999293 0.000488	0.144728 0.008040	0.019590 0.005036	0.002284 0.006430	0.000703 0.001963	0.000043 0.000216	0.000849 0.003412	0.000495 0.001446	0.000141 0.000704	0.001474 0.003990	
2 48 10 1.070000	0.026646 0.006825	0.999284 0.000376	0.143324 0.008477	0.021022 0.004708	0.001844 0.003712	0.000086 0.000581	0.001780 0.005892	0.001176 0.005882	0.000487 0.002434	0.000231 0.001156	0.001181 0.003538	
2 48 10 1.080000	0.028696 0.008913	0.999168 0.000521	0.141017 0.005862	0.021033 0.009827	0.002693 0.005209	0.000289 0.001444	0.001188 0.005139	0.000562 0.002812	0.000000 0.000000	0.000339 0.000915	0.000819 0.002483	
2 48 10 1.090000	0.024304 0.006467	0.999405 0.000304	0.140394 0.009665	0.021888 0.009711	0.001752 0.003950	0.000108 0.000527	0.000250 0.001248	0.000591 0.001985	0.001128 0.003642	0.000176 0.000881	0.000841 0.002904	
2 48 10 1.100000	0.026544 0.006807	0.999289 0.000340	0.135966 0.009876	0.018803 0.005384	0.002887 0.005519	0.001558 0.007565	0.000394 0.001969	0.001339 0.004322	0.002352 0.006611	0.000014 0.000070	0.000299 0.001495	
2 48 10 1.110000	0.027858 0.008826	0.999215 0.000469	0.139636 0.009521	0.018869 0.006271	0.002654 0.004728	0.001114 0.005572	0.000168 0.000838	0.000541 0.002706	0.001021 0.004763	0.000066 0.000329	0.000484 0.002422	
2 48 10 1.120000	0.024916 0.006866	0.999372 0.000339	0.137062 0.007160	0.014901 0.008763	0.001928 0.004535	0.002407 0.009503	0.000978 0.002928	0.000742 0.002201	0.002153 0.005645	0.000745 0.002056	0.001167 0.003648	
2 48 10 1.130000	0.025563 0.006555	0.999340 0.000334	0.132269 0.009064	0.020407 0.005292	0.001746 0.004331	0.000419 0.002093	0.001153 0.005766	0.000723 0.003616	0.000833 0.003692	0.000642 0.003144	0.001889 0.004314	
2 48 10 1.140000	0.025288 0.008255	0.999350 0.000412	0.127003 0.009195	0.016117 0.009633	0.002059 0.003713	0.001951 0.005154	0.001563 0.004459	0.000503 0.002534	0.001298 0.006491	0.003154 0.009720	0.001328 0.005245	
2 48 10 1.150000	0.024475 0.005604	0.999396 0.000278	0.124731 0.008809	0.017092 0.002965	0.002902 0.006482	0.001782 0.008531	0.000606 0.001804	0.001755 0.004712	0.000568 0.002840	0.000102 0.000512	0.000106 0.000530	
2 48 10 1.160000	0.027404 0.009921	0.999235 0.000557	0.126863 0.009596	0.017440 0.008552	0.001976 0.007164	0.000893 0.003839	0.000399 0.001795	0.000767 0.003138	0.000371 0.001019	0.001087 0.003305	0.002454 0.003739	
2 48 10 1.170000	0.024961 0.004362	0.999374 0.000218	0.124835 0.009665	0.014858 0.005400	0.002614 0.003009	0.001985 0.003323	0.000519 0.002594	0.000685 0.001729	0.000354 0.001372	0.001143 0.003382	0.001648 0.003336	
2 48 10 1.180000	0.024084 0.007117	0.999414 0.000360	0.125812 0.009423	0.017578 0.005602	0.002511 0.004574	0.003730 0.006849	0.000595 0.002286	0.000814 0.002210	0.000132 0.001442	0.000528 0.002642	0.000775 0.003963	
2 48 10 1.190000	0.023951 0.008351	0.999415 0.000388	0.122940 0.005957	0.015948 0.004555	0.003479 0.009680	0.003289 0.009089	0.000761 0.002024	0.002041 0.006411	0.001235 0.003779	0.001403 0.005463	0.001202 0.006010	
2 48 10 1.200000	0.027236 0.004268	0.999255 0.000235	0.123291 0.009791	0.013428 0.004346	0.000808 0.002432	0.000766 0.003832	0.001596 0.003770	0.000519 0.001887	0.000114 0.000571	0.000495 0.001936	0.000562 0.002809	
2 48 10 1.210000	0.023965 0.007246	0.999419 0.000332	0.121122 0.007877	0.013252 0.004414	0.001391 0.003011	0.001455 0.004738	0.000305 0.001280	0.001297 0.003833	0.000317 0.001587	0.001500 0.004299	0.000759 0.002652	
2 48 10 1.220000	0.023181 0.008340	0.999455 0.000372	0.114725 0.009394	0.014412 0.006794	0.001358 0.005017	0.001106 0.005531	0.000543 0.002715	0.000591 0.002295	0.000000 0.000000	0.001017 0.002407	0.000858 0.003921	
2 48 10 1.230000	0.025884 0.005445	0.999326 0.000283	0.116259 0.004838	0.013004 0.008529	0.001659 0.004409	0.001543 0.006082	0.000000 0.000000	0.001366 0.003489	0.001570 0.005893	0.000311 0.001557	-0.000274 0.001369	
2 48 10 1.240000	0.023759 0.003920	0.999433 0.000193	0.116642 0.009605	0.012474 0.007353	0.002348 0.005367	0.000706 0.002840	0.000000 0.000000	0.000000 0.000000	0.000006 0.000028	0.001212 0.002788	0.001235 0.006176	
2 48 10 1.250000	0.023481 0.009790	0.999432 0.000476	0.112973 0.009446	0.016114 0.004801	0.002494 0.007402	0.000000 0.000000	0.001423 0.004942	0.001637 0.004295	0.001227 0.006136	0.001651 0.006598	0.001158 0.002507	
2 48 10 1.260000	0.025634 0.006758	0.999336 0.000343	0.111898 0.009737	0.011863 0.004591	0.001509 0.006304	0.000923 0.002646	0.000575 0.001575	0.001301 0.004633	0.000000 0.000000	0.000948 0.004742	0.000694 0.003468	
2 48 10 1.270000	0.024382 0.002803	0.999405 0.000136	0.114357 0.008469	0.012354 0.003395	0.001648 0.002819	0.000321 0.000742	0.001312 0.004386	0.001827 0.006846	0.002351 0.005292	0.001353 0.006766	0.000669 0.003008	
2 48 10 1.280000	0.023052 0.006730	0.999462 0.000304	0.107587 0.007680	0.010105 0.009763	0.001742 0.005945	0.001878 0.009562	0.000310 0.001550	0.000471 0.002353	0.000559 0.002795	0.000110 0.000548	0.001498 0.007490	
2 48 10 1.290000	0.023028 0.003790	0.999466 0.000172	0.107950 0.004214	0.012545 0.009677	0.003534 0.005245	0.001286 0.006429	0.000617 0.001905	0.001684 0.004084	0.003145 0.006319	0.000985 0.003577	0.001928 0.009642	
2 48 10 1.300000	0.022830 0.006593	0.999474 0.000297	0.109913 0.009166	0.013128 0.009879	0.002177 0.004673	0.002963 0.005314	0.001437 0.003617	0.001823 0.004111	0.000532 0.002659	0.000555 0.001557	0.001440 0.003043	
2 48 10 1.310000	0.023139 0.005639	0.999461 0.000256	0.104320 0.009153	0.011111 0.007541	0.000716 0.002399	0.001162 0.002718	0.000525 0.001418	0.000018 0.000091	0.000451 0.001719	0.000820 0.001863	0.000000 0.000000	
2 48 10 1.320000	0.024043 0.002209	0.999421 0.000106	0.106227 0.009590	0.011946 0.009519	0.002495 0.005383	0.000509 0.002442	0.000461 0.001920	0.000461 0.001447	0.000670 0.003349	0.000117 0.000587	0.000600 0.003001	
2 48 10 1.330000	0.021401 0.003738	0.999540 0.000163	0.104579 0.009254	0.013676 0.007002	0.004311 0.007364	0.002833 0.006606	0.001112 0.003840	0.001468 0.004264	0.001774 0.005639	0.000386 0.001722	0.004245 0.009359	
2 48 10 1.340000	0.022558 0.006388	0.999487 0.000284	0.103059 0.004492	0.010905 0.009676	0.000000 0.000000	0.000422 0.002111	0.002655 0.004358	0.001533 0.006380	-0.000105 0.000526	0.000084 0.000871	0.001645 0.004386	
2 48 10 1.350000	0.022429 0.004577	0.999493 0.000205	0.102565 0.009550	0.010689 0.004538	0.001669 0.003797	0.001165 0.005667	0.000482 0.001429	0.001295 0.003199	0.000365 0.001043	0.000888 0.003443	0.001280 0.003281	
2 48 10 1.360000	0.022065 0.005634	0.999510 0.000245	0.101156 0.006633	0.010091 0.008977	0.003625 0.007529	0.001050 0.002825	0.000000 0.000000	0.000000 0.000000	0.002195 0.006836	0.002002 0.006646	0.000000 0.000000	
2 48 10 1.370000	0.024180 0.003390	0.999414 0.000165	0.099560 0.006523	0.006504 0.008456	0.000385 0.001924	0.000303 0.001513	0.001231 0.003108	0.002686 0.006919	0.001465 0.004909	0.000883 0.004053	0.000000 0.000000	
2 48 10 1.380000	0.026569 0.004773	0.999291 0.000253	0.100483 0.008440	0.008656 0.006885	0.000490 0.001543	0.000333 0.001664	0.000809 0.004044	0.000131 0.000655	0.000175 0.000875	0.001822 0.002925	0.000821 0.004106	
2 48 10 1.390000	0.021038 0.005273	0.999554 0.000225	0.093365 0.003338	0.011551 0.009409	0.001498 0.007488	0.003084 0.006377	0.000931 0.004655	0.002522 0.008895	0.002209 0.007882	0.003058 0.007689	0.000913 0.004123	
2 48 10 1.400000	0.022154 0.006574	0.999504 0.000289	0.095940 0.005833	0.007764 0.008067	0.000552 0.001637	0.001196 0.005070	0.001719 0.008595	0.000944 0.002610	0.001188 0.004532	0.001449 0.004634	0.000934 0.003087	
2 48 10 1.410000	0.022174 0.006793	0.999502 0.000292	0.094241 0.009734	0.008136 0.008010	0.001018 0.004734	0.000331 0.001645	0.000708 0.002745	0.001106 0.003797	0.000000 0.000000	0.000983 0.002999	0.001109 0.002911	
2 48 10 1.420000	0.022500 0.005477	0.999490 0.000256	0.093328 0.009319	0.009173 0.004925	0.000301 0.001503	0.000823 0.002155	0.000100 0.000502	0.000000 0.000000	0.000449 0.002243	0.000000 0.000000	0.000161 0.000641	
2 48 10 1.430000	0.024641 0.009542	0.999379 0.000493	0.096613 0.002440	0.007656 0.007169	0.000952 0.002996	-0.000015 0.000076	0.001306 0.005517	0.000374 0.001872	0.000666 0.003126	0.000517 0.001432	0.000344 0.001128	
2 48 10 1.440000	0.023623 0.008590	0.999432 0.000395	0.091984 0.009651	0.008762 0.004678	0.000848 0.004239	0.000868 0.002212	0.000434 0.002168	0.000000 0.000000	0.000000 0.000000	0.001040 0.002173	0.000257 0.001286	
2 48 10 1.450000	0.021116 0.007745	0.999547 0.000344	0.100402 0.009623	0.006485 0.008770	0.002238 0.005986	0.000278 0.001390	0.001220 0.004294	0.001151 0.005754	0.002049 0.005258	0.000109 0.000543	0.003567 0.005686	
2 48 10 1.460000	0.022023 0.008141	0.999506 0.000340	0.092883 0.009976	0.010626 0.006833	0.000686 0.003429	0.000970 0.004851	0.000000 0.000000	0.001630 0.003721	0.000000 0.000000	-0.000002 0.000011	0.000628 0.003140	
2 48 10 1.470000	0.024928 0.009352	0.999368 0.000472	0.091760 0.006421	0.005268 0.004051	0.003041 0.006601	0.002792 0.007044	0.000395 0.001973	0.002526 0.005171	0.000000 0.000000	0.001357 0.003508	0.000374 0.001871	
2 48 10 1.480000	0.024254 0.003750	0.999410 0.000184	0.087935 0.009862	0.008515 0.006084	0.000846 0.004232	0.001076 0.002721	0.001397 0.003723	0.000000 0.000000	0.000415 0.002077	0.000000 0.000000	0.000000 0.000000	
2 48 10 1.490000	0.021620 0.002744	0.999532 0.000121	0.090111 0.005493	0.007734 0.007921	0.000069 0.000345	0.001102 0.002985	0.001123 0.003707	0.000704 0.003849	0.000000 0.000000	0.000299 0.001493	0.000481 0.002407	
2 48 10 1.500000	0.022453 0.006366	0.999489 0.000289	0.087027 0.006694	0.006030 0.009465	0.000118 0.001496	0.001704 0.004557	0.000459 0.002293	0.000971 0.003091	0.002049 0.008725	-0.000033 0.000163	-0.000087 0.000435	
2 48 10 1.510000	0.021243 0.007916	0.999538 0.000336	0.088433 0.007605	0.008349 0.006342	0.002528 0.006814	0.001123 0.002893	0.000416 0.002081	0.000583 0.002917	0.001825 0.003839	0.001745 0.007322	0.001775 0.004093	
2 48 10 1.520000	0.021683 0.004892	0.999527 0.000215	0.087232 0.009755	0.007826 0.006570	0.001214 0.002994	0.000716 0.003582	0.000157 0.000787	0.000630 0.003148	0.000000 0.000000	0.000000 0.000000	0.000434 0.002169	
2 48 10 1.530000	0.022535 0.006968	0.999486 0.000330	0.088578 0.008879	0.007527 0.009508	-0.000025 0.000126	0.001776 0.006276	0.001492 0.004695	0.001338 0.003650	0.000278 0.001126	0.002151 0.008154	0.000748 0.002937	
2 48 10 1.540000	0.020292 0.006466	0.999583 0.000275	0.085154 0.009544	0.006812 0.007400	0.002012 0.006569	0.001347 0.005650	0.002164 0.005808	0.001320 0.003158	0.000620 0.001620	0.000349 0.001747	0.001633 0.006622	
2 48 10 1.550000	0.023573 0.005000	0.999440 0.000234	0.083407 0.002209	0.009004 0.008685	0.002079 0.004490	0.000892 0.004462	0.000237 0.002119	0.000672 0.001347	0.001031 0.002612	-0.000123 0.000614	0.000158 0.000788	
2 48 10 1.560000	0.020482 0.007673	0.999573 0.000313	0.085527 0.009800	0.009262 0.007909	0.000971 0.004854	0.000243 0.000707	0.001043 0.006155	0.001027 0.005096	0.000585 0.002925	-0.000117 0.000450	0.000563 0.002817	
2 48 10 1.570000	0.021698 0.007372	0.999523 0.000313	0.082689 0.009760	0.006781 0.001526	0.000955 0.003656	0.000578 0.001779	0.000314 0.001571	0.000787 0.002558	0.000413 0.002064	0.000473 0.002367	0.001737 0.004517	
2 48 10 1.580000	0.022291 0.007715	0.999495 0.000317	0.084211 0.006865	0.005350 0.007777	0.001928 0.003098	0.000166 0.000832	0.001464 0.005525	0.000638 0.002567	0.002291 0.007325	0.002665 0.006196	0.001516 0.007580	
2 48 10 1.590000	0.021214 0.005535	0.999546 0.000239	0.079705 0.009083	0.006473 0.003931	0.002057 0.006791	0.000516 0.000979	0.000810 0.003483	0.000422 0.002112	0.000222 0.001109	0.001884 0.004593	0.000543 0.002493	
2 48 10 1.600000	0.024273 0.009101	0.999402 0.000431	0.083373 0.009742	0.010129 0.005261	0.000665 0.002003	0.000308 0.001587	0.001884 0.005067	0.000069 0.000345	0.000348 0.001738	0.000566 0.004493	0.000359 0.001793	
2 48 10 1.610000	0.019657 0.004000	0.999611 0.000160	0.082079 0.008822	0.004983 0.005687	0.002023 0.004057	0.000114 0.000449	0.000508 0.002539	0.001298 0.002466	0.000993 0.002907	0.001229 0.003945	0.000631 0.002224	
2 48 10 1.620000	0.023471 0.006077	0.999445 0.000288	0.082240 0.004581	0.008350 0.004220	0.001317 0.005397	0.000445 0.001995	0.001018 0.002936	0.002010 0.006120	0.001363 0.005410	0.000480 0.002589	0.002370 0.004780	
2 48 10 1.630000	0.022257 0.007051	0.999496 0.000296	0.078865 0.009383	0.006084 0.009721	0.000488 0.002440	0.000494 0.001571	0.000000 0.000000	0.000185 0.000530	0.001364 0.004953	0.001135 0.004030	0.000277 0.001386	
2 48 10 1.640000	0.021384 0.004337	0.999539 0.000186	0.077949 0.003442	0.005280 0.008464	0.002111 0.006122	0.000637 0.003185	0.000000 0.000000	0.000647 0.003440	0.001831 0.008696	0.000363 0.001814	0.002072 0.005218	
2 48 10 1.650000	0.022224 0.005542	0.999501 0.000249	0.076914 0.009614	0.005974 0.008278	0.001469 0.004984	0.000833 0.003710	0.001415 0.003856	0.000158 0.000790	0.000094 0.000468	0.000966 0.004104	0.001814 0.006510	
2 48 10 1.660000	0.022296 0.003858	0.999501 0.000165	0.075986 0.008753	0.004663 0.003621	0.000601 0.003013	0.002059 0.005602	0.001363 0.003128	0.002110 0.004316	0.000763 0.003816	0.000863 0.002552	0.000430 0.002152	
2 48 10 1.670000	0.021125 0.009389	0.999544 0.000418	0.074281 0.008283	0.005313 0.009076	0.001630 0.005008	0.000111 0.000555	0.001135 0.002982	0.000000 0.000000	0.002266 0.008613	0.000575 0.002877	0.000627 0.003135	
2 48 10 1.680000	0.019920 0.005101	0.999599 0.000199	0.077089 0.007784	0.003266 0.006723	0.001179 0.004514	0.000283 0.001415	0.000809 0.002021	0.001047 0.005237	0.001586 0.007932	0.001935 0.009673	0.000533 0.002013	
2 48 10 1.690000	0.021243 0.004532	0.999546 0.000194	0.074520 0.007509	0.006153 0.005167	0.000904 0.004521	0.001539 0.002707	0.000669 0.003020	0.000533 0.002663	0.000060 0.000300	-0.000028 0.000138	0.000828 0.004140	
2 48 10 1.700000	0.024245 0.008755	0.999402 0.000424	0.072077 0.006572	0.005406 0.006451	0.003460 0.009793	0.000859 0.002688	0.001574 0.004987	-0.000347 0.001733	0.000748 0.003740	0.001223 0.004233	0.001015 0.005073	
2 48 10 1.710000	0.022811 0.007261	0.999474 0.000335	0.079960 0.007641	0.005923 0.009130	0.001040 0.005201	0.001451 0.004276	0.000286 0.001009	0.000478 0.002388	0.000931 0.001684	0.000358 0.001788	0.000704 0.002218	
2 48 10 1.720000	0.022066 0.005671	0.999509 0.000255	0.073297 0.009649	0.004496 0.006841	0.000508 0.002541	0.000000 0.000000	0.000762 0.003810	0.001113 0.005673	0.000329 0.001643	0.000236 0.001178	0.001440 0.006276	
2 48 10 1.730000	0.021301 0.002955	0.999545 0.000126	0.072819 0.009868	0.006465 0.006126	0.000847 0.002729	0.000969 0.001972	0.001057 0.003452	0.000688 0.002130	0.000583 0.001481	0.000078 0.000389	0.000000 0.000000	
2 48 10 1.740000	0.021361 0.007618	0.999534 0.000305	0.076200 0.009412	0.003859 0.009734	0.000404 0.002164	0.000000 0.000000	0.000653 0.003264	0.000126 0.000631	0.000982 0.004150	0.001458 0.004595	0.002779 0.006470	
2 48 10 1.750000	0.023347 0.009163	0.999444 0.000411	0.070078 0.007932	0.005218 0.005047	0.000000 0.000000	0.000791 0.003955	0.000768 0.004612	0.000366 0.001831	0.000588 0.002939	0.001554 0.006014	0.001116 0.002401	
2 48 10 1.760000	0.021716 0.008852	0.999519 0.000409	0.071784 0.008664	0.004129 0.007331	0.002221 0.004356	0.002562 0.005146	0.001213 0.004501	0.001847 0.004604	0.000106 0.000531	0.001142 0.002986	0.000000 0.000000	
2 48 10 1.770000	0.022291 0.006120	0.999499 0.000274	0.071458 0.003517	0.005263 0.008515	0.003155 0.007122	0.001101 0.002979	0.000000 0.000000	0.000633 0.003165	0.001359 0.003502	0.002195 0.008971	0.001141 0.003780	
2 48 10 1.780000	0.020086 0.005005	0.999593 0.000195	0.069932 0.009113	0.004094 0.006187	0.000000 0.000000	0.000403 0.001110	0.001612 0.004311	0.000994 0.003928	0.001597 0.005351	0.000000 0.000000	-0.000182 0.000909	
2 48 10 1.790000	0.021237 0.006366	0.999543 0.000271	0.072146 0.009651	0.004949 0.009578	0.003463 0.009276	0.001808 0.005170	0.000457 0.001025	0.000000 0.000000	0.001523 0.007617	0.000262 0.001151	0.000680 0.003402	
2 48 10 1.800000	0.024141 0.006136	0.999410 0.000297	0.077361 0.008392	0.003374 0.005335	0.002036 0.005318	0.000870 0.004348	0.000641 0.003204	0.000453 0.001181	0.001527 0.007634	0.000118 0.002027	0.002779 0.009133	
2 48 10 1.810000	0.020715 0.009942	0.999556 0.000381	0.070725 0.009175	0.007131 0.007953	0.000424 0.002119	0.000000 0.000000	0.001274 0.003447	0.001403 0.002712	0.000562 0.001351	0.001668 0.004290	0.000118 0.000590	
2 48 10 1.820000	0.022789 0.005179	0.999477 0.000232	0.071853 0.008848	0.001918 0.001260	0.000564 0.002459	0.001526 0.004300	0.002328 0.006124	0.000091 0.000455	0.002224 0.009008	0.000297 0.001485	0.000171 0.001243	
2 48 10 1.830000	0.021763 0.004186	0.999524 0.000178	0.066212 0.008749	0.003059 0.002229	0.002177 0.003200	0.001937 0.005167	0.001412 0.004252	0.001526 0.003894	0.000741 0.003706	0.000890 0.004450	0.001040 0.005024	
2 48 10 1.840000	0.021401 0.004399	0.999539 0.000180	0.065181 0.009943	0.005721 0.007357	0.000177 0.000678	0.000688 0.003805	0.001591 0.003666	0.000062 0.000310	0.000398 0.001988	0.002225 0.004724	0.000726 0.001843	
2 48 10 1.850000	0.021036 0.007130	0.999549 0.000294	0.065886 0.007207	0.005038 0.003806	0.001309 0.005785	0.001339 0.006693	0.002675 0.009280	0.000000 0.000000	0.000334 0.001671	0.001476 0.006258	0.001332 0.003518	
2 48 10 1.860000	0.021378 0.005297	0.999539 0.000223	0.066224 0.009979	0.004108 0.007303	0.000702 0.002905	0.001210 0.002480	0.000622 0.002361	0.000194 0.000972	0.000951 0.004756	0.002349 0.008207	0.000156 0.000781	
2 48 10 1.870000	0.022205 0.009541	0.999496 0.000422	0.067069 0.008936	0.000968 0.001724	0.002588 0.009831	0.000588 0.004252	0.000909 0.002787	0.002887 0.008172	0.000741 0.003704	0.001730 0.004146	0.001021 0.002559	
2 48 10 1.880000	0.022509 0.004351	0.999491 0.000199	0.065668 0.009968	0.001964 0.005165	0.000760 0.003799	0.002736 0.009792	0.000000 0.000000	0.001138 0.004476	0.000643 0.001196	0.001175 0.003359	0.000761 0.003803	
2 48 10 1.890000	0.020896 0.004477	0.999561 0.000191	0.066189 0.009906	0.004092 0.007401	0.000409 0.002495	0.000000 0.000000	0.001285 0.003992	0.000420 0.000804	0.000790 0.001991	0.000399 0.001636	0.000763 0.002322	
2 48 10 1.900000	0.020386 0.003060	0.999583 0.000120	0.064655 0.009665	0.004804 0.004775	0.000957 0.003494	0.000982 0.003047	0.000139 0.001058	0.000405 0.001304	0.000699 0.002542	-0.000008 0.000041	0.000000 0.000000	
2 48 10 1.910000	0.018303 0.005516	0.999661 0.000209	0.064154 0.009217	0.002445 0.005339	0.001838 0.004227	0.002104 0.005401	0.000874 0.004370	0.001299 0.003919	0.002512 0.006813	0.001531 0.007655	0.000000 0.000000	
2 48 10 1.920000	0.019397 0.009572	0.999613 0.000388	0.068950 0.008591	0.002297 0.005242	0.000275 0.001376	0.001337 0.003976	0.005585 0.008469	0.000051 0.000257	0.001350 0.006233	0.000000 0.000000	0.000087 0.000291	
2 48 10 1.930000	0.019041 0.006046	0.999633 0.000239	0.061700 0.009129	0.004094 0.009283	0.001458 0.003804	0.001881 0.004841	0.000988 0.003467	0.000117 0.000585	0.001045 0.002991	0.000938 0.002757	0.001039 0.002126	
2 48 10 1.940000	0.019708 0.006253	0.999606 0.000232	0.062067 0.009034	0.002132 0.006610	0.000624 0.005937	0.000404 0.001913	0.001376 0.004561	0.000865 0.002419	0.002987 0.009791	0.003000 0.007537	0.000912 0.003200	
2 48 10 1.950000	0.020430 0.003958	0.999581 0.000164	0.066014 0.009353	0.003393 0.007963	0.000439 0.002195	0.000899 0.004198	0.000466 0.001283	0.000580 0.001705	0.000837 0.003343	0.001425 0.004237	0.001201 0.004013	
2 48 10 1.960000	0.020054 0.008406	0.999589 0.000350	0.062282 0.009107	0.003439 0.008100	0.000367 0.001887	0.000000 0.000000	0.000936 0.003050	0.003160 0.006769	0.001104 0.005519	0.000562 0.002894	0.000213 0.001066	
2 48 10 1.970000	0.024150 0.008232	0.999409 0.000403	0.062751 0.008780	0.001666 0.006069	0.001934 0.003902	0.000000 0.000000	0.005100 0.009103	0.001572 0.007859	0.001936 0.009681	0.000000 0.000000	0.001556 0.005018	
2 48 10 1.980000	0.020951 0.007143	0.999555 0.000293	0.061874 0.008777	0.004658 0.006104	0.002814 0.004940	0.000000 0.000000	0.000391 0.001160	0.002592 0.006012	0.002461 0.005582	0.001534 0.007645	0.000000 0.000000	
2 48 10 1.990000	0.017583 0.009857	0.999680 0.000328	0.058537 0.007068	0.005533 0.006689	0.000813 0.004066	0.001431 0.004448	0.002888 0.008654	0.001139 0.005696	0.000808 0.004403	0.001634 0.008172	0.000621 0.002798	
2 48 10 2.000000	0.018953 0.007587	0.999635 0.000280	0.059130 0.009676	0.008154 0.005439	0.002002 0.004671	0.000328 0.001387	0.001630 0.003644	0.001112 0.003154	0.001981 0.005693	0.000753 0.003765	0.000615 0.003075	
2 48 10 2.010000	0.021101 0.004607	0.999552 0.000198	0.059843 0.009591	0.002190 0.005397	0.000620 0.003099	0.002209 0.004862	0.000884 0.002547	0.000427 0.002135	0.001035 0.003851	0.001071 0.005353	0.001136 0.007468	
2 48 10 2.020000	0.021687 0.007480	0.999521 0.000325	0.064869 0.009439	0.003461 0.007409	0.001429 0.004021	0.000939 0.004697	0.001186 0.003955	0.001154 0.003353	0.000000 0.000000	0.000153 0.000765	0.001285 0.006426	
2 48 10 2.030000	0.023347 0.006369	0.999448 0.000288	0.059691 0.009484	0.000453 0.002265	0.000000 0.000000	0.000000 0.000000	0.000630 0.003150	0.001032 0.004322	0.000605 0.002209	0.000000 0.000000	0.001193 0.006328	
2 48 10 2.040000	0.019860 0.006814	0.999600 0.000278	0.061757 0.009864	0.008155 0.007511	0.003253 0.008279	0.000390 0.001949	0.002139 0.007594	0.002539 0.004759	0.001239 0.004843	0.000000 0.000000	0.001054 0.003666	
2 48 10 2.050000	0.021031 0.008211	0.999550 0.000336	0.060693 0.009583	0.004729 0.008597	0.001478 0.004472	0.001595 0.005229	0.001440 0.003650	0.000519 0.002594	0.000893 0.004463	0.000000 0.000000	0.000400 0.001999	
2 48 10 2.060000	0.020579 0.003066	0.999575 0.000124	0.057459 0.009793	0.001726 0.004602	0.000872 0.003576	0.001702 0.003959	0.000578 0.001668	0.001020 0.005099	0.000486 0.002100	0.001672 0.005293	0.001778 0.005857	
2 48 10 2.070000	0.022034 0.009714	0.999500 0.000434	0.058364 0.009787	0.002133 0.007075	0.001257 0.004112	0.001364 0.006822	0.000571 0.003447	0.000839 0.002321	0.001320 0.003714	0.000696 0.003482	0.000272 0.001362	
2 48 10 2.080000	0.020447 0.009758	0.999568 0.000415	0.061104 0.007681	0.001724 0.005640	0.000217 0.001083	0.000360 0.002146	0.001242 0.006209	0.000000 0.000000	0.001450 0.004446	0.000000 0.000000	0.002226 0.007741	
2 48 10 2.090000	0.019477 0.004468	0.999617 0.000173	0.060819 0.008902	0.001382 0.004759	0.000000 0.000000	0.000985 0.002706	0.000990 0.004952	0.001504 0.003295	0.000000 0.000000	0.000475 0.002374	0.001653 0.006430	
2 48 10 2.100000	0.023916 0.006602	0.999422 0.000316	0.055380 0.007026	0.004541 0.009890	0.000889 0.004446	-0.000071 0.000355	0.002197 0.006572	0.000748 0.003739	0.001999 0.005530	0.003486 0.009360	0.000191 0.000954	
2 48 10 2.110000	0.020047 0.005514	0.999595 0.000216	0.057967 0.009115	0.003111 0.006634	0.000644 0.002103	0.000232 0.001158	0.000645 0.002472	0.000521 0.001788	0.001119 0.004459	0.000000 0.000000	0.000000 0.000000	
2 48 10 2.120000	0.022389 0.007360	0.999491 0.000306	0.056120 0.007012	0.005971 0.005543	0.001578 0.007892	0.002013 0.006874	0.001263 0.006315	0.000871 0.002208	0.000045 0.000224	0.002186 0.004459	0.000238 0.001191	
2 48 10 2.130000	0.020935 0.006770	0.999556 0.000275	0.059297 0.008761	0.001947 0.007258	0.000615 0.003075	0.002241 0.005448	0.000745 0.003724	0.000410 0.002048	0.000000 0.000000	0.000079 0.000821	0.002520 0.009691	
2 48 10 2.140000	0.022627 0.009565	0.999472 0.000453	0.057319 0.009813	0.003199 0.008457	0.001230 0.004304	0.000209 0.001044	0.000051 0.000254	0.000452 0.001817	0.001089 0.004676	0.001846 0.006439	0.000516 0.002581	
2 48 10 2.150000	0.018130 0.007988	0.999662 0.000296	0.056519 0.008242	0.003726 0.008454	0.000000 0.000000	0.000837 0.002546	0.000527 0.002633	0.004335 0.009385	0.001551 0.007472	-0.000072 0.000728	0.001422 0.004621	
2 48 10 2.160000	0.017683 0.007574	0.999681 0.000257	0.056813 0.008073	0.002762 0.007970	-0.000129 0.000645	0.002276 0.005914	0.000420 0.002100	0.000000 0.000000	0.000440 0.001345	0.000472 0.001415	0.000000 0.000000	
2 48 10 2.170000	0.021635 0.004763	0.999530 0.000208	0.054828 0.004792	0.002626 0.004041	0.000587 0.002935	0.000647 0.003236	0.000000 0.000000	0.001553 0.005218	0.000290 0.000826	0.000216 0.001081	0.000653 0.003193	
2 48 10 2.180000	0.019032 0.007969	0.999629 0.000303	0.054382 0.006231	0.004353 0.006649	0.002162 0.005609	-0.000028 0.000138	0.001999 0.006430	0.002005 0.006559	0.000684 0.002151	0.002162 0.008957	0.001273 0.005810	
2 48 10 2.190000	0.020349 0.005908	0.999582 0.000246	0.052346 0.008840	0.001256 0.003438	-0.000334 0.001671	0.001450 0.003093	0.000476 0.002381	0.001002 0.004013	0.000902 0.004508	0.001958 0.006115	0.001079 0.005396	
2 48 10 2.200000	0.020465 0.004628	0.999578 0.000190	0.057014 0.009958	0.002740 0.005504	0.000215 0.001077	0.000540 0.002005	0.001685 0.005166	0.001769 0.003740	0.002525 0.005258	0.002094 0.004561	0.000598 0.002988	
2 48 10 2.210000	0.022160 0.008472	0.999501 0.000374	0.055545 0.009767	0.003384 0.008321	0.000107 0.000536	0.000707 0.003533	0.000232 0.000758	0.002748 0.007648	0.002616 0.008594	0.000479 0.001762	0.000805 0.004027	
2 48 10 2.220000	0.023002 0.006915	0.999465 0.000312	0.049056 0.004087	0.002224 0.008752	0.002363 0.005795	0.000304 0.003650	0.001519 0.003610	0.001117 0.003052	0.000686 0.002248	0.000000 0.000000	0.000740 0.003490	
2 48 10 2.230000	0.019741 0.007174	0.999605 0.000278	0.052885 0.008835	0.003270 0.007392	0.000711 0.002027	0.002182 0.005568	0.001438 0.005753	0.000724 0.003619	0.000000 0.000000	0.000176 0.001663	0.002141 0.005993	
2 48 10 2.240000	0.020846 0.008131	0.999557 0.000356	0.053106 0.009872	0.000061 0.001261	0.000145 0.000727	0.000332 0.001661	0.000918 0.002767	0.000297 0.001603	0.002350 0.006618	0.000797 0.003155	0.000102 0.000510	
2 48 10 2.250000	0.021252 0.007387	0.999542 0.000305	0.052563 0.005931	0.002392 0.006041	0.000723 0.003613	0.000812 0.004059	0.002836 0.009077	0.001035 0.002504	0.000382 0.001908	0.001648 0.008239	0.001552 0.007758	
2 48 10 2.260000	0.018759 0.008010	0.999639 0.000291	0.054592 0.008714	0.000266 0.001332	0.002501 0.005792	0.001103 0.005517	0.001368 0.006841	0.000741 0.001616	0.001016 0.004782	0.000393 0.001963	0.000000 0.000000	
2 48 10 2.270000	0.017975 0.005760	0.999673 0.000205	0.056312 0.009828	0.003281 0.009577	0.001610 0.004124	0.000978 0.006002	0.001266 0.004642	0.001027 0.004621	0.000285 0.000743	0.001571 0.004360	0.002182 0.003956	
2 48 10 2.280000	0.020595 0.008607	0.999567 0.000349	0.048859 0.007804	0.001078 0.004879	0.003535 0.008669	0.000672 0.003358	0.000492 0.002442	0.000000 0.000000	0.000662 0.002483	0.000833 0.004165	0.001487 0.003165	
2 48 10 2.290000	0.019930 0.005693	0.999599 0.000236	0.055213 0.008227	0.001762 0.008810	0.000680 0.003400	0.000622 0.001695	0.000917 0.004583	0.001706 0.004671	0.002300 0.006023	0.002098 0.005981	0.001419 0.002614	
2 48 10 2.300000	0.019893 0.003468	0.999603 0.000133	0.047980 0.008636	0.001507 0.003977	0.001795 0.005120	0.000920 0.002992	0.001316 0.004267	0.000633 0.003012	0.000550 0.002749	0.001386 0.002896	0.001573 0.004451	
2 48 10 2.310000	0.021854 0.005281	0.999518 0.000237	0.051389 0.009051	0.001671 0.004132	0.003164 0.007962	0.003006 0.005317	0.002302 0.007679	0.001658 0.005558	0.000806 0.004530	0.000022 0.000112	0.000639 0.003711	
2 48 10 2.320000	0.021926 0.006162	0.999515 0.000275	0.051709 0.009585	0.003073 0.006616	0.001510 0.004890	0.000527 0.001424	0.000408 0.001106	0.000351 0.001485	-0.000024 0.000120	0.000839 0.004452	0.000949 0.006593	
2 48 10 2.330000	0.019382 0.008351	0.999613 0.000318	0.053368 0.007887	0.003514 0.008877	0.001771 0.005517	0.002586 0.006509	0.000925 0.004626	0.000487 0.002234	0.000988 0.003612	0.000467 0.001593	0.001496 0.003958	
2 48 10 2.340000	0.019659 0.008295	0.999602 0.000317	0.049010 0.005874	0.002293 0.005585	0.002963 0.009874	0.002197 0.006860	0.001327 0.003953	0.002209 0.006122	0.002855 0.008688	0.002838 0.005859	0.001901 0.009503	
2 48 10 2.350000	0.021554 0.007292	0.999527 0.000326	0.051905 0.007674	0.003107 0.008555	0.001272 0.006362	0.000276 0.001381	0.000842 0.003453	0.001483 0.005069	0.002012 0.008583	0.000236 0.001180	0.002340 0.009585	
2 48 10 2.360000	0.019555 0.006005	0.999613 0.000243	0.051776 0.008807	0.001107 0.003638	0.001485 0.006262	0.001862 0.006136	0.003736 0.009275	0.000143 0.000715	0.000954 0.001901	0.001786 0.004439	0.001512 0.006706	
2 48 10 2.370000	0.024365 0.005276	0.999402 0.000261	0.051515 0.006473	0.002246 0.004527	0.001825 0.004604	0.001793 0.008963	0.000307 0.005544	0.000213 0.001063	0.001646 0.007341	0.001573 0.004500	0.003088 0.009139	
2 48 10 2.380000	0.021508 0.008026	0.999531 0.000337	0.048467 0.008852	0.000484 0.001283	0.000665 0.002256	0.000000 0.000000	0.000533 0.002667	0.000000 0.000000	0.000000 0.000000	0.000410 0.001738	0.001508 0.003922	
2 48 10 2.390000	0.020531 0.009380	0.999567 0.000406	0.051801 0.002505	0.001488 0.005633	0.001901 0.004767	0.001822 0.005789	0.001745 0.004611	0.001622 0.008110	0.002324 0.006960	0.001219 0.005031	0.000136 0.000679	
2 48 10 2.400000	0.018178 0.006639	0.999663 0.000238	0.045118 0.009537	0.001273 0.006365	0.000957 0.003792	0.000136 0.000678	0.001359 0.006795	0.002821 0.009340	0.001167 0.005836	0.000292 0.001462	0.001136 0.004575	
2 48 10 2.410000	0.019720 0.009613	0.999600 0.000355	0.056055 0.009357	0.003436 0.007386	0.000000 0.000000	0.002515 0.006544	0.001961 0.008024	0.000136 0.000682	0.002242 0.006661	0.002678 0.006846	0.003442 0.009052	
2 48 10 2.420000	0.021673 0.009051	0.999521 0.000393	0.048728 0.009478	0.002304 0.005803	0.000000 0.000000	0.003902 0.008483	0.000670 0.002576	0.002018 0.006469	0.000000 0.000000	0.002580 0.007228	0.000648 0.001971	
2 48 10 2.430000	0.020329 0.005908	0.999582 0.000243	0.046934 0.008258	0.003191 0.008901	0.000182 0.000909	0.003220 0.007257	0.002210 0.004803	0.000683 0.003715	0.001164 0.003196	0.000546 0.001973	0.000177 0.000883	
2 48 10 2.440000	0.018226 0.004193	0.999665 0.000154	0.047740 0.003514	0.003026 0.008705	0.002580 0.006601	0.001175 0.005875	0.001087 0.005433	0.002485 0.005778	0.000000 0.000000	0.001645 0.005888	0.001298 0.006492	
2 48 10 2.450000	0.019440 0.005724	0.999617 0.000229	0.048888 0.009751	0.004429 0.005214	0.001185 0.003142	0.000626 0.003131	0.000857 0.006585	0.000015 0.000077	0.000794 0.003645	0.000490 0.002448	0.002408 0.004785	
2 48 10 2.460000	0.019361 0.009611	0.999615 0.000352	0.051799 0.009009	0.003508 0.008826	0.000323 0.001616	0.000751 0.003756	0.001947 0.004663	0.001493 0.004892	0.001032 0.005161	0.000000 0.000000	0.002739 0.007234	
2 48 10 2.470000	0.019685 0.004358	0.999611 0.000174	0.047329 0.008386	0.002569 0.005615	0.003425 0.008629	0.004073 0.008476	0.002107 0.007786	0.001127 0.006255	0.001342 0.004395	0.002058 0.003292	0.000271 0.001356	
2 48 10 2.480000	0.019200 0.007981	0.999622 0.000305	0.047512 0.009168	0.002630 0.007527	0.000000 0.000000	0.002868 0.006410	0.000274 0.001368	0.001455 0.004616	0.001693 0.006933	0.001353 0.005143	-0.000041 0.001883	
2 48 10 2.490000	0.020071 0.001985	0.999597 0.000079	0.047792 0.009822	0.001638 0.005183	0.002386 0.005023	0.001656 0.005267	0.000229 0.001145	0.001591 0.005380	0.000770 0.003255	0.001272 0.005173	0.000708 0.002393	
2 48 10 2.500000	0.020279 0.004796	0.999586 0.000191	0.050126 0.008121	0.000991 0.003368	0.000130 0.000650	0.000676 0.002178	0.000814 0.004071	0.000405 0.002026	0.000174 0.000673	0.000000 0.000000	0.001558 0.004750	
2 48 10 2.510000	0.023722 0.006519	0.999431 0.000329	0.047078 0.007938	0.002054 0.004887	0.001981 0.008036	0.000331 0.001657	0.000258 0.000881	0.000000 0.000000	0.000430 0.002152	0.000155 0.000774	0.000921 0.002795	
2 48 10 2.520000	0.020608 0.007326	0.999570 0.000298	0.052393 0.008876	0.002097 0.007308	0.003677 0.007378	0.001191 0.005955	0.001939 0.004008	0.000412 0.002059	0.002734 0.009263	0.000837 0.004187	0.000371 0.001855	
2 48 10 2.530000	0.021152 0.006941	0.999546 0.000295	0.042931 0.009329	0.003501 0.008385	0.002695 0.006142	0.001579 0.005116	0.001330 0.003596	0.000678 0.003390	0.002377 0.009497	0.000000 0.000000	0.000283 0.001413	
2 48 10 2.540000	0.022362 0.005734	0.999496 0.000258	0.047985 0.009277	0.001457 0.003900	0.001276 0.003988	0.000000 0.000000	0.000931 0.003558	0.000939 0.001960	0.001961 0.006157	0.000677 0.001570	0.000204 0.001308	
2 48 10 2.550000	0.021110 0.005470	0.999550 0.000237	0.047372 0.009341	0.000768 0.003491	0.000707 0.002363	0.000799 0.002928	0.000816 0.004036	0.000992 0.003025	0.001553 0.003705	0.000610 0.001817	0.000633 0.003167	
2 48 10 2.560000	0.022876 0.009544	0.999467 0.000449	0.046535 0.005339	0.001586 0.004103	0.000478 0.002076	0.002588 0.006085	0.000127 0.000634	0.002189 0.009651	0.000209 0.001047	0.003240 0.009607	0.000115 0.000574	
2 48 10 2.570000	0.018775 0.009191	0.999638 0.000360	0.046182 0.009486	0.003682 0.008421	0.000595 0.001359	0.002754 0.006630	0.001685 0.006646	0.000931 0.003012	0.002738 0.004216	0.000545 0.002388	0.000319 0.000997	
2 48 10 2.580000	0.021689 0.008636	0.999520 0.000405	0.043718 0.009752	0.001806 0.004527	0.000370 0.001544	-0.000206 0.001028	0.000305 0.001524	0.000521 0.002519	0.000500 0.002500	0.003331 0.008167	0.000612 0.003058	
2 48 10 2.590000	0.016469 0.007208	0.999721 0.000223	0.045525 0.009881	0.002743 0.008148	0.000319 0.001595	0.002859 0.007434	0.003059 0.009831	0.001732 0.008660	0.001185 0.005927	0.001424 0.004078	0.000533 0.002666	
2 48 10 2.600000	0.020832 0.007956	0.999559 0.000346	0.044762 0.009059	0.001950 0.005279	0.002135 0.006729	0.002916 0.007032	0.002996 0.009480	0.003090 0.008129	0.000000 0.000000	0.001303 0.003778	0.000000 0.000000	
2 48 10 2.610000	0.016475 0.002473	0.999728 0.000081	0.044957 0.006847	0.000000 0.000000	0.000904 0.002918	0.003393 0.008624	0.000000 0.000000	0.002182 0.007221	0.000508 0.002169	0.001799 0.007744	0.001022 0.004168	
2 48 10 2.620000	0.021827 0.003190	0.999522 0.000138	0.042291 0.008405	0.004653 0.008801	0.002416 0.005191	0.002102 0.009134	0.001079 0.003022	0.001303 0.003938	0.001249 0.005118	0.000000 0.000000	0.001555 0.004318	
2 48 10 2.630000	0.019067 0.005608	0.999633 0.000207	0.044503 0.008888	0.001917 0.005848	0.001119 0.003752	0.000466 0.002330	0.001860 0.005823	0.000175 0.000873	0.001417 0.005794	0.001920 0.003805	0.000599 0.002997	
2 48 10 2.640000	0.021826 0.006662	0.999518 0.000289	0.045070 0.007877	0.003604 0.005590	0.000000 0.000000	0.000574 0.002594	0.002181 0.008437	0.004154 0.009489	0.000802 0.003698	0.001807 0.005441	0.001293 0.004783	
2 48 10 2.650000	0.019941 0.009611	0.999589 0.000371	0.041850 0.009884	0.001192 0.005892	0.001562 0.005845	0.000374 0.001381	0.002214 0.005143	0.000402 0.002009	0.000560 0.002443	0.001006 0.005030	0.001270 0.003889	
2 48 10 2.660000	0.021617 0.005251	0.999529 0.000235	0.042897 0.009180	0.002083 0.005524	0.003053 0.009254	0.001282 0.006408	0.000684 0.003419	0.001655 0.008276	0.000080 0.000398	0.000890 0.002930	0.002676 0.007265	
2 48 10 2.670000	0.021826 0.007945	0.999516 0.000341	0.042672 0.009059	0.002025 0.005234	0.002577 0.006590	0.001406 0.003292	0.000482 0.001762	0.001246 0.004470	0.001230 0.006152	0.002302 0.006914	0.001517 0.005190	
2 48 10 2.680000	0.019733 0.009663	0.999600 0.000401	0.041489 0.003619	0.003519 0.006374	0.002563 0.009861	0.001489 0.004510	0.002161 0.004544	0.001646 0.007943	0.000846 0.004228	0.000657 0.002535	0.001825 0.004569	
2 48 10 2.690000	0.019803 0.009079	0.999597 0.000383	0.044593 0.007291	0.001648 0.005381	0.001671 0.003189	0.001554 0.005235	0.000000 0.000000	0.001315 0.003249	0.003210 0.008197	0.002225 0.005602	0.000000 0.000000	
2 48 10 2.700000	0.018443 0.001776	0.999659 0.000064	0.044005 0.008307	0.003677 0.006618	0.001145 0.002982	0.001421 0.007106	0.000000 0.000000	0.001918 0.004935	0.002565 0.007048	0.000000 0.000000	0.000563 0.003245	
2 48 10 2.710000	0.018079 0.006596	0.999668 0.000241	0.040233 0.006072	0.001269 0.005108	0.003156 0.006094	0.001486 0.007428	0.000988 0.004475	0.006569 0.009214	0.001596 0.005203	0.000479 0.002397	0.000000 0.000000	
2 48 10 2.720000	0.018981 0.007028	0.999633 0.000247	0.040150 0.009404	0.001466 0.003359	0.001832 0.004751	0.000000 0.000000	0.000946 0.003352	0.000844 0.002791	0.002205 0.005111	0.000000 0.000000	0.000169 0.000844	
2 48 10 2.730000	0.019620 0.007502	0.999609 0.000280	0.041042 0.008503	0.002589 0.006899	0.000308 0.003172	0.002425 0.007016	0.000775 0.003874	0.000675 0.003376	0.001018 0.005090	0.002090 0.005874	0.000509 0.004338	
2 48 10 2.740000	0.019605 0.002702	0.999615 0.000108	0.040703 0.009873	0.001058 0.002242	0.000737 0.003684	0.002188 0.004673	0.001853 0.004014	0.002055 0.005530	0.001083 0.004419	0.000000 0.000000	0.000118 0.000589	
2 48 10 2.750000	0.018532 0.004565	0.999653 0.000165	0.042247 0.009495	0.001452 0.005032	0.002632 0.004567	0.000220 0.000947	0.000907 0.004533	0.000576 0.002548	0.003361 0.008412	0.001128 0.004315	0.001705 0.004558	
2 48 10 2.760000	0.019029 0.006159	0.999633 0.000248	0.042488 0.009766	0.000696 0.003479	0.002983 0.004876	0.001055 0.004180	0.001751 0.005134	0.002913 0.008476	0.002104 0.006267	0.000278 0.001391	0.000000 0.000000	
2 48 10 2.770000	0.020981 0.009515	0.999546 0.000400	0.039404 0.007918	0.002265 0.006421	0.001311 0.004007	0.001847 0.004834	0.001290 0.003357	0.000255 0.001166	0.000000 0.000000	0.000792 0.003482	0.000752 0.003194	
2 48 10 2.780000	0.018446 0.009099	0.999649 0.000323	0.039464 0.003925	0.001312 0.006560	0.001937 0.006239	0.003268 0.009821	0.000663 0.002638	0.000258 0.004980	0.003256 0.007668	0.001480 0.005650	0.000000 0.000000	
2 48 10 2.790000	0.019515 0.006338	0.999613 0.000253	0.040187 0.009137	0.003227 0.009621	0.002454 0.008067	0.000626 0.001808	0.002773 0.009950	0.001860 0.004097	0.001434 0.005897	0.002153 0.009308	0.000498 0.002489	
2 48 10 2.800000	0.021337 0.006576	0.999537 0.000293	0.039066 0.009321	0.002246 0.009268	0.001433 0.004104	0.001785 0.002748	0.000921 0.002488	0.000713 0.003563	0.000804 0.001484	0.001397 0.003824	0.000311 0.001080	
2 48 10 2.810000	0.019640 0.009016	0.999604 0.000347	0.039078 0.009357	0.002576 0.006972	0.001282 0.003267	0.000369 0.001847	0.001213 0.003930	0.000657 0.002857	0.000000 0.000000	0.000000 0.000000	0.000836 0.001202	
2 48 10 2.820000	0.018763 0.003602	0.999646 0.000131	0.040091 0.009069	0.003037 0.008254	0.000124 0.000620	0.001300 0.005836	0.001938 0.008521	0.001118 0.005592	0.002407 0.005404	0.000637 0.002984	0.000000 0.000000	
2 48 10 2.830000	0.018998 0.003346	0.999637 0.000127	0.041072 0.005395	0.002930 0.009379	0.001672 0.005270	0.000281 0.001185	0.004011 0.003517	0.000856 0.004281	0.002428 0.009595	0.000886 0.004428	0.000528 0.002272	
2 48 10 2.840000	0.018199 0.008178	0.999655 0.000288	0.037108 0.009684	0.002062 0.006172	0.000693 0.009748	0.001012 0.003814	0.002399 0.009679	0.001993 0.004374	0.000659 0.002422	0.000438 0.002192	0.000470 0.002350	
2 48 10 2.850000	0.019029 0.005417	0.999634 0.000203	0.036396 0.009063	0.001061 0.001924	0.001806 0.008592	0.000978 0.004892	0.001508 0.002818	0.000554 0.002996	0.000576 0.002882	0.001157 0.004854	0.002906 0.009661	
2 48 10 2.860000	0.019166 0.008606	0.999625 0.000325	0.040429 0.004494	0.002383 0.007933	0.000890 0.004614	0.000677 0.003383	0.001345 0.003402	0.000971 0.004857	0.000945 0.002164	0.001848 0.009240	0.000594 0.002971	
2 48 10 2.870000	0.019545 0.005332	0.999614 0.000216	0.042306 0.006636	0.000991 0.003503	0.002878 0.009043	0.000575 0.001692	0.000817 0.003909	0.000000 0.000000	0.002011 0.005808	0.000292 0.001243	0.003024 0.005811	
2 48 10 2.880000	0.019917 0.005601	0.999599 0.000219	0.043870 0.009508	0.003402 0.008657	0.000564 0.001546	0.000577 0.002886	0.000675 0.001852	0.000304 0.002265	0.000642 0.001680	0.001468 0.004591	0.000819 0.002714	
2 48 10 2.890000	0.019299 0.006903	0.999622 0.000269	0.036376 0.009816	0.000897 0.003890	0.000796 0.003982	0.001698 0.006714	0.000660 0.003301	0.000717 0.003584	0.000148 0.001133	0.002306 0.007105	0.002616 0.005176	
2 48 10 2.900000	0.021914 0.005304	0.999516 0.000227	0.039373 0.009011	0.002783 0.007380	0.000682 0.003411	0.000856 0.004279	0.000451 0.001545	0.000411 0.002055	0.000000 0.000000	0.000561 0.002097	0.001084 0.005422	
2 48 10 2.910000	0.021620 0.009561	0.999520 0.000417	0.036113 0.005725	0.000927 0.006105	0.001918 0.004219	0.000496 0.001514	0.000954 0.004927	0.002529 0.009949	0.003589 0.006778	0.001229 0.003080	0.001473 0.006510	
2 48 10 2.920000	0.019764 0.009764	0.999599 0.000395	0.040392 0.009932	0.002430 0.005834	0.001543 0.008004	0.000627 0.003136	0.000331 0.001656	0.000766 0.003373	0.000717 0.002919	0.000826 0.002180	0.000577 0.002883	
2 48 10 2.930000	0.019319 0.008162	0.999618 0.000314	0.040172 0.007105	0.002116 0.005162	0.002028 0.007152	0.002701 0.006416	0.001113 0.002681	0.000181 0.001150	0.004216 0.005770	0.000720 0.001292	0.002727 0.005908	
2 48 10 2.940000	0.018615 0.009634	0.999644 0.000367	0.039467 0.008417	0.002219 0.008177	-0.000050 0.000250	0.000499 0.002494	0.000122 0.002943	-0.000026 0.000128	0.000581 0.001631	0.002793 0.007771	0.001678 0.006977	
2 48 10 2.950000	0.021337 0.005923	0.999540 0.000253	0.036934 0.008421	0.000315 0.001574	0.000366 0.001189	0.000441 0.001277	0.000758 0.002730	0.002243 0.006370	0.000638 0.003189	0.000142 0.000711	0.001496 0.005091	
2 48 10 2.960000	0.020408 0.007656	0.999575 0.000316	0.036181 0.009703	0.001120 0.003682	0.002382 0.004807	0.001562 0.006714	0.000926 0.004632	0.001530 0.003547	0.001213 0.003452	0.000120 0.000602	-0.000046 0.000232	
2 48 10 2.970000	0.018255 0.006663	0.999660 0.000247	0.036192 0.008586	0.001209 0.004281	0.001383 0.006028	0.000759 0.003794	0.001785 0.006915	0.004103 0.004358	0.001027 0.001829	0.002320 0.009120	0.001718 0.005226	
2 48 10 2.980000	0.020338 0.005998	0.999583 0.000247	0.037073 0.009701	0.002741 0.008566	0.001042 0.004590	0.002514 0.006636	0.000393 0.001280	0.001741 0.006736	0.000687 0.001849	0.000840 0.002643	0.001068 0.003666	
2 48 10 2.990000	0.019734 0.007869	0.999599 0.000317	0.036971 0.009139	0.000976 0.002123	0.000567 0.001655	0.003215 0.004635	0.002261 0.008788	-0.000126 0.000630	0.001178 0.005892	0.001210 0.004756	0.000712 0.002603	
2 48 10 3.000000	0.022007 0.006967	0.999509 0.000326	0.037616 0.009094	0.001298 0.003907	0.001419 0.006106	0.003211 0.009412	-0.000051 0.000257	0.002691 0.009159	0.001199 0.004550	0.000977 0.003992	-0.000052 0.000262	
2 48 10 3.010000	0.019700 0.006585	0.999607 0.000249	0.035265 0.008482	0.001004 0.003892	0.000000 0.000000	0.000536 0.002682	0.000469 0.001623	0.001158 0.005048	0.000736 0.002903	0.000163 0.000813	0.001503 0.003004	
2 48 10 3.020000	0.018992 0.007297	0.999633 0.000281	0.033924 0.009906	0.001786 0.007974	0.001782 0.005626	0.001761 0.005094	0.001827 0.006939	0.001149 0.005746	0.002205 0.008480	0.000202 0.001010	0.001468 0.005521	
2 48 10 3.030000	0.018579 0.007734	0.999648 0.000284	0.036007 0.009291	0.001277 0.003091	0.000000 0.000000	0.000290 0.001098	0.000122 0.000608	0.000000 0.000000	0.001348 0.003962	0.000000 0.000000	0.000720 0.003601	
2 48 10 3.040000	0.019338 0.009519	0.999616 0.000385	0.038389 0.007746	0.001016 0.002526	0.001278 0.003487	0.001368 0.007085	0.001801 0.007234	0.001294 0.006036	0.002232 0.007137	0.001433 0.003835	0.001801 0.006256	
2 48 10 3.050000	0.019075 0.006090	0.999630 0.000231	0.036254 0.009803	0.000449 0.001556	0.000383 0.001383	0.000302 0.001508	0.001181 0.004079	0.000000 0.000000	0.001150 0.004709	0.001127 0.003580	0.000632 0.001449	
2 48 10 3.060000	0.019805 0.004375	0.999605 0.000180	0.035485 0.009936	0.003636 0.007118	0.001508 0.004578	0.001751 0.005033	0.001331 0.004112	0.000804 0.004019	0.000962 0.004808	0.002303 0.006958	0.000749 0.003055	
2 48 10 3.070000	0.019679 0.005176	0.999610 0.000205	0.036769 0.007375	0.000000 0.000000	0.000511 0.002556	0.000746 0.004969	0.001666 0.004485	0.000316 0.001578	0.001243 0.004077	0.000995 0.001909	-0.000185 0.000923	
2 48 10 3.080000	0.019413 0.003678	0.999622 0.000142	0.039379 0.007121	0.001713 0.004794	0.003062 0.009857	0.001579 0.007896	0.001349 0.003770	0.000313 0.001730	-0.000023 0.000113	0.001007 0.002517	0.002711 0.007253	
2 48 10 3.090000	0.019032 0.003972	0.999635 0.000151	0.036035 0.009920	0.000626 0.002507	0.002040 0.005335	0.001542 0.007711	0.000000 0.000000	0.000000 0.000000	0.001046 0.004211	0.002779 0.007165	0.003089 0.009107	
2 48 10 3.100000	0.018392 0.008374	0.999650 0.000297	0.036751 0.009241	0.001055 0.005463	0.002034 0.004707	0.000702 0.003508	0.000199 0.000993	0.002793 0.006990	0.000826 0.002061	0.002087 0.005758	0.004038 0.007636	
2 48 10 3.110000	0.020445 0.009394	0.999572 0.000381	0.033563 0.007665	0.002562 0.006717	0.001317 0.005054	0.000608 0.003041	0.001957 0.006744	0.001324 0.004172	0.001959 0.004673	0.001274 0.003462	0.002945 0.008614	
2 48 10 3.120000	0.019821 0.009983	0.999595 0.000372	0.035966 0.007745	0.001281 0.006407	0.000289 0.001444	0.001030 0.003461	0.000000 0.000000	0.000062 0.000309	0.001998 0.006257	0.000773 0.003865	0.000953 0.003686	
2 48 10 3.130000	0.017450 0.008829	0.999686 0.000329	0.037133 0.008472	0.001552 0.005614	0.001852 0.004455	0.001495 0.005063	0.000295 0.003461	0.002776 0.007851	0.000422 0.002112	0.000504 0.002522	0.002122 0.006172	
2 48 10 3.140000	0.019588 0.004905	0.999613 0.000187	0.034864 0.008337	0.002071 0.005115	0.002401 0.008103	0.000237 0.001186	0.003085 0.008470	-0.000042 0.000208	0.000726 0.002933	0.001356 0.006343	0.001013 0.004678	
2 48 10 3.150000	0.018343 0.008917	0.999653 0.000344	0.039922 0.009740	0.000967 0.005798	0.002365 0.005945	0.001341 0.003198	-0.000449 0.001831	0.000000 0.000000	0.001712 0.007110	0.002401 0.006632	0.000900 0.004502	
2 48 10 3.160000	0.018493 0.009076	0.999646 0.000334	0.036801 0.009397	0.002101 0.004276	0.000528 0.002641	0.003766 0.006907	-0.000155 0.000776	0.001968 0.006417	0.000000 0.000000	0.001048 0.004766	-0.000040 0.000201	
2 48 10 3.170000	0.021490 0.006444	0.999532 0.000286	0.034311 0.008905	0.000566 0.002828	0.000357 0.003692	0.000632 0.003159	0.001298 0.007271	0.000153 0.000764	0.001412 0.006734	0.000000 0.000000	0.000125 0.001711	
2 48 10 3.180000	0.019738 0.007697	0.999604 0.000311	0.035436 0.008980	0.000912 0.006298	0.000963 0.002607	0.001419 0.007096	0.000695 0.002675	0.001819 0.005949	0.000792 0.003961	0.001114 0.003011	0.000319 0.001596	
2 48 10 3.190000	0.020912 0.009351	0.999553 0.000371	0.033525 0.008749	0.001635 0.002415	0.001627 0.004993	0.000000 0.000000	0.001741 0.004118	0.000166 0.000831	0.001734 0.004527	0.002216 0.006018	-0.000046 0.000230	
2 48 10 3.200000	0.021973 0.009237	0.999507 0.000419	0.037339 0.007991	0.000719 0.004986	0.001195 0.005975	0.000297 0.001709	0.002159 0.005948	0.000737 0.002348	0.001337 0.005590	0.001585 0.003064	0.000080 0.000281	
2 48 10 3.210000	0.019830 0.004065	0.999604 0.000165	0.040551 0.006936	0.000556 0.001528	0.001063 0.003039	0.001006 0.005031	0.001998 0.005651	0.002174 0.009303	0.001438 0.004756	0.002521 0.008117	0.000175 0.000877	
2 48 10 3.220000	0.018464 0.008002	0.999648 0.000314	0.034417 0.009470	0.002430 0.006389	0.000683 0.003416	0.000929 0.002589	0.000105 0.000523	0.000312 0.002434	0.000819 0.003312	0.001177 0.004910	0.001626 0.004171	
2 48 10 3.230000	0.017992 0.002937	0.999675 0.000109	0.033332 0.007623	0.000425 0.001643	0.002179 0.007180	0.002830 0.005930	0.000000 0.000000	0.001800 0.006613	0.001711 0.006902	0.001973 0.009532	0.001938 0.005295	
2 48 10 3.240000	0.020906 0.009862	0.999551 0.000388	0.034098 0.003969	0.001756 0.004592	0.001088 0.004370	0.002756 0.009923	0.001308 0.003528	0.000586 0.002932	0.000000 0.000000	0.000740 0.003700	0.002236 0.005527	
2 48 10 3.250000	0.018038 0.004121	0.999673 0.000151	0.032882 0.008074	0.001777 0.005759	0.001157 0.005425	0.000800 0.003427	0.002648 0.005610	0.000978 0.004772	0.001516 0.007578	0.001433 0.006475	0.000177 0.001758	
2 48 10 3.260000	0.018600 0.008703	0.999644 0.000340	0.033454 0.005952	0.002092 0.009961	0.000987 0.002518	0.001855 0.009275	0.002388 0.006171	0.000000 0.000000	0.000976 0.004637	0.000000 0.000000	0.000445 0.002227	
2 48 10 3.270000	0.022414 0.008234	0.999488 0.000339	0.033072 0.008845	0.002939 0.007034	0.000676 0.002396	0.001194 0.003839	0.000296 0.001482	0.001451 0.007257	0.001421 0.007877	0.001010 0.005048	0.000963 0.003141	
2 48 10 3.280000	0.019555 0.006222	0.999613 0.000246	0.031554 0.009832	0.002162 0.007196	0.000464 0.002320	0.000000 0.000000	0.001107 0.005535	0.002670 0.009804	0.001141 0.005259	0.000435 0.001466	0.000069 0.000344	
2 48 10 3.290000	0.020296 0.008369	0.999581 0.000342	0.034881 0.005257	0.002362 0.003824	0.002867 0.007609	0.000373 0.001864	0.001199 0.004979	0.001003 0.002776	0.001534 0.005687	0.001198 0.003849	0.000141 0.000704	
2 48 10 3.300000	0.020458 0.009106	0.999570 0.000380	0.031004 0.009874	0.002511 0.005782	0.000074 0.000371	0.000815 0.004074	0.000000 0.000000	0.000560 0.001461	0.000060 0.000302	0.002748 0.008501	0.001825 0.004625	
2 48 10 3.310000	0.016586 0.008664	0.999716 0.000285	0.035005 0.005508	0.001585 0.003077	0.002806 0.007690	0.002177 0.007292	0.000617 0.004677	0.001993 0.006005	0.000529 0.001899	0.000595 0.002973	0.002535 0.009581	
2 48 10 3.320000	0.018862 0.007624	0.999636 0.000262	0.032717 0.007837	0.003159 0.004510	0.001419 0.003454	0.000319 0.001026	0.000354 0.002576	0.000366 0.001830	-0.000028 0.000141	0.001124 0.003049	0.001060 0.003535	
2 48 10 3.330000	0.019204 0.006482	0.999625 0.000252	0.031385 0.009903	0.001474 0.004346	0.000115 0.000574	0.001071 0.004467	0.000185 0.000926	0.000000 0.000000	0.001193 0.003053	0.000000 0.000000	0.000077 0.000386	
2 48 10 3.340000	0.018804 0.007908	0.999639 0.000309	0.032754 0.009107	0.001471 0.003798	0.000684 0.003422	0.001233 0.005634	0.000000 0.000000	0.000868 0.002898	0.001613 0.004255	0.001033 0.005167	0.000000 0.000000	
2 48 10 3.350000	0.017952 0.007629	0.999671 0.000276	0.031625 0.009565	0.001618 0.004961	0.000476 0.002381	0.001936 0.005969	0.000068 0.000342	0.002198 0.006679	0.000214 0.001072	0.001565 0.005810	0.001204 0.003298	
2 48 10 3.360000	0.019349 0.006491	0.999621 0.000260	0.033622 0.009817	0.000790 0.003545	0.001272 0.006362	0.000000 0.000000	0.000079 0.000394	0.000000 0.000000	0.000854 0.004269	0.001340 0.006120	0.001189 0.003821	
2 48 10 3.370000	0.019792 0.009571	0.999598 0.000390	0.032304 0.008811	0.001925 0.003970	0.000214 0.000583	0.001202 0.006009	0.001359 0.006794	0.001553 0.003419	0.000000 0.000000	0.000841 0.002798	0.002419 0.005710	
2 48 10 3.380000	0.017663 0.005467	0.999684 0.000187	0.036476 0.008226	0.002214 0.004387	0.000841 0.004203	0.001698 0.006550	0.000000 0.000000	0.001276 0.004209	0.002993 0.007964	0.001213 0.004534	0.001601 0.005787	
2 48 10 3.390000	0.021517 0.005863	0.999533 0.000261	0.034360 0.006350	0.001533 0.003591	0.000272 0.001362	0.000096 0.001041	0.002579 0.007955	0.000915 0.004577	0.000782 0.001565	0.000817 0.001721	0.003459 0.008542	
2 48 10 3.400000	0.019811 0.005510	0.999604 0.000215	0.032851 0.009244	0.003547 0.008483	0.001029 0.004830	0.004226 0.009272	0.001547 0.007736	0.002955 0.006845	0.001568 0.004484	0.001000 0.003905	0.000845 0.004227	
2 48 10 3.410000	0.018905 0.004063	0.999640 0.000157	0.033428 0.009715	0.002486 0.009621	0.001931 0.007738	0.000603 0.003015	0.000175 0.000875	0.000000 0.000000	0.000398 0.001988	0.001618 0.004012	0.000902 0.004511	
2 48 10 3.420000	0.020551 0.007705	0.999566 0.000311	0.032115 0.009240	0.003519 0.009293	0.001059 0.005293	0.003462 0.008187	0.000140 0.000702	0.001649 0.007818	0.003433 0.008295	0.000000 0.000000	0.001345 0.004302	
2 48 10 3.430000	0.019594 0.006080	0.999612 0.000245	0.032391 0.009431	0.002913 0.006446	0.002919 0.008275	0.000000 0.000000	0.001970 0.007908	0.001066 0.005039	0.001594 0.003450	0.001363 0.005053	0.001777 0.004048	
2 48 10 3.440000	0.021156 0.004653	0.999550 0.000195	0.037587 0.009312	0.001695 0.008477	0.001026 0.002760	0.000854 0.002519	0.001973 0.009004	0.001451 0.007255	0.001882 0.004810	0.000488 0.002440	0.001244 0.005889	
2 48 10 3.450000	0.019543 0.004764	0.999614 0.000181	0.032118 0.009737	0.002152 0.005014	0.000099 0.000493	0.000000 0.000000	-0.000027 0.000134	0.002274 0.004222	0.000751 0.002756	0.000091 0.000454	0.000895 0.003407	
2 48 10 3.460000	0.019740 0.008868	0.999602 0.000365	0.030153 0.008563	0.002252 0.005648	0.001936 0.004812	0.001536 0.006525	0.000525 0.002625	0.000541 0.002023	0.001032 0.005162	0.000239 0.001746	0.002148 0.008591	
2 48 10 3.470000	0.018988 0.004794	0.999636 0.000179	0.031139 0.009087	0.001776 0.004879	0.000150 0.001497	0.001273 0.003469	0.000030 0.000150	0.000000 0.000000	0.001603 0.003613	0.000687 0.002130	0.001211 0.003181	
2 48 10 3.480000	0.021017 0.005322	0.999554 0.000220	0.031794 0.008091	0.003869 0.008135	0.001120 0.005601	0.002495 0.005584	0.000785 0.003927	0.001532 0.003939	0.001203 0.003448	0.000437 0.001261	0.002047 0.008866	
2 48 10 3.490000	0.018663 0.003122	0.999651 0.000115	0.032444 0.006157	0.001167 0.007852	0.001509 0.004377	0.001494 0.004129	0.002864 0.007122	0.003985 0.009999	0.000883 0.002266	0.001718 0.004832	0.002742 0.007948	
2 48 10 3.500000	0.019884 0.009135	0.999595 0.000349	0.032331 0.008450	0.001590 0.004334	-0.000010 0.000049	0.001541 0.004108	0.000436 0.002179	0.001052 0.005261	0.002102 0.005756	0.000000 0.000000	0.001025 0.005911	
2 48 10 3.510000	0.019487 0.007936	0.999614 0.000301	0.035445 0.007807	0.000124 0.000620	0.001180 0.002062	0.001025 0.003235	0.002080 0.006526	0.000956 0.004778	0.001398 0.003910	0.001181 0.005903	0.001551 0.005290	
2 48 10 3.520000	0.020715 0.008137	0.999563 0.000317	0.034721 0.007165	0.002691 0.006791	0.001057 0.003649	0.000812 0.003966	0.001279 0.005946	0.000568 0.002307	0.000475 0.003329	0.001035 0.005174	0.000637 0.001813	
2 48 10 3.530000	0.018725 0.005256	0.999645 0.000190	0.032361 0.002831	0.000968 0.003063	0.001228 0.004544	0.000541 0.002705	0.001171 0.002979	0.000746 0.003943	0.000540 0.001543	0.000210 0.001051	0.001594 0.007478	
2 48 10 3.540000	0.018023 0.009889	0.999659 0.000374	0.031235 0.008341	0.000164 0.000822	0.001302 0.006508	0.000727 0.003634	0.000000 0.000000	0.000000 0.000000	0.003879 0.008675	0.002155 0.006810	-0.000134 0.000669	
2 48 10 3.550000	0.019581 0.004015	0.999615 0.000154	0.031701 0.008717	-0.000100 0.000499	0.000000 0.000000	0.000452 0.001440	0.001824 0.005473	0.000972 0.003332	0.001005 0.005167	0.000825 0.002694	0.001182 0.003808	
2 48 10 3.560000	0.019214 0.005954	0.999626 0.000240	0.032968 0.005872	0.001861 0.006656	0.000207 0.001034	0.000836 0.003340	0.001015 0.004051	0.003600 0.009827	0.001947 0.006934	0.001047 0.005235	0.001224 0.004178	
2 48 10 3.570000	0.021128 0.008098	0.999545 0.000334	0.030669 0.003764	0.001972 0.009860	0.001622 0.005168	0.000000 0.000000	0.001145 0.002914	0.003471 0.007973	0.000872 0.004358	0.001517 0.005019	0.000801 0.002020	
2 48 10 3.580000	0.019950 0.006620	0.999596 0.000281	0.027409 0.006994	0.000000 0.000000	0.001004 0.002374	0.001577 0.007887	0.002337 0.008594	0.000971 0.004856	0.000122 0.000610	0.000000 0.000000	0.000000 0.000000	
2 48 10 3.590000	0.018884 0.006244	0.999638 0.000238	0.031136 0.009906	0.001057 0.003096	0.000457 0.002284	0.000644 0.001629	0.000416 0.000939	0.003258 0.006662	0.000386 0.000785	0.000000 0.000000	0.000034 0.000170	
2 48 10 3.600000	0.017288 0.006716	0.999696 0.000236	0.030739 0.006174	0.004362 0.006701	0.001888 0.005130	0.001502 0.008596	0.000800 0.004000	0.000972 0.002500	0.002936 0.008879	0.000459 0.002589	0.000826 0.004130	
2 48 10 3.610000	0.018641 0.008978	0.999643 0.000341	0.029955 0.008568	0.002551 0.005185	0.001775 0.004518	0.001357 0.004432	0.000396 0.001982	0.000000 0.000000	0.000500 0.001300	0.001646 0.006200	0.002152 0.007568	
2 48 10 3.620000	0.020353 0.008227	0.999576 0.000322	0.031829 0.008470	0.001066 0.003342	-0.000001 0.000004	0.002134 0.008834	0.000193 0.000967	0.003278 0.008115	0.001773 0.007887	0.000761 0.002446	0.002792 0.006969	
2 48 10 3.630000	0.021772 0.006045	0.999522 0.000256	0.029379 0.008598	0.002077 0.006404	0.000216 0.001998	0.000154 0.000769	0.000647 0.003236	0.000134 0.000671	0.002651 0.008154	0.000000 0.000000	0.001590 0.003631	
2 48 10 3.640000	0.021516 0.009467	0.999523 0.000415	0.027654 0.007216	0.001849 0.009245	0.000276 0.001378	0.000841 0.004205	0.000760 0.003799	0.000014 0.002841	0.000691 0.002473	0.000860 0.002964	0.001703 0.008514	
2 48 10 3.650000	0.018330 0.009893	0.999652 0.000372	0.029540 0.007099	0.001720 0.005769	0.002320 0.004281	0.001735 0.003064	0.000000 0.000000	0.000217 0.001087	0.000290 0.002454	0.000579 0.002895	0.001073 0.004107	
2 48 10 3.660000	0.019530 0.008555	0.999608 0.000328	0.032112 0.008487	0.003761 0.008838	0.003685 0.007412	0.002641 0.008641	0.003713 0.005723	0.000266 0.001330	0.000554 0.001660	0.001604 0.004402	0.002155 0.004000	
2 48 10 3.670000	0.018555 0.004819	0.999653 0.000186	0.029857 0.007426	0.003608 0.008918	0.000456 0.002278	0.001081 0.005405	0.001439 0.004345	0.001537 0.006088	0.001542 0.003308	0.001970 0.006200	0.000114 0.000569	
2 48 10 3.680000	0.019846 0.008572	0.999596 0.000322	0.027499 0.005430	0.001344 0.002791	0.003321 0.007955	0.000000 0.000000	0.002010 0.002939	0.001220 0.005013	0.003547 0.009016	0.002368 0.005025	0.001270 0.004106	
2 48 10 3.690000	0.017445 0.004852	0.999692 0.000167	0.030991 0.008236	0.001302 0.004331	0.001047 0.004253	0.000000 0.000000	0.001974 0.006060	0.001511 0.003323	0.002700 0.006317	0.004484 0.008591	0.002643 0.007482	
2 48 10 3.700000	0.020988 0.004340	0.999557 0.000182	0.026407 0.009460	0.001021 0.002903	0.001328 0.005072	0.000073 0.000364	0.001012 0.004874	0.001266 0.004456	0.000000 0.000000	0.000778 0.003890	0.002734 0.008791	
2 48 10 3.710000	0.019622 0.007967	0.999607 0.000300	0.031500 0.007417	0.002625 0.009092	0.002345 0.008618	0.000000 0.000000	0.000543 0.002715	0.002665 0.009355	0.000456 0.002281	0.001887 0.009435	0.002945 0.006481	
2 48 10 3.720000	0.018116 0.005235	0.999668 0.000186	0.031713 0.008492	0.002822 0.004583	0.001298 0.005146	0.002179 0.006949	0.000977 0.002110	0.000000 0.000000	0.001824 0.003388	0.001550 0.005289	0.001963 0.006847	
2 48 10 3.730000	0.017033 0.009315	0.999699 0.000321	0.031701 0.009324	0.002884 0.008258	0.001714 0.005472	0.002281 0.004826	0.000569 0.002846	0.001643 0.003408	0.001979 0.008544	0.001862 0.008116	0.001680 0.006287	
2 48 10 3.740000	0.022260 0.009215	0.999494 0.000381	0.031293 0.009800	0.000398 0.001988	0.000088 0.000442	0.000795 0.002946	0.000383 0.001917	0.000624 0.002374	0.000230 0.001148	0.000351 0.001757	0.001418 0.005589	
2 48 10 3.750000	0.020382 0.008633	0.999576 0.000332	0.027412 0.005870	0.003966 0.007825	0.001233 0.002456	0.001255 0.004668	0.003375 0.009855	0.001933 0.003592	0.001191 0.003217	0.000000 0.000000	0.000856 0.003080	
2 48 10 3.760000	0.014786 0.007805	0.999774 0.000246	0.033123 0.005909	0.001837 0.004853	0.000976 0.003532	0.002308 0.005904	0.000000 0.000000	0.001025 0.005125	0.001705 0.004906	0.003330 0.007481	0.002503 0.009247	
2 48 10 3.770000	0.019499 0.009655	0.999608 0.000394	0.029495 0.007637	0.000399 0.001996	0.000443 0.001853	0.000751 0.003755	0.000329 0.001223	0.001964 0.005508	0.001018 0.005090	0.001500 0.003155	0.000545 0.002647	
2 48 10 3.780000	0.019617 0.005226	0.999612 0.000207	0.027390 0.009773	0.000440 0.002199	0.002254 0.005605	0.002903 0.005575	0.003125 0.009308	0.002813 0.005894	0.001484 0.005414	0.000362 0.001524	0.000741 0.003705	
2 48 10 3.790000	0.021293 0.007632	0.999539 0.000303	0.027486 0.007648	0.003407 0.009375	0.002089 0.006478	0.000368 0.001841	0.002070 0.006779	0.002970 0.006784	0.002388 0.009634	0.000855 0.002619	0.000481 0.002404	
2 48 10 3.800000	0.020529 0.009451	0.999568 0.000381	0.024730 0.006483	0.001869 0.004064	0.002110 0.008823	0.002708 0.007585	0.000105 0.000527	0.001557 0.006214	0.000727 0.003635	0.000132 0.000661	0.000779 0.003896	
2 48 10 3.810000	0.018005 0.009662	0.999664 0.000366	0.033113 0.008827	0.002726 0.009254	0.001038 0.002984	0.001116 0.005580	0.002542 0.006585	0.000912 0.003109	0.001015 0.003401	0.001231 0.006157	0.002128 0.006303	
2 48 10 3.820000	0.020415 0.004548	0.999579 0.000186	0.030423 0.009229	0.000811 0.003388	0.000551 0.002754	0.000000 0.000000	0.003958 0.009319	0.000829 0.003755	0.001762 0.007445	0.002882 0.007004	0.000000 0.000000	
2 48 10 3.830000	0.022560 0.002100	0.999490 0.000096	0.028722 0.009530	0.003036 0.008645	0.000589 0.002947	0.000211 0.001056	0.001985 0.009926	0.001576 0.005076	0.001139 0.003323	0.001182 0.003268	0.001283 0.003615	
2 48 10 3.840000	0.021129 0.005828	0.999550 0.000237	0.028941 0.005068	0.004407 0.008209	0.000000 0.000000	0.001138 0.005097	0.001718 0.007157	0.001824 0.004031	0.001653 0.008266	0.001775 0.006806	0.001853 0.009263	
2 48 10 3.850000	0.019055 0.009136	0.999628 0.000347	0.025870 0.006908	0.001849 0.003665	0.000575 0.001626	0.000000 0.000000	0.000931 0.002447	0.000561 0.001843	0.001352 0.005209	0.000552 0.002123	0.001064 0.005319	
2 48 10 3.860000	0.020598 0.008643	0.999567 0.000377	0.028383 0.006523	0.000186 0.001569	0.001107 0.005534	0.000094 0.000469	0.000093 0.000465	0.002066 0.005566	0.000877 0.004386	0.000247 0.001237	0.001812 0.009062	
2 48 10 3.870000	0.020196 0.005106	0.999589 0.000208	0.027572 0.009400	0.002071 0.005859	0.000523 0.002615	0.000000 0.000000	0.000799 0.002513	0.001547 0.004016	0.000856 0.004280	0.001036 0.003207	0.000000 0.000000	
2 48 10 3.880000	0.017483 0.007579	0.999688 0.000252	0.033037 0.008851	0.001313 0.004215	0.002264 0.005996	0.001856 0.004793	0.000670 0.002029	0.001886 0.005387	0.000526 0.002628	0.000000 0.000000	0.000689 0.003443	
2 48 10 3.890000	0.021177 0.008464	0.999541 0.000365	0.028437 0.004319	0.002359 0.009345	0.000726 0.002195	0.000563 0.002813	0.000425 0.001121	0.001596 0.004388	0.001022 0.005109	0.000839 0.004194	0.000353 0.002751	
2 48 10 3.900000	0.019483 0.009164	0.999607 0.000373	0.028112 0.009295	0.001917 0.008027	0.000000 0.000000	0.004414 0.007868	0.000000 0.000000	0.000000 0.000000	0.000000 0.000000	0.000000 0.000000	0.003749 0.009555	
2 48 10 3.910000	0.019713 0.003149	0.999610 0.000124	0.028690 0.009463	0.003514 0.008701	0.001740 0.008701	0.000803 0.004017	0.000000 0.000000	0.002061 0.007456	-0.000227 0.001135	0.001090 0.003597	0.000000 0.000000	
2 48 10 3.920000	0.019376 0.003645	0.999623 0.000138	0.026335 0.007876	0.000905 0.002985	0.000581 0.001669	0.000000 0.000000	0.000652 0.001780	0.001111 0.005557	0.000890 0.003395	0.001132 0.002751	0.000000 0.000000	
2 48 10 3.930000	0.019420 0.008877	0.999615 0.000351	0.028675 0.004643	0.003609 0.007852	0.000000 0.000000	0.000846 0.002163	0.000342 0.001708	0.000000 0.000000	0.002130 0.007557	0.001762 0.003293	0.000081 0.000404	
2 48 10 3.940000	0.020418 0.004846	0.999580 0.000204	0.030485 0.008739	0.000265 0.000826	0.000651 0.001873	0.003308 0.006849	0.000707 0.003534	0.000965 0.003184	0.000800 0.004001	0.000940 0.004274	0.000000 0.000000	
2 48 10 3.950000	0.017695 0.009971	0.999674 0.000394	0.025605 0.007804	0.001981 0.007876	0.000640 0.001664	0.001194 0.007027	0.003668 0.009312	-0.000131 0.000657	0.001784 0.006203	0.003548 0.009609	0.001839 0.005829	
2 48 10 3.960000	0.020117 0.008854	0.999583 0.000353	0.029851 0.006841	0.004459 0.008094	0.001411 0.007057	0.001410 0.007052	0.001778 0.008892	0.000492 0.002461	0.002488 0.008536	0.000727 0.003024	0.002007 0.007568	
2 48 10 3.970000	0.020834 0.007016	0.999560 0.000302	0.029974 0.009497	0.001623 0.006346	0.000000 0.000000	0.000542 0.002711	0.000000 0.000000	0.001017 0.003384	0.001486 0.004527	0.000846 0.004230	0.000606 0.003028	
2 48 10 3.980000	0.016626 0.005237	0.999720 0.000182	0.031742 0.009812	0.003175 0.007494	0.000270 0.001348	0.003775 0.008458	0.000342 0.001711	0.000843 0.004541	0.001676 0.008381	0.002419 0.005745	0.000612 0.003061	
2 48 10 3.990000	0.019383 0.008664	0.999614 0.000361	0.032150 0.007645	0.002654 0.006852	0.001206 0.006546	0.003190 0.006516	0.000743 0.002348	0.000586 0.001498	0.000379 0.001846	0.001200 0.003128	0.001582 0.007908	
2 48 10 4.000000	0.017961 0.009388	0.999667 0.000319	0.025014 0.002412	0.001855 0.008499	0.000396 0.001264	0.000795 0.003977	0.000380 0.001901	0.000000 0.000000	0.001236 0.002742	0.001371 0.006856	0.001018 0.005092	
