2 10 10 0.000000	0.999243 0.003784	0.001511 0.007553	0.001087 0.005437	0.000000 0.000000	0.000000 0.000000	0.001511 0.007553	
2 10 10 0.010000	0.999243 0.003784	0.001511 0.007553	0.001087 0.005437	0.000000 0.000000	0.000000 0.000000	0.001511 0.007553	
2 10 10 0.020000	0.999243 0.003784	0.001511 0.007553	0.001087 0.005437	0.000000 0.000000	0.000000 0.000000	0.001511 0.007553	
2 10 10 0.030000	0.999243 0.003784	0.001511 0.007553	0.001087 0.005437	0.000000 0.000000	0.000000 0.000000	0.001511 0.007553	
2 10 10 0.040000	0.999243 0.003784	0.001511 0.007553	0.001087 0.005437	0.000000 0.000000	0.000000 0.000000	0.001511 0.007553	
2 10 10 0.050000	0.999243 0.003784	0.001511 0.007553	0.001087 0.005437	0.000000 0.000000	0.000000 0.000000	0.001511 0.007553	
2 10 10 0.060000	0.999243 0.003784	0.001511 0.007553	0.001087 0.005437	0.000000 0.000000	0.000000 0.000000	0.001511 0.007553	
2 10 10 0.070000	0.999243 0.003784	0.001511 0.007553	0.001087 0.005437	0.000000 0.000000	0.000000 0.000000	0.001511 0.007553	
2 10 10 0.080000	0.999243 0.003784	0.001511 0.007553	0.001087 0.005437	0.000000 0.000000	0.000000 0.000000	0.001511 0.007553	
2 10 10 0.090000	0.999243 0.003784	0.001511 0.007553	0.001087 0.005437	0.000000 0.000000	0.000000 0.000000	0.001511 0.007553	
2 10 10 0.100000	0.999243 0.003784	0.001511 0.007553	0.001087 0.005437	0.000000 0.000000	0.000000 0.000000	0.001511 0.007553	
2 10 10 0.110000	0.999243 0.003784	0.001511 0.007553	0.001087 0.005437	0.000000 0.000000	0.000000 0.000000	0.001511 0.007553	
2 10 10 0.120000	0.999079 0.004606	0.001838 0.009190	0.000000 0.000000	0.000269 0.001347	0.000000 0.000000	0.000000 0.000000	
2 10 10 0.130000	1.000000 0.000000	0.000000 0.000000	0.000000 0.000000	0.000000 0.000000	0.000000 0.000000	0.000000 0.000000	
2 10 10 0.140000	0.999191 0.004046	0.001615 0.008075	0.000782 0.003909	0.000000 0.000000	0.001615 0.008075	0.000000 0.000000	
2 10 10 0.150000	0.999111 0.004444	0.001774 0.008869	0.000000 0.000000	0.001774 0.008869	0.001774 0.008869	0.001512 0.007562	
2 10 10 0.160000	0.999046 0.004770	0.001903 0.009517	0.001163 0.005813	0.001163 0.005813	0.000000 0.000000	0.000000 0.000000	
2 10 10 0.170000	0.999020 0.004902	0.001956 0.009780	0.000000 0.000000	0.001956 0.009780	0.001956 0.009780	0.000000 0.000000	
2 10 10 0.180000	0.999130 0.004352	0.001737 0.008684	0.000964 0.004820	0.001737 0.008684	0.000000 0.000000	0.001737 0.008684	
2 10 10 0.190000	0.999402 0.002988	0.001194 0.005968	0.000700 0.003499	0.000409 0.002046	0.000000 0.000000	0.000700 0.003499	
2 10 10 0.200000	0.999220 0.001667	0.001558 0.003331	0.000666 0.003331	0.000666 0.003331	0.000666 0.003331	0.000892 0.003315	
2 10 10 0.210000	0.999029 0.004854	0.001937 0.009684	0.000000 0.000000	0.001937 0.009684	0.000000 0.000000	0.001937 0.009684	
2 10 10 0.220000	0.999002 0.004863	0.001991 0.009702	0.000050 0.000252	0.001356 0.006527	0.000050 0.000252	0.001991 0.009702	
2 10 10 0.230000	0.999002 0.004531	0.001991 0.009042	0.000183 0.000915	0.000183 0.000915	0.000183 0.000915	0.001808 0.009042	
2 10 10 0.240000	0.999030 0.004851	0.001936 0.009679	0.000000 0.000000	0.000000 0.000000	0.000000 0.000000	0.000000 0.000000	
2 10 10 0.250000	0.999224 0.003881	0.001550 0.007748	0.001550 0.007748	0.000000 0.000000	0.001550 0.007748	0.000994 0.004970	
2 10 10 0.260000	0.999966 0.000172	0.000069 0.000344	0.000000 0.000000	0.000000 0.000000	0.000069 0.000344	0.000000 0.000000	
2 10 10 0.270000	0.999837 0.000815	0.000326 0.001630	0.000183 0.000913	0.000326 0.001630	0.000183 0.000913	0.000000 0.000000	
2 10 10 0.280000	0.999317 0.003417	0.001364 0.006822	0.000298 0.001489	0.000000 0.000000	0.000000 0.000000	0.000298 0.001489	
2 10 10 0.290000	0.998191 0.004936	0.003611 0.009847	0.001531 0.006672	0.001249 0.006245	0.001969 0.009847	0.000392 0.000980	
2 10 10 0.300000	0.999050 0.004748	0.001895 0.009473	0.001895 0.009473	0.001895 0.009473	0.000000 0.000000	0.000000 0.000000	
2 10 10 0.310000	0.998653 0.004919	0.002688 0.009813	0.001559 0.007793	0.001880 0.005773	0.001559 0.007793	0.002688 0.009813	
2 10 10 0.320000	0.999437 0.002817	0.001125 0.005626	0.000000 0.000000	0.000000 0.000000	0.000000 0.000000	0.000459 0.002293	
2 10 10 0.330000	0.998338 0.004954	0.003318 0.009883	0.003318 0.009883	0.001341 0.006705	0.000000 0.000000	0.002206 0.009883	
2 10 10 0.340000	0.999289 0.003554	0.001419 0.007095	0.000000 0.000000	0.000000 0.000000	0.000000 0.000000	0.001419 0.007095	
2 10 10 0.350000	0.999238 0.002997	0.001523 0.005984	0.000000 0.000000	0.000326 0.001630	0.001523 0.005984	0.000000 0.000000	
2 10 10 0.360000	0.998760 0.004706	0.002476 0.009390	0.000000 0.000000	0.000832 0.004161	0.001176 0.005881	0.002341 0.009390	
2 10 10 0.370000	0.999271 0.003643	0.001455 0.007273	0.000899 0.004495	0.000000 0.000000	0.000621 0.003106	0.000000 0.000000	
2 10 10 0.380000	0.999530 0.001451	0.000940 0.002900	0.000000 0.000000	0.000263 0.001313	0.000000 0.000000	0.000195 0.000977	
2 10 10 0.390000	0.998859 0.004248	0.002279 0.008477	0.000000 0.000000	0.000583 0.002917	0.000583 0.002917	0.000000 0.000000	
2 10 10 0.400000	0.998464 0.004467	0.003067 0.008914	0.001783 0.008914	0.002339 0.008914	0.002511 0.008914	0.000728 0.003642	
2 10 10 0.410000	0.998359 0.004459	0.003275 0.008899	0.001495 0.007476	0.001780 0.008899	0.001780 0.008899	0.000939 0.004695	
2 10 10 0.420000	0.999126 0.004369	0.001744 0.008718	0.000000 0.000000	0.000000 0.000000	0.000813 0.004067	0.001744 0.008718	
2 10 10 0.430000	0.998371 0.004801	0.003251 0.009579	0.002616 0.006674	0.003251 0.009579	0.001916 0.009579	0.000805 0.004024	
2 10 10 0.440000	0.999268 0.002598	0.001463 0.005189	0.001463 0.005189	0.000425 0.002125	0.000425 0.002125	0.000290 0.001452	
2 10 10 0.450000	0.999025 0.004873	0.001944 0.009722	0.000000 0.000000	0.000000 0.000000	0.000000 0.000000	0.000000 0.000000	
2 10 10 0.460000	0.999054 0.004729	0.001887 0.009436	0.000000 0.000000	0.000000 0.000000	0.000000 0.000000	0.000000 0.000000	
2 10 10 0.470000	0.998953 0.003447	0.002091 0.006883	0.001377 0.006883	0.002091 0.006883	0.001377 0.006883	0.000000 0.000000	
2 10 10 0.480000	0.997793 0.004550	0.004406 0.009078	0.001855 0.007086	0.002436 0.007086	0.000021 0.000105	0.001751 0.007086	
2 10 10 0.490000	0.998431 0.004107	0.003134 0.008197	0.000451 0.002255	0.000000 0.000000	0.000628 0.003141	0.001639 0.008197	
2 10 10 0.500000	0.996027 0.004702	0.007927 0.009355	0.002819 0.005319	0.001981 0.004226	0.003257 0.005776	0.002257 0.005750	
2 10 10 0.510000	0.997446 0.004708	0.005099 0.009387	0.001484 0.006498	0.000947 0.002714	0.000075 0.000376	0.000664 0.002585	
2 10 10 0.520000	0.997222 0.004845	0.005546 0.009663	0.001497 0.005303	0.001056 0.002850	0.001311 0.006554	0.000814 0.004070	
2 10 10 0.530000	0.996285 0.004047	0.007415 0.008071	0.003510 0.008460	0.003477 0.008926	0.001195 0.004199	0.003328 0.009849	
2 10 10 0.540000	0.994696 0.004578	0.010576 0.009106	0.001669 0.004043	0.004485 0.009961	0.000000 0.000000	0.000370 0.001418	
2 10 10 0.550000	0.994649 0.004896	0.010670 0.009735	0.000013 0.000065	0.001736 0.007012	0.001684 0.003236	0.001959 0.005142	
2 10 10 0.560000	0.992662 0.004906	0.014617 0.009734	0.001251 0.003891	0.000834 0.003580	0.002801 0.007625	0.002552 0.008324	
2 10 10 0.570000	0.992738 0.004242	0.014469 0.008423	0.004003 0.009607	0.000707 0.002803	0.001186 0.005928	0.001561 0.005805	
2 10 10 0.580000	0.986234 0.004683	0.027339 0.009237	0.002810 0.006358	0.005514 0.008673	0.002725 0.007589	0.002519 0.006682	
2 10 10 0.590000	0.987539 0.005040	0.024763 0.009950	0.002620 0.005086	0.001208 0.002300	0.000413 0.002063	0.000000 0.000000	
2 10 10 0.600000	0.986973 0.004738	0.025881 0.009345	0.001207 0.003427	0.002639 0.007182	0.004360 0.009764	0.001586 0.005262	
2 10 10 0.610000	0.981209 0.005006	0.037225 0.009824	0.004274 0.008347	0.002526 0.008262	0.000525 0.001639	0.002306 0.005199	
2 10 10 0.620000	0.976825 0.005106	0.045809 0.009969	0.006648 0.005195	0.001171 0.004817	0.000966 0.002442	0.001007 0.002812	
2 10 10 0.630000	0.974421 0.004710	0.050501 0.009173	0.005311 0.009909	0.004313 0.008690	0.000927 0.004634	0.003123 0.006155	
2 10 10 0.640000	0.969379 0.004943	0.060302 0.009580	0.006086 0.009984	0.001392 0.003791	0.001498 0.002971	0.001265 0.003935	
2 10 10 0.650000	0.961058 0.005117	0.076363 0.009834	0.008344 0.009641	0.000000 0.000000	0.000000 0.000000	0.002040 0.008287	
2 10 10 0.660000	0.954018 0.005240	0.089847 0.009995	0.011717 0.004894	0.001627 0.005339	0.001396 0.006411	0.001174 0.005870	
2 10 10 0.670000	0.947417 0.005273	0.102396 0.009995	0.015535 0.009563	0.002464 0.005984	0.002556 0.006453	0.000428 0.001982	
2 10 10 0.680000	0.931134 0.004355	0.132987 0.008110	0.024918 0.007244	0.008158 0.007216	0.002110 0.006397	0.004146 0.009976	
2 10 10 0.690000	0.915246 0.005446	0.162320 0.009968	0.032071 0.005811	0.010619 0.004185	0.005337 0.006943	0.005804 0.008773	
2 10 10 0.700000	0.885593 0.007412	0.215716 0.013128	0.053738 0.007648	0.022261 0.006096	0.011760 0.005034	0.007604 0.004512	
2 10 10 0.710000	0.820001 0.018172	0.327560 0.029829	0.105148 0.013781	0.051133 0.010338	0.032308 0.005293	0.025037 0.005879	
2 10 10 0.720000	0.697452 0.035012	0.513385 0.048858	0.187973 0.021117	0.100658 0.010644	0.065635 0.007526	0.051651 0.006269	
2 10 10 0.730000	0.511424 0.050693	0.738172 0.051561	0.266221 0.011538	0.130906 0.005729	0.077398 0.007755	0.053579 0.009828	
2 10 10 0.740000	0.374053 0.009987	0.860072 0.007469	0.284226 0.003966	0.117856 0.002521	0.054800 0.003447	0.027844 0.005170	
2 10 10 0.750000	0.285179 0.005725	0.918668 0.003267	0.277372 0.003313	0.093004 0.009982	0.024862 0.003479	0.000816 0.002775	
2 10 10 0.760000	0.246518 0.009988	0.939215 0.004956	0.265642 0.001276	0.078029 0.005576	0.013257 0.005929	0.000000 0.000000	
2 10 10 0.770000	0.222454 0.009933	0.950499 0.004415	0.252715 0.003892	0.069123 0.006953	0.005709 0.003248	0.000000 0.000000	
2 10 10 0.780000	0.213882 0.005381	0.954249 0.002298	0.244240 0.004216	0.063997 0.009980	0.005615 0.008730	0.000000 0.000000	
2 10 10 0.790000	0.195381 0.009732	0.961813 0.003821	0.234741 0.009986	0.055393 0.008258	0.000336 0.001682	0.000000 0.000000	
2 10 10 0.800000	0.189208 0.009858	0.964188 0.003742	0.232045 0.004798	0.051422 0.009319	0.000443 0.002213	0.000000 0.000000	
2 10 10 0.810000	0.181197 0.002789	0.967167 0.001014	0.228684 0.006621	0.044301 0.009954	0.000000 0.000000	0.000000 0.000000	
2 10 10 0.820000	0.174763 0.009752	0.969447 0.003413	0.228091 0.005587	0.043862 0.008619	0.000000 0.000000	0.000000 0.000000	
2 10 10 0.830000	0.171723 0.006739	0.970506 0.002323	0.209496 0.009262	0.037855 0.009717	0.000000 0.000000	0.000000 0.000000	
2 10 10 0.840000	0.166163 0.008095	0.972381 0.002709	0.207921 0.009856	0.038822 0.003662	0.000000 0.000000	0.000000 0.000000	
2 10 10 0.850000	0.162184 0.008476	0.973687 0.002749	0.204705 0.009900	0.036428 0.008100	0.000000 0.000000	0.000000 0.000000	
2 10 10 0.860000	0.160468 0.006699	0.974245 0.002143	0.195616 0.009925	0.034591 0.005343	0.000000 0.000000	0.000000 0.000000	
2 10 10 0.870000	0.156083 0.009982	0.975628 0.003108	0.193021 0.007924	0.034014 0.008967	0.000000 0.000000	0.000000 0.000000	
2 10 10 0.880000	0.153812 0.004214	0.976340 0.001298	0.189089 0.009881	0.025365 0.005369	0.000000 0.000000	0.000000 0.000000	
2 10 10 0.890000	0.149707 0.009329	0.977574 0.002784	0.183253 0.009938	0.022420 0.007057	0.000000 0.000000	0.000000 0.000000	
2 10 10 0.900000	0.144617 0.008852	0.979076 0.002562	0.184645 0.009945	0.024057 0.008168	0.000000 0.000000	0.000000 0.000000	
2 10 10 0.910000	0.146382 0.007543	0.978564 0.002209	0.176482 0.009998	0.022681 0.003118	0.000000 0.000000	0.000000 0.000000	
2 10 10 0.920000	0.144748 0.007777	0.979041 0.002263	0.173855 0.009920	0.024228 0.002211	0.000000 0.000000	0.000000 0.000000	
2 10 10 0.930000	0.144662 0.008939	0.979061 0.002600	0.167037 0.009971	0.016602 0.009070	0.000000 0.000000	0.000000 0.000000	
2 10 10 0.940000	0.141306 0.004977	0.980028 0.001406	0.166022 0.009968	0.020081 0.009583	0.000000 0.000000	0.000000 0.000000	
2 10 10 0.950000	0.140215 0.005202	0.980337 0.001452	0.166607 0.009974	0.018081 0.008579	0.000000 0.000000	0.000000 0.000000	
2 10 10 0.960000	0.136955 0.006889	0.981237 0.001888	0.154274 0.009973	0.017869 0.009900	0.000000 0.000000	0.000000 0.000000	
2 10 10 0.970000	0.135937 0.006641	0.981516 0.001820	0.156457 0.009787	0.013324 0.006048	0.000000 0.000000	0.000000 0.000000	
2 10 10 0.980000	0.134722 0.008299	0.981841 0.002244	0.152773 0.009476	0.015278 0.009922	0.000000 0.000000	0.000000 0.000000	
2 10 10 0.990000	0.136991 0.009934	0.981217 0.002713	0.146316 0.009670	0.012212 0.004062	0.000000 0.000000	0.000000 0.000000	
2 10 10 1.000000	0.134583 0.004059	0.981885 0.001096	0.151067 0.009951	0.012125 0.009893	0.000000 0.000000	0.000000 0.000000	
2 10 10 1.010000	0.127963 0.005620	0.983621 0.001432	0.146334 0.009296	0.013848 0.009645	0.000000 0.000000	0.000000 0.000000	
2 10 10 1.020000	0.129992 0.008597	0.983092 0.002213	0.139005 0.009899	0.007571 0.006137	0.000000 0.000000	0.000000 0.000000	
2 10 10 1.030000	0.129475 0.006327	0.983232 0.001638	0.139567 0.009726	0.008509 0.006769	0.000000 0.000000	0.000000 0.000000	
2 10 10 1.040000	0.129602 0.007144	0.983197 0.001858	0.142041 0.009994	0.010071 0.005772	0.000000 0.000000	0.000000 0.000000	
2 10 10 1.050000	0.130290 0.008683	0.983012 0.002260	0.132998 0.009191	0.003653 0.006570	0.000000 0.000000	0.000000 0.000000	
2 10 10 1.060000	0.126144 0.005213	0.984083 0.001309	0.140141 0.009926	0.008000 0.009224	0.000000 0.000000	0.000000 0.000000	
2 10 10 1.070000	0.127092 0.006504	0.983840 0.001659	0.131168 0.009909	0.007967 0.009411	0.000000 0.000000	0.000000 0.000000	
2 10 10 1.080000	0.126038 0.007091	0.984109 0.001782	0.130749 0.009873	0.008298 0.003600	0.000000 0.000000	0.000000 0.000000	
2 10 10 1.090000	0.123624 0.006257	0.984713 0.001560	0.127752 0.009704	0.009047 0.009285	0.000000 0.000000	0.000000 0.000000	
2 10 10 1.100000	0.124790 0.005519	0.984424 0.001370	0.127048 0.009981	0.007822 0.008013	0.000000 0.000000	0.000000 0.000000	
2 10 10 1.110000	0.124905 0.006079	0.984394 0.001526	0.132036 0.009861	0.010367 0.005529	0.000000 0.000000	0.000000 0.000000	
2 10 10 1.120000	0.121277 0.008744	0.985281 0.002146	0.123691 0.009203	0.004727 0.009920	0.000000 0.000000	0.000000 0.000000	
2 10 10 1.130000	0.122339 0.003534	0.985032 0.000868	0.125913 0.009740	0.007773 0.008304	0.000000 0.000000	0.000000 0.000000	
2 10 10 1.140000	0.123842 0.009855	0.984650 0.002477	0.117567 0.009804	0.003213 0.006507	0.000000 0.000000	0.000000 0.000000	
2 10 10 1.150000	0.120999 0.009517	0.985347 0.002331	0.118735 0.009997	0.003718 0.003319	0.000000 0.000000	0.000000 0.000000	
2 10 10 1.160000	0.117435 0.005982	0.986202 0.001401	0.115735 0.009937	0.003969 0.007871	0.000000 0.000000	0.000000 0.000000	
2 10 10 1.170000	0.121183 0.007845	0.985305 0.001908	0.118266 0.009531	0.000557 0.001831	0.000000 0.000000	0.000000 0.000000	
2 10 10 1.180000	0.116769 0.006240	0.986358 0.001463	0.108475 0.009521	0.002986 0.004876	0.000000 0.000000	0.000000 0.000000	
2 10 10 1.190000	0.118464 0.005796	0.985962 0.001379	0.115659 0.009984	0.002286 0.006023	0.000000 0.000000	0.000000 0.000000	
2 10 10 1.200000	0.118835 0.009679	0.985863 0.002313	0.115499 0.009963	0.004466 0.008128	0.000000 0.000000	0.000000 0.000000	
2 10 10 1.210000	0.117016 0.009659	0.986292 0.002269	0.109072 0.009884	0.003196 0.005930	0.000000 0.000000	0.000000 0.000000	
2 10 10 1.220000	0.112075 0.009257	0.987428 0.002113	0.108757 0.007112	0.002189 0.008615	0.000000 0.000000	0.000421 0.002107	
2 10 10 1.230000	0.117472 0.004658	0.986198 0.001097	0.098607 0.009975	0.003441 0.008694	0.000000 0.000000	0.000000 0.000000	
2 10 10 1.240000	0.115041 0.006038	0.986761 0.001386	0.105863 0.008392	0.002701 0.009213	0.000000 0.000000	0.000000 0.000000	
2 10 10 1.250000	0.110702 0.006094	0.987737 0.001341	0.105727 0.008496	0.004221 0.009767	0.000000 0.000000	0.000000 0.000000	
2 10 10 1.260000	0.117421 0.008032	0.986204 0.001891	0.094746 0.008173	0.002204 0.009300	0.000000 0.000000	0.000000 0.000000	
2 10 10 1.270000	0.118553 0.009379	0.985931 0.002222	0.101916 0.009382	0.002563 0.009781	0.000000 0.000000	0.000000 0.000000	
2 10 10 1.280000	0.116127 0.008621	0.986507 0.002000	0.102437 0.009648	0.000226 0.001131	0.000000 0.000000	0.000000 0.000000	
2 10 10 1.290000	0.114205 0.009098	0.986943 0.002102	0.098598 0.009797	0.002298 0.004319	0.000000 0.000000	0.000000 0.000000	
2 10 10 1.300000	0.115772 0.007830	0.986587 0.001804	0.101446 0.006630	0.002902 0.007808	0.000000 0.000000	0.000000 0.000000	
2 10 10 1.310000	0.113426 0.007369	0.987128 0.001667	0.095129 0.009928	0.000451 0.002255	0.000000 0.000000	0.000000 0.000000	
2 10 10 1.320000	0.109294 0.009691	0.988041 0.002099	0.097241 0.009687	0.002957 0.009703	0.000000 0.000000	0.000000 0.000000	
2 10 10 1.330000	0.110257 0.003653	0.987842 0.000802	0.097076 0.009618	0.000073 0.000367	0.000000 0.000000	0.000000 0.000000	
2 10 10 1.340000	0.113465 0.009948	0.987113 0.002243	0.094264 0.009269	0.000948 0.004740	0.000000 0.000000	0.000000 0.000000	
2 10 10 1.350000	0.110687 0.007109	0.987742 0.001583	0.094605 0.009212	0.002552 0.008961	0.000000 0.000000	0.000000 0.000000	
2 10 10 1.360000	0.111073 0.002951	0.987662 0.000651	0.091649 0.009717	0.000000 0.000000	0.000000 0.000000	0.000000 0.000000	
2 10 10 1.370000	0.112696 0.004525	0.987296 0.001022	0.093201 0.009508	0.000672 0.002701	0.000000 0.000000	0.000000 0.000000	
2 10 10 1.380000	0.109993 0.009743	0.987891 0.002140	0.089265 0.009888	0.000432 0.001635	0.000000 0.000000	0.000000 0.000000	
2 10 10 1.390000	0.111996 0.009356	0.987447 0.002084	0.094079 0.008708	0.000813 0.004067	0.000000 0.000000	0.000000 0.000000	
2 10 10 1.400000	0.110782 0.006533	0.987723 0.001457	0.087242 0.009783	0.000598 0.002655	0.000000 0.000000	0.000000 0.000000	
2 10 10 1.410000	0.110335 0.006057	0.987821 0.001335	0.089374 0.009933	0.000000 0.000000	0.000000 0.000000	0.000000 0.000000	
2 10 10 1.420000	0.110806 0.006183	0.987717 0.001369	0.086496 0.009654	0.000267 0.001336	0.000000 0.000000	0.000000 0.000000	
2 10 10 1.430000	0.110627 0.004742	0.987759 0.001053	0.093644 0.009973	0.000000 0.000000	0.000333 0.001664	0.000000 0.000000	
2 10 10 1.440000	0.112859 0.009514	0.987252 0.002173	0.085044 0.009779	0.000378 0.001890	0.000000 0.000000	0.000000 0.000000	
2 10 10 1.450000	0.109950 0.009019	0.987899 0.002011	0.087057 0.006894	0.003721 0.008620	0.000000 0.000000	0.000000 0.000000	
2 10 10 1.460000	0.107563 0.009730	0.988417 0.002115	0.082231 0.009748	0.000513 0.001637	0.000000 0.000000	0.000000 0.000000	
2 10 10 1.470000	0.108867 0.009253	0.988136 0.001994	0.081455 0.008258	0.000620 0.001895	0.000000 0.000000	0.000000 0.000000	
2 10 10 1.480000	0.108049 0.003930	0.988323 0.000847	0.077295 0.009274	0.000927 0.004634	0.000000 0.000000	0.000000 0.000000	
2 10 10 1.490000	0.109735 0.007368	0.987951 0.001634	0.078481 0.009844	0.000888 0.004441	0.000000 0.000000	0.000000 0.000000	
2 10 10 1.500000	0.106132 0.008082	0.988726 0.001713	0.082210 0.009899	0.000000 0.000000	0.000000 0.000000	0.000000 0.000000	
2 10 10 1.510000	0.107743 0.009793	0.988381 0.002124	0.084061 0.009973	0.000000 0.000000	0.000000 0.000000	0.000000 0.000000	
2 10 10 1.520000	0.107546 0.006476	0.988426 0.001387	0.076306 0.009850	0.000000 0.000000	0.000000 0.000000	0.000000 0.000000	
2 10 10 1.530000	0.106052 0.004088	0.988751 0.000868	0.079115 0.009850	0.000616 0.003082	0.000000 0.000000	0.000000 0.000000	
2 10 10 1.540000	0.106748 0.006072	0.988600 0.001307	0.072973 0.009897	0.000508 0.002540	0.000000 0.000000	0.000000 0.000000	
2 10 10 1.550000	0.106860 0.006115	0.988576 0.001293	0.072093 0.009664	0.000000 0.000000	0.000000 0.000000	0.000000 0.000000	
2 10 10 1.560000	0.105643 0.007726	0.988832 0.001639	0.076138 0.009104	0.000808 0.002328	0.000000 0.000000	0.000000 0.000000	
2 10 10 1.570000	0.107903 0.004925	0.988353 0.001064	0.072843 0.009774	0.000000 0.000000	0.000000 0.000000	0.000000 0.000000	
2 10 10 1.580000	0.106255 0.009775	0.988696 0.002029	0.074515 0.009996	0.000000 0.000000	0.000000 0.000000	0.000000 0.000000	
2 10 10 1.590000	0.104257 0.009993	0.989117 0.002069	0.071839 0.007984	0.000000 0.000000	0.000000 0.000000	0.000000 0.000000	
2 10 10 1.600000	0.107996 0.007605	0.988330 0.001624	0.071916 0.009359	0.000983 0.004231	0.000000 0.000000	0.000000 0.000000	
2 10 10 1.610000	0.109262 0.009570	0.988050 0.002109	0.074221 0.008048	0.000071 0.000354	0.000000 0.000000	0.000000 0.000000	
2 10 10 1.620000	0.105143 0.007805	0.988937 0.001637	0.070290 0.009813	0.000000 0.000000	0.000000 0.000000	0.000000 0.000000	
2 10 10 1.630000	0.109876 0.009957	0.987914 0.002164	0.076070 0.009560	0.000205 0.001027	0.000000 0.000000	0.000000 0.000000	
2 10 10 1.640000	0.106659 0.009615	0.988612 0.002028	0.063674 0.009554	0.000213 0.001092	0.000000 0.000000	0.000000 0.000000	
2 10 10 1.650000	0.104509 0.009466	0.989064 0.001960	0.071124 0.009361	0.001632 0.008160	0.000000 0.000000	0.000000 0.000000	
2 10 10 1.660000	0.106138 0.007810	0.988726 0.001657	0.072970 0.009547	0.000000 0.000000	0.000439 0.002195	0.000000 0.000000	
2 10 10 1.670000	0.103614 0.009455	0.989253 0.001939	0.062941 0.009627	0.000155 0.000773	0.000000 0.000000	0.000000 0.000000	
2 10 10 1.680000	0.104705 0.003048	0.989035 0.000637	0.068394 0.009984	0.000000 0.000000	0.000000 0.000000	0.000000 0.000000	
2 10 10 1.690000	0.103012 0.009687	0.989374 0.001962	0.064860 0.009624	0.000000 0.000000	0.000000 0.000000	0.000000 0.000000	
2 10 10 1.700000	0.104850 0.009360	0.988994 0.001956	0.063105 0.007336	0.000000 0.000000	0.000000 0.000000	0.000000 0.000000	
2 10 10 1.710000	0.105978 0.009607	0.988755 0.002025	0.064136 0.007153	0.000000 0.000000	0.000000 0.000000	0.000173 0.000867	
2 10 10 1.720000	0.107514 0.006053	0.988435 0.001299	0.066755 0.009438	0.000000 0.000000	0.000000 0.000000	0.000000 0.000000	
2 10 10 1.730000	0.104565 0.008910	0.989054 0.001856	0.069865 0.007312	0.001665 0.006179	0.000057 0.000283	0.000000 0.000000	
2 10 10 1.740000	0.104329 0.005703	0.989112 0.001196	0.062300 0.009955	0.000000 0.000000	0.000000 0.000000	0.000000 0.000000	
2 10 10 1.750000	0.102490 0.008019	0.989487 0.001641	0.063866 0.009302	0.000911 0.004557	0.000269 0.001345	0.000232 0.001162	
2 10 10 1.760000	0.107863 0.009777	0.988354 0.002093	0.061705 0.009781	0.000325 0.001623	0.000000 0.000000	0.000000 0.000000	
2 10 10 1.770000	0.109064 0.008648	0.988094 0.001877	0.061737 0.009859	0.000000 0.000000	0.000000 0.000000	0.000000 0.000000	
2 10 10 1.780000	0.102813 0.006313	0.989423 0.001299	0.065637 0.009123	0.000000 0.000000	0.000000 0.000000	0.000643 0.003217	
2 10 10 1.790000	0.102754 0.009736	0.989431 0.001984	0.061265 0.003552	0.000000 0.000000	0.000000 0.000000	0.000000 0.000000	
2 10 10 1.800000	0.102758 0.005014	0.989438 0.001036	0.061472 0.009919	0.000000 0.000000	0.000000 0.000000	0.000000 0.000000	
2 10 10 1.810000	0.105073 0.009753	0.988943 0.002051	0.058274 0.008570	0.000000 0.000000	0.000000 0.000000	0.000000 0.000000	
2 10 10 1.820000	0.106184 0.006709	0.988720 0.001440	0.062657 0.009731	0.000000 0.000000	0.000000 0.000000	0.000000 0.000000	
2 10 10 1.830000	0.103136 0.009884	0.989351 0.002035	0.060827 0.004678	0.001172 0.005858	0.000000 0.000000	0.000000 0.000000	
2 10 10 1.840000	0.101519 0.008476	0.989686 0.001729	0.054811 0.004875	0.000728 0.002358	0.000000 0.000000	0.000000 0.000000	
2 10 10 1.850000	0.102992 0.009215	0.989380 0.001901	0.059239 0.009952	0.000342 0.001711	0.000000 0.000000	0.000000 0.000000	
2 10 10 1.860000	0.102812 0.003944	0.989427 0.000809	0.060006 0.009506	0.000000 0.000000	0.000000 0.000000	0.000000 0.000000	
2 10 10 1.870000	0.101557 0.004614	0.989683 0.000934	0.059937 0.009851	0.000000 0.000000	0.000577 0.002887	0.000000 0.000000	
2 10 10 1.880000	0.101995 0.008849	0.989587 0.001836	0.057271 0.009764	0.000000 0.000000	0.000000 0.000000	0.000000 0.000000	
2 10 10 1.890000	0.102298 0.009736	0.989523 0.002026	0.055633 0.005355	0.000000 0.000000	0.000000 0.000000	0.000000 0.000000	
2 10 10 1.900000	0.102312 0.009266	0.989521 0.001926	0.057655 0.009798	0.000242 0.001209	0.000000 0.000000	0.000000 0.000000	
2 10 10 1.910000	0.103571 0.007383	0.989265 0.001534	0.056025 0.009993	0.000556 0.002780	0.000000 0.000000	0.000000 0.000000	
2 10 10 1.920000	0.099225 0.009469	0.990139 0.001873	0.056783 0.007078	0.000000 0.000000	0.000000 0.000000	0.000000 0.000000	
2 10 10 1.930000	0.100201 0.009798	0.989945 0.001956	0.057528 0.009354	0.001392 0.006962	0.000465 0.002323	0.000000 0.000000	
2 10 10 1.940000	0.105740 0.009812	0.988807 0.002062	0.054361 0.009527	0.000000 0.000000	0.000000 0.000000	0.000000 0.000000	
2 10 10 1.950000	0.101307 0.007874	0.989728 0.001624	0.051586 0.009688	0.000000 0.000000	0.000000 0.000000	0.000000 0.000000	
2 10 10 1.960000	0.101205 0.009813	0.989745 0.001975	0.053349 0.009258	0.000000 0.000000	0.000000 0.000000	0.000000 0.000000	
2 10 10 1.970000	0.099131 0.009318	0.990160 0.001860	0.055139 0.009661	0.000000 0.000000	0.000000 0.000000	0.000025 0.000127	
2 10 10 1.980000	0.102375 0.006121	0.989514 0.001251	0.053621 0.009781	0.000000 0.000000	0.000000 0.000000	0.000000 0.000000	
2 10 10 1.990000	0.101332 0.009692	0.989719 0.001975	0.051836 0.009565	0.000000 0.000000	0.000000 0.000000	0.000000 0.000000	
2 10 10 2.000000	0.104245 0.009370	0.989124 0.001954	0.049619 0.009845	0.000000 0.000000	0.000069 0.000347	0.000000 0.000000	
2 10 10 2.010000	0.099465 0.009949	0.990090 0.001977	0.056074 0.008614	0.000000 0.000000	0.000709 0.003545	0.000000 0.000000	
2 10 10 2.020000	0.101792 0.003106	0.989637 0.000631	0.050777 0.009828	0.000000 0.000000	0.000000 0.000000	0.000000 0.000000	
2 10 10 2.030000	0.102214 0.005287	0.989549 0.001079	0.051785 0.009647	0.000000 0.000000	0.000000 0.000000	0.000000 0.000000	
2 10 10 2.040000	0.099681 0.009772	0.990048 0.001951	0.051303 0.009586	0.000000 0.000000	0.000000 0.000000	0.000000 0.000000	
2 10 10 2.050000	0.100051 0.009310	0.989975 0.001843	0.049338 0.009906	0.000000 0.000000	0.000000 0.000000	0.000000 0.000000	
2 10 10 2.060000	0.104448 0.009861	0.989080 0.002064	0.050738 0.007988	0.000000 0.000000	0.000000 0.000000	0.000000 0.000000	
2 10 10 2.070000	0.101310 0.009413	0.989724 0.001902	0.040239 0.009417	0.000000 0.000000	0.001289 0.006445	0.000000 0.000000	
2 10 10 2.080000	0.102334 0.008914	0.989517 0.001841	0.053781 0.009582	0.000023 0.000116	0.000000 0.000000	0.000000 0.000000	
2 10 10 2.090000	0.099539 0.009869	0.990076 0.001965	0.051454 0.008205	0.000000 0.000000	0.000000 0.000000	0.000745 0.003724	
2 10 10 2.100000	0.101134 0.005258	0.989768 0.001060	0.047158 0.009902	0.000000 0.000000	0.000000 0.000000	0.000000 0.000000	
2 10 10 2.110000	0.098497 0.005932	0.990294 0.001181	0.050928 0.009539	0.000473 0.002365	0.000000 0.000000	0.001300 0.006499	
2 10 10 2.120000	0.099113 0.008069	0.990168 0.001595	0.048221 0.009682	0.000000 0.000000	0.000000 0.000000	0.000000 0.000000	
2 10 10 2.130000	0.100041 0.004238	0.989990 0.000842	0.049208 0.009526	0.000000 0.000000	0.000000 0.000000	0.000000 0.000000	
2 10 10 2.140000	0.101059 0.009743	0.989776 0.001939	0.046960 0.008180	0.000000 0.000000	0.000000 0.000000	0.000406 0.002028	
2 10 10 2.150000	0.102202 0.008753	0.989546 0.001794	0.046093 0.009828	0.000000 0.000000	0.000000 0.000000	0.000000 0.000000	
2 10 10 2.160000	0.099521 0.009929	0.990081 0.001964	0.046966 0.005167	0.000000 0.000000	0.000000 0.000000	0.000000 0.000000	
2 10 10 2.170000	0.099678 0.007324	0.990053 0.001450	0.047718 0.008008	0.000000 0.000000	0.000000 0.000000	0.000000 0.000000	
2 10 10 2.180000	0.099544 0.009469	0.990081 0.001899	0.046512 0.009638	0.001176 0.005882	0.000000 0.000000	0.000000 0.000000	
2 10 10 2.190000	0.100002 0.005373	0.989994 0.001071	0.049025 0.009663	0.000000 0.000000	0.000000 0.000000	0.000000 0.000000	
2 10 10 2.200000	0.100008 0.006213	0.989994 0.001234	0.046234 0.009759	0.000000 0.000000	0.000000 0.000000	0.000000 0.000000	
2 10 10 2.210000	0.100274 0.009990	0.989933 0.001987	0.048777 0.008408	0.000000 0.000000	0.000000 0.000000	0.000000 0.000000	
2 10 10 2.220000	0.103904 0.008854	0.989193 0.001874	0.049021 0.009687	0.000000 0.000000	0.000000 0.000000	0.000000 0.000000	
2 10 10 2.230000	0.097429 0.004688	0.990505 0.000914	0.043755 0.009318	0.001358 0.005420	0.000000 0.000000	0.000000 0.000000	
2 10 10 2.240000	0.098181 0.008395	0.990352 0.001653	0.043774 0.009470	0.000479 0.003711	0.000000 0.000000	0.002169 0.006557	
2 10 10 2.250000	0.104080 0.009985	0.989153 0.002031	0.041138 0.009510	0.000070 0.000349	0.000000 0.000000	0.000000 0.000000	
2 10 10 2.260000	0.100933 0.002479	0.989812 0.000502	0.045656 0.009943	0.000000 0.000000	0.000000 0.000000	0.000000 0.000000	
2 10 10 2.270000	0.099967 0.002441	0.990006 0.000488	0.042937 0.009942	0.000000 0.000000	0.000000 0.000000	0.000000 0.000000	
2 10 10 2.280000	0.098981 0.009529	0.990186 0.001897	0.044136 0.009708	0.000000 0.000000	0.000000 0.000000	0.001045 0.005225	
2 10 10 2.290000	0.100975 0.009867	0.989791 0.002005	0.030853 0.008086	0.000000 0.000000	0.001008 0.005041	0.000000 0.000000	
2 10 10 2.300000	0.098387 0.007175	0.990314 0.001403	0.043484 0.009819	0.000000 0.000000	0.000000 0.000000	0.000000 0.000000	
2 10 10 2.310000	0.098581 0.008881	0.990272 0.001770	0.045902 0.009767	0.000000 0.000000	0.000000 0.000000	0.000000 0.000000	
2 10 10 2.320000	0.095336 0.006576	0.990905 0.001254	0.045262 0.009779	0.000000 0.000000	0.000000 0.000000	0.000000 0.000000	
2 10 10 2.330000	0.098941 0.009302	0.990197 0.001855	0.047605 0.008568	0.001805 0.009024	0.000000 0.000000	0.000319 0.001594	
2 10 10 2.340000	0.099760 0.004230	0.990046 0.000839	0.040796 0.009422	0.000000 0.000000	0.000000 0.000000	0.000000 0.000000	
2 10 10 2.350000	0.101909 0.008308	0.989605 0.001693	0.041892 0.009957	0.000000 0.000000	0.000000 0.000000	0.000000 0.000000	
2 10 10 2.360000	0.099006 0.008350	0.990185 0.001654	0.043443 0.009353	0.000000 0.000000	0.000000 0.000000	0.000000 0.000000	
2 10 10 2.370000	0.099279 0.006929	0.990134 0.001366	0.042400 0.009777	0.000000 0.000000	0.000000 0.000000	0.000000 0.000000	
2 10 10 2.380000	0.100090 0.007713	0.989972 0.001537	0.039273 0.009460	0.000000 0.000000	0.000000 0.000000	0.000000 0.000000	
2 10 10 2.390000	0.099157 0.002530	0.990167 0.000503	0.041103 0.009874	0.000000 0.000000	0.000000 0.000000	0.000000 0.000000	
2 10 10 2.400000	0.097585 0.009774	0.990466 0.001892	0.042861 0.008900	0.000000 0.000000	0.000000 0.000000	0.000000 0.000000	
2 10 10 2.410000	0.097752 0.009034	0.990431 0.001754	0.042748 0.008738	0.000541 0.002707	0.000000 0.000000	0.000824 0.004121	
2 10 10 2.420000	0.099993 0.009887	0.989989 0.001951	0.038879 0.006036	0.000264 0.001321	0.000000 0.000000	0.000788 0.002075	
2 10 10 2.430000	0.098090 0.004452	0.990376 0.000871	0.043414 0.009554	0.000000 0.000000	0.000000 0.000000	0.000000 0.000000	
2 10 10 2.440000	0.098709 0.008230	0.990248 0.001636	0.036028 0.009813	0.000599 0.002993	0.000000 0.000000	0.000000 0.000000	
2 10 10 2.450000	0.100630 0.008474	0.989866 0.001704	0.042537 0.009570	0.001639 0.006144	0.000000 0.000000	0.001112 0.005558	
2 10 10 2.460000	0.097720 0.009473	0.990439 0.001829	0.034787 0.007384	0.000000 0.000000	0.000000 0.000000	0.000000 0.000000	
2 10 10 2.470000	0.099737 0.009877	0.990042 0.001984	0.038791 0.009878	0.000492 0.002458	0.000000 0.000000	0.000000 0.000000	
2 10 10 2.480000	0.097259 0.009258	0.990531 0.001808	0.036106 0.008791	0.000000 0.000000	0.000584 0.002918	0.000000 0.000000	
2 10 10 2.490000	0.095851 0.009624	0.990799 0.001828	0.042222 0.005038	0.000000 0.000000	0.000841 0.004205	0.000000 0.000000	
2 10 10 2.500000	0.097481 0.002675	0.990496 0.000524	0.042698 0.009338	0.000000 0.000000	0.000000 0.000000	0.000000 0.000000	
2 10 10 2.510000	0.096844 0.009451	0.990610 0.001809	0.039354 0.004838	0.000000 0.000000	0.000000 0.000000	0.000000 0.000000	
2 10 10 2.520000	0.099744 0.008635	0.990038 0.001734	0.038788 0.009656	0.000454 0.002272	0.000000 0.000000	0.000000 0.000000	
2 10 10 2.530000	0.094113 0.009421	0.991127 0.001766	0.038598 0.009329	0.000000 0.000000	0.000000 0.000000	0.000103 0.000517	
2 10 10 2.540000	0.093704 0.009906	0.991209 0.001839	0.043604 0.009873	0.000000 0.000000	0.000000 0.000000	0.000000 0.000000	
2 10 10 2.550000	0.097991 0.009967	0.990385 0.001922	0.038211 0.008147	0.000000 0.000000	0.000000 0.000000	0.000000 0.000000	
2 10 10 2.560000	0.103637 0.003516	0.989258 0.000730	0.039576 0.009136	0.000000 0.000000	0.000000 0.000000	0.000000 0.000000	
2 10 10 2.570000	0.099773 0.009439	0.990033 0.001911	0.036323 0.007140	0.000000 0.000000	0.000588 0.002147	0.000000 0.000000	
2 10 10 2.580000	0.096397 0.006852	0.990702 0.001334	0.040087 0.009750	0.000102 0.000510	0.000000 0.000000	0.000425 0.002126	
2 10 10 2.590000	0.096880 0.009630	0.990603 0.001892	0.040382 0.007796	0.000000 0.000000	0.000000 0.000000	0.000000 0.000000	
2 10 10 2.600000	0.098715 0.009351	0.990245 0.001848	0.036202 0.009557	0.000000 0.000000	0.000000 0.000000	0.000000 0.000000	
2 10 10 2.610000	0.099295 0.002236	0.990140 0.000445	0.036058 0.009010	0.001610 0.004420	0.000000 0.000000	0.000000 0.000000	
2 10 10 2.620000	0.096830 0.007573	0.990616 0.001493	0.031869 0.009900	0.000000 0.000000	0.000000 0.000000	0.000000 0.000000	
2 10 10 2.630000	0.096825 0.006269	0.990621 0.001216	0.035928 0.009953	0.000000 0.000000	0.000000 0.000000	0.000000 0.000000	
2 10 10 2.640000	0.098001 0.007637	0.990389 0.001481	0.035664 0.009842	0.000000 0.000000	0.000000 0.000000	0.000000 0.000000	
2 10 10 2.650000	0.096418 0.009798	0.990692 0.001870	0.034056 0.008765	0.000000 0.000000	0.000000 0.000000	0.000000 0.000000	
2 10 10 2.660000	0.093737 0.008815	0.991203 0.001654	0.034232 0.009284	0.000000 0.000000	0.000000 0.000000	0.000000 0.000000	
2 10 10 2.670000	0.098987 0.004399	0.990199 0.000874	0.034718 0.009846	0.001673 0.008364	0.000000 0.000000	0.000000 0.000000	
2 10 10 2.680000	0.096614 0.009724	0.990646 0.001863	0.030228 0.009797	0.000000 0.000000	0.000792 0.003960	0.000000 0.000000	
2 10 10 2.690000	0.098527 0.008428	0.990282 0.001698	0.034392 0.009354	0.000000 0.000000	0.000000 0.000000	0.000000 0.000000	
2 10 10 2.700000	0.098900 0.008873	0.990207 0.001728	0.032455 0.009909	0.000000 0.000000	0.000000 0.000000	0.000000 0.000000	
2 10 10 2.710000	0.094950 0.009898	0.990967 0.001883	0.037457 0.005176	0.000000 0.000000	0.000000 0.000000	0.000760 0.003800	
2 10 10 2.720000	0.093692 0.009809	0.991208 0.001822	0.036779 0.007414	0.000675 0.003377	0.000000 0.000000	0.000000 0.000000	
2 10 10 2.730000	0.095797 0.008447	0.990814 0.001614	0.028708 0.008729	0.000000 0.000000	0.000000 0.000000	0.000000 0.000000	
2 10 10 2.740000	0.097461 0.009726	0.990488 0.001918	0.028795 0.009935	0.000000 0.000000	0.000000 0.000000	0.000000 0.000000	
2 10 10 2.750000	0.099907 0.006547	0.990013 0.001326	0.034132 0.007399	0.000636 0.003180	0.000028 0.000138	0.000000 0.000000	
2 10 10 2.760000	0.101074 0.004520	0.989781 0.000919	0.030639 0.009786	0.000000 0.000000	0.000000 0.000000	0.000000 0.000000	
2 10 10 2.770000	0.095405 0.008741	0.990887 0.001673	0.035370 0.009583	0.000000 0.000000	0.000000 0.000000	0.000000 0.000000	
2 10 10 2.780000	0.095418 0.005237	0.990892 0.001004	0.029106 0.009710	0.000000 0.000000	0.000000 0.000000	-0.000029 0.000143	
2 10 10 2.790000	0.098443 0.009398	0.990297 0.001860	0.030744 0.009373	0.001615 0.008076	0.000000 0.000000	0.000000 0.000000	
2 10 10 2.800000	0.096941 0.009250	0.990592 0.001779	0.032061 0.008299	0.000000 0.000000	0.000000 0.000000	0.000000 0.000000	
2 10 10 2.810000	0.097352 0.007994	0.990515 0.001563	0.031750 0.009447	0.000000 0.000000	0.000000 0.000000	0.000084 0.000419	
2 10 10 2.820000	0.099939 0.009692	0.990000 0.001951	0.030585 0.008311	0.000000 0.000000	0.000000 0.000000	0.000000 0.000000	
2 10 10 2.830000	0.098598 0.009950	0.990262 0.001964	0.031521 0.005242	0.000000 0.000000	0.000000 0.000000	0.000000 0.000000	
2 10 10 2.840000	0.097070 0.009744	0.990565 0.001868	0.029743 0.008171	0.000000 0.000000	0.000000 0.000000	0.000000 0.000000	
2 10 10 2.850000	0.098618 0.009645	0.990263 0.001899	0.030704 0.008779	0.000000 0.000000	0.000000 0.000000	0.000000 0.000000	
2 10 10 2.860000	0.097087 0.003062	0.990573 0.000597	0.029379 0.009256	0.000000 0.000000	0.000000 0.000000	0.000000 0.000000	
2 10 10 2.870000	0.097151 0.009774	0.990551 0.001894	0.032241 0.009023	0.000000 0.000000	0.000000 0.000000	0.000000 0.000000	
2 10 10 2.880000	0.093590 0.009192	0.991230 0.001691	0.028442 0.008633	0.000000 0.000000	0.000000 0.000000	0.001341 0.006706	
2 10 10 2.890000	0.096828 0.006765	0.990617 0.001305	0.032615 0.008940	0.000000 0.000000	0.000000 0.000000	0.000000 0.000000	
2 10 10 2.900000	0.095868 0.008676	0.990800 0.001659	0.036443 0.007796	0.000000 0.000000	-0.000062 0.000310	0.000000 0.000000	
2 10 10 2.910000	0.095001 0.005631	0.990970 0.001065	0.031453 0.009729	0.000000 0.000000	0.000000 0.000000	0.000000 0.000000	
2 10 10 2.920000	0.097212 0.007520	0.990542 0.001467	0.032719 0.009280	0.000637 0.003187	0.000000 0.000000	0.000061 0.000303	
2 10 10 2.930000	0.096038 0.008832	0.990767 0.001696	0.031103 0.009942	0.000000 0.000000	0.000000 0.000000	0.000000 0.000000	
2 10 10 2.940000	0.094905 0.009281	0.990984 0.001770	0.026398 0.009549	0.000000 0.000000	0.000000 0.000000	0.001160 0.005798	
2 10 10 2.950000	0.096872 0.007609	0.990608 0.001481	0.031812 0.009344	0.000000 0.000000	0.000000 0.000000	0.000000 0.000000	
2 10 10 2.960000	0.094243 0.006687	0.991112 0.001250	0.035030 0.009722	0.001175 0.005876	0.000000 0.000000	0.000000 0.000000	
2 10 10 2.970000	0.095432 0.005707	0.990887 0.001092	0.029914 0.009960	0.000000 0.000000	0.000000 0.000000	0.000000 0.000000	
2 10 10 2.980000	0.095568 0.003477	0.990865 0.000668	0.030642 0.009664	0.000733 0.003667	0.000005 0.000024	0.000000 0.000000	
2 10 10 2.990000	0.095594 0.009942	0.990849 0.001907	0.030791 0.009598	0.001040 0.005201	0.000000 0.000000	0.000334 0.001669	
2 10 10 3.000000	0.096548 0.009399	0.990667 0.001777	0.032961 0.009483	0.000000 0.000000	0.000000 0.000000	0.000000 0.000000	
2 10 10 3.010000	0.095174 0.009980	0.990930 0.001869	0.028697 0.009877	0.000000 0.000000	0.000000 0.000000	0.000000 0.000000	
2 10 10 3.020000	0.095787 0.009594	0.990812 0.001810	0.032157 0.006704	0.000138 0.000692	0.000000 0.000000	0.000000 0.000000	
2 10 10 3.030000	0.096593 0.007946	0.990663 0.001533	0.029013 0.009755	0.000000 0.000000	0.000000 0.000000	0.000000 0.000000	
2 10 10 3.040000	0.095643 0.007580	0.990845 0.001469	0.026819 0.009764	0.000000 0.000000	0.000000 0.000000	0.000000 0.000000	
2 10 10 3.050000	0.096568 0.009536	0.990661 0.001828	0.026491 0.009584	0.000000 0.000000	0.000000 0.000000	0.000000 0.000000	
2 10 10 3.060000	0.097126 0.007375	0.990557 0.001431	0.024659 0.009242	0.000000 0.000000	0.000000 0.000000	0.000000 0.000000	
2 10 10 3.070000	0.096470 0.005506	0.990690 0.001064	0.027785 0.009804	0.000000 0.000000	0.000000 0.000000	0.000000 0.000000	
2 10 10 3.080000	0.095408 0.009175	0.990886 0.001770	0.028984 0.009475	0.000000 0.000000	0.000000 0.000000	0.001576 0.005756	
2 10 10 3.090000	0.092915 0.008865	0.991359 0.001644	0.024618 0.009020	0.000000 0.000000	0.000000 0.000000	0.000000 0.000000	
2 10 10 3.100000	0.095480 0.007784	0.990874 0.001494	0.024832 0.009846	0.000228 0.001142	0.000000 0.000000	0.000000 0.000000	
2 10 10 3.110000	0.097698 0.009986	0.990444 0.001928	0.029209 0.002869	0.000000 0.000000	0.000000 0.000000	0.000000 0.000000	
2 10 10 3.120000	0.097693 0.009913	0.990443 0.001921	0.032453 0.006790	0.000071 0.000356	0.000000 0.000000	0.000893 0.004466	
2 10 10 3.130000	0.102775 0.008762	0.989426 0.001769	0.026830 0.009645	0.000000 0.000000	0.000000 0.000000	0.000000 0.000000	
2 10 10 3.140000	0.093215 0.009981	0.991295 0.001869	0.028532 0.009215	0.000000 0.000000	0.000000 0.000000	0.000000 0.000000	
2 10 10 3.150000	0.093501 0.009924	0.991247 0.001869	0.030995 0.004521	0.000000 0.000000	0.000000 0.000000	0.000824 0.004119	
2 10 10 3.160000	0.095282 0.008645	0.990907 0.001634	0.027264 0.009843	0.000000 0.000000	0.000000 0.000000	0.000000 0.000000	
2 10 10 3.170000	0.094163 0.005106	0.991130 0.000969	0.026782 0.009958	0.000000 0.000000	0.000000 0.000000	0.000000 0.000000	
2 10 10 3.180000	0.096031 0.002310	0.990777 0.000445	0.030258 0.009970	0.000000 0.000000	0.000000 0.000000	0.000000 0.000000	
2 10 10 3.190000	0.096176 0.006401	0.990745 0.001235	0.027413 0.009352	0.000000 0.000000	0.000000 0.000000	0.000000 0.000000	
2 10 10 3.200000	0.094090 0.007525	0.991139 0.001401	0.033897 0.003922	0.001866 0.008751	0.000000 0.000000	0.000000 0.000000	
2 10 10 3.210000	0.093914 0.007146	0.991173 0.001352	0.028746 0.009896	0.000000 0.000000	0.000000 0.000000	0.000000 0.000000	
2 10 10 3.220000	0.095179 0.007951	0.990930 0.001521	0.032739 0.009550	0.000000 0.000000	0.000000 0.000000	0.000000 0.000000	
2 10 10 3.230000	0.091671 0.007001	0.991588 0.001281	0.027187 0.009922	0.001321 0.006607	0.000000 0.000000	0.000000 0.000000	
2 10 10 3.240000	0.096181 0.008823	0.990738 0.001696	0.023198 0.009872	0.000000 0.000000	0.000000 0.000000	0.000000 0.000000	
2 10 10 3.250000	0.096388 0.009232	0.990700 0.001788	0.029309 0.009183	0.000238 0.001192	0.000000 0.000000	0.000000 0.000000	
2 10 10 3.260000	0.094832 0.009782	0.990997 0.001844	0.027985 0.007814	0.000000 0.000000	0.000060 0.000300	0.000000 0.000000	
2 10 10 3.270000	0.094943 0.003908	0.990984 0.000745	0.022310 0.009398	0.000672 0.003359	0.000000 0.000000	0.000000 0.000000	
2 10 10 3.280000	0.093525 0.002750	0.991252 0.000513	0.028113 0.009916	0.000609 0.003046	0.000000 0.000000	0.000000 0.000000	
2 10 10 3.290000	0.093637 0.007760	0.991223 0.001439	0.022620 0.009965	0.000000 0.000000	0.000000 0.000000	0.000000 0.000000	
2 10 10 3.300000	0.093722 0.006854	0.991211 0.001296	0.028838 0.009918	0.000000 0.000000	0.000790 0.003952	0.000000 0.000000	
2 10 10 3.310000	0.093182 0.009484	0.991307 0.001765	0.026495 0.009879	0.000000 0.000000	0.000000 0.000000	0.000000 0.000000	
2 10 10 3.320000	0.097462 0.008417	0.990493 0.001623	0.029501 0.009813	0.000173 0.000864	0.000000 0.000000	0.000000 0.000000	
2 10 10 3.330000	0.097201 0.004793	0.990549 0.000927	0.027242 0.009213	0.000000 0.000000	0.001424 0.007118	0.000000 0.000000	
2 10 10 3.340000	0.092974 0.008740	0.991347 0.001634	0.028077 0.009307	0.001586 0.007931	0.000000 0.000000	0.000000 0.000000	
2 10 10 3.350000	0.093376 0.009563	0.991270 0.001780	0.030322 0.009866	0.000000 0.000000	0.001287 0.006437	0.000000 0.000000	
2 10 10 3.360000	0.092040 0.006294	0.991523 0.001151	0.022849 0.008811	0.000468 0.002342	0.001265 0.006323	0.000000 0.000000	
2 10 10 3.370000	0.094300 0.009540	0.991097 0.001804	0.018233 0.007382	0.000000 0.000000	0.000000 0.000000	0.000000 0.000000	
2 10 10 3.380000	0.098628 0.006313	0.990266 0.001240	0.033767 0.008965	0.000000 0.000000	0.000000 0.000000	0.002025 0.006281	
2 10 10 3.390000	0.093705 0.009608	0.991207 0.001800	0.023731 0.009554	0.000291 0.001457	0.000000 0.000000	0.000000 0.000000	
2 10 10 3.400000	0.096995 0.008473	0.990582 0.001630	0.022298 0.009737	0.000670 0.003348	0.000000 0.000000	0.000000 0.000000	
2 10 10 3.410000	0.095035 0.009987	0.990956 0.001926	0.024794 0.008052	0.000000 0.000000	0.000000 0.000000	0.000000 0.000000	
2 10 10 3.420000	0.094347 0.009321	0.991086 0.001739	0.025279 0.009607	0.000000 0.000000	0.000000 0.000000	0.001580 0.007898	
2 10 10 3.430000	0.096033 0.009566	0.990762 0.001851	0.029762 0.007352	0.000000 0.000000	0.000000 0.000000	0.000000 0.000000	
2 10 10 3.440000	0.093071 0.008184	0.991327 0.001532	0.032059 0.009437	0.000207 0.001034	0.000000 0.000000	0.000000 0.000000	
2 10 10 3.450000	0.090905 0.009373	0.991727 0.001710	0.017347 0.009462	0.000000 0.000000	0.000000 0.000000	0.000463 0.002316	
2 10 10 3.460000	0.095207 0.007737	0.990927 0.001465	0.025947 0.009902	0.000000 0.000000	0.000000 0.000000	0.000000 0.000000	
2 10 10 3.470000	0.096123 0.003481	0.990759 0.000669	0.026369 0.009859	0.000000 0.000000	0.000000 0.000000	0.000000 0.000000	
2 10 10 3.480000	0.095404 0.009752	0.990886 0.001832	0.023455 0.007964	0.000000 0.000000	0.000000 0.000000	0.000000 0.000000	
2 10 10 3.490000	0.092831 0.009544	0.991372 0.001750	0.023501 0.008134	0.000000 0.000000	0.000000 0.000000	0.000000 0.000000	
2 10 10 3.500000	0.097416 0.005138	0.990507 0.001000	0.021481 0.008434	0.000000 0.000000	0.000000 0.000000	0.000000 0.000000	
2 10 10 3.510000	0.093505 0.004535	0.991255 0.000851	0.026917 0.009994	0.000000 0.000000	0.000000 0.000000	0.000000 0.000000	
2 10 10 3.520000	0.100931 0.009807	0.989801 0.001964	0.020916 0.009075	0.000000 0.000000	0.000186 0.000932	0.000000 0.000000	
2 10 10 3.530000	0.094251 0.006892	0.991111 0.001290	0.024531 0.009665	0.000000 0.000000	0.000696 0.003479	0.000000 0.000000	
2 10 10 3.540000	0.094576 0.007106	0.991049 0.001356	0.025525 0.007898	0.001894 0.009468	0.000000 0.000000	0.000000 0.000000	
2 10 10 3.550000	0.095059 0.008970	0.990952 0.001709	0.024380 0.009965	0.000000 0.000000	0.000000 0.000000	0.001158 0.005790	
2 10 10 3.560000	0.093120 0.008876	0.991315 0.001663	0.025792 0.006639	0.000835 0.004173	0.001805 0.009023	0.000000 0.000000	
2 10 10 3.570000	0.090585 0.007468	0.991785 0.001345	0.025090 0.009874	0.000000 0.000000	0.000000 0.000000	0.000270 0.001351	
2 10 10 3.580000	0.096603 0.009337	0.990658 0.001822	0.019204 0.009830	0.000000 0.000000	0.000000 0.000000	0.000000 0.000000	
2 10 10 3.590000	0.094792 0.006251	0.991009 0.001173	0.018775 0.009415	0.000000 0.000000	0.000000 0.000000	0.000000 0.000000	
2 10 10 3.600000	0.096783 0.007801	0.990625 0.001497	0.023582 0.009855	0.000000 0.000000	0.000000 0.000000	0.000000 0.000000	
2 10 10 3.610000	0.095003 0.007824	0.990967 0.001489	0.031170 0.009848	0.000000 0.000000	0.000000 0.000000	0.000189 0.000943	
2 10 10 3.620000	0.096866 0.009260	0.990607 0.001771	0.020066 0.009913	0.001903 0.009515	0.000000 0.000000	0.000000 0.000000	
2 10 10 3.630000	0.095052 0.009522	0.990954 0.001830	0.026546 0.009780	0.000465 0.002323	0.000000 0.000000	0.001986 0.009929	
2 10 10 3.640000	0.092504 0.005981	0.991439 0.001109	0.019653 0.009894	0.000595 0.002975	0.000000 0.000000	0.000000 0.000000	
2 10 10 3.650000	0.091072 0.009644	0.991691 0.001781	0.022877 0.005275	0.000000 0.000000	0.000000 0.000000	0.000000 0.000000	
2 10 10 3.660000	0.093548 0.008638	0.991239 0.001608	0.023747 0.009763	0.000473 0.002365	0.000000 0.000000	0.000000 0.000000	
2 10 10 3.670000	0.098799 0.009036	0.990228 0.001797	0.023184 0.009320	0.000000 0.000000	0.000000 0.000000	0.000000 0.000000	
2 10 10 3.680000	0.095093 0.007649	0.990948 0.001444	0.024186 0.009062	0.000000 0.000000	0.000000 0.000000	0.000000 0.000000	
2 10 10 3.690000	0.098563 0.007652	0.990279 0.001507	0.019463 0.008849	0.000000 0.000000	0.000000 0.000000	0.000000 0.000000	
2 10 10 3.700000	0.094094 0.008120	0.991138 0.001505	0.022478 0.009655	0.000000 0.000000	0.000000 0.000000	0.000000 0.000000	
2 10 10 3.710000	0.094172 0.007112	0.991126 0.001326	0.028334 0.009607	0.000000 0.000000	0.000000 0.000000	0.000000 0.000000	
2 10 10 3.720000	0.095163 0.008797	0.990936 0.001662	0.023202 0.009723	0.000000 0.000000	0.000000 0.000000	0.000000 0.000000	
2 10 10 3.730000	0.092493 0.006307	0.991441 0.001171	0.018280 0.009634	0.000000 0.000000	0.000000 0.000000	0.000000 0.000000	
2 10 10 3.740000	0.095606 0.007475	0.990852 0.001434	0.020506 0.009873	0.000000 0.000000	0.000000 0.000000	0.000265 0.001326	
2 10 10 3.750000	0.094362 0.006775	0.991090 0.001275	0.021219 0.009687	0.000322 0.001611	0.000000 0.000000	0.000000 0.000000	
2 10 10 3.760000	0.095275 0.006403	0.990917 0.001208	0.025283 0.009578	0.000000 0.000000	0.000000 0.000000	0.000000 0.000000	
2 10 10 3.770000	0.093853 0.009829	0.991179 0.001873	0.023918 0.009837	0.000000 0.000000	0.000279 0.001397	0.001883 0.006126	
2 10 10 3.780000	0.100688 0.009767	0.989849 0.001960	0.018717 0.009845	0.002636 0.006881	0.000000 0.000000	-0.000074 0.000369	
2 10 10 3.790000	0.095160 0.009713	0.990932 0.001878	0.018331 0.007923	0.000000 0.000000	0.000000 0.000000	0.000000 0.000000	
2 10 10 3.800000	0.093503 0.009666	0.991246 0.001821	0.023197 0.009818	0.000604 0.003021	0.000000 0.000000	0.000000 0.000000	
2 10 10 3.810000	0.090742 0.005015	0.991762 0.000906	0.025131 0.009761	0.000000 0.000000	0.000000 0.000000	0.000000 0.000000	
2 10 10 3.820000	0.095721 0.005555	0.990834 0.001067	0.020407 0.009214	0.000000 0.000000	0.000000 0.000000	0.000000 0.000000	
2 10 10 3.830000	0.096036 0.009907	0.990760 0.001923	0.016021 0.006365	0.000000 0.000000	0.000000 0.000000	0.000000 0.000000	
2 10 10 3.840000	0.093154 0.004709	0.991320 0.000874	0.017147 0.009697	0.000000 0.000000	0.000000 0.000000	0.000000 0.000000	
2 10 10 3.850000	0.095649 0.007652	0.990845 0.001462	0.021870 0.009965	0.000213 0.001063	0.000000 0.000000	0.000000 0.000000	
2 10 10 3.860000	0.093160 0.004751	0.991318 0.000883	0.021715 0.009509	0.000000 0.000000	0.000000 0.000000	0.000000 0.000000	
2 10 10 3.870000	0.094490 0.006180	0.991067 0.001175	0.022089 0.009386	0.000000 0.000000	0.000000 0.000000	0.000117 0.000587	
2 10 10 3.880000	0.093018 0.006314	0.991342 0.001163	0.017812 0.009635	0.000000 0.000000	0.000000 0.000000	0.000000 0.000000	
2 10 10 3.890000	0.091356 0.007315	0.991645 0.001339	0.013708 0.009541	0.000000 0.000000	0.000000 0.000000	0.000000 0.000000	
2 10 10 3.900000	0.093464 0.007163	0.991258 0.001332	0.017689 0.009870	0.000000 0.000000	0.000000 0.000000	0.000000 0.000000	
2 10 10 3.910000	0.094385 0.009875	0.991081 0.001887	0.021157 0.008813	0.000000 0.000000	0.000000 0.000000	0.000000 0.000000	
2 10 10 3.920000	0.098303 0.008726	0.990327 0.001722	0.013281 0.009054	0.000000 0.000000	0.000000 0.000000	0.000245 0.001226	
2 10 10 3.930000	0.091924 0.009322	0.991538 0.001751	0.019869 0.009182	0.000000 0.000000	0.000000 0.000000	0.000000 0.000000	
2 10 10 3.940000	0.094597 0.008853	0.991038 0.001666	0.019468 0.009056	0.001507 0.007535	0.000809 0.004047	0.000000 0.000000	
2 10 10 3.950000	0.092213 0.009851	0.991477 0.001827	0.022421 0.009774	0.000000 0.000000	0.000656 0.003282	0.000000 0.000000	
2 10 10 3.960000	0.090709 0.009138	0.991757 0.001661	0.016985 0.009281	0.000000 0.000000	0.000000 0.000000	0.000000 0.000000	
2 10 10 3.970000	0.093934 0.009960	0.991162 0.001877	0.019286 0.007559	0.000000 0.000000	0.000000 0.000000	0.000000 0.000000	
2 10 10 3.980000	0.093533 0.009942	0.991240 0.001885	0.018059 0.006563	0.000000 0.000000	0.001225 0.006126	0.001012 0.005062	
2 10 10 3.990000	0.095987 0.004403	0.990783 0.000845	0.018153 0.009919	0.000000 0.000000	0.000000 0.000000	0.000000 0.000000	
2 10 10 4.000000	0.094496 0.005839	0.991067 0.001101	0.015476 0.009865	0.000450 0.002249	0.002061 0.007297	0.000000 0.000000	
