2 24 100 0.000000	0.996199 0.004181	0.007585 0.008331	0.003831 0.006138	0.001905 0.005650	0.000000 0.000000	0.002657 0.004799	0.000721 0.003605	0.001367 0.002966	0.002484 0.006401	0.001957 0.006934	0.004638 0.009511	
2 24 100 0.010000	0.995185 0.004885	0.009602 0.009725	0.003814 0.009933	0.000000 0.000000	0.001240 0.006199	0.000806 0.004032	0.000000 0.000000	0.000000 0.000000	0.001435 0.003972	0.000255 0.000997	0.001315 0.002671	
2 24 100 0.020000	0.997241 0.004994	0.005507 0.009955	0.001461 0.004370	0.000306 0.001529	0.000466 0.002332	0.000167 0.000837	0.000312 0.001562	0.000000 0.000000	0.000138 0.000689	0.002065 0.004488	0.002241 0.005334	
2 24 100 0.030000	0.997676 0.003956	0.004640 0.007889	0.002066 0.004875	0.001493 0.003025	0.000283 0.001416	0.001211 0.002372	0.001950 0.009752	0.000000 0.000000	0.002966 0.009009	0.000280 0.001402	0.003284 0.002203	
2 24 100 0.040000	0.997367 0.004999	0.005256 0.009967	0.000373 0.001123	0.002204 0.006349	0.000355 0.001776	0.002132 0.004405	0.000790 0.002805	0.000667 0.002634	0.002578 0.005827	0.000931 0.004653	0.000000 0.000000	
2 24 100 0.050000	0.997035 0.005002	0.005919 0.009969	0.002874 0.007990	0.000314 0.001572	0.000917 0.004586	0.000279 0.001393	0.000154 0.000772	0.002459 0.005215	0.000741 0.002248	0.001061 0.002191	0.001017 0.002887	
2 24 100 0.060000	0.998235 0.004911	0.003525 0.009796	0.001637 0.005111	0.001106 0.003206	0.000719 0.003206	0.000031 0.000156	0.000078 0.000388	0.000880 0.003206	0.000000 0.000000	0.002032 0.008598	0.001488 0.003496	
2 24 100 0.070000	0.998111 0.004962	0.003771 0.009894	0.000504 0.001839	0.000147 0.000562	0.000795 0.003757	0.000179 0.000893	0.000775 0.003877	0.000000 0.000000	0.000181 0.000906	0.000000 0.000000	0.001347 0.005455	
2 24 100 0.080000	0.995159 0.004818	0.009654 0.009588	0.003277 0.009677	0.002206 0.005254	0.000503 0.002517	0.000715 0.003577	0.003077 0.008275	0.001592 0.005065	0.001319 0.003035	0.002755 0.006005	0.002671 0.007936	
2 24 100 0.090000	0.997287 0.004960	0.005415 0.009891	0.001977 0.004195	0.001017 0.004195	0.001213 0.002930	0.001002 0.003046	0.000575 0.001927	0.001039 0.004425	0.000539 0.002200	0.002392 0.006187	0.000401 0.001222	
2 24 100 0.100000	0.998363 0.004936	0.003267 0.009847	0.000986 0.004930	0.000858 0.004291	0.000648 0.003242	0.000346 0.001730	0.000000 0.000000	0.001340 0.004971	0.001622 0.004373	0.001229 0.003856	0.001701 0.004758	
2 24 100 0.110000	0.996893 0.004741	0.006200 0.009445	0.002209 0.003980	0.000562 0.002809	0.001791 0.006169	0.000064 0.000319	0.000963 0.003570	0.002549 0.009956	0.000000 0.000000	0.000000 0.000000	0.001449 0.004465	
2 24 100 0.120000	0.996041 0.004865	0.007900 0.009694	0.002843 0.007253	0.003729 0.008528	0.001123 0.005615	0.000181 0.000907	0.001133 0.005665	0.000889 0.003106	0.000449 0.002245	0.000986 0.002622	0.002651 0.006513	
2 24 100 0.130000	0.997587 0.005012	0.004818 0.009997	0.001305 0.006527	0.001077 0.005387	0.000000 0.000000	0.001527 0.006197	0.001330 0.004435	0.001298 0.003635	0.001280 0.003635	0.001031 0.005026	0.001871 0.009114	
2 24 100 0.140000	0.997355 0.004276	0.005280 0.008523	0.001336 0.004034	0.000638 0.003192	0.000320 0.001600	0.000735 0.003676	0.000590 0.002951	0.001586 0.003223	0.000828 0.004141	0.002682 0.009814	0.002878 0.004657	
2 24 100 0.150000	0.995790 0.003527	0.008400 0.007027	0.000879 0.002548	0.002569 0.004371	0.001419 0.004308	0.001167 0.004787	0.001912 0.006617	0.000000 0.000000	0.002553 0.006942	0.000899 0.003863	0.001982 0.009912	
2 24 100 0.160000	0.996126 0.004881	0.007729 0.009715	0.003165 0.008772	0.003212 0.002530	0.001507 0.004366	0.000816 0.003789	0.001696 0.004696	0.000913 0.004563	0.002192 0.004143	0.001948 0.006049	0.000140 0.000699	
2 24 100 0.170000	0.995731 0.004210	0.008518 0.008391	0.001584 0.006070	0.003099 0.008269	0.003259 0.006119	0.002498 0.009800	0.002618 0.008388	0.000000 0.000000	0.000000 0.000000	0.001013 0.005064	0.003373 0.007987	
2 24 100 0.180000	0.997101 0.005007	0.005786 0.009985	0.000472 0.002362	0.000000 0.000000	0.001827 0.006462	0.000000 0.000000	0.000292 0.001459	0.002825 0.005799	0.001224 0.004124	0.001606 0.005605	0.001320 0.004889	
2 24 100 0.190000	0.997319 0.004946	0.005352 0.009864	0.001531 0.006698	0.001839 0.008547	0.002212 0.005709	0.000392 0.001962	0.000394 0.001968	0.001157 0.003771	0.000271 0.001354	0.000757 0.001938	0.001215 0.004407	
2 24 100 0.200000	0.998416 0.004951	0.003161 0.009877	0.001483 0.003490	0.001045 0.003338	0.001731 0.006554	0.000752 0.003294	0.000093 0.000464	0.001773 0.006034	0.000969 0.004383	0.000837 0.004183	0.001069 0.003577	
2 24 100 0.210000	0.998670 0.004998	0.002654 0.009971	0.001272 0.006358	0.001378 0.006240	0.000000 0.000000	0.000316 0.001418	0.000726 0.002737	0.000043 0.000216	0.000376 0.001652	0.000058 0.000291	0.002326 0.009473	
2 24 100 0.220000	0.996886 0.004938	0.006215 0.009848	0.001785 0.007478	0.001608 0.005948	0.000095 0.000474	0.000244 0.001219	0.000539 0.002693	0.000000 0.000000	0.001755 0.006849	0.001095 0.004325	0.001034 0.002742	
2 24 100 0.230000	0.997280 0.004963	0.005430 0.009898	0.001051 0.002614	0.001259 0.003354	0.000206 0.000776	0.000506 0.002030	0.000715 0.001466	0.000675 0.002383	0.001442 0.007210	0.001680 0.006877	0.001438 0.003304	
2 24 100 0.240000	0.996710 0.004995	0.006565 0.009960	0.000303 0.001516	0.001051 0.004193	0.000968 0.004015	0.000638 0.003189	0.001754 0.003319	0.002954 0.005617	0.002975 0.006504	0.003260 0.009488	0.003452 0.008556	
2 24 100 0.250000	0.998108 0.004956	0.003778 0.009884	0.000540 0.002114	0.000434 0.001291	0.000656 0.001987	0.000463 0.002314	0.000896 0.003353	0.001475 0.004829	0.001536 0.004873	0.002503 0.007477	0.000942 0.002575	
2 24 100 0.260000	0.997357 0.004982	0.005275 0.009934	0.001707 0.005896	0.000811 0.004056	0.001546 0.004561	0.001265 0.006325	0.001287 0.004807	0.000000 0.000000	0.000977 0.004510	0.000505 0.001450	0.003115 0.009277	
2 24 100 0.270000	0.997090 0.004953	0.005808 0.009878	0.001061 0.003257	0.000903 0.002845	0.000161 0.000806	0.000784 0.003920	0.001258 0.004780	0.000835 0.001832	0.000572 0.001976	0.000812 0.001357	0.003806 0.006723	
2 24 100 0.280000	0.996352 0.004920	0.007280 0.009805	0.002664 0.005990	0.001913 0.004291	0.002275 0.006715	0.000690 0.003452	0.000346 0.001087	0.003680 0.006706	0.001738 0.005166	0.002542 0.004242	0.002356 0.009940	
2 24 100 0.290000	0.996036 0.005007	0.007909 0.009971	0.002077 0.006399	0.000834 0.001228	0.001536 0.006991	0.000854 0.003271	0.001135 0.003684	0.002116 0.004192	0.001536 0.002749	0.002757 0.006302	0.000588 0.002940	
2 24 100 0.300000	0.996561 0.004106	0.006864 0.008183	0.001403 0.005483	0.001056 0.002457	0.000758 0.003599	0.001494 0.004569	0.000965 0.002605	0.001792 0.005044	0.002569 0.007099	0.001472 0.007358	0.002592 0.009922	
2 24 100 0.310000	0.997189 0.004960	0.005612 0.009890	0.001570 0.005756	0.001658 0.004136	0.001037 0.004143	0.001821 0.004394	0.001271 0.003243	0.002142 0.004811	0.001481 0.002675	0.000910 0.002055	0.003321 0.008045	
2 24 100 0.320000	0.998036 0.004979	0.003920 0.009929	0.001029 0.003408	0.000798 0.002335	0.000000 0.000000	0.000510 0.001801	0.000976 0.003381	0.000408 0.001350	0.001318 0.005987	0.002202 0.006111	0.001797 0.004287	
2 24 100 0.330000	0.998208 0.004990	0.003577 0.009950	0.001178 0.002514	0.001155 0.005776	0.000528 0.002003	0.000198 0.000988	0.000092 0.000458	0.000690 0.001843	0.001411 0.003975	0.000478 0.001510	0.001555 0.005985	
2 24 100 0.340000	0.998195 0.004908	0.003604 0.009788	0.002066 0.007813	0.000776 0.002222	0.000608 0.002124	0.001907 0.006051	0.002390 0.007004	0.000348 0.000711	0.000272 0.001359	0.000745 0.002030	0.000256 0.001027	
2 24 100 0.350000	0.998393 0.005008	0.003207 0.009990	0.001459 0.005170	0.000000 0.000000	0.000251 0.000849	0.000075 0.000376	0.001181 0.004049	0.001317 0.005394	0.001232 0.005887	0.001819 0.007538	0.001173 0.004327	
2 24 100 0.360000	0.998229 0.004970	0.003536 0.009912	0.000130 0.000650	0.000713 0.002973	0.001123 0.005092	0.001125 0.002491	0.000887 0.002513	0.000941 0.003924	0.000000 0.000000	0.001465 0.004431	0.001230 0.005733	
2 24 100 0.370000	0.997376 0.004997	0.005239 0.009960	0.001003 0.002597	0.000311 0.000990	0.000000 0.000000	0.000069 0.000343	0.000000 0.000000	0.000611 0.001095	0.001661 0.006441	0.000686 0.001705	0.000806 0.002137	
2 24 100 0.380000	0.997079 0.004995	0.005830 0.009951	0.000081 0.000403	0.000592 0.002958	0.001113 0.001863	0.000463 0.001117	0.000935 0.002498	0.000543 0.001420	0.001317 0.006584	0.001447 0.006071	0.001651 0.005626	
2 24 100 0.390000	0.995531 0.005006	0.008916 0.009961	0.001966 0.006386	0.000182 0.000912	0.000940 0.003105	0.001443 0.004452	0.001425 0.006746	0.002022 0.003421	0.001955 0.007181	0.002637 0.007889	0.002013 0.008887	
2 24 100 0.400000	0.054007 0.003895	0.997081 0.000415	0.126858 0.009995	0.020053 0.005524	0.002838 0.004017	0.000000 0.000000	0.000000 0.000000	0.000000 0.000000	0.000000 0.000000	0.000000 0.000000	0.000000 0.000000	
2 24 100 0.410000	0.049587 0.003970	0.997539 0.000393	0.119182 0.009921	0.013960 0.003002	0.001414 0.005392	0.000000 0.000000	0.000000 0.000000	0.000000 0.000000	0.000000 0.000000	0.000000 0.000000	0.000000 0.000000	
2 24 100 0.420000	0.045905 0.003147	0.997891 0.000287	0.107726 0.009940	0.011314 0.007527	0.000000 0.000000	0.000000 0.000000	0.000000 0.000000	0.000000 0.000000	0.000000 0.000000	0.000000 0.000000	0.000000 0.000000	
2 24 100 0.430000	0.046539 0.002661	0.997833 0.000249	0.092805 0.009851	0.008705 0.003129	0.000000 0.000000	0.000000 0.000000	0.000000 0.000000	0.000000 0.000000	0.000000 0.000000	0.000000 0.000000	0.000000 0.000000	
2 24 100 0.440000	0.046426 0.007632	0.997837 0.000696	0.082473 0.009691	0.008175 0.005181	0.000000 0.000000	0.000000 0.000000	0.000000 0.000000	0.000000 0.000000	0.000000 0.000000	0.000000 0.000000	0.000000 0.000000	
2 24 100 0.450000	0.044907 0.004166	0.997981 0.000378	0.079617 0.009561	0.005404 0.003030	0.000000 0.000000	0.000000 0.000000	0.000000 0.000000	0.000000 0.000000	0.000000 0.000000	0.000000 0.000000	0.000000 0.000000	
2 24 100 0.460000	0.039835 0.005361	0.998409 0.000432	0.076822 0.009856	0.004495 0.004380	0.000000 0.000000	0.000000 0.000000	0.000000 0.000000	0.000000 0.000000	0.000000 0.000000	0.000000 0.000000	0.000000 0.000000	
2 24 100 0.470000	0.042275 0.008908	0.998203 0.000758	0.071301 0.009963	0.002383 0.002923	0.000000 0.000000	0.000000 0.000000	0.000000 0.000000	0.000006 0.000032	0.000000 0.000000	0.000227 0.001133	0.000000 0.000000	
2 24 100 0.480000	0.043979 0.007907	0.998057 0.000706	0.058648 0.008883	0.002002 0.005486	0.000000 0.000000	0.000000 0.000000	0.000000 0.000000	0.000000 0.000000	0.000053 0.000264	0.000523 0.002613	0.000025 0.000124	
2 24 100 0.490000	0.040267 0.008032	0.998371 0.000642	0.068215 0.009929	0.002924 0.002740	0.000709 0.003066	0.000648 0.003242	0.001102 0.003842	0.000000 0.000000	0.000263 0.001317	0.000000 0.000000	0.000285 0.001424	
2 24 100 0.500000	0.041330 0.003666	0.998290 0.000303	0.062113 0.009759	0.002002 0.001469	0.000000 0.000000	0.000000 0.000000	0.000000 0.000000	0.000000 0.000000	0.000000 0.000000	0.000000 0.000000	0.000000 0.000000	
2 24 100 0.510000	0.042465 0.009870	0.998182 0.000813	0.057433 0.009284	0.002798 0.005418	0.000000 0.000000	0.000000 0.000000	0.000000 0.000000	0.000000 0.000000	0.000067 0.000333	0.000000 0.000000	0.000041 0.000205	
2 24 100 0.520000	0.043198 0.009574	0.998124 0.000837	0.057467 0.005538	0.002345 0.006294	0.000000 0.000000	0.000000 0.000000	0.000000 0.000000	0.000000 0.000000	0.000000 0.000000	0.000059 0.000294	0.000000 0.000000	
2 24 100 0.530000	0.041061 0.007132	0.998307 0.000575	0.056462 0.009630	0.002288 0.004022	0.000000 0.000000	0.000140 0.000699	0.000000 0.000000	0.000000 0.000000	0.000000 0.000000	0.000000 0.000000	0.000229 0.001145	
2 24 100 0.540000	0.041195 0.009972	0.998289 0.000825	0.053539 0.009944	0.000621 0.003221	0.000137 0.000683	0.000000 0.000000	0.000000 0.000000	0.000369 0.001847	0.000099 0.000493	0.000115 0.000575	0.000127 0.000634	
2 24 100 0.550000	0.039937 0.006976	0.998398 0.000561	0.051680 0.009087	0.000831 0.001400	0.000000 0.000000	0.000000 0.000000	0.000000 0.000000	0.000000 0.000000	0.000113 0.000566	0.000000 0.000000	0.000000 0.000000	
2 24 100 0.560000	0.042320 0.003479	0.998208 0.000297	0.046773 0.009973	0.000686 0.001193	0.000000 0.000000	0.000000 0.000000	0.000047 0.000233	0.000000 0.000000	0.000000 0.000000	0.000000 0.000000	0.000000 0.000000	
2 24 100 0.570000	0.038589 0.008417	0.998499 0.000656	0.039811 0.009871	0.000572 0.002860	0.000131 0.000391	0.000272 0.001120	0.000000 0.000000	0.000149 0.000744	0.000199 0.000997	0.000000 0.000000	0.000000 0.000000	
2 24 100 0.580000	0.039585 0.006871	0.998428 0.000544	0.041618 0.009679	0.000621 0.001544	0.000114 0.000568	0.000000 0.000000	0.000000 0.000000	0.000000 0.000000	0.000000 0.000000	0.000000 0.000000	0.000297 0.001138	
2 24 100 0.590000	0.040350 0.004882	0.998369 0.000388	0.042020 0.009858	0.000281 0.001405	0.000000 0.000000	0.000000 0.000000	0.000000 0.000000	0.000000 0.000000	0.000000 0.000000	0.000019 0.000094	0.000000 0.000000	
2 24 100 0.600000	0.037166 0.009168	0.998607 0.000690	0.038016 0.005129	0.000101 0.000505	0.000000 0.000000	0.000358 0.001790	0.000048 0.000242	0.000228 0.000811	0.000386 0.001929	0.000000 0.000000	0.000000 0.000000	
2 24 100 0.610000	0.045166 0.009462	0.997944 0.000849	0.040558 0.009212	0.000423 0.002116	0.000008 0.000039	0.000642 0.002768	0.000056 0.000279	0.000244 0.001220	0.000000 0.000000	0.000000 0.000000	0.000000 0.000000	
2 24 100 0.620000	0.041631 0.007136	0.998258 0.000598	0.033905 0.008906	0.001032 0.003210	0.000000 0.000000	0.000058 0.000290	0.000085 0.000427	0.000000 0.000000	0.000000 0.000000	0.000000 0.000000	0.000000 0.000000	
2 24 100 0.630000	0.039580 0.008738	0.998424 0.000685	0.037198 0.009887	0.000091 0.000296	0.000374 0.001868	0.000000 0.000000	0.000000 0.000000	0.000350 0.001749	0.000069 0.000344	0.000000 0.000000	0.000000 0.000000	
2 24 100 0.640000	0.038608 0.005466	0.998505 0.000424	0.033607 0.009389	0.000864 0.004322	0.000000 0.000000	0.000000 0.000000	0.000254 0.001270	0.000514 0.002571	0.000024 0.000120	0.000000 0.000000	0.000086 0.000469	
2 24 100 0.650000	0.042956 0.009102	0.998144 0.000772	0.036619 0.007815	0.000372 0.001861	0.000000 0.000000	0.000000 0.000000	0.000165 0.000824	0.000000 0.000000	0.000000 0.000000	0.000000 0.000000	0.000147 0.000737	
2 24 100 0.660000	0.038616 0.007646	0.998501 0.000576	0.032831 0.009992	0.000502 0.001306	0.000455 0.002274	0.000000 0.000000	0.000000 0.000000	0.000000 0.000000	0.000000 0.000000	0.000000 0.000000	0.000000 0.000000	
2 24 100 0.670000	0.041558 0.009217	0.998262 0.000753	0.031038 0.009574	0.001994 0.004652	0.000000 0.000000	0.000579 0.001813	0.000000 0.000000	-0.000251 0.001256	0.000172 0.000862	0.000000 0.000000	0.000000 0.000000	
2 24 100 0.680000	0.042281 0.008624	0.998201 0.000727	0.030328 0.006566	0.000295 0.001473	0.000605 0.001443	0.000000 0.000000	0.000000 0.000000	0.000022 0.000111	0.000000 0.000000	0.000000 0.000000	0.000000 0.000000	
2 24 100 0.690000	0.038271 0.007895	0.998527 0.000584	0.034936 0.004638	0.000000 0.000000	0.000263 0.001315	0.000036 0.000180	0.000000 0.000000	0.000000 0.000000	0.000592 0.002622	0.000000 0.000000	0.000000 0.000000	
2 24 100 0.700000	0.040368 0.008564	0.998357 0.000698	0.031300 0.008970	0.000000 0.000000	0.000000 0.000000	0.000000 0.000000	0.000402 0.001204	0.000000 0.000000	0.000000 0.000000	0.000000 0.000000	0.000000 0.000000	
2 24 100 0.710000	0.038478 0.008010	0.998510 0.000624	0.027242 0.005379	0.000304 0.001518	0.000006 0.000032	0.000000 0.000000	0.000008 0.000041	0.000000 0.000000	0.000184 0.000918	0.000150 0.000751	0.000000 0.000000	
2 24 100 0.720000	0.041145 0.009827	0.998295 0.000835	0.027616 0.009861	0.000886 0.002087	0.000000 0.000000	0.000000 0.000000	0.000000 0.000000	0.000080 0.000398	0.000000 0.000000	0.000099 0.000363	0.000625 0.003125	
2 24 100 0.730000	0.040863 0.009393	0.998317 0.000768	0.027147 0.007602	0.000032 0.000162	0.000058 0.000291	0.000000 0.000000	0.000000 0.000000	0.000000 0.000000	0.000038 0.000189	0.000000 0.000000	0.000155 0.000776	
2 24 100 0.740000	0.040664 0.009759	0.998334 0.000780	0.024618 0.007611	0.000000 0.000000	0.000000 0.000000	0.000000 0.000000	0.000000 0.000000	0.000087 0.000435	0.000035 0.000173	0.000149 0.000746	0.000209 0.001043	
2 24 100 0.750000	0.038364 0.005857	0.998524 0.000452	0.024784 0.009741	0.000805 0.002676	0.000143 0.000714	0.000222 0.001112	0.000000 0.000000	0.000000 0.000000	0.000000 0.000000	0.000282 0.001409	0.000000 0.000000	
2 24 100 0.760000	0.041780 0.008803	0.998244 0.000717	0.024118 0.008135	0.000580 0.002239	0.000320 0.001600	0.000000 0.000000	0.000851 0.002984	0.000487 0.001969	0.000000 0.000000	0.000502 0.002359	0.000756 0.003778	
2 24 100 0.770000	0.042842 0.009007	0.998156 0.000790	0.023689 0.002070	0.000384 0.001918	0.000000 0.000000	0.000007 0.000033	0.000022 0.000110	0.000000 0.000000	0.000000 0.000000	0.000000 0.000000	0.000000 0.000000	
2 24 100 0.780000	0.039727 0.008311	0.998413 0.000651	0.023165 0.009365	0.000451 0.001490	0.000000 0.000000	0.000000 0.000000	0.000000 0.000000	0.000000 0.000000	0.000000 0.000000	0.000000 0.000000	0.000000 0.000000	
2 24 100 0.790000	0.036938 0.009188	0.998626 0.000697	0.017635 0.007847	0.000783 0.003904	0.000158 0.000792	0.000474 0.002371	0.000000 0.000000	0.000000 0.000000	0.000725 0.002204	0.000000 0.000000	0.000602 0.002183	
2 24 100 0.800000	0.041213 0.009867	0.998283 0.000819	0.024519 0.009496	0.000510 0.002551	0.000000 0.000000	0.000003 0.000016	0.000136 0.000678	0.000000 0.000000	0.000245 0.001225	0.000944 0.001714	0.000668 0.003342	
2 24 100 0.810000	0.040006 0.006059	0.998395 0.000479	0.023748 0.009733	0.000000 0.000000	0.000359 0.001794	0.000000 0.000000	0.000000 0.000000	0.000049 0.000244	0.000292 0.001461	0.000134 0.000672	0.000000 0.000000	
2 24 100 0.820000	0.041186 0.009963	0.998291 0.000847	0.020410 0.007790	0.000000 0.000000	0.000000 0.000000	0.000376 0.001210	0.000030 0.000151	0.000197 0.000985	0.000000 0.000000	0.000000 0.000000	0.000000 0.000000	
2 24 100 0.830000	0.041821 0.008766	0.998236 0.000737	0.022023 0.005816	0.000202 0.000758	0.001054 0.003539	-0.000016 0.000081	0.000000 0.000000	-0.000057 0.000283	0.000000 0.000000	0.000000 0.000000	0.000302 0.001512	
2 24 100 0.840000	0.040490 0.009180	0.998347 0.000761	0.021584 0.007133	0.000180 0.000649	0.000362 0.001808	0.000000 0.000000	0.000256 0.001279	0.000000 0.000000	0.000331 0.001657	0.000107 0.000535	0.000000 0.000000	
2 24 100 0.850000	0.041008 0.008436	0.998309 0.000671	0.021300 0.006912	0.001025 0.002345	0.001423 0.006121	0.000371 0.001856	0.000767 0.003834	0.000923 0.005187	0.001181 0.004995	0.000145 0.000726	0.000874 0.002982	
2 24 100 0.860000	0.040102 0.009481	0.998381 0.000747	0.020729 0.004843	0.000061 0.000305	0.000000 0.000000	0.000221 0.001107	0.000678 0.003390	0.000000 0.000000	0.000000 0.000000	0.000729 0.001448	0.000000 0.000000	
2 24 100 0.870000	0.042794 0.009897	0.998158 0.000837	0.019623 0.008219	0.000000 0.000000	0.000000 0.000000	0.000823 0.004116	0.000090 0.000449	0.000000 0.000000	0.000094 0.000472	0.000585 0.002925	0.000612 0.002949	
2 24 100 0.880000	0.046947 0.008761	0.997787 0.000802	0.016960 0.009885	0.000000 0.000000	0.000563 0.001673	0.000000 0.000000	0.000000 0.000000	0.000047 0.000233	0.000969 0.004846	0.000000 0.000000	0.000000 0.000000	
2 24 100 0.890000	0.038990 0.009639	0.998470 0.000752	0.019625 0.009727	0.000573 0.002085	0.000000 0.000000	0.000000 0.000000	0.000000 0.000000	0.000406 0.002028	0.000003 0.000016	0.000432 0.002161	0.000257 0.001283	
2 24 100 0.900000	0.045479 0.008803	0.997921 0.000797	0.019947 0.004038	0.000296 0.001479	0.000969 0.004615	0.000407 0.002160	0.000888 0.003351	0.000000 0.000000	0.000000 0.000000	0.000092 0.000462	0.000000 0.000000	
2 24 100 0.910000	0.042241 0.009737	0.998204 0.000819	0.015666 0.007829	0.000000 0.000000	0.000000 0.000000	0.001018 0.005089	0.000000 0.000000	0.000000 0.000000	0.000041 0.000207	0.000000 0.000000	0.000000 0.000000	
2 24 100 0.920000	0.037348 0.009622	0.998591 0.000691	0.019437 0.009066	0.000000 0.000000	0.000312 0.001561	0.000401 0.001348	0.000199 0.000997	0.000000 0.000000	0.000000 0.000000	0.000000 0.000000	0.000048 0.000240	
2 24 100 0.930000	0.040244 0.004964	0.998378 0.000398	0.016996 0.009968	0.000000 0.000000	0.000000 0.000000	0.000000 0.000000	0.000000 0.000000	0.000097 0.000483	0.000053 0.000265	0.000178 0.000890	0.000000 0.000000	
2 24 100 0.940000	0.035252 0.009034	0.998746 0.000655	0.017498 0.007366	0.000811 0.002866	0.000385 0.001954	0.000000 0.000000	0.000000 0.000000	0.000874 0.002687	0.000000 0.000000	0.000858 0.002536	0.000524 0.001523	
2 24 100 0.950000	0.035244 0.009808	0.998745 0.000726	0.010559 0.008871	0.000988 0.004405	0.000000 0.000000	0.000803 0.002151	-0.000005 0.000027	0.000594 0.002971	0.000000 0.000000	0.000449 0.001621	0.000697 0.003486	
2 24 100 0.960000	0.037390 0.008965	0.998590 0.000667	0.012183 0.009470	0.001185 0.003067	0.000000 0.000000	0.000539 0.002697	0.001792 0.008442	-0.000082 0.000409	0.001859 0.007867	0.000789 0.003944	0.000753 0.003766	
2 24 100 0.970000	0.041051 0.008645	0.998305 0.000734	0.018109 0.004217	0.000999 0.004994	0.000747 0.003095	0.000000 0.000000	0.000470 0.002348	0.000451 0.002254	0.000000 0.000000	0.000035 0.000174	0.000274 0.000662	
2 24 100 0.980000	0.040168 0.009727	0.998374 0.000807	0.016607 0.007193	-0.000004 0.000021	0.000157 0.000786	0.000000 0.000000	0.000000 0.000000	0.000000 0.000000	0.000000 0.000000	0.000000 0.000000	0.000136 0.000680	
2 24 100 0.990000	0.041923 0.006590	0.998236 0.000573	0.014197 0.006981	0.000000 0.000000	0.000503 0.002513	0.000000 0.000000	0.000000 0.000000	0.000050 0.000251	0.000102 0.000509	0.000232 0.000602	0.000000 0.000000	
2 24 100 1.000000	0.035629 0.008857	0.998722 0.000627	0.014960 0.009049	0.000513 0.002564	0.000000 0.000000	0.000367 0.001398	0.000169 0.000437	0.000513 0.001768	0.000952 0.004048	-0.000053 0.000263	0.000000 0.000000	
2 24 100 1.010000	0.037257 0.008501	0.998602 0.000661	0.014528 0.003331	0.000356 0.001779	0.000034 0.000169	0.000000 0.000000	0.000000 0.000000	0.000113 0.000563	0.000000 0.000002	0.000000 0.000000	0.000000 0.000000	
2 24 100 1.020000	0.038897 0.009896	0.998472 0.000770	0.014394 0.005735	0.000416 0.001150	0.000000 0.000000	0.000000 0.000000	0.000004 0.000020	0.000000 0.000000	0.000157 0.000784	0.000000 0.000000	0.000054 0.000271	
2 24 100 1.030000	0.032363 0.008961	0.998943 0.000607	0.014987 0.007411	0.000677 0.002082	0.000000 0.000000	0.000509 0.002547	0.000693 0.002741	0.000000 0.000000	0.000000 0.000000	0.000326 0.001628	0.000217 0.001086	
2 24 100 1.040000	0.038534 0.009601	0.998505 0.000732	0.012477 0.008754	0.000000 0.000000	0.000000 0.000000	0.000284 0.001420	0.000001 0.000004	0.000000 0.000000	0.000170 0.000850	0.000176 0.000882	0.000283 0.001416	
2 24 100 1.050000	0.035178 0.009754	0.998750 0.000718	0.015814 0.006990	0.000020 0.000102	-0.000009 0.000045	0.000000 0.000000	0.000000 0.000000	0.000514 0.002253	0.000000 0.000000	0.000000 0.000000	0.000000 0.000000	
2 24 100 1.060000	0.033733 0.008904	0.998852 0.000577	0.010028 0.009518	0.000454 0.002270	0.000227 0.001346	0.002468 0.005493	0.000213 0.000551	0.000227 0.001135	0.000169 0.000843	0.000000 0.000000	0.000662 0.002580	
2 24 100 1.070000	0.035889 0.009086	0.998700 0.000641	0.012239 0.005115	0.000550 0.001821	0.000386 0.001932	0.000129 0.000645	0.000000 0.000000	0.000397 0.001987	0.000000 0.000000	0.000000 0.000000	0.000000 0.000000	
2 24 100 1.080000	0.037276 0.008711	0.998601 0.000652	0.012174 0.001979	0.000373 0.001158	0.000392 0.001959	0.000000 0.000000	0.000499 0.002494	0.000555 0.002261	0.000000 0.000000	0.000178 0.000892	0.000452 0.002261	
2 24 100 1.090000	0.033063 0.009257	0.998897 0.000585	0.016581 0.007889	0.000233 0.001143	0.000000 0.000000	0.000409 0.001311	0.000054 0.000304	0.000571 0.001997	0.000595 0.002973	0.000523 0.002614	0.001080 0.003677	
2 24 100 1.100000	0.038833 0.008641	0.998484 0.000668	0.012562 0.004444	0.000000 0.000000	0.000030 0.000151	0.000245 0.001225	0.000199 0.000996	0.000382 0.001908	0.000254 0.000818	0.000980 0.004901	0.000579 0.003742	
2 24 100 1.110000	0.036788 0.003873	0.998645 0.000284	0.011979 0.009340	0.000000 0.000000	0.000000 0.000000	0.000232 0.001159	0.000000 0.000000	0.000000 0.000000	0.001194 0.002857	0.000056 0.000282	0.000445 0.002223	
2 24 100 1.120000	0.035239 0.009015	0.998747 0.000658	0.009924 0.005884	0.000243 0.001216	0.000030 0.000149	0.000344 0.001718	0.000000 0.000000	0.000959 0.002659	0.000724 0.003621	0.001037 0.002487	0.000579 0.001614	
2 24 100 1.130000	0.039813 0.009910	0.998400 0.000803	0.015402 0.009834	0.000475 0.002377	0.000000 0.000000	0.000000 0.000000	0.000112 0.000417	0.000134 0.000672	0.000164 0.000818	0.000000 0.000000	0.000117 0.000583	
2 24 100 1.140000	0.037272 0.006013	0.998606 0.000447	0.012622 0.009344	0.000313 0.001240	0.001111 0.002500	0.000335 0.001674	0.000419 0.002093	0.000177 0.000887	0.000000 0.000000	0.000504 0.002522	0.000000 0.000000	
2 24 100 1.150000	0.037451 0.008322	0.998588 0.000625	0.010811 0.004997	0.000232 0.001161	0.000000 0.000000	0.000304 0.001518	0.000277 0.001384	0.000000 0.000000	0.000297 0.001486	0.000231 0.001156	0.000204 0.000604	
2 24 100 1.160000	0.034329 0.005278	0.998817 0.000368	0.014163 0.007449	0.000030 0.000097	0.000100 0.000499	0.000731 0.003653	0.000000 0.000000	0.000000 0.000000	0.000488 0.002619	0.000000 0.000000	0.000000 0.000000	
2 24 100 1.170000	0.038711 0.009656	0.998485 0.000754	0.011855 0.003807	0.000000 0.000000	0.000000 0.000000	0.000000 0.000000	0.000000 0.000000	0.000000 0.000000	0.000000 0.000000	0.000112 0.000561	0.000000 0.000000	
2 24 100 1.180000	0.037301 0.002422	0.998608 0.000182	0.010091 0.009935	-0.000017 0.000087	0.001050 0.004424	0.000000 0.000000	0.000187 0.000933	0.000378 0.001149	0.000135 0.000675	0.000437 0.002332	0.000204 0.001019	
2 24 100 1.190000	0.036462 0.007745	0.998663 0.000579	0.011523 0.009431	0.000093 0.000466	0.000773 0.002277	0.000899 0.003305	0.000460 0.002245	0.001785 0.004584	0.000215 0.001076	0.000381 0.001907	0.000669 0.003344	
2 24 100 1.200000	0.036514 0.007069	0.998659 0.000514	0.014002 0.004839	0.000070 0.000352	0.000121 0.000604	0.000000 0.000000	0.000526 0.002628	0.000000 0.000000	0.000919 0.001927	0.000000 0.000000	0.000000 0.000000	
2 24 100 1.210000	0.036172 0.004470	0.998689 0.000325	0.015321 0.009491	0.000771 0.002511	0.000000 0.000000	0.000425 0.002127	0.000000 0.000000	0.001321 0.002511	0.000313 0.001563	0.000000 0.000000	0.000000 0.000000	
2 24 100 1.220000	0.037685 0.009376	0.998569 0.000711	0.010514 0.003137	0.000000 0.000000	0.000089 0.000444	0.000581 0.002705	0.000000 0.000000	0.000567 0.002346	0.000000 0.000000	0.000000 0.000000	0.000000 0.000000	
2 24 100 1.230000	0.037010 0.007318	0.998621 0.000537	0.012940 0.006033	0.000221 0.001106	0.000718 0.003591	0.000745 0.003064	0.000000 0.000000	0.000233 0.001147	0.000568 0.002842	0.000283 0.001416	0.000000 0.000000	
2 24 100 1.240000	0.038794 0.007482	0.998489 0.000568	0.009327 0.003535	-0.000050 0.000251	0.000618 0.002056	0.000613 0.003064	0.000000 0.000000	0.000000 0.000000	-0.000150 0.000752	0.000035 0.000174	0.000000 0.000000	
2 24 100 1.250000	0.038228 0.003906	0.998537 0.000295	0.010117 0.004895	0.001226 0.003896	0.000315 0.000930	0.000726 0.001478	0.000000 0.000000	0.000733 0.002465	0.000120 0.000599	0.000000 0.000000	0.000000 0.000000	
2 24 100 1.260000	0.037462 0.005669	0.998592 0.000423	0.011966 0.009386	0.001785 0.005169	0.001080 0.001884	0.001430 0.006295	0.000000 0.000000	0.000443 0.002216	0.000408 0.002042	0.000251 0.001255	0.000000 0.000000	
2 24 100 1.270000	0.041643 0.008516	0.998254 0.000723	0.009532 0.006453	0.000100 0.000502	0.000000 0.000000	0.000055 0.000276	0.000000 0.000000	0.000201 0.000717	0.000371 0.001854	0.000187 0.000935	0.000000 0.000000	
2 24 100 1.280000	0.044017 0.007600	0.998055 0.000643	0.005962 0.009137	0.000000 0.000000	0.000417 0.001620	0.000546 0.001507	0.000000 0.000000	0.000477 0.002386	0.000000 0.000000	0.000000 0.000000	0.000017 0.000086	
2 24 100 1.290000	0.040014 0.009815	0.998387 0.000768	0.008839 0.006299	0.000000 0.000000	0.000146 0.000728	0.000249 0.001466	0.000000 0.000000	0.000330 0.001650	0.000000 0.000000	0.000402 0.002010	0.000000 0.000000	
2 24 100 1.300000	0.034433 0.009661	0.998803 0.000676	0.012981 0.006721	0.000168 0.000840	0.000000 0.000000	0.000420 0.001059	0.000059 0.000297	0.000000 0.000000	0.000175 0.000809	-0.000020 0.000077	0.000000 0.000000	
2 24 100 1.310000	0.041250 0.009546	0.998283 0.000775	0.009533 0.009364	0.000000 0.000000	0.000278 0.000775	0.000266 0.001331	0.000000 0.000000	0.000979 0.004896	0.000000 0.000000	0.000000 0.000000	0.000000 0.000000	
2 24 100 1.320000	0.035466 0.006961	0.998733 0.000497	0.010951 0.008438	0.000432 0.002162	0.000000 0.000000	0.000058 0.000291	0.000287 0.001436	0.000176 0.000878	0.000000 0.000000	0.000248 0.001242	0.000801 0.004003	
2 24 100 1.330000	0.035312 0.009460	0.998743 0.000642	0.008053 0.004566	0.000232 0.001158	0.000342 0.001708	0.000440 0.001615	0.000000 0.000000	0.000000 0.000000	0.000376 0.001878	0.000000 0.000000	0.000000 0.000000	
2 24 100 1.340000	0.036445 0.007030	0.998665 0.000509	0.008585 0.009390	0.000086 0.000430	0.000000 0.000000	0.000867 0.003087	0.000000 0.000000	0.000235 0.001175	-0.000023 0.000116	0.000000 0.000000	0.000000 0.000000	
2 24 100 1.350000	0.040146 0.009760	0.998376 0.000760	0.006836 0.008826	0.000000 0.000000	0.000000 0.000000	0.000615 0.003074	0.001343 0.006715	0.000000 0.000000	0.000007 0.000037	0.000000 0.000000	0.000000 0.000000	
2 24 100 1.360000	0.038189 0.009161	0.998528 0.000715	0.008192 0.003907	0.000000 0.000000	0.000331 0.001654	0.000114 0.000569	0.000000 0.000000	0.000584 0.001562	0.000000 0.000000	0.000026 0.000128	0.000000 0.000000	
2 24 100 1.370000	0.036642 0.009902	0.998641 0.000727	0.010285 0.008586	0.000896 0.004478	0.000000 0.000000	0.001040 0.005198	0.000127 0.000633	0.000000 0.000000	0.000347 0.001737	0.000000 0.000000	0.000313 0.000789	
2 24 100 1.380000	0.035503 0.009551	0.998725 0.000669	0.009459 0.006909	0.000216 0.001080	0.000276 0.000908	0.000000 0.000000	0.000657 0.004057	0.000182 0.000908	0.000285 0.001425	0.000235 0.001174	0.000571 0.001759	
2 24 100 1.390000	0.038095 0.008940	0.998538 0.000673	0.008644 0.009969	0.000187 0.000933	0.000000 0.000000	0.001133 0.004775	0.000431 0.002153	0.000156 0.000781	0.000000 0.000000	0.000190 0.000951	0.001678 0.008392	
2 24 100 1.400000	0.034163 0.008486	0.998823 0.000584	0.010155 0.006698	0.000000 0.000000	0.001272 0.006362	0.002077 0.006362	0.000000 0.000000	0.002163 0.003856	0.000339 0.001505	0.000604 0.002217	0.001758 0.006527	
2 24 100 1.410000	0.040939 0.008020	0.998313 0.000649	0.004875 0.003651	0.000000 0.000000	0.000409 0.002045	0.000265 0.001323	0.000000 0.000000	0.000000 0.000000	0.000000 0.000000	0.000000 0.000000	0.000720 0.003601	
2 24 100 1.420000	0.031760 0.008969	0.998978 0.000563	0.009360 0.005060	0.000172 0.005261	0.000641 0.003204	0.000558 0.002791	0.002011 0.006010	0.002251 0.008465	0.000919 0.003204	0.002589 0.006649	0.000408 0.001037	
2 24 100 1.430000	0.035465 0.009740	0.998728 0.000693	0.006063 0.007084	0.000356 0.001778	0.001446 0.004509	0.000917 0.003571	0.000485 0.002426	0.000000 0.000000	0.001345 0.003183	0.001341 0.005411	0.000308 0.001541	
2 24 100 1.440000	0.037954 0.007341	0.998553 0.000567	0.007119 0.009862	0.000000 0.000000	0.000352 0.001759	0.000000 0.000000	0.000933 0.003897	0.001569 0.005044	0.000796 0.003944	0.000000 0.000000	0.001087 0.005434	
2 24 100 1.450000	0.038849 0.009382	0.998479 0.000693	0.009855 0.006313	0.000127 0.000634	0.000000 0.000000	0.000000 0.000000	0.000209 0.001045	0.000120 0.000602	0.000000 0.000000	0.000000 0.000000	0.000081 0.000406	
2 24 100 1.460000	0.035635 0.008009	0.998721 0.000537	0.007821 0.009736	0.001628 0.003058	0.000439 0.002193	0.002382 0.005389	0.000236 0.001180	0.000717 0.003585	0.000000 0.000000	0.000299 0.000903	0.001732 0.004647	
2 24 100 1.470000	0.033008 0.002363	0.998909 0.000156	0.008761 0.006386	0.000991 0.002452	0.000565 0.001416	-0.000019 0.000093	0.000000 0.000000	0.002169 0.005693	0.000141 0.000707	0.000000 0.000000	0.000264 0.001319	
2 24 100 1.480000	0.035835 0.009808	0.998703 0.000663	0.009721 0.008900	0.000950 0.003970	0.000194 0.000969	0.000165 0.000824	0.000338 0.001690	0.000000 0.000000	0.000667 0.003093	0.001437 0.007185	0.000398 0.001992	
2 24 100 1.490000	0.038933 0.007273	0.998475 0.000567	0.004846 0.002286	0.000022 0.000109	0.000175 0.000877	0.000243 0.000937	0.000429 0.002147	0.000178 0.000889	0.000000 0.000000	0.000000 0.000000	0.000000 0.000000	
2 24 100 1.500000	0.040065 0.005346	0.998391 0.000433	0.007904 0.005729	0.000000 0.000000	0.000000 0.000000	0.000000 0.000000	0.000307 0.001533	0.000526 0.002630	0.000000 0.000000	0.000187 0.000936	0.000000 0.000000	
2 24 100 1.510000	0.037498 0.006971	0.998588 0.000525	0.007421 0.009368	0.000000 0.000000	0.000000 0.000000	0.000000 0.000000	0.000000 0.000000	0.000000 0.000000	0.000299 0.000908	0.000000 0.000000	0.000000 0.000000	
2 24 100 1.520000	0.032627 0.008621	0.998928 0.000572	0.005405 0.004785	0.000318 0.000924	0.000318 0.001592	0.000573 0.001940	0.000178 0.000888	0.000530 0.002651	0.000000 0.000000	0.000568 0.001459	0.000000 0.000000	
2 24 100 1.530000	0.032862 0.009852	0.998909 0.000651	0.007953 0.005575	0.000000 0.000000	0.000186 0.000929	0.000353 0.000748	0.000000 0.000000	0.000111 0.000556	0.000288 0.001214	0.000000 0.000000	0.000551 0.002756	
2 24 100 1.540000	0.034407 0.009938	0.998805 0.000658	0.007234 0.008557	0.001533 0.004429	0.000452 0.002259	0.000846 0.004232	0.001070 0.003263	0.001574 0.006270	0.000535 0.002676	0.000000 0.000000	0.000000 0.000000	
2 24 100 1.550000	0.039781 0.006676	0.998410 0.000542	0.006725 0.009750	-0.000039 0.000193	0.000368 0.001839	0.000000 0.000000	0.000000 0.000000	0.001076 0.004130	0.000895 0.004475	0.000000 0.000000	0.001488 0.005812	
2 24 100 1.560000	0.031960 0.009938	0.998963 0.000622	0.004097 0.007623	0.000046 0.000229	0.000530 0.002651	0.001191 0.005023	0.000000 0.000000	0.000466 0.002328	0.002046 0.004738	0.001348 0.006742	0.000503 0.006294	
2 24 100 1.570000	0.036345 0.008697	0.998666 0.000644	0.009141 0.006998	0.000778 0.003891	0.000000 0.000000	0.000000 0.000000	0.000526 0.002212	0.000293 0.001465	0.000300 0.001499	0.000303 0.001513	0.000848 0.003944	
2 24 100 1.580000	0.036295 0.009749	0.998670 0.000682	0.008063 0.005094	0.000701 0.003035	0.000958 0.003341	0.002367 0.009496	0.000000 0.000000	0.001094 0.004935	0.000307 0.000696	0.001007 0.003334	0.000000 0.000000	
2 24 100 1.590000	0.033152 0.009633	0.998889 0.000627	0.008246 0.005317	0.001065 0.005325	0.002547 0.005788	0.000193 0.000967	0.000673 0.001165	0.000000 0.000000	0.000106 0.000531	0.000305 0.001525	0.000166 0.000828	
2 24 100 1.600000	0.033105 0.009718	0.998892 0.000644	0.005156 0.006320	0.000063 0.000315	0.000054 0.000272	0.000842 0.001946	0.000643 0.003213	0.000152 0.001515	0.000000 0.000000	0.000473 0.002134	0.000000 0.000000	
2 24 100 1.610000	0.035837 0.008336	0.998706 0.000598	0.006895 0.008409	0.000776 0.002378	0.000870 0.004349	0.000000 0.000000	0.000000 0.000000	0.000861 0.004303	0.000220 0.001102	0.000078 0.000388	0.000202 0.001008	
2 24 100 1.620000	0.034190 0.006499	0.998823 0.000450	0.009545 0.007101	0.000000 0.000000	-0.000034 0.000172	0.000000 0.000000	0.000957 0.003498	0.000699 0.002751	-0.000012 0.000060	0.000047 0.000236	0.000251 0.001256	
2 24 100 1.630000	0.036870 0.008042	0.998633 0.000604	0.007493 0.009606	0.000812 0.004059	0.000001 0.000004	0.000000 0.000000	0.000537 0.002685	0.000931 0.002367	0.000379 0.001897	0.000000 0.000000	0.001012 0.004589	
2 24 100 1.640000	0.035326 0.003090	0.998751 0.000223	0.008230 0.009516	0.000612 0.003060	0.000000 0.000000	0.001701 0.005439	0.001240 0.002488	0.001074 0.005369	0.001195 0.005976	0.000058 0.000292	0.001109 0.003921	
2 24 100 1.650000	0.038391 0.009703	0.998513 0.000728	0.005771 0.009910	0.000000 0.000000	0.000130 0.000652	0.000000 0.000000	0.000000 0.000000	0.000000 0.000000	0.000000 0.000000	0.000528 0.002507	0.000000 0.000000	
2 24 100 1.660000	0.039378 0.008733	0.998439 0.000696	0.004923 0.005878	0.000000 0.000000	0.000000 0.000000	0.000813 0.003202	0.000489 0.002130	0.000000 0.000000	0.000971 0.004749	0.000000 0.000000	0.000370 0.001793	
2 24 100 1.670000	0.040518 0.009842	0.998341 0.000784	0.007139 0.002643	0.000000 0.000000	0.000384 0.001714	0.000466 0.002330	0.000000 0.000000	0.000000 0.000000	0.000327 0.001637	0.000000 0.000000	0.000000 0.000000	
2 24 100 1.680000	0.037716 0.009477	0.998566 0.000730	0.006664 0.004220	0.000126 0.000427	0.000000 0.000000	0.000234 0.001168	0.000402 0.001769	0.000000 0.000000	0.000000 0.000000	0.000000 0.000000	0.000525 0.002624	
2 24 100 1.690000	0.042519 0.008787	0.998181 0.000730	0.007788 0.005315	0.000260 0.001300	0.000094 0.000470	0.000000 0.000000	0.000000 0.000000	0.000000 0.000000	0.000000 0.000000	0.000438 0.001573	0.000276 0.001379	
2 24 100 1.700000	0.034800 0.009144	0.998778 0.000612	0.004762 0.008641	0.000000 0.000000	0.000268 0.001338	0.000001 0.000004	0.000000 0.000000	0.000235 0.000639	0.000390 0.001222	0.001292 0.006461	0.000000 0.000000	
2 24 100 1.710000	0.038148 0.007571	0.998537 0.000568	0.005580 0.005472	0.000368 0.001841	0.000000 0.000000	0.000961 0.003203	0.000000 0.000000	0.000549 0.002747	-0.000026 0.000132	0.000271 0.001354	0.001519 0.004532	
2 24 100 1.720000	0.037144 0.009933	0.998610 0.000732	0.005237 0.005492	0.000796 0.002059	0.000000 0.000000	0.000605 0.001613	0.000517 0.002211	0.000719 0.003043	0.000000 0.000000	0.000000 0.000000	0.000667 0.003312	
2 24 100 1.730000	0.038601 0.009720	0.998497 0.000750	0.007213 0.009932	0.000612 0.003062	0.000291 0.001455	0.000026 0.000131	0.000446 0.002231	0.000291 0.001455	0.000137 0.000684	0.000184 0.000919	0.001060 0.004606	
2 24 100 1.740000	0.037801 0.009684	0.998560 0.000740	0.005032 0.008404	0.000394 0.001972	0.000000 0.000000	0.000247 0.001233	0.000000 0.000000	0.000000 0.000000	0.000000 0.000000	0.000000 0.000000	0.000000 0.000000	
2 24 100 1.750000	0.036567 0.008747	0.998653 0.000617	0.004884 0.005737	0.000000 0.000000	0.000085 0.000425	0.000641 0.001988	0.000306 0.001529	0.000000 0.000000	0.000419 0.002097	0.000180 0.000900	0.000012 0.000059	
2 24 100 1.760000	0.031261 0.008235	0.999012 0.000498	0.005708 0.005358	0.000011 0.000054	0.000220 0.001098	0.000000 0.000000	0.002099 0.004941	0.000590 0.002952	0.000000 0.000000	0.000083 0.000413	0.000000 0.000000	
2 24 100 1.770000	0.032322 0.007109	0.998948 0.000465	0.013866 0.006903	0.001014 0.005071	0.000039 0.000197	0.001138 0.009355	0.000539 0.001798	0.000000 0.000000	0.001430 0.005305	0.000685 0.003424	0.000425 0.002126	
2 24 100 1.780000	0.029028 0.008387	0.999148 0.000505	0.004402 0.007586	0.000580 0.003114	0.002091 0.005360	0.000000 0.000000	0.000306 0.001528	0.001196 0.003230	0.000316 0.001581	0.001699 0.004789	0.001035 0.002754	
2 24 100 1.790000	0.037851 0.006654	0.998559 0.000503	0.005617 0.008493	0.000062 0.000310	-0.000030 0.000148	0.000238 0.001188	0.000386 0.001931	0.001001 0.004255	0.001670 0.005805	0.000000 0.000000	0.000000 0.000000	
2 24 100 1.800000	0.036274 0.009356	0.998673 0.000644	0.007480 0.006331	0.000000 0.000000	0.000333 0.001197	0.000284 0.001957	0.000000 0.000000	0.000000 0.000000	0.000000 0.000000	0.000000 0.000000	0.000168 0.000839	
2 24 100 1.810000	0.035636 0.008968	0.998719 0.000624	0.006202 0.005373	0.000815 0.004077	0.000237 0.001480	0.000757 0.004823	0.000000 0.000000	0.001117 0.003553	0.000000 0.000000	0.000000 0.000000	0.000562 0.001558	
2 24 100 1.820000	0.032204 0.009916	0.998947 0.000646	0.010692 0.009164	0.001155 0.004947	0.002083 0.006545	-0.000560 0.002801	0.000633 0.003166	0.000697 0.003486	-0.000338 0.001689	0.000308 0.001541	0.000000 0.000000	
2 24 100 1.830000	0.038782 0.008179	0.998487 0.000665	0.007969 0.007885	0.000046 0.000231	0.000199 0.000993	0.000000 0.000000	0.000588 0.002185	0.000000 0.000000	0.000000 0.000000	0.000238 0.001189	0.000634 0.003169	
2 24 100 1.840000	0.037802 0.009140	0.998562 0.000702	0.005486 0.005204	0.000000 0.000000	0.000191 0.000953	0.000000 0.000000	0.000506 0.001339	0.000294 0.001470	0.000123 0.000617	0.000000 0.000000	0.001468 0.004736	
2 24 100 1.850000	0.034812 0.009966	0.998770 0.000711	0.007358 0.009842	0.000497 0.002487	0.000706 0.003530	0.001100 0.003680	0.000539 0.002696	0.000504 0.002520	0.000464 0.002320	0.000588 0.002418	0.000000 0.000000	
2 24 100 1.860000	0.034196 0.008436	0.998819 0.000583	0.005124 0.004498	0.000147 0.000737	0.000095 0.000473	0.000252 0.001261	0.000000 0.000000	0.000000 0.000000	0.000000 0.000000	0.000000 0.000000	0.000640 0.003202	
2 24 100 1.870000	0.037841 0.008766	0.998558 0.000641	0.004852 0.009892	0.000571 0.001219	0.000980 0.002648	0.000316 0.001582	0.000099 0.000496	0.000177 0.000887	-0.000090 0.000449	0.000353 0.001767	0.001014 0.003920	
2 24 100 1.880000	0.035734 0.007255	0.998715 0.000515	0.005248 0.006200	0.000924 0.003555	0.000000 0.000000	0.000442 0.001442	0.000653 0.003205	0.000000 0.000000	0.000000 0.000000	0.000937 0.002409	0.000607 0.003033	
2 24 100 1.890000	0.037080 0.008949	0.998610 0.000661	0.002192 0.005092	0.000084 0.000418	0.001278 0.003511	0.000000 0.000000	0.000000 0.000000	0.000482 0.002408	0.000000 0.000000	0.000195 0.000976	0.000000 0.000000	
2 24 100 1.900000	0.033621 0.007051	0.998861 0.000466	0.009002 0.008924	0.001554 0.002216	0.000765 0.002358	0.000892 0.004458	0.000813 0.004065	0.000476 0.001493	0.000937 0.005205	0.000910 0.003246	0.000676 0.002272	
2 24 100 1.910000	0.038139 0.005735	0.998541 0.000434	0.008245 0.009634	0.002371 0.008893	0.000602 0.003008	0.000141 0.001314	0.000000 0.000000	0.000000 0.000000	0.002269 0.004460	0.000000 0.000000	0.000641 0.003204	
2 24 100 1.920000	0.033987 0.009696	0.998832 0.000677	0.004021 0.009808	0.000024 0.000118	0.000890 0.004451	0.000304 0.001518	0.001729 0.005379	0.002003 0.006531	0.001613 0.006159	0.001147 0.003426	0.000732 0.003661	
2 24 100 1.930000	0.037900 0.009713	0.998550 0.000733	0.006331 0.008872	0.000868 0.001940	0.000204 0.001022	0.000092 0.000359	0.000000 0.000000	0.000000 0.000000	0.000254 0.000966	0.001209 0.004907	0.000322 0.001608	
2 24 100 1.940000	0.036605 0.009095	0.998647 0.000663	0.006202 0.006670	0.000373 0.001507	0.000890 0.002560	0.000079 0.000396	0.000593 0.002077	0.000024 0.000121	0.000072 0.000359	0.000000 0.000000	0.000530 0.002650	
2 24 100 1.950000	0.033167 0.008573	0.998890 0.000600	0.005623 0.005865	0.003994 0.008467	0.000344 0.001831	0.000381 0.001904	0.000000 0.000000	0.000486 0.002429	0.000000 0.000000	0.000866 0.002863	0.001181 0.002733	
2 24 100 1.960000	0.037533 0.008285	0.998583 0.000634	0.005123 0.009465	0.000100 0.000502	0.000242 0.001209	0.000000 0.000000	0.000439 0.002193	0.000000 0.000000	0.000778 0.002807	0.000000 0.000000	0.000000 0.000000	
2 24 100 1.970000	0.036568 0.005537	0.998659 0.000405	0.006134 0.004104	0.000000 0.000000	0.000461 0.002158	0.000526 0.001615	0.000000 0.000000	0.000000 0.000000	0.000000 0.000000	0.000047 0.000235	0.000033 0.000167	
2 24 100 1.980000	0.032434 0.007763	0.998940 0.000506	0.005557 0.008448	0.002259 0.005702	0.000398 0.001250	0.000000 0.000000	0.001798 0.004986	0.001110 0.003927	0.001361 0.003666	0.000519 0.002596	0.001116 0.004839	
2 24 100 1.990000	0.037360 0.007797	0.998597 0.000596	0.001994 0.002911	0.000000 0.000000	0.000886 0.004431	0.000924 0.002852	0.001075 0.003775	0.000747 0.002830	0.000392 0.001960	0.000456 0.002044	0.000000 0.000000	
2 24 100 2.000000	0.038052 0.009080	0.998541 0.000667	0.004012 0.001810	0.000263 0.001315	0.000120 0.000598	0.000000 0.000000	0.000119 0.000595	0.000000 0.000000	0.000000 0.000000	0.000091 0.000453	0.000000 0.000000	
2 24 100 2.010000	0.033301 0.004951	0.998887 0.000326	0.005181 0.006385	0.000409 0.002047	0.000485 0.002047	-0.000079 0.000397	0.000234 0.001170	0.001893 0.008605	0.001050 0.006418	0.000153 0.000766	0.002053 0.006887	
2 24 100 2.020000	0.038518 0.007560	0.998509 0.000568	0.005798 0.009958	0.000399 0.001080	0.001130 0.003404	0.000362 0.001809	0.000000 0.000000	-0.000017 0.000087	0.000093 0.001030	0.000380 0.001900	0.000870 0.002787	
2 24 100 2.030000	0.033273 0.008547	0.998879 0.000576	0.004509 0.007007	0.000442 0.001168	0.000805 0.002489	0.000000 0.000000	0.000513 0.001467	0.000305 0.000819	0.000024 0.000122	0.000203 0.001013	0.000362 0.001811	
2 24 100 2.040000	0.039806 0.006741	0.998411 0.000536	0.003025 0.008170	0.000855 0.004273	0.001478 0.004404	-0.000003 0.000013	0.001042 0.005209	0.001687 0.007781	0.000000 0.000000	0.000974 0.004871	0.000231 0.001156	
2 24 100 2.050000	0.034524 0.008155	0.998800 0.000553	0.004702 0.006984	0.000006 0.000032	0.000693 0.002499	0.000704 0.002525	0.000801 0.002795	0.001009 0.005043	0.001557 0.003045	0.000442 0.002210	0.000912 0.001644	
2 24 100 2.060000	0.034674 0.008994	0.998785 0.000618	0.003403 0.004441	0.000987 0.003269	0.000315 0.001574	0.000000 0.000000	0.001647 0.005567	0.000011 0.000109	0.000000 0.000000	0.000053 0.000267	0.000771 0.002547	
2 24 100 2.070000	0.038047 0.006630	0.998547 0.000489	0.005694 0.008461	0.000780 0.002248	0.000000 0.000000	0.000715 0.002313	0.000122 0.000610	0.001184 0.003421	0.000331 0.001657	0.000436 0.001131	0.000302 0.001510	
2 24 100 2.080000	0.040853 0.005901	0.998326 0.000485	0.004366 0.009925	0.000380 0.005384	0.000000 0.000000	0.001717 0.008585	0.000000 0.000000	0.002083 0.004811	0.000342 0.001708	0.001143 0.005717	0.001221 0.003157	
2 24 100 2.090000	0.034538 0.008714	0.998793 0.000610	0.007140 0.008120	0.002004 0.008978	0.000023 0.000115	0.001796 0.008980	0.000000 0.000000	0.000000 0.000000	0.000312 0.001562	0.000000 0.000000	0.001177 0.003281	
2 24 100 2.100000	0.041800 0.009363	0.998242 0.000757	0.004042 0.006129	0.000000 0.000000	0.000980 0.002248	0.000847 0.003898	0.000000 0.000000	0.000219 0.001094	0.000000 0.000000	0.000397 0.001983	0.000000 0.000000	
2 24 100 2.110000	0.038335 0.009731	0.998517 0.000783	0.003877 0.004177	0.000034 0.000172	0.000101 0.000507	0.000000 0.000000	0.000000 0.000000	0.000000 0.000000	0.000193 0.000916	0.000107 0.000535	0.000000 0.000000	
2 24 100 2.120000	0.035484 0.009141	0.998729 0.000667	0.002281 0.005529	0.000582 0.002909	0.000212 0.000570	0.000608 0.002909	0.000000 0.000000	0.000170 0.000848	0.000277 0.002584	0.000000 0.000000	0.000000 0.000000	
2 24 100 2.130000	0.038965 0.009016	0.998466 0.000695	0.005770 0.005188	0.000000 0.000000	0.000122 0.000608	0.000255 0.000784	0.000000 0.000000	0.000237 0.001657	0.000554 0.002770	0.000000 0.000000	0.000000 0.000000	
2 24 100 2.140000	0.039044 0.008029	0.998469 0.000620	0.005245 0.007250	0.000000 0.000000	0.000356 0.001040	0.000000 0.000000	0.000527 0.002634	0.001628 0.006220	0.000708 0.003540	0.000222 0.000626	0.000021 0.000104	
2 24 100 2.150000	0.034563 0.007187	0.998799 0.000495	0.005601 0.002315	0.000561 0.002199	0.000000 0.000000	0.000000 0.000000	0.000135 0.000676	0.000634 0.001944	0.000000 0.000000	0.000000 0.000000	0.000000 0.000000	
2 24 100 2.160000	0.038141 0.007633	0.998538 0.000593	0.003286 0.008112	0.000260 0.002697	0.000834 0.002500	0.000000 0.000000	0.000891 0.004455	0.000079 0.004346	0.000881 0.004403	0.001693 0.007369	0.001791 0.004894	
2 24 100 2.170000	0.037286 0.008163	0.998601 0.000636	0.002764 0.005081	0.000000 0.000000	0.000253 0.001265	0.000893 0.004464	0.001057 0.005287	0.000824 0.004118	-0.000006 0.000030	0.000000 0.000000	0.000032 0.000160	
2 24 100 2.180000	0.035399 0.007776	0.998739 0.000564	0.004304 0.009627	0.000000 0.000000	0.000000 0.000000	0.000000 0.000000	0.000888 0.004439	-0.000082 0.000412	0.000401 0.002003	0.000000 0.000000	0.001921 0.008673	
2 24 100 2.190000	0.036276 0.008941	0.998674 0.000671	0.004533 0.003705	0.000000 0.000000	0.000065 0.000323	0.000000 0.000000	0.000359 0.001797	0.000000 0.000000	0.000000 0.000000	0.000000 0.000000	0.000039 0.000194	
2 24 100 2.200000	0.033801 0.008750	0.998849 0.000609	0.007618 0.003726	0.000000 0.000000	-0.000020 0.000099	0.000000 0.000000	0.000000 0.000000	0.000192 0.000962	0.000000 0.000000	0.000983 0.004917	0.000168 0.000841	
2 24 100 2.210000	0.035861 0.009536	0.998698 0.000692	0.003189 0.007387	0.000119 0.000597	0.000000 0.000000	0.000000 0.000000	0.000475 0.002427	0.000359 0.001795	0.001106 0.004689	0.000642 0.002828	0.000287 0.001728	
2 24 100 2.220000	0.038394 0.009545	0.998516 0.000732	0.004048 0.008905	0.000000 0.000000	0.000000 0.000000	0.000000 0.000000	0.000000 0.000000	0.000000 0.000000	0.000244 0.001219	0.000604 0.002387	0.000000 0.000000	
2 24 100 2.230000	0.036431 0.009990	0.998660 0.000756	0.006223 0.008189	0.000000 0.000000	0.000000 0.000000	0.000000 0.000000	0.000000 0.000000	0.000000 0.000000	0.000000 0.000000	0.000000 0.000000	0.000302 0.001512	
2 24 100 2.240000	0.037942 0.008656	0.998550 0.000624	0.005043 0.009182	0.000460 0.002300	-0.000029 0.000144	0.000080 0.000401	0.000000 0.000000	0.000075 0.000373	0.000000 0.000000	-0.000035 0.000177	0.000864 0.004321	
2 24 100 2.250000	0.038530 0.009941	0.998502 0.000796	0.005611 0.006866	0.001481 0.004994	0.001090 0.005448	0.000000 0.000000	0.000000 0.000000	0.001874 0.008511	0.000008 0.000041	0.000526 0.001492	0.000000 0.000000	
2 24 100 2.260000	0.033976 0.009174	0.998834 0.000612	0.005768 0.004636	0.000589 0.001172	0.000008 0.000038	0.000873 0.004025	0.001203 0.006015	0.000286 0.001429	0.000349 0.000896	0.000000 0.000000	0.000698 0.002065	
2 24 100 2.270000	0.038485 0.009338	0.998505 0.000698	0.004050 0.004812	0.000000 0.000000	0.000000 0.000000	0.000000 0.000000	0.000000 0.000000	0.000000 0.000000	0.000005 0.000026	0.000100 0.000502	0.000000 0.000000	
2 24 100 2.280000	0.037117 0.008687	0.998611 0.000639	0.002348 0.004474	0.000810 0.002917	0.000311 0.001556	0.000000 0.000000	0.000000 0.000000	0.000000 0.000000	0.000234 0.001169	0.000000 0.000000	0.000000 0.000000	
2 24 100 2.290000	0.032799 0.009569	0.998913 0.000651	0.003860 0.005749	0.000455 0.002274	0.000872 0.004359	0.001352 0.004203	0.000000 0.000000	0.000527 0.002634	0.000343 0.001715	-0.000061 0.000305	0.000000 0.000000	
2 24 100 2.300000	0.037090 0.009153	0.998613 0.000682	0.004631 0.004115	0.000325 0.001627	0.000000 0.000000	0.000203 0.000939	0.000000 0.000000	0.000000 0.000000	0.000000 0.000000	0.000637 0.001861	0.000162 0.000810	
2 24 100 2.310000	0.035866 0.007444	0.998704 0.000529	0.004625 0.004611	0.000302 0.001508	0.000135 0.000855	0.000716 0.003582	0.001109 0.005545	0.000000 0.000000	0.000000 0.000000	0.000009 0.000047	0.000406 0.001177	
2 24 100 2.320000	0.039129 0.009849	0.998457 0.000770	0.002315 0.006137	0.000000 0.000000	0.000060 0.000299	0.000765 0.002988	0.000276 0.001378	0.000000 0.000000	0.000000 0.000000	0.000000 0.000000	0.000000 0.000000	
2 24 100 2.330000	0.035399 0.008930	0.998737 0.000646	0.006020 0.005441	0.000845 0.004227	0.000374 0.001872	0.000704 0.002384	0.001157 0.005785	0.000819 0.004093	0.000000 0.000000	0.000655 0.003275	0.002046 0.005516	
2 24 100 2.340000	0.037985 0.009460	0.998543 0.000686	0.005422 0.004291	0.000363 0.001813	0.000000 0.000000	0.000000 0.000000	0.000032 0.000161	0.000449 0.002247	0.000000 0.000000	0.000037 0.000184	0.000570 0.002851	
2 24 100 2.350000	0.040803 0.009101	0.998325 0.000716	0.003543 0.009334	0.000746 0.003730	0.000200 0.000998	0.000000 0.000000	0.000000 0.000000	0.000083 0.000415	0.000000 0.000000	-0.000107 0.000536	0.000000 0.000000	
2 24 100 2.360000	0.033951 0.008016	0.998840 0.000544	0.002373 0.005553	0.001371 0.004588	0.000000 0.000000	0.000000 0.000000	0.000000 0.000000	0.000000 0.000000	0.000883 0.003033	0.000590 0.002045	0.000870 0.004348	
2 24 100 2.370000	0.041661 0.008572	0.998256 0.000712	0.003143 0.007802	0.001100 0.004495	0.000000 0.000000	0.000000 0.000000	0.000000 0.000000	0.000608 0.003042	-0.000026 0.000131	0.000001 0.000007	0.000509 0.002546	
2 24 100 2.380000	0.039290 0.008892	0.998444 0.000682	0.004555 0.009506	0.000140 0.000699	0.000000 0.000000	0.000000 0.000000	0.000131 0.000655	0.000000 0.000000	0.000000 0.000000	0.000233 0.001164	0.000000 0.000000	
2 24 100 2.390000	0.038235 0.006456	0.998533 0.000497	0.002398 0.005749	0.000000 0.000000	0.000000 0.000000	0.000291 0.001913	0.000000 0.000000	0.000000 0.000000	0.000284 0.001418	0.000636 0.001769	0.000885 0.002236	
2 24 100 2.400000	0.033325 0.009626	0.998878 0.000628	0.002975 0.006053	0.000000 0.000000	0.000615 0.002637	0.000313 0.001566	0.000771 0.003857	0.000801 0.004004	0.000571 0.002854	0.001982 0.006224	0.000071 0.000357	
2 24 100 2.410000	0.039249 0.008161	0.998451 0.000657	0.001590 0.001350	0.000078 0.000391	0.000000 0.000000	0.000000 0.000000	0.000317 0.001812	0.000000 0.000000	0.000112 0.000561	0.000664 0.002589	0.000000 0.000000	
2 24 100 2.420000	0.034726 0.007244	0.998788 0.000504	0.003896 0.008568	0.000355 0.001774	0.000000 0.000000	0.003590 0.008772	0.000000 0.000000	0.000000 0.000000	0.000693 0.002925	0.000137 0.000684	0.000592 0.002959	
2 24 100 2.430000	0.036408 0.008229	0.998667 0.000602	0.004600 0.005472	0.000000 0.000000	0.000331 0.001655	0.000415 0.002076	0.000000 0.000000	0.000102 0.000508	0.000205 0.001023	0.000065 0.000324	0.000396 0.001145	
2 24 100 2.440000	0.039608 0.009963	0.998413 0.000806	0.001359 0.004042	0.000586 0.002928	0.000000 0.000000	0.000428 0.002138	0.000708 0.002071	0.000184 0.000920	0.000181 0.000903	0.000812 0.003701	0.000241 0.001974	
2 24 100 2.450000	0.031916 0.009318	0.998971 0.000610	0.005361 0.003850	0.000403 0.002014	0.000000 0.000000	0.001019 0.004517	0.000251 0.001255	0.000268 0.000722	0.000298 0.001038	0.000328 0.001556	0.000672 0.002849	
2 24 100 2.460000	0.039857 0.008870	0.998400 0.000687	0.003078 0.004906	0.000283 0.001417	0.000139 0.000693	0.000944 0.004718	0.000000 0.000000	0.000138 0.000689	0.000218 0.001091	0.000593 0.002964	0.000339 0.001695	
2 24 100 2.470000	0.037373 0.009418	0.998593 0.000706	0.003077 0.001770	0.000000 0.000000	0.000262 0.000893	0.000302 0.001387	0.000000 0.000000	0.000000 0.000000	0.000000 0.000000	0.000009 0.000043	0.000472 0.002360	
2 24 100 2.480000	0.039771 0.009719	0.998401 0.000782	0.003321 0.007939	0.000102 0.000511	0.000000 0.000000	0.000479 0.002397	0.000698 0.003490	0.000588 0.002940	0.000000 0.000000	0.000177 0.000883	0.000000 0.000000	
2 24 100 2.490000	0.038313 0.008955	0.998522 0.000696	0.002417 0.005817	0.000476 0.001547	0.000000 0.000000	0.000000 0.000000	0.000000 0.000000	0.001711 0.004053	0.001228 0.006140	0.000502 0.002511	0.000148 0.001186	
2 24 100 2.500000	0.038687 0.005807	0.998499 0.000444	0.001134 0.004671	0.000481 0.002407	0.000821 0.004107	0.000909 0.004512	0.001346 0.003541	0.000392 0.001232	0.002195 0.009741	0.002078 0.005596	0.000000 0.000000	
2 24 100 2.510000	0.034275 0.007273	0.998818 0.000477	0.006371 0.004193	0.000000 0.000000	0.001315 0.003495	-0.000320 0.001598	0.000000 0.000000	0.001718 0.004468	0.002911 0.008756	0.000000 0.000000	0.000000 0.000000	
2 24 100 2.520000	0.042393 0.004737	0.998199 0.000401	0.003493 0.008880	0.000768 0.002333	0.000425 0.002124	0.000000 0.000000	0.000373 0.001865	0.001132 0.002984	0.000187 0.000936	0.000932 0.004661	0.000000 0.000000	
2 24 100 2.530000	0.035953 0.009305	0.998696 0.000691	0.003404 0.007474	0.000873 0.003166	0.000820 0.004101	0.000359 0.001793	0.000246 0.001232	0.000000 0.000000	0.000140 0.000702	0.001091 0.003239	0.000711 0.003553	
2 24 100 2.540000	0.031518 0.009493	0.998993 0.000624	0.006172 0.008226	0.000540 0.002700	0.000254 0.001268	0.001200 0.003830	0.000152 0.000761	0.000448 0.002239	0.002070 0.005614	0.000518 0.003037	0.000000 0.000000	
2 24 100 2.550000	0.037659 0.008251	0.998574 0.000615	0.001039 0.002254	0.000077 0.000385	0.000463 0.002313	0.000000 0.000000	0.000305 0.000778	0.000000 0.000000	0.000351 0.001075	0.000468 0.001735	0.000283 0.001417	
2 24 100 2.560000	0.033665 0.006682	0.998861 0.000465	0.004370 0.004945	0.000450 0.001651	0.001170 0.002938	0.000522 0.002608	0.000319 0.001596	0.000663 0.003316	0.002116 0.004485	0.000167 0.000834	0.000000 0.000000	
2 24 100 2.570000	0.037448 0.007760	0.998589 0.000576	0.004667 0.009299	0.000617 0.003084	0.000000 0.000000	0.000000 0.000000	0.000000 0.000000	0.000531 0.002654	0.000000 0.000000	0.001195 0.002668	-0.000018 0.000091	
2 24 100 2.580000	0.038738 0.008263	0.998492 0.000634	0.000484 0.002002	0.000471 0.002355	0.000717 0.003583	0.000838 0.002758	0.001185 0.004592	0.000396 0.001978	0.000443 0.002911	0.000265 0.000852	0.000201 0.001004	
2 24 100 2.590000	0.037299 0.009949	0.998590 0.000730	0.005001 0.004633	0.000000 0.000000	0.000212 0.001060	0.000133 0.000666	0.000594 0.002275	0.000818 0.002298	0.000000 0.000000	0.000000 0.000000	0.000000 0.000000	
2 24 100 2.600000	0.037275 0.006987	0.998604 0.000503	0.002755 0.007575	0.002688 0.005877	0.001373 0.003464	0.000325 0.001169	0.003150 0.006826	0.000000 0.000000	0.000630 0.002284	0.000000 0.000000	0.000250 0.001252	
2 24 100 2.610000	0.040229 0.009680	0.998371 0.000790	0.002833 0.003037	0.000000 0.000000	0.000408 0.001073	0.000000 0.000000	0.000000 0.000000	0.000408 0.001632	0.000000 0.000000	0.000527 0.002634	0.000000 0.000000	
2 24 100 2.620000	0.036334 0.008956	0.998664 0.000654	0.002771 0.008089	0.000000 0.000000	0.000191 0.000953	0.000000 0.000000	0.000465 0.001310	0.000000 0.000000	0.000000 0.000000	0.000000 0.000000	0.000000 0.000000	
2 24 100 2.630000	0.032071 0.009094	0.998961 0.000584	0.002700 0.009262	0.001982 0.008960	0.002514 0.005687	0.000892 0.004460	0.000261 0.001303	0.000348 0.001742	0.000000 0.000000	0.000231 0.001643	0.000000 0.000000	
2 24 100 2.640000	0.038262 0.009780	0.998523 0.000737	0.003759 0.003480	0.000000 0.000000	0.000066 0.000329	0.000638 0.003191	0.000356 0.001780	0.000000 0.000000	-0.000001 0.000007	0.000000 0.000000	0.000000 0.000000	
2 24 100 2.650000	0.035900 0.008863	0.998703 0.000641	0.002729 0.004826	0.000015 0.000073	0.000000 0.000000	0.000725 0.003627	0.000000 0.000000	0.000832 0.004161	0.001345 0.004504	0.000000 0.000000	-0.000041 0.000203	
2 24 100 2.660000	0.037626 0.006780	0.998579 0.000514	0.003002 0.004241	0.000000 0.000000	0.000000 0.000000	0.000439 0.001267	0.000078 0.000388	0.001610 0.008049	0.000563 0.002817	0.000000 0.000000	0.000165 0.000603	
2 24 100 2.670000	0.036946 0.006471	0.998630 0.000477	0.003589 0.005835	0.000829 0.002526	0.000433 0.002166	0.001882 0.006366	0.000422 0.002108	0.000220 0.002223	0.000113 0.000564	0.000919 0.002445	0.000913 0.004563	
2 24 100 2.680000	0.037241 0.006939	0.998608 0.000514	0.003739 0.009630	0.001973 0.002804	0.000697 0.003483	0.000880 0.002804	0.000262 0.001312	0.000000 0.000000	0.000000 0.000000	0.000406 0.002031	0.000000 0.000000	
2 24 100 2.690000	0.038835 0.006209	0.998485 0.000487	0.003148 0.007415	-0.000191 0.002311	0.000000 0.000000	-0.000040 0.000198	0.000648 0.002181	0.000687 0.003436	0.000178 0.000663	0.002565 0.006127	0.000572 0.002859	
2 24 100 2.700000	0.035947 0.009236	0.998695 0.000694	0.003449 0.005255	0.000000 0.000000	0.000142 0.000710	0.000083 0.000414	0.000000 0.000000	0.000346 0.001728	0.000049 0.000245	0.000306 0.001531	0.000387 0.001934	
2 24 100 2.710000	0.037649 0.009578	0.998571 0.000743	0.003515 0.008032	0.000866 0.004330	-0.000030 0.000152	0.000069 0.000345	0.000708 0.003539	-0.000064 0.000843	0.000951 0.003272	0.001784 0.006279	0.001362 0.004275	
2 24 100 2.720000	0.040172 0.008875	0.998374 0.000729	0.002639 0.006751	0.000634 0.002048	0.000071 0.000353	0.000984 0.004922	0.000527 0.002637	0.000000 0.000000	0.000000 0.000000	0.000958 0.003286	0.000000 0.000000	
2 24 100 2.730000	0.039975 0.009884	0.998388 0.000797	0.004462 0.008609	0.000248 0.001238	0.001120 0.007442	0.000454 0.002268	0.000000 0.000000	0.002126 0.006841	0.000539 0.002696	0.000000 0.000000	0.000000 0.000000	
2 24 100 2.740000	0.042991 0.009015	0.998140 0.000786	0.001517 0.003760	0.001327 0.006635	0.000264 0.001322	0.000814 0.004070	0.000000 0.000000	0.000089 0.000446	0.000000 0.000000	0.000549 0.004113	0.000321 0.001073	
2 24 100 2.750000	0.039802 0.006686	0.998410 0.000532	0.003176 0.008780	0.000404 0.002018	0.000000 0.000000	0.000988 0.003454	0.001325 0.006626	0.000000 0.000000	0.000034 0.000170	0.001409 0.005217	0.000678 0.003806	
2 24 100 2.760000	0.036629 0.008714	0.998650 0.000623	0.004258 0.002158	0.000526 0.002631	0.000501 0.002505	0.001320 0.003861	0.000000 0.000000	0.000000 0.000000	0.001236 0.003636	0.000041 0.000207	0.000614 0.003070	
2 24 100 2.770000	0.033480 0.009011	0.998866 0.000597	0.003705 0.009889	0.000000 0.000000	0.000000 0.000000	0.000000 0.000000	0.000402 0.002010	0.000000 0.000000	0.000620 0.002145	0.002232 0.006297	0.001773 0.004813	
2 24 100 2.780000	0.037855 0.007774	0.998558 0.000619	0.004174 0.006456	0.000404 0.002020	0.001084 0.005419	0.000378 0.001593	0.000559 0.002136	0.002151 0.008033	0.000060 0.000299	0.000000 0.000000	0.001092 0.003089	
2 24 100 2.790000	0.043732 0.009949	0.998075 0.000852	0.003942 0.008658	0.000010 0.000049	0.000000 0.000000	0.000348 0.001416	0.000000 0.000000	0.000000 0.000000	-0.000018 0.000422	0.000480 0.001270	0.000000 0.000000	
2 24 100 2.800000	0.038255 0.008785	0.998525 0.000687	0.004572 0.005702	0.000297 0.001486	0.000172 0.000620	0.000000 0.000000	0.000341 0.001616	0.000148 0.000742	0.000032 0.000161	0.000190 0.000739	0.000000 0.000000	
2 24 100 2.810000	0.034852 0.008354	0.998776 0.000569	0.002650 0.007187	0.000000 0.000000	0.000000 0.000000	0.000000 0.000000	0.000898 0.003589	0.001113 0.004084	0.003341 0.007991	0.000947 0.003532	0.000222 0.000829	
2 24 100 2.820000	0.032502 0.005205	0.998940 0.000337	0.001849 0.005640	0.000405 0.002027	0.002014 0.008925	0.000716 0.003381	0.000940 0.006806	0.000608 0.003040	0.001076 0.005378	0.000540 0.002702	0.000582 0.002912	
2 24 100 2.830000	0.039858 0.009820	0.998399 0.000800	0.002477 0.003964	0.000000 0.000000	0.000149 0.000747	0.001189 0.005354	0.000000 0.000000	0.000000 0.000000	0.000000 0.000000	0.000165 0.000823	0.000313 0.001567	
2 24 100 2.840000	0.037038 0.009884	0.998615 0.000728	0.002868 0.006324	0.000144 0.000720	0.001367 0.006834	0.000867 0.002886	0.000290 0.001451	0.000086 0.000429	0.001382 0.006912	0.000327 0.000999	0.000037 0.000184	
2 24 100 2.850000	0.034362 0.008548	0.998808 0.000593	0.003775 0.009125	0.000448 0.002239	0.000000 0.000000	0.000000 0.000000	0.000951 0.004756	0.001112 0.005562	0.000846 0.004231	0.001243 0.006217	0.000226 0.001132	
2 24 100 2.860000	0.037211 0.009224	0.998603 0.000675	0.003836 0.006389	0.000000 0.000000	0.000154 0.000768	0.000000 0.000000	0.000000 0.000000	0.000000 0.000000	0.000000 0.000000	0.000000 0.000000	0.000162 0.000810	
2 24 100 2.870000	0.037651 0.009939	0.998567 0.000725	0.003076 0.008938	0.000000 0.000000	0.000700 0.003502	0.000166 0.000831	0.000257 0.001285	0.000507 0.001604	0.000605 0.003023	0.001063 0.002877	0.000010 0.000050	
2 24 100 2.880000	0.035921 0.009529	0.998695 0.000692	0.003864 0.008478	0.001100 0.003067	0.000102 0.000512	0.001075 0.001972	0.000698 0.003488	0.000000 0.000000	0.000317 0.001583	0.000425 0.002123	0.000000 0.000000	
2 24 100 2.890000	0.038446 0.008748	0.998512 0.000685	0.005001 0.004579	0.000000 0.000000	0.000000 0.000000	0.000000 0.000000	0.000000 0.000000	0.001072 0.002718	0.000000 0.000000	0.000062 0.000308	0.000269 0.001346	
2 24 100 2.900000	0.034394 0.006033	0.998811 0.000425	0.001217 0.006037	0.000992 0.004958	0.001832 0.004942	0.000000 0.000000	0.000402 0.002011	0.000549 0.002463	0.001129 0.005644	-0.000068 0.000901	0.000110 0.000550	
2 24 100 2.910000	0.036608 0.009920	0.998646 0.000715	0.003560 0.009191	0.000000 0.000000	0.000000 0.000000	0.000065 0.000324	0.000000 0.000000	0.000884 0.002516	0.000639 0.002617	0.000294 0.001470	0.000000 0.000000	
2 24 100 2.920000	0.033739 0.009070	0.998851 0.000609	0.003778 0.007428	0.000131 0.000653	0.000849 0.004243	0.000851 0.004254	0.000266 0.001332	0.000000 0.000000	0.000000 0.000000	0.000033 0.000163	0.000043 0.000215	
2 24 100 2.930000	0.037518 0.009738	0.998580 0.000758	0.004728 0.009887	0.001103 0.004187	0.000500 0.002500	0.001412 0.005240	0.000662 0.003310	0.000238 0.001192	0.000000 0.000000	0.000377 0.001719	0.000610 0.002065	
2 24 100 2.940000	0.037344 0.008147	0.998596 0.000641	0.003529 0.005954	0.000078 0.000392	0.000000 0.000000	0.000000 0.000000	0.000153 0.000766	0.000941 0.003321	0.000018 0.000091	0.000942 0.004710	0.000523 0.002616	
2 24 100 2.950000	0.035612 0.009210	0.998721 0.000646	0.002908 0.004968	0.000083 0.000416	0.000227 0.001136	0.000000 0.000000	0.000018 0.000091	0.000000 0.000000	0.000000 0.000000	0.000000 0.000000	0.000405 0.002025	
2 24 100 2.960000	0.034036 0.009753	0.998832 0.000661	0.003180 0.004759	0.000000 0.000000	0.000362 0.001811	0.000000 0.000000	0.001087 0.002891	0.000768 0.003838	0.000024 0.000119	0.000912 0.004559	0.001447 0.004280	
2 24 100 2.970000	0.039929 0.008963	0.998393 0.000707	0.003015 0.005440	0.000366 0.001828	0.000166 0.000829	0.000000 0.000000	0.000000 0.000000	0.000000 0.000000	0.000451 0.001448	0.000302 0.001508	0.000000 0.000000	
2 24 100 2.980000	0.035873 0.006831	0.998707 0.000480	0.002418 0.004285	0.000038 0.000191	0.000000 0.000000	0.001227 0.006133	0.003343 0.007700	0.000358 0.001067	0.000000 0.000000	0.000000 0.000000	0.000000 0.000000	
2 24 100 2.990000	0.042111 0.005088	0.998224 0.000423	0.003242 0.008833	0.000380 0.001902	0.000000 0.000000	0.000013 0.000065	0.000221 0.000810	-0.000062 0.000308	0.000000 0.000000	0.000713 0.003566	0.000298 0.001491	
2 24 100 3.000000	0.034512 0.009733	0.998791 0.000668	0.003265 0.007007	0.000379 0.001893	0.000000 0.000000	0.000268 0.000870	0.000212 0.001062	0.000155 0.000774	0.000479 0.002394	0.000401 0.001221	0.000791 0.003953	
2 24 100 3.010000	0.037026 0.009288	0.998617 0.000720	0.003472 0.004445	0.000350 0.001749	0.000000 0.000000	0.000000 0.000000	0.001898 0.008451	0.000352 0.001454	0.000119 0.000593	0.000000 0.000000	0.000216 0.001082	
2 24 100 3.020000	0.038747 0.007142	0.998493 0.000544	0.001512 0.007559	0.000000 0.000000	-0.000079 0.000393	0.000000 0.000000	0.000000 0.000000	0.000056 0.000279	0.000000 0.000000	0.000000 0.000000	0.000000 0.000000	
2 24 100 3.030000	0.036233 0.009677	0.998677 0.000678	0.000855 0.003442	0.000000 0.000000	0.000383 0.001914	0.000779 0.004025	0.000000 0.000000	0.000313 0.001187	0.000293 0.001463	0.000000 0.000000	0.000000 0.000000	
2 24 100 3.040000	0.041491 0.009507	0.998263 0.000795	0.002100 0.004605	0.000000 0.000000	0.000000 0.000000	0.000375 0.001877	0.000000 0.000000	0.000486 0.001382	0.000000 0.000000	0.000470 0.001754	0.000000 0.000000	
2 24 100 3.050000	0.039117 0.009374	0.998460 0.000749	0.002629 0.004689	0.000000 0.000000	0.000000 0.000000	0.001406 0.002843	0.000124 0.000620	0.000261 0.001306	0.000000 0.000000	0.000000 0.000000	0.000000 0.000000	
2 24 100 3.060000	0.036770 0.009955	0.998637 0.000721	0.002838 0.002658	0.000000 0.000000	0.000000 0.000000	0.000148 0.000739	0.000220 0.001098	0.000294 0.001472	0.000036 0.000181	0.000000 0.000000	0.000000 0.000000	
2 24 100 3.070000	0.036634 0.008967	0.998648 0.000675	0.004104 0.007246	0.000480 0.001272	0.000000 0.000000	0.000098 0.000489	0.000384 0.001125	0.000551 0.002757	-0.000012 0.000058	0.000303 0.001505	0.000000 0.000000	
2 24 100 3.080000	0.035447 0.009877	0.998732 0.000693	0.002163 0.005939	0.000196 0.000979	0.000093 0.000465	0.000000 0.000000	0.000738 0.001945	0.000000 0.000000	0.000000 0.000000	0.000240 0.000758	0.000000 0.000000	
2 24 100 3.090000	0.040590 0.008698	0.998343 0.000697	0.001300 0.003610	0.000000 0.000000	0.000000 0.000000	0.000532 0.002661	-0.000062 0.000308	0.000206 0.001029	0.000531 0.001506	0.000259 0.001297	0.000340 0.000975	
2 24 100 3.100000	0.035550 0.009110	0.998727 0.000650	0.002003 0.003915	0.000000 0.000000	0.000695 0.002162	0.000000 0.000000	0.000000 0.000000	0.000440 0.001084	0.000000 0.000000	0.000098 0.000491	0.000692 0.002620	
2 24 100 3.110000	0.041338 0.007760	0.998281 0.000643	0.002025 0.006834	0.000240 0.001199	0.000000 0.000000	0.000000 0.000000	0.000000 0.000000	0.000980 0.004901	0.000000 0.000000	0.000000 0.000000	0.000000 0.000000	
2 24 100 3.120000	0.037540 0.006673	0.998586 0.000506	0.003577 0.009908	0.000041 0.000205	0.000000 0.000000	0.000836 0.002805	0.000000 0.000000	0.000743 0.002893	0.000430 0.002150	0.000000 0.000000	0.000592 0.002608	
2 24 100 3.130000	0.037136 0.008435	0.998610 0.000626	0.003015 0.006547	0.000000 0.000000	0.000000 0.000000	0.000000 0.000000	0.000050 0.000252	0.000000 0.000000	0.000241 0.000648	0.000000 0.000000	0.000000 0.000000	
2 24 100 3.140000	0.034051 0.009766	0.998825 0.000663	0.001110 0.003317	0.001010 0.001912	0.000206 0.000613	0.000000 0.000000	0.000726 0.002914	0.000581 0.002906	0.000323 0.001617	0.000326 0.001631	0.000457 0.002004	
2 24 100 3.150000	0.034051 0.009766	0.998825 0.000663	0.001110 0.003317	0.001010 0.001912	0.000206 0.000613	0.000000 0.000000	0.000726 0.002914	0.000581 0.002906	0.000323 0.001617	0.000326 0.001631	0.000457 0.002004	
2 24 100 3.160000	0.039089 0.009544	0.998460 0.000784	0.002791 0.004817	0.000334 0.001672	0.000319 0.001226	0.000000 0.000000	0.000000 0.000000	0.000785 0.002542	0.000018 0.000090	0.000000 0.000000	0.000000 0.000000	
2 24 100 3.170000	0.031905 0.008605	0.998972 0.000559	0.002940 0.006449	0.001821 0.007487	0.001307 0.002906	0.000652 0.001993	0.000469 0.002343	0.001065 0.003746	0.000313 0.001499	0.000374 0.001868	0.000984 0.004124	
2 24 100 3.180000	0.039034 0.009544	0.998461 0.000729	0.001961 0.003144	0.000000 0.000000	0.000076 0.000380	-0.000029 0.000144	0.000113 0.000565	0.000000 0.000000	0.000000 0.000000	0.000131 0.000657	0.000323 0.000911	
2 24 100 3.190000	0.040967 0.009699	0.998310 0.000791	0.001971 0.003979	0.000000 0.000000	0.000153 0.001112	0.000917 0.004320	0.000229 0.001143	0.000000 0.000000	0.000183 0.000914	0.000247 0.001233	0.000250 0.001250	
2 24 100 3.200000	0.043215 0.009695	0.998121 0.000813	0.003453 0.003501	0.000487 0.002435	0.000975 0.003511	0.000000 0.000000	0.000809 0.001980	0.000629 0.001426	0.000000 0.000000	0.000000 0.000000	0.000095 0.000473	
2 24 100 3.210000	0.038754 0.009645	0.998480 0.000729	0.004935 0.008191	0.000000 0.000000	0.000149 0.000745	0.000000 0.000000	0.000000 0.000000	0.000336 0.001644	0.000557 0.002787	0.001048 0.003800	0.000194 0.000969	
2 24 100 3.220000	0.036068 0.006945	0.998692 0.000503	0.001971 0.005440	0.000000 0.000000	0.000828 0.003508	0.001861 0.007174	0.000000 0.000000	0.000500 0.002037	0.001093 0.002587	0.000761 0.003804	0.000665 0.002624	
2 24 100 3.230000	0.036775 0.009589	0.998635 0.000689	0.002750 0.003299	0.000000 0.000000	0.000000 0.000000	0.000000 0.000000	0.000000 0.000000	0.000116 0.000581	0.000000 0.000000	0.000044 0.000221	0.000073 0.000367	
2 24 100 3.240000	0.037636 0.009743	0.998573 0.000706	0.000580 0.001810	-0.000008 0.000039	0.000000 0.000000	0.000000 0.000000	0.000000 0.000000	0.000386 0.001928	0.000000 0.000000	0.000000 0.000000	0.000000 0.000000	
2 24 100 3.250000	0.033076 0.009252	0.998889 0.000622	0.003042 0.005752	0.000537 0.002700	0.000494 0.002469	0.000000 0.000000	0.000538 0.001854	0.000728 0.002020	0.000293 0.001464	0.000435 0.002174	0.000235 0.001174	
2 24 100 3.260000	0.030144 0.009038	0.999082 0.000531	0.002974 0.005771	0.000638 0.003014	0.001311 0.006554	0.000000 0.000000	0.000000 0.000000	0.000740 0.003700	0.002672 0.008571	0.001902 0.007812	-0.000099 0.000493	
2 24 100 3.270000	0.035653 0.009658	0.998718 0.000681	0.004364 0.007147	0.001118 0.004170	0.000183 0.000917	0.000000 0.000000	0.000000 0.000000	0.000745 0.002451	0.001454 0.008088	0.000210 0.001721	0.000396 0.001308	
2 24 100 3.280000	0.038589 0.009134	0.998498 0.000699	0.001100 0.003460	0.000638 0.003189	0.000000 0.000000	0.001481 0.007404	0.000855 0.002792	0.000000 0.000000	0.000000 0.000000	0.000000 0.000000	0.000000 0.000000	
2 24 100 3.290000	0.038977 0.009968	0.998471 0.000787	0.004014 0.002524	0.000432 0.002160	0.000454 0.002271	0.000000 0.000000	0.000483 0.003016	0.000000 0.000000	0.000000 0.000000	0.001063 0.004586	0.000000 0.000000	
2 24 100 3.300000	0.038977 0.009968	0.998471 0.000787	0.004014 0.002524	0.000432 0.002160	0.000454 0.002271	0.000000 0.000000	0.000483 0.003016	0.000000 0.000000	0.000000 0.000000	0.001063 0.004586	0.000000 0.000000	
2 24 100 3.310000	0.038977 0.009968	0.998471 0.000787	0.004014 0.002524	0.000432 0.002160	0.000454 0.002271	0.000000 0.000000	0.000483 0.003016	0.000000 0.000000	0.000000 0.000000	0.001063 0.004586	0.000000 0.000000	
2 24 100 3.320000	0.035446 0.009083	0.998733 0.000649	0.002714 0.005246	-0.000047 0.000234	0.000087 0.000435	0.000000 0.000000	0.001484 0.007270	0.000982 0.004145	0.000683 0.002095	0.001537 0.004729	0.000685 0.003423	
2 24 100 3.330000	0.038883 0.008116	0.998480 0.000653	0.003423 0.007366	0.000000 0.000000	0.000592 0.002962	0.000057 0.000283	0.000357 0.001785	0.000082 0.000411	0.000524 0.002621	0.000000 0.000000	0.001133 0.003919	
2 24 100 3.340000	0.035125 0.006997	0.998760 0.000509	0.000758 0.002710	0.000103 0.000516	0.000450 0.002251	0.000000 0.000000	0.001307 0.005037	0.000441 0.001462	0.000414 0.002069	0.000446 0.001211	0.000977 0.004048	
2 24 100 3.350000	0.033164 0.008139	0.998890 0.000554	0.003255 0.007005	0.000000 0.000000	0.000215 0.001073	0.000032 0.000161	0.000195 0.000973	0.000858 0.003995	0.000229 0.000619	0.000795 0.002668	0.000037 0.000187	
2 24 100 3.360000	0.037420 0.009465	0.998590 0.000709	0.001786 0.004452	0.000000 0.000000	0.000488 0.001995	0.000635 0.003174	0.000486 0.002428	0.000479 0.002395	0.000274 0.001369	0.000279 0.000723	0.000009 0.000047	
2 24 100 3.370000	0.026758 0.004969	0.999280 0.000265	0.004097 0.007163	0.001051 0.004901	0.001916 0.005794	0.000000 0.000000	0.000896 0.004480	0.000965 0.005544	0.002155 0.006586	0.000000 0.000000	-0.000319 0.001597	
2 24 100 3.380000	0.037800 0.009254	0.998560 0.000677	0.002841 0.008089	0.000192 0.001025	-0.000022 0.000112	0.000539 0.002697	0.000000 0.000000	0.000762 0.003178	0.001837 0.007731	0.000000 0.000000	0.000980 0.003921	
2 24 100 3.390000	0.031700 0.006862	0.998989 0.000428	0.004028 0.006436	0.000642 0.003210	0.000744 0.002086	0.002044 0.008122	0.001258 0.005108	0.001189 0.004591	0.000742 0.002459	0.001768 0.006812	0.000000 0.000000	
2 24 100 3.400000	0.039617 0.009088	0.998420 0.000705	0.000974 0.004273	0.000293 0.001465	0.000000 0.000000	0.000089 0.000445	0.000000 0.000000	0.000434 0.002172	0.000520 0.002598	0.000000 0.000000	0.000000 0.000000	
2 24 100 3.410000	0.038720 0.009907	0.998489 0.000804	0.002582 0.008374	0.000288 0.001441	0.000117 0.000583	0.000000 0.000000	0.000000 0.000000	0.000297 0.001485	0.000190 0.000948	0.000091 0.000453	0.000481 0.002405	
2 24 100 3.420000	0.030652 0.009615	0.999049 0.000603	0.002696 0.008703	0.000432 0.001328	0.000882 0.004224	0.001166 0.002413	0.000000 0.000000	0.002302 0.005714	0.000918 0.003803	0.000424 0.002118	0.000000 0.000000	
2 24 100 3.430000	0.037933 0.008205	0.998553 0.000640	0.004297 0.009521	0.000427 0.001574	0.000420 0.002102	0.000164 0.000822	0.000113 0.000566	0.000000 0.000000	0.000000 0.000000	0.000043 0.000215	0.000000 0.000000	
2 24 100 3.440000	0.035793 0.008426	0.998709 0.000588	0.003516 0.006967	0.000854 0.002454	0.000224 0.001121	0.000000 0.000000	0.001222 0.004280	0.000248 0.001241	0.000000 0.000000	0.000000 0.000000	0.000000 0.000000	
2 24 100 3.450000	0.035653 0.009656	0.998713 0.000702	0.003350 0.003204	0.000123 0.000615	0.000236 0.001141	0.000032 0.000162	0.000093 0.000466	0.000299 0.001497	0.001032 0.002673	0.000228 0.000804	0.000340 0.001698	
2 24 100 3.460000	0.037205 0.008802	0.998603 0.000660	0.001649 0.007050	0.000588 0.002938	0.000000 0.000000	0.000084 0.000419	0.000078 0.000596	0.000082 0.000409	0.002402 0.007509	0.000000 0.000000	0.001772 0.004741	
2 24 100 3.470000	0.037205 0.008802	0.998603 0.000660	0.001649 0.007050	0.000588 0.002938	0.000000 0.000000	0.000084 0.000419	0.000078 0.000596	0.000082 0.000409	0.002402 0.007509	0.000000 0.000000	0.001772 0.004741	
2 24 100 3.480000	0.037205 0.008802	0.998603 0.000660	0.001649 0.007050	0.000588 0.002938	0.000000 0.000000	0.000084 0.000419	0.000078 0.000596	0.000082 0.000409	0.002402 0.007509	0.000000 0.000000	0.001772 0.004741	
2 24 100 3.490000	0.033677 0.009260	0.998851 0.000608	0.001031 0.003146	0.000259 0.001297	0.000271 0.001356	0.000478 0.002392	0.000634 0.003169	0.000000 0.000000	0.000476 0.001499	0.001566 0.004545	0.000000 0.000000	
2 24 100 3.500000	0.033510 0.009477	0.998865 0.000598	0.003479 0.006718	0.000000 0.000000	0.000055 0.000275	0.000000 0.000000	0.000000 0.000000	0.000264 0.000782	0.000000 0.000000	0.000852 0.002819	0.000010 0.000050	
2 24 100 3.510000	0.032507 0.007863	0.998936 0.000516	0.003871 0.007947	0.000073 0.000364	0.000505 0.002527	0.001080 0.003361	0.000569 0.002773	0.000214 0.001068	0.002000 0.004049	0.001611 0.004064	0.001210 0.005543	
2 24 100 3.520000	0.037716 0.009707	0.998568 0.000731	0.003976 0.007478	0.000000 0.000000	0.000418 0.002092	0.001422 0.004258	0.000000 0.000000	0.000000 0.000000	0.000000 0.000000	0.000264 0.001318	0.000151 0.000755	
2 24 100 3.530000	0.035675 0.008817	0.998717 0.000619	0.001410 0.004125	0.001455 0.005555	0.001235 0.006175	0.000000 0.000000	0.000021 0.000105	0.000980 0.004899	0.000000 0.000000	-0.000104 0.000521	0.000000 0.000000	
2 24 100 3.540000	0.035917 0.006452	0.998704 0.000450	0.001635 0.004526	0.002994 0.009043	0.000000 0.000000	-0.000089 0.000445	-0.000116 0.000580	0.000304 0.001521	0.000000 0.000000	0.000485 0.001251	0.000125 0.000626	
2 24 100 3.550000	0.033904 0.008725	0.998840 0.000585	0.004437 0.008063	0.000000 0.000000	0.001276 0.003779	0.000118 0.000591	0.000970 0.003410	0.000705 0.004597	0.000626 0.002907	0.001290 0.004913	-0.000203 0.001014	
2 24 100 3.560000	0.039544 0.008896	0.998425 0.000701	0.000588 0.002003	0.000120 0.000600	-0.000000 0.000001	0.000000 0.000000	0.000156 0.000778	0.000460 0.001441	0.000317 0.001585	-0.000002 0.000010	0.000000 0.000000	
2 24 100 3.570000	0.037023 0.009811	0.998615 0.000712	0.001602 0.001848	0.000000 0.000000	0.000000 0.000000	0.000209 0.001046	0.000000 0.000000	0.000143 0.000478	0.000000 0.000000	0.000030 0.000152	0.000062 0.000308	
2 24 100 3.580000	0.035543 0.007237	0.998730 0.000530	0.004140 0.009315	0.000658 0.003292	0.000000 0.000000	0.000038 0.000191	0.000000 0.000000	0.000042 0.000209	0.000256 0.001279	0.000000 0.000000	0.000784 0.002362	
2 24 100 3.590000	0.037576 0.008461	0.998577 0.000627	0.001713 0.003159	0.000105 0.000524	0.000000 0.000000	0.000000 0.000000	0.000000 0.000000	0.000000 0.000000	0.000000 0.000000	0.000315 0.001573	0.000340 0.001700	
2 24 100 3.600000	0.038267 0.009513	0.998526 0.000722	0.001441 0.004632	0.000098 0.000488	0.000636 0.003180	0.000150 0.000752	0.000000 0.000000	0.000992 0.004156	0.000925 0.002967	0.000265 0.001323	0.000084 0.000418	
2 24 100 3.610000	0.039412 0.009139	0.998434 0.000726	0.001237 0.005691	0.000964 0.004607	0.002141 0.009618	0.000611 0.001901	0.001958 0.005029	0.000000 0.000000	0.000100 0.000499	0.000000 0.000000	0.002136 0.007075	
2 24 100 3.620000	0.039412 0.009139	0.998434 0.000726	0.001237 0.005691	0.000964 0.004607	0.002141 0.009618	0.000611 0.001901	0.001958 0.005029	0.000000 0.000000	0.000100 0.000499	0.000000 0.000000	0.002136 0.007075	
2 24 100 3.630000	0.035315 0.009162	0.998740 0.000653	0.001872 0.004718	0.000492 0.001649	0.000000 0.000000	0.000000 0.000000	0.001119 0.002923	0.000000 0.000000	0.000892 0.002474	0.000312 0.001559	0.000000 0.000000	
2 24 100 3.640000	0.033267 0.009013	0.998884 0.000587	0.003526 0.006538	0.000745 0.002361	0.000981 0.004904	0.001599 0.004292	0.000416 0.001600	0.000000 0.000000	0.000344 0.001720	0.000000 0.000000	0.001978 0.007389	
2 24 100 3.650000	0.034692 0.008273	0.998787 0.000572	0.001241 0.004089	0.000000 0.000000	0.000058 0.000288	0.000000 0.000000	0.000284 0.001419	0.000096 0.000479	0.000000 0.000000	0.000000 0.000000	0.000425 0.001198	
2 24 100 3.660000	0.037450 0.008479	0.998585 0.000616	0.002459 0.005185	0.000324 0.001622	0.000000 0.000000	0.000690 0.003450	0.000469 0.002344	0.000000 0.000000	0.000246 0.001228	0.000000 0.000000	0.000262 0.001309	
2 24 100 3.670000	0.038850 0.008732	0.998481 0.000671	0.002189 0.004912	0.000312 0.001559	0.000000 0.000000	0.000442 0.002211	0.000521 0.001413	0.000000 0.000000	0.000088 0.000441	0.000220 0.001101	0.000000 0.000000	
2 24 100 3.680000	0.035823 0.008917	0.998707 0.000652	0.002516 0.005303	0.000571 0.002317	0.000981 0.002818	0.002267 0.006337	0.001265 0.006326	0.000000 0.000000	0.000923 0.003549	0.000000 0.000000	0.000609 0.003043	
2 24 100 3.690000	0.035823 0.008917	0.998707 0.000652	0.002516 0.005303	0.000571 0.002317	0.000981 0.002818	0.002267 0.006337	0.001265 0.006326	0.000000 0.000000	0.000923 0.003549	0.000000 0.000000	0.000609 0.003043	
2 24 100 3.700000	0.039682 0.003550	0.998423 0.000286	0.002733 0.008200	0.000000 0.000000	0.000391 0.001954	0.000389 0.001945	-0.000095 0.000939	0.000366 0.001831	0.000570 0.002173	0.000006 0.000030	0.000721 0.003605	
2 24 100 3.710000	0.040784 0.009724	0.998326 0.000773	0.001892 0.006657	0.000566 0.001581	0.000573 0.002911	0.000203 0.001016	0.000000 0.000000	0.000445 0.001129	0.000414 0.001517	0.000882 0.003153	0.000000 0.000000	
2 24 100 3.720000	0.035093 0.009451	0.998757 0.000695	0.003013 0.009092	0.000243 0.001215	0.001017 0.002800	0.000000 0.000000	0.000271 0.001032	0.000209 0.001046	0.000181 0.000903	0.000370 0.001849	0.000000 0.000000	
2 24 100 3.730000	0.035093 0.009451	0.998757 0.000695	0.003013 0.009092	0.000243 0.001215	0.001017 0.002800	0.000000 0.000000	0.000271 0.001032	0.000209 0.001046	0.000181 0.000903	0.000370 0.001849	0.000000 0.000000	
2 24 100 3.740000	0.038417 0.008982	0.998512 0.000677	0.001308 0.003401	0.000000 0.000000	0.000000 0.000000	0.000334 0.001669	0.000359 0.001795	0.000000 0.000000	0.000000 0.000000	0.000082 0.000411	0.000020 0.000101	
2 24 100 3.750000	0.034391 0.006115	0.998812 0.000421	0.001372 0.003551	0.000934 0.002675	-0.000016 0.000080	0.001190 0.004830	0.001088 0.005442	0.000427 0.002136	0.000995 0.003977	0.002042 0.006233	0.000413 0.001175	
2 24 100 3.760000	0.037771 0.009370	0.998562 0.000684	0.003871 0.006489	0.000539 0.002693	-0.000040 0.000200	0.000173 0.000864	0.001021 0.005103	0.000200 0.001011	0.000870 0.004349	0.000505 0.001696	0.000709 0.001795	
2 24 100 3.770000	0.034584 0.008731	0.998794 0.000632	0.002789 0.005958	0.000425 0.002124	0.000203 0.001016	0.000000 0.000000	0.000000 0.000000	0.000265 0.001325	0.000421 0.002107	0.000137 0.000683	0.000379 0.001894	
2 24 100 3.780000	0.038483 0.009249	0.998508 0.000691	0.002131 0.003316	0.000000 0.000000	0.000434 0.002168	0.000324 0.001621	0.000000 0.000000	0.000880 0.003524	0.000063 0.000313	0.000650 0.003248	0.000054 0.000268	
2 24 100 3.790000	0.039161 0.008946	0.998453 0.000688	0.003415 0.005910	0.001479 0.007394	0.000655 0.003273	0.000049 0.000245	0.001283 0.006414	-0.000047 0.000234	0.000000 0.000000	0.000017 0.000087	0.001449 0.005224	
2 24 100 3.800000	0.038978 0.008269	0.998470 0.000640	0.001760 0.004049	0.000249 0.001244	0.000214 0.001068	0.000000 0.000000	0.000000 0.000000	-0.000040 0.000202	0.000196 0.000978	0.000000 0.000000	0.000055 0.000275	
2 24 100 3.810000	0.040726 0.009752	0.998329 0.000804	0.001308 0.002702	0.000076 0.000379	0.000488 0.002442	0.000000 0.000000	0.000000 0.000000	0.000000 0.000000	0.000221 0.001103	0.000000 0.000000	0.000417 0.002085	
2 24 100 3.820000	0.039985 0.008306	0.998393 0.000671	0.001558 0.006426	0.000006 0.000031	0.000000 0.000000	0.000913 0.004564	0.000778 0.003889	0.001955 0.005993	0.000000 0.000000	0.000263 0.001317	0.000072 0.000361	
2 24 100 3.830000	0.036789 0.009018	0.998636 0.000690	0.002375 0.006557	0.001033 0.003208	0.000000 0.000000	0.000621 0.001621	0.000375 0.001874	0.000000 0.000000	0.000000 0.000000	0.000000 0.000000	0.000490 0.001321	
2 24 100 3.840000	0.035603 0.009777	0.998721 0.000665	0.002014 0.003891	0.000371 0.001856	0.000519 0.002415	0.000802 0.004009	0.002885 0.009503	0.001052 0.002635	0.000265 0.001326	0.000782 0.003911	0.000834 0.004201	
2 24 100 3.850000	0.039181 0.008146	0.998457 0.000636	0.002161 0.004063	0.000519 0.002123	0.000000 0.000000	0.000592 0.002962	0.000108 0.000539	0.000204 0.001020	0.000952 0.002884	0.000000 0.000000	0.000000 0.000000	
2 24 100 3.860000	0.039537 0.007103	0.998430 0.000579	0.001700 0.004094	0.000804 0.002327	0.000226 0.001129	0.000000 0.000000	0.001511 0.003418	0.000497 0.002054	0.000000 0.000000	0.000327 0.001634	-0.000061 0.000245	
2 24 100 3.870000	0.031217 0.007843	0.999018 0.000505	0.002037 0.005454	0.000000 0.000000	0.000095 0.000473	0.000000 0.000000	0.000419 0.003559	0.001531 0.007655	0.000000 0.000000	0.000243 0.001216	0.000174 0.000870	
2 24 100 3.880000	0.037054 0.009143	0.998616 0.000702	0.003468 0.007817	0.000000 0.000000	0.000000 0.000000	0.000360 0.001782	-0.000145 0.000723	0.000358 0.001144	0.000000 0.000000	0.001008 0.002583	0.000487 0.002480	
2 24 100 3.890000	0.036991 0.009711	0.998620 0.000740	0.003472 0.007799	0.000000 0.000000	0.000000 0.000000	0.000268 0.001319	-0.000137 0.000685	0.000355 0.001144	0.000000 0.000000	0.001008 0.002583	0.000585 0.002441	
2 24 100 3.900000	0.036991 0.009711	0.998620 0.000740	0.003472 0.007799	0.000000 0.000000	0.000000 0.000000	0.000268 0.001319	-0.000137 0.000685	0.000355 0.001144	0.000000 0.000000	0.001008 0.002583	0.000585 0.002441	
2 24 100 3.910000	0.032388 0.009025	0.998941 0.000607	0.003158 0.005059	0.000000 0.000000	0.000382 0.001910	0.000835 0.002992	0.000346 0.001521	0.000000 0.000000	-0.000007 0.000034	0.000210 0.000829	0.000000 0.000000	
2 24 100 3.920000	0.036608 0.009709	0.998647 0.000737	0.002359 0.006049	0.000118 0.001264	0.000000 0.000000	0.000796 0.003252	0.000426 0.002130	0.000000 0.000000	0.000679 0.003396	0.000706 0.001888	0.000000 0.000000	
2 24 100 3.930000	0.037734 0.008312	0.998565 0.000615	0.003000 0.008112	0.000124 0.000618	0.000000 0.000000	0.000136 0.000681	0.000321 0.001313	0.000879 0.004395	0.000134 0.000671	0.000333 0.001665	0.000193 0.000964	
2 24 100 3.940000	0.034147 0.008366	0.998827 0.000572	0.000976 0.003319	0.000000 0.000000	0.000000 0.000000	0.000000 0.000000	0.000000 0.000000	0.000213 0.001065	0.000056 0.000280	0.001254 0.004063	0.000000 0.000000	
2 24 100 3.950000	0.046957 0.008464	0.997782 0.000799	0.001843 0.006704	0.000402 0.002008	0.000412 0.002060	0.001260 0.003595	0.000305 0.001527	0.000000 0.000000	0.000000 0.000000	0.000795 0.003977	0.000000 0.000000	
2 24 100 3.960000	0.038071 0.009779	0.998536 0.000741	0.002777 0.004996	-0.000038 0.000192	0.000000 0.000000	0.000325 0.001626	0.001009 0.004342	0.000568 0.002839	0.000157 0.000642	0.000000 0.000000	0.000000 0.000000	
2 24 100 3.970000	0.039467 0.008857	0.998429 0.000688	0.000703 0.001955	0.000000 0.000000	0.000000 0.000000	0.000259 0.001293	0.000471 0.002353	0.000000 0.000000	0.000035 0.000176	0.000000 0.000000	0.000000 0.000000	
2 24 100 3.980000	0.031486 0.008188	0.998999 0.000509	0.002832 0.008247	0.001118 0.002987	0.000000 0.000000	0.000944 0.001697	0.000000 0.000000	0.000538 0.002691	0.000826 0.002716	0.000990 0.003989	0.000438 0.001447	
2 24 100 3.990000	0.038885 0.009488	0.998476 0.000750	0.002724 0.006445	0.000605 0.002969	0.000000 0.000000	0.000000 0.000000	0.000876 0.004380	0.000000 0.000000	0.000000 0.000000	0.000174 0.000872	0.000861 0.004307	
2 24 100 4.000000	0.031855 0.007458	0.998977 0.000459	0.004504 0.005835	0.000000 0.000000	0.001461 0.003262	0.000000 0.000000	0.000401 0.001445	0.000241 0.000988	0.000471 0.002355	0.000745 0.003724	0.000370 0.001849	
