2 64 3 0.000000	1.000000 0.000000	0.000000 0.000000	0.000000 0.000000	0.000000 0.000000	0.000000 0.000000	0.000000 0.000000	0.000000 0.000000	0.000000 0.000000	0.000000 0.000000	0.000000 0.000000	0.000000 0.000000	
2 64 3 0.010000	0.999414 0.002196	0.001170 0.004388	0.000570 0.001464	0.000293 0.001464	0.000143 0.000714	0.000570 0.002138	0.000000 0.000000	0.000143 0.000714	0.000128 0.000638	0.000000 0.000000	0.000293 0.001464	
2 64 3 0.020000	0.999414 0.002196	0.001170 0.004388	0.000570 0.001464	0.000293 0.001464	0.000143 0.000714	0.000570 0.002138	0.000000 0.000000	0.000143 0.000714	0.000128 0.000638	0.000000 0.000000	0.000293 0.001464	
2 64 3 0.030000	0.999414 0.002196	0.001170 0.004388	0.000570 0.001464	0.000293 0.001464	0.000143 0.000714	0.000570 0.002138	0.000000 0.000000	0.000143 0.000714	0.000128 0.000638	0.000000 0.000000	0.000293 0.001464	
2 64 3 0.040000	1.000000 0.000000	0.000000 0.000000	0.000000 0.000000	0.000000 0.000000	0.000000 0.000000	0.000000 0.000000	0.000000 0.000000	0.000000 0.000000	0.000000 0.000000	0.000000 0.000000	0.000000 0.000000	
2 64 3 0.050000	1.000000 0.000000	0.000000 0.000000	0.000000 0.000000	0.000000 0.000000	0.000000 0.000000	0.000000 0.000000	0.000000 0.000000	0.000000 0.000000	0.000000 0.000000	0.000000 0.000000	0.000000 0.000000	
2 64 3 0.060000	1.000000 0.000000	0.000000 0.000000	0.000000 0.000000	0.000000 0.000000	0.000000 0.000000	0.000000 0.000000	0.000000 0.000000	0.000000 0.000000	0.000000 0.000000	0.000000 0.000000	0.000000 0.000000	
2 64 3 0.070000	1.000000 0.000000	0.000000 0.000000	0.000000 0.000000	0.000000 0.000000	0.000000 0.000000	0.000000 0.000000	0.000000 0.000000	0.000000 0.000000	0.000000 0.000000	0.000000 0.000000	0.000000 0.000000	
2 64 3 0.080000	0.999854 0.000732	0.000293 0.001464	0.000000 0.000000	0.000000 0.000000	0.000293 0.001464	0.000000 0.000000	0.000000 0.000000	0.000293 0.001464	0.000000 0.000000	0.000143 0.000714	0.000293 0.001464	
2 64 3 0.090000	0.999488 0.002562	0.001024 0.005118	0.000000 0.000000	0.000000 0.000000	0.000574 0.002868	0.000000 0.000000	0.000124 0.000618	0.000000 0.000000	0.000000 0.000000	0.000574 0.002868	0.000000 0.000000	
2 64 3 0.100000	0.999232 0.003840	0.001533 0.007666	0.000708 0.003541	0.000000 0.000000	0.000633 0.003166	0.000558 0.002791	0.000000 0.000000	0.000000 0.000000	0.000000 0.000000	0.000000 0.000000	0.000000 0.000000	
2 64 3 0.110000	1.000000 0.000000	0.000000 0.000000	0.000000 0.000000	0.000000 0.000000	0.000000 0.000000	0.000000 0.000000	0.000000 0.000000	0.000000 0.000000	0.000000 0.000000	0.000000 0.000000	0.000000 0.000000	
2 64 3 0.120000	1.000000 0.000000	0.000000 0.000000	0.000000 0.000000	0.000000 0.000000	0.000000 0.000000	0.000000 0.000000	0.000000 0.000000	0.000000 0.000000	0.000000 0.000000	0.000000 0.000000	0.000000 0.000000	
2 64 3 0.130000	1.000000 0.000000	0.000000 0.000000	0.000000 0.000000	0.000000 0.000000	0.000000 0.000000	0.000000 0.000000	0.000000 0.000000	0.000000 0.000000	0.000000 0.000000	0.000000 0.000000	0.000000 0.000000	
2 64 3 0.140000	0.999561 0.001830	0.000878 0.003658	0.000428 0.001408	0.000000 0.000000	0.000132 0.000658	0.000132 0.000658	0.000282 0.001408	0.000432 0.002158	0.000432 0.002158	0.000000 0.000000	0.000000 0.000000	
2 64 3 0.150000	0.999707 0.001464	0.000585 0.002927	0.000000 0.000000	0.000285 0.001427	0.000000 0.000000	0.000135 0.000677	0.000285 0.001427	0.000000 0.000000	0.000135 0.000677	0.000000 0.000000	0.000285 0.001427	
2 64 3 0.160000	0.999927 0.000366	0.000146 0.000732	0.000146 0.000732	0.000146 0.000732	0.000000 0.000000	0.000146 0.000732	0.000146 0.000732	0.000000 0.000000	0.000000 0.000000	0.000146 0.000732	0.000146 0.000732	
2 64 3 0.170000	0.999854 0.000732	0.000293 0.001464	0.000000 0.000000	0.000293 0.001464	0.000293 0.001464	0.000143 0.000714	0.000293 0.001464	0.000000 0.000000	0.000293 0.001464	0.000293 0.001464	0.000000 0.000000	
2 64 3 0.180000	0.999963 0.000183	0.000073 0.000366	0.000000 0.000000	0.000000 0.000000	0.000000 0.000000	0.000000 0.000000	0.000000 0.000000	0.000000 0.000000	0.000000 0.000000	0.000073 0.000366	0.000000 0.000000	
2 64 3 0.190000	0.999561 0.001830	0.000878 0.003658	0.000146 0.000732	0.000428 0.001408	0.000000 0.000000	0.000428 0.001408	0.000146 0.000732	0.000000 0.000000	0.000132 0.000658	0.000000 0.000000	0.000428 0.001408	
2 64 3 0.200000	1.000000 0.000000	0.000000 0.000000	0.000000 0.000000	0.000000 0.000000	0.000000 0.000000	0.000000 0.000000	0.000000 0.000000	0.000000 0.000000	0.000000 0.000000	0.000000 0.000000	0.000000 0.000000	
2 64 3 0.210000	1.000000 0.000000	0.000000 0.000000	0.000000 0.000000	0.000000 0.000000	0.000000 0.000000	0.000000 0.000000	0.000000 0.000000	0.000000 0.000000	0.000000 0.000000	0.000000 0.000000	0.000000 0.000000	
2 64 3 0.220000	0.999927 0.000366	0.000146 0.000732	0.000146 0.000732	0.000000 0.000000	0.000146 0.000732	0.000000 0.000000	0.000146 0.000732	0.000000 0.000000	0.000000 0.000000	0.000146 0.000732	0.000000 0.000000	
2 64 3 0.230000	0.999268 0.003662	0.001462 0.007310	0.000000 0.000000	0.000000 0.000000	0.000000 0.000000	0.000000 0.000000	0.000000 0.000000	0.000000 0.000000	0.000000 0.000000	0.000000 0.000000	0.000000 0.000000	
2 64 3 0.240000	1.000000 0.000000	0.000000 0.000000	0.000000 0.000000	0.000000 0.000000	0.000000 0.000000	0.000000 0.000000	0.000000 0.000000	0.000000 0.000000	0.000000 0.000000	0.000000 0.000000	0.000000 0.000000	
2 64 3 0.250000	0.999890 0.000549	0.000220 0.001098	0.000000 0.000000	0.000000 0.000000	0.000000 0.000000	0.000000 0.000000	0.000000 0.000000	0.000000 0.000000	0.000000 0.000000	0.000000 0.000000	0.000000 0.000000	
2 64 3 0.260000	0.999634 0.001098	0.000732 0.002196	0.000146 0.000732	0.000000 0.000000	0.000139 0.000696	0.000286 0.000732	0.000000 0.000000	0.000286 0.000732	0.000586 0.002196	0.000432 0.000732	0.000286 0.000732	
2 64 3 0.270000	1.000000 0.000000	0.000000 0.000000	0.000000 0.000000	0.000000 0.000000	0.000000 0.000000	0.000000 0.000000	0.000000 0.000000	0.000000 0.000000	0.000000 0.000000	0.000000 0.000000	0.000000 0.000000	
2 64 3 0.280000	1.000000 0.000000	0.000000 0.000000	0.000000 0.000000	0.000000 0.000000	0.000000 0.000000	0.000000 0.000000	0.000000 0.000000	0.000000 0.000000	0.000000 0.000000	0.000000 0.000000	0.000000 0.000000	
2 64 3 0.290000	0.999780 0.001098	0.000439 0.002196	0.000139 0.000696	0.000289 0.001446	0.000439 0.002196	0.000289 0.001446	0.000000 0.000000	0.000139 0.000696	0.000000 0.000000	0.000000 0.000000	0.000439 0.002196	
2 64 3 0.300000	0.999488 0.002562	0.001024 0.005118	0.000724 0.003618	0.000000 0.000000	0.000000 0.000000	0.000424 0.002118	0.000000 0.000000	0.000000 0.000000	0.000000 0.000000	0.000274 0.001368	0.000000 0.000000	
2 64 3 0.310000	0.999048 0.004027	0.001900 0.008037	0.001604 0.007287	0.000107 0.000537	0.000107 0.000537	0.000550 0.001287	0.000254 0.000732	0.000293 0.000732	0.001157 0.005787	0.000146 0.000732	0.000854 0.003537	
2 64 3 0.320000	0.999927 0.000366	0.000146 0.000732	0.000146 0.000732	0.000146 0.000732	0.000146 0.000732	0.000000 0.000000	0.000000 0.000000	0.000000 0.000000	0.000146 0.000732	0.000000 0.000000	0.000146 0.000732	
2 64 3 0.330000	0.999854 0.000732	0.000293 0.001464	0.000293 0.001464	0.000000 0.000000	0.000293 0.001464	0.000293 0.001464	0.000000 0.000000	0.000143 0.000714	0.000143 0.000714	0.000000 0.000000	0.000000 0.000000	
2 64 3 0.340000	0.999451 0.002196	0.001097 0.004386	0.000073 0.000366	0.000073 0.000366	0.000073 0.000366	0.000073 0.000366	0.000000 0.000000	0.000073 0.000366	0.000577 0.002886	0.000146 0.000732	0.000073 0.000366	
2 64 3 0.350000	1.000000 0.000000	0.000000 0.000000	0.000000 0.000000	0.000000 0.000000	0.000000 0.000000	0.000000 0.000000	0.000000 0.000000	0.000000 0.000000	0.000000 0.000000	0.000000 0.000000	0.000000 0.000000	
2 64 3 0.360000	0.999927 0.000366	0.000146 0.000732	0.000000 0.000000	0.000146 0.000732	0.000146 0.000732	0.000146 0.000732	0.000000 0.000000	0.000146 0.000732	0.000146 0.000732	-0.000004 0.000018	0.000000 0.000000	
2 64 3 0.370000	0.998682 0.002929	0.002633 0.005849	0.001024 0.005118	0.000713 0.002868	0.000563 0.001446	0.000559 0.001446	0.000863 0.003618	0.000289 0.001446	0.000574 0.002868	0.000289 0.001446	0.000000 0.000000	
2 64 3 0.380000	0.999927 0.000366	0.000146 0.000732	0.000000 0.000000	0.000000 0.000000	0.000000 0.000000	0.000000 0.000000	0.000000 0.000000	0.000146 0.000732	0.000000 0.000000	0.000000 0.000000	0.000000 0.000000	
2 64 3 0.390000	0.999927 0.000366	0.000146 0.000732	0.000146 0.000732	0.000146 0.000732	0.000000 0.000000	0.000000 0.000000	0.000146 0.000732	0.000000 0.000000	0.000146 0.000732	0.000000 0.000000	0.000000 0.000000	
2 64 3 0.400000	1.000000 0.000000	0.000000 0.000000	0.000000 0.000000	0.000000 0.000000	0.000000 0.000000	0.000000 0.000000	0.000000 0.000000	0.000000 0.000000	0.000000 0.000000	0.000000 0.000000	0.000000 0.000000	
2 64 3 0.410000	0.999707 0.000732	0.000586 0.001464	0.000146 0.000732	0.000000 0.000000	0.000000 0.000000	0.000146 0.000732	0.000293 0.000732	0.000000 0.000000	0.000146 0.000732	0.000146 0.000732	0.000143 0.000714	
2 64 3 0.420000	0.998755 0.004392	0.002485 0.008765	0.000582 0.001464	0.000293 0.001464	0.002035 0.006515	0.000432 0.001464	0.000000 0.000000	0.001146 0.005015	0.000293 0.001464	0.000242 0.000696	0.000000 0.000000	
2 64 3 0.430000	0.999487 0.001098	0.001025 0.002196	0.000146 0.000732	0.000000 0.000000	0.000000 0.000000	0.000146 0.000732	0.000000 0.000000	0.000293 0.001464	0.000000 0.000000	0.000289 0.000732	0.000286 0.000732	
2 64 3 0.440000	0.999268 0.001464	0.001464 0.002927	0.000146 0.000732	0.000732 0.002927	0.000567 0.001427	0.000585 0.002927	0.000578 0.001427	0.000578 0.001427	0.000567 0.001427	0.001014 0.002177	0.000585 0.002927	
2 64 3 0.450000	0.999609 0.000122	0.000781 0.000244	0.000200 0.000975	0.000263 0.000582	0.000038 0.000244	0.000135 0.000676	-0.000004 0.000018	0.000263 0.000732	0.000267 0.000732	-0.000079 0.000393	0.000146 0.000732	
2 64 3 0.460000	0.999524 0.001098	0.000952 0.002196	0.000146 0.000732	0.000168 0.000482	0.000146 0.000732	0.000291 0.000732	0.000366 0.001098	0.000186 0.000696	0.000146 0.000732	0.000802 0.002213	-0.000054 0.000268	
2 64 3 0.470000	0.999780 0.000549	0.000439 0.001098	0.000070 0.000348	0.000000 0.000000	0.000339 0.001098	0.000000 0.000000	0.000000 0.000000	0.000000 0.000000	0.000000 0.000000	0.000220 0.001098	0.000000 0.000000	
2 64 3 0.480000	0.999414 0.000732	0.001171 0.001464	0.000289 0.000732	0.000732 0.002196	-0.000011 0.000054	0.000428 0.000732	0.000428 0.000732	0.000289 0.001446	0.000436 0.001446	0.000289 0.001446	0.000146 0.000732	
2 64 3 0.490000	0.998865 0.001831	0.002269 0.003656	0.000577 0.001089	0.000943 0.001946	0.000364 0.001821	0.000407 0.001696	0.000590 0.002254	0.000039 0.000196	0.000427 0.001071	0.000257 0.001089	0.000143 0.000714	
2 64 3 0.500000	0.997730 0.002563	0.004535 0.005115	0.000406 0.001408	0.000721 0.002908	0.000523 0.006770	0.000413 0.001369	-0.000476 0.002381	0.001599 0.003658	0.000412 0.002061	0.000289 0.001446	0.000263 0.000696	
2 64 3 0.510000	0.998024 0.004387	0.003945 0.008747	0.000131 0.000526	0.001410 0.005434	0.000000 0.000000	0.000448 0.001577	0.000068 0.000750	0.000538 0.001383	0.000532 0.001779	0.000446 0.002229	0.000210 0.000772	
2 64 3 0.520000	0.997913 0.002745	0.004169 0.005476	0.000137 0.000687	0.001164 0.003726	0.000374 0.002741	-0.000269 0.001092	0.000258 0.001288	0.000770 0.003163	0.001231 0.002908	0.000725 0.001663	0.001086 0.001774	
2 64 3 0.530000	0.997180 0.003112	0.005630 0.006205	0.002324 0.006382	0.001613 0.003311	0.001580 0.003205	0.001332 0.003132	0.001608 0.004382	0.001058 0.003132	0.000285 0.001427	0.001198 0.003132	0.000812 0.002132	
2 64 3 0.540000	0.997180 0.002929	0.005630 0.005838	0.001486 0.003747	0.000005 0.000024	0.000894 0.002850	0.001081 0.002024	-0.000126 0.000630	0.001426 0.002620	0.000056 0.000159	0.001226 0.002350	0.001431 0.002600	
2 64 3 0.550000	0.997620 0.002014	0.004754 0.004019	0.000341 0.001706	0.000621 0.001470	0.000299 0.002298	0.000559 0.001716	0.000283 0.000793	0.001083 0.002091	0.000349 0.001745	0.000728 0.001812	0.000837 0.001706	
2 64 3 0.560000	0.996632 0.004265	0.006722 0.008497	0.002071 0.007505	0.001160 0.004805	0.000308 0.001538	0.000424 0.002120	0.000436 0.002867	0.002026 0.008405	0.000781 0.002159	0.000739 0.002534	0.002338 0.009530	
2 64 3 0.570000	0.996741 0.002195	0.006506 0.004375	-0.000090 0.002211	0.000911 0.002456	0.000666 0.003331	0.000335 0.000870	0.001058 0.003611	0.001057 0.003236	0.000590 0.001581	0.000000 0.000000	0.000240 0.000620	
2 64 3 0.580000	0.995588 0.002655	0.008804 0.005287	0.001296 0.002470	0.001922 0.004354	0.000451 0.000889	0.001310 0.004226	0.000635 0.002822	0.001846 0.005104	0.000897 0.002532	0.001080 0.003220	0.000967 0.002429	
2 64 3 0.590000	0.995547 0.002855	0.008885 0.005684	0.001028 0.004290	0.000615 0.001805	0.001164 0.002913	0.001008 0.005040	0.000641 0.002254	0.000532 0.003438	0.001556 0.003456	0.000306 0.001082	0.000542 0.002710	
2 64 3 0.600000	0.994704 0.003777	0.010562 0.007510	0.002174 0.006550	0.000650 0.003250	0.001104 0.003611	0.000461 0.001843	0.000415 0.002074	0.000352 0.000891	0.000240 0.002679	0.000746 0.002261	0.000762 0.002818	
2 64 3 0.610000	0.993946 0.003170	0.012069 0.006304	0.000651 0.004078	0.000255 0.001958	0.000517 0.001944	0.000326 0.002307	0.000000 0.000000	0.000455 0.003735	-0.000035 0.001076	0.000547 0.002733	0.001336 0.005008	
2 64 3 0.620000	0.993922 0.004024	0.012118 0.007999	0.001759 0.006019	0.000442 0.002212	0.000480 0.002066	0.001890 0.005441	0.001639 0.005032	0.001172 0.003919	0.002731 0.007132	0.001038 0.003689	-0.000068 0.000342	
2 64 3 0.630000	0.993116 0.003113	0.013720 0.006185	0.000255 0.001274	0.000698 0.003488	0.000248 0.001238	0.000964 0.004821	0.000627 0.002274	0.002701 0.005946	0.002931 0.005363	0.001452 0.004613	0.000173 0.000863	
2 64 3 0.640000	0.991163 0.002197	0.017596 0.004353	0.001060 0.003009	0.001813 0.005793	0.000829 0.004143	0.001131 0.003390	0.001171 0.003259	0.002337 0.005315	0.002522 0.006515	0.002278 0.005259	0.001778 0.002765	
2 64 3 0.650000	0.990151 0.002834	0.019601 0.005615	0.001451 0.003750	0.001018 0.004438	0.000216 0.001080	0.000931 0.002970	0.000845 0.003356	0.000123 0.000616	0.000740 0.002327	0.000251 0.001256	0.000000 0.000000	
2 64 3 0.660000	0.990663 0.003934	0.018585 0.007791	0.000768 0.003479	0.000871 0.004356	0.000594 0.001574	0.000439 0.001169	0.000550 0.002752	0.000409 0.002044	0.001527 0.005860	0.000673 0.002141	0.000416 0.002080	
2 64 3 0.670000	0.988648 0.002807	0.022574 0.005549	0.002774 0.005201	-0.000056 0.003768	0.001524 0.006857	0.001044 0.003143	0.001039 0.002268	0.000266 0.001331	0.000999 0.004901	0.001130 0.005651	0.001659 0.006226	
2 64 3 0.680000	0.987477 0.004578	0.024888 0.009043	0.002779 0.007898	0.000000 0.000000	0.000524 0.002620	0.000449 0.002245	0.002806 0.006523	0.003023 0.006304	0.000000 0.000000	0.003706 0.007804	0.002031 0.006023	
2 64 3 0.690000	0.986379 0.005008	0.027055 0.009877	0.004450 0.007070	0.001470 0.003946	0.000000 0.000000	0.001444 0.003454	0.001166 0.005010	0.001458 0.005696	0.001355 0.004246	0.001683 0.005760	0.002889 0.008710	
2 64 3 0.700000	0.985456 0.003878	0.028875 0.007648	0.002721 0.007898	0.000079 0.000397	0.002015 0.005572	0.000027 0.000133	0.000744 0.001897	0.000696 0.005729	0.001313 0.004822	0.002861 0.006448	0.000669 0.002006	
2 64 3 0.710000	0.984225 0.002343	0.031300 0.004612	0.002648 0.006248	0.000411 0.002684	0.000380 0.001898	0.000490 0.002451	0.001835 0.004382	0.001624 0.004614	0.000271 0.001353	0.001142 0.002534	0.000000 0.000000	
2 64 3 0.720000	0.982950 0.004431	0.033806 0.008703	0.003897 0.006434	0.000749 0.003747	0.000822 0.001797	0.003375 0.006534	0.001154 0.005770	0.000757 0.003787	0.000963 0.004816	0.000000 0.000000	0.000659 0.003294	
2 64 3 0.730000	0.981887 0.005068	0.035895 0.009955	0.002070 0.003296	0.000116 0.000582	0.002090 0.006344	0.000837 0.003813	0.000000 0.000000	0.001364 0.002594	0.002207 0.007481	0.001811 0.004182	0.001214 0.005135	
2 64 3 0.740000	0.979811 0.003601	0.039969 0.007056	0.003887 0.003282	0.001921 0.006639	0.002963 0.005447	0.000688 0.004540	0.000512 0.002559	0.000730 0.002214	0.001521 0.006280	0.002463 0.007864	0.001856 0.004793	
2 64 3 0.750000	0.977737 0.002929	0.044029 0.005727	0.003249 0.006974	0.001795 0.009986	0.001088 0.003520	0.000755 0.005886	0.001564 0.003974	0.000531 0.002654	0.000938 0.004543	0.000741 0.003706	0.000735 0.001563	
2 64 3 0.760000	0.975189 0.004024	0.049004 0.007845	0.004417 0.005745	0.001077 0.002709	0.000354 0.001771	0.000234 0.001171	0.000000 0.000000	0.000588 0.002238	0.000000 0.000000	0.000628 0.003138	0.001687 0.004143	
2 64 3 0.770000	0.973700 0.003663	0.051907 0.007137	0.007124 0.006608	0.001715 0.003371	0.001508 0.005047	0.002528 0.004776	0.001216 0.006080	0.000577 0.002885	0.002101 0.007124	0.001575 0.007875	0.001298 0.004938	
2 64 3 0.780000	0.971619 0.005094	0.055953 0.009893	0.003961 0.006258	0.002426 0.005788	0.000000 0.000000	0.000583 0.001803	0.002509 0.007131	0.000817 0.004087	0.001904 0.004002	0.001047 0.005234	0.001743 0.006463	
2 64 3 0.790000	0.968761 0.002861	0.061501 0.005544	0.007071 0.005694	0.002738 0.008421	0.001999 0.005909	0.000375 0.001596	0.000342 0.001710	0.002764 0.009218	0.001783 0.005932	0.001371 0.005548	0.002677 0.009858	
2 64 3 0.800000	0.964205 0.004397	0.070306 0.008475	0.010180 0.007586	0.000000 0.000000	0.001410 0.003674	0.000790 0.003951	0.000000 0.000000	0.000000 0.000000	0.000545 0.002725	0.000388 0.001235	0.001033 0.002765	
2 64 3 0.810000	0.961859 0.004976	0.074823 0.009572	0.013743 0.007583	0.001517 0.007587	0.000926 0.003277	0.000901 0.004503	0.000587 0.002936	0.001758 0.007586	0.000497 0.002486	0.002328 0.009265	0.000590 0.001775	
2 64 3 0.820000	0.958397 0.003587	0.081474 0.006877	0.012686 0.009902	0.002637 0.006867	0.002665 0.005666	0.000000 0.000000	0.000422 0.002109	0.002209 0.005745	0.000195 0.000974	0.000258 0.001289	0.001523 0.005474	
2 64 3 0.830000	0.953665 0.005179	0.090520 0.009884	0.013152 0.006063	0.003445 0.008919	0.001910 0.005398	0.000329 0.001102	0.000009 0.000043	0.000764 0.003246	0.000964 0.002895	0.002072 0.006219	0.004625 0.007783	
2 64 3 0.840000	0.950672 0.001585	0.096223 0.003015	0.015373 0.008707	0.007027 0.009428	0.000803 0.002180	0.001283 0.005444	0.001794 0.003514	0.004248 0.008401	0.000555 0.001464	0.003508 0.009618	0.000516 0.001470	
2 64 3 0.850000	0.945327 0.005087	0.106354 0.009624	0.020674 0.006861	0.005012 0.007286	0.000807 0.001496	0.001513 0.006131	0.001259 0.002525	0.002488 0.006502	0.002490 0.006045	0.000578 0.002891	0.001419 0.005867	
2 64 3 0.860000	0.941669 0.004412	0.113257 0.008307	0.022728 0.009120	0.004348 0.007019	0.001936 0.005431	0.000424 0.002121	0.000337 0.001683	0.001210 0.004988	0.001576 0.003206	0.001880 0.007313	0.000000 0.000000	
2 64 3 0.870000	0.936511 0.003624	0.122945 0.006786	0.022524 0.003743	0.002398 0.005737	0.001289 0.003322	0.000794 0.003748	0.002074 0.008784	0.000385 0.001925	0.001503 0.005688	0.000575 0.001611	0.000566 0.002106	
2 64 3 0.880000	0.927617 0.004656	0.139524 0.008634	0.026807 0.007622	0.007425 0.005000	0.002343 0.009206	0.000977 0.004253	0.002165 0.006009	0.001630 0.006065	0.000444 0.002221	0.000986 0.004886	0.001518 0.003947	
2 64 3 0.890000	0.923809 0.003245	0.146575 0.005992	0.029398 0.009108	0.007445 0.003994	0.001010 0.002735	0.000574 0.001738	0.000500 0.001810	0.001070 0.002852	0.001018 0.002054	0.002311 0.006496	0.001125 0.005626	
2 64 3 0.900000	0.914385 0.004611	0.163898 0.008439	0.036715 0.008605	0.010913 0.006935	0.002389 0.005945	0.000971 0.002977	0.000000 0.000000	0.000798 0.002977	0.001609 0.004991	0.001869 0.005246	0.003323 0.006286	
2 64 3 0.910000	0.906784 0.005179	0.177737 0.009397	0.039907 0.006897	0.015107 0.002426	0.002722 0.007880	0.004890 0.009380	0.001999 0.005709	0.000628 0.008187	-0.000084 0.000421	0.000338 0.001691	0.000000 0.000000	
2 64 3 0.920000	0.897024 0.005022	0.195344 0.009007	0.049896 0.006626	0.013544 0.008445	0.004427 0.003193	0.001736 0.005744	0.001663 0.003348	0.001176 0.005878	0.001235 0.003491	0.000222 0.001110	0.001485 0.005370	
2 64 3 0.930000	0.883647 0.004072	0.219165 0.007192	0.059137 0.009756	0.022809 0.004125	0.010850 0.005294	0.003786 0.008380	0.001788 0.004741	0.000000 0.000000	0.000220 0.001100	0.002791 0.008733	0.002204 0.007255	
2 64 3 0.940000	0.873935 0.005445	0.236233 0.009508	0.064324 0.008442	0.023526 0.005805	0.010613 0.004600	0.006367 0.006940	0.001859 0.004398	0.003030 0.008609	0.001545 0.002763	0.001945 0.004866	0.001734 0.006439	
2 64 3 0.950000	0.853915 0.005851	0.270823 0.009993	0.084058 0.003400	0.034193 0.005841	0.017385 0.005660	0.008906 0.003447	0.005371 0.006555	0.001955 0.004350	0.001446 0.003336	0.000784 0.003046	0.002750 0.008034	
2 64 3 0.960000	0.833419 0.005963	0.305409 0.009931	0.101606 0.007724	0.044818 0.008087	0.024422 0.002290	0.013676 0.003479	0.007768 0.003698	0.006091 0.002490	0.003992 0.005631	0.002378 0.005186	0.002358 0.007152	
2 64 3 0.970000	0.805593 0.005795	0.351015 0.009341	0.126306 0.007314	0.061677 0.005107	0.035293 0.005828	0.023130 0.004265	0.014440 0.005621	0.012553 0.004127	0.007753 0.006471	0.005293 0.009883	0.004365 0.009390	
2 64 3 0.980000	0.765291 0.006509	0.414323 0.009956	0.165628 0.007889	0.087430 0.008236	0.054056 0.005501	0.036521 0.007671	0.025337 0.006103	0.018845 0.005149	0.014448 0.006111	0.009618 0.006220	0.007574 0.008180	
2 64 3 0.990000	0.695588 0.007099	0.516150 0.009885	0.237306 0.008074	0.143127 0.007368	0.099322 0.007167	0.074113 0.005677	0.057585 0.004789	0.046404 0.004241	0.037712 0.003464	0.031131 0.004013	0.026321 0.002943	
2 64 3 1.000000	0.558280 0.008941	0.688311 0.009970	0.368528 0.008054	0.249688 0.007822	0.191045 0.008242	0.153610 0.008680	0.127903 0.006640	0.108180 0.007126	0.092172 0.004639	0.079857 0.006483	0.069915 0.004889	
2 64 3 1.010000	0.356482 0.009777	0.872909 0.006994	0.505346 0.003063	0.361384 0.002364	0.283734 0.003817	0.233593 0.002109	0.196840 0.003703	0.168088 0.000914	0.144795 0.002014	0.125435 0.001740	0.109944 0.001102	
2 64 3 1.020000	0.224818 0.005626	0.949453 0.002536	0.546577 0.007251	0.383561 0.009498	0.295101 0.008800	0.236592 0.008855	0.196016 0.009972	0.162066 0.004294	0.137742 0.007513	0.116657 0.007609	0.098768 0.004133	
2 64 3 1.030000	0.174975 0.008647	0.969374 0.003021	0.548206 0.004523	0.375411 0.003303	0.283326 0.005217	0.222645 0.005791	0.179185 0.009863	0.147453 0.003418	0.119255 0.007817	0.098754 0.005634	0.080757 0.004703	
2 64 3 1.040000	0.133820 0.009521	0.982082 0.002528	0.536850 0.006698	0.356260 0.008171	0.258531 0.008321	0.195480 0.005661	0.152064 0.004951	0.120921 0.005443	0.095935 0.006314	0.076974 0.003037	0.062091 0.006386	
2 64 3 1.050000	0.118005 0.008212	0.986065 0.001930	0.531938 0.008630	0.344795 0.008007	0.245884 0.009965	0.184263 0.005071	0.141501 0.009652	0.109940 0.006569	0.085377 0.009403	0.068712 0.009746	0.054239 0.009017	
2 64 3 1.060000	0.102499 0.004754	0.989491 0.000973	0.515358 0.009648	0.323400 0.009775	0.222707 0.007379	0.161157 0.007878	0.119664 0.009797	0.090351 0.004532	0.068450 0.007146	0.052449 0.004989	0.038657 0.006031	
2 64 3 1.070000	0.092285 0.004446	0.991481 0.000815	0.504462 0.009565	0.309750 0.005589	0.207308 0.009407	0.148660 0.008881	0.107137 0.006468	0.077417 0.006858	0.056430 0.001646	0.041029 0.006449	0.029957 0.003344	
2 64 3 1.080000	0.084426 0.005026	0.992868 0.000849	0.492371 0.008308	0.294106 0.005695	0.192619 0.004195	0.131261 0.009958	0.092994 0.009767	0.066002 0.006682	0.045441 0.005898	0.032649 0.004488	0.023765 0.004387	
2 64 3 1.090000	0.076527 0.009731	0.994133 0.001485	0.483496 0.006588	0.281215 0.009690	0.179058 0.007545	0.118979 0.006335	0.081956 0.008621	0.056514 0.005101	0.040661 0.004468	0.029277 0.003704	0.019964 0.004454	
2 64 3 1.100000	0.071561 0.006876	0.994873 0.000983	0.472014 0.008584	0.268740 0.009632	0.164309 0.002758	0.110940 0.003606	0.073396 0.006876	0.049715 0.005832	0.034430 0.004653	0.021814 0.002984	0.015834 0.007715	
2 64 3 1.110000	0.066230 0.008757	0.995604 0.001145	0.463815 0.006373	0.257486 0.008106	0.157092 0.005264	0.102284 0.008154	0.066719 0.008908	0.044929 0.005359	0.029729 0.005795	0.018483 0.005528	0.013540 0.009896	
2 64 3 1.120000	0.064857 0.006277	0.995789 0.000810	0.458411 0.007983	0.251471 0.009765	0.151048 0.008368	0.095607 0.008448	0.062406 0.007803	0.040393 0.007665	0.027292 0.007244	0.018448 0.005372	0.010545 0.005850	
2 64 3 1.130000	0.058041 0.006018	0.996627 0.000691	0.447809 0.008820	0.237909 0.009693	0.138215 0.007003	0.084702 0.005126	0.053211 0.003385	0.034516 0.005611	0.022024 0.005267	0.013017 0.008881	0.009858 0.001533	
2 64 3 1.140000	0.056808 0.003340	0.996772 0.000378	0.439588 0.005570	0.230731 0.009046	0.132532 0.009922	0.079759 0.006855	0.048362 0.006913	0.029842 0.008059	0.019590 0.006021	0.010882 0.008319	0.006348 0.007235	
2 64 3 1.150000	0.055298 0.006516	0.996937 0.000730	0.431867 0.009493	0.219424 0.009759	0.123494 0.003928	0.071672 0.003032	0.042984 0.002567	0.026732 0.003037	0.015640 0.005792	0.009571 0.005576	0.006077 0.004913	
2 64 3 1.160000	0.053860 0.009233	0.997089 0.001010	0.424179 0.006898	0.212250 0.004893	0.116934 0.006212	0.066820 0.004199	0.040054 0.006857	0.024207 0.005978	0.012839 0.005575	0.007975 0.006301	0.004328 0.002461	
2 64 3 1.170000	0.051203 0.005571	0.997374 0.000576	0.415213 0.006252	0.204706 0.007752	0.108950 0.009367	0.063638 0.006667	0.032673 0.001762	0.018247 0.006533	0.010108 0.009550	0.005840 0.006762	0.002636 0.005266	
2 64 3 1.180000	0.047074 0.006571	0.997778 0.000607	0.409620 0.009433	0.198592 0.009115	0.106963 0.004327	0.059019 0.005671	0.032072 0.006378	0.018434 0.005560	0.009567 0.003498	0.005359 0.004795	0.001893 0.005362	
2 64 3 1.190000	0.049807 0.002101	0.997519 0.000208	0.407618 0.005678	0.192100 0.002731	0.099182 0.006285	0.052158 0.009412	0.029516 0.006945	0.016743 0.007298	0.010183 0.003787	0.003914 0.006179	0.000317 0.001585	
2 64 3 1.200000	0.044661 0.008442	0.997996 0.000758	0.401323 0.009403	0.184924 0.009751	0.096245 0.006477	0.051510 0.007137	0.025704 0.007687	0.016404 0.003850	0.005629 0.008652	0.005151 0.008560	0.001897 0.005417	
2 64 3 1.210000	0.046745 0.003869	0.997812 0.000367	0.390605 0.008741	0.177926 0.009111	0.089216 0.005018	0.046834 0.009406	0.024187 0.005952	0.012995 0.002433	0.005896 0.005315	0.002016 0.003933	0.000000 0.000000	
2 64 3 1.220000	0.043980 0.009952	0.998051 0.000874	0.384895 0.009932	0.173260 0.004324	0.084877 0.006184	0.043612 0.008304	0.022310 0.006210	0.012443 0.007856	0.005852 0.006407	0.002245 0.006415	0.000537 0.001119	
2 64 3 1.230000	0.042514 0.005809	0.998186 0.000488	0.379711 0.005804	0.169198 0.007632	0.079728 0.004554	0.043331 0.008888	0.020150 0.008095	0.009862 0.005767	0.005670 0.009981	0.001887 0.003688	0.000430 0.002151	
2 64 3 1.240000	0.043733 0.006353	0.998081 0.000567	0.375241 0.008696	0.163752 0.006078	0.076938 0.008924	0.039681 0.005145	0.020426 0.008594	0.008448 0.008941	0.004416 0.008025	0.000750 0.001819	0.001544 0.007720	
2 64 3 1.250000	0.039184 0.004282	0.998462 0.000331	0.370960 0.009941	0.158937 0.004297	0.073420 0.008941	0.035650 0.007990	0.017978 0.005714	0.008750 0.009288	0.005669 0.006563	0.002055 0.004268	0.000000 0.000000	
2 64 3 1.260000	0.038615 0.002262	0.998508 0.000174	0.365467 0.009698	0.153888 0.006746	0.069526 0.009595	0.032463 0.003638	0.016290 0.009363	0.009047 0.006024	0.004743 0.006607	0.000951 0.002448	0.000141 0.000706	
2 64 3 1.270000	0.039463 0.004910	0.998439 0.000393	0.360426 0.009539	0.151008 0.009379	0.070703 0.008305	0.033683 0.004237	0.015275 0.003385	0.008313 0.009920	0.002397 0.004790	0.000765 0.002369	0.000296 0.000949	
2 64 3 1.280000	0.037386 0.007822	0.998596 0.000582	0.356925 0.009233	0.147752 0.009561	0.066031 0.007980	0.030887 0.009703	0.013821 0.007583	0.006796 0.006622	0.003716 0.006442	0.001615 0.004377	0.000202 0.001010	
2 64 3 1.290000	0.038637 0.009689	0.998496 0.000770	0.351959 0.008120	0.141230 0.009881	0.062842 0.005594	0.027708 0.006544	0.013101 0.009685	0.005273 0.008370	0.003283 0.003858	0.000663 0.001762	0.000257 0.001286	
2 64 3 1.300000	0.037751 0.003090	0.998573 0.000235	0.347646 0.009465	0.136493 0.007474	0.057273 0.006863	0.027404 0.005743	0.014864 0.009050	0.006218 0.005770	0.002606 0.003410	0.000136 0.000681	0.000899 0.002645	
2 64 3 1.310000	0.032791 0.008942	0.998915 0.000561	0.344162 0.008053	0.130335 0.007149	0.053329 0.002582	0.024299 0.007498	0.010536 0.007996	0.003191 0.006448	0.002424 0.007657	0.000220 0.001101	0.001717 0.008585	
2 64 3 1.320000	0.034979 0.006665	0.998768 0.000464	0.336668 0.009987	0.132259 0.003210	0.057973 0.008596	0.023773 0.004156	0.011450 0.007847	0.005534 0.008655	0.000369 0.001844	0.000000 0.000000	0.000159 0.000795	
2 64 3 1.330000	0.035235 0.009269	0.998747 0.000655	0.334896 0.006465	0.127990 0.005672	0.053143 0.006502	0.022982 0.009991	0.010241 0.004818	0.003932 0.008273	0.002774 0.008022	0.001069 0.003906	0.001203 0.004778	
2 64 3 1.340000	0.035872 0.006009	0.998709 0.000427	0.331143 0.009035	0.124221 0.007408	0.051970 0.006167	0.020286 0.009531	0.008853 0.006082	0.004075 0.001803	0.002583 0.006346	0.001434 0.003884	0.000002 0.000010	
2 64 3 1.350000	0.032512 0.003920	0.998941 0.000259	0.326501 0.009018	0.123553 0.006072	0.049749 0.007913	0.017999 0.007184	0.008757 0.006084	0.003589 0.004601	0.000000 0.000000	0.001841 0.003642	0.001472 0.004138	
2 64 3 1.360000	0.031464 0.007033	0.999003 0.000435	0.324608 0.006369	0.117248 0.003592	0.046171 0.003922	0.018662 0.006125	0.007768 0.009390	0.002713 0.005198	0.000000 0.000000	0.000451 0.002000	0.002039 0.003661	
2 64 3 1.370000	0.034559 0.004796	0.998803 0.000339	0.323932 0.008295	0.115739 0.006775	0.045145 0.009015	0.020203 0.006792	0.004856 0.007519	0.001656 0.004777	0.000742 0.001672	0.000997 0.004812	0.000250 0.001248	
2 64 3 1.380000	0.034223 0.009964	0.998816 0.000716	0.314269 0.006269	0.111646 0.008100	0.044313 0.007069	0.017607 0.009653	0.007887 0.008078	0.002459 0.005172	0.001906 0.006628	0.000360 0.001802	0.000941 0.004051	
2 64 3 1.390000	0.033152 0.005144	0.998897 0.000345	0.310434 0.009977	0.111530 0.007358	0.041480 0.008468	0.016817 0.004951	0.005231 0.002795	0.001928 0.003622	0.000624 0.003121	0.000840 0.004201	0.001779 0.006033	
2 64 3 1.400000	0.030118 0.009384	0.999082 0.000546	0.306934 0.004832	0.102868 0.005921	0.041599 0.008565	0.015447 0.009366	0.006807 0.008860	0.002928 0.008440	0.000940 0.006377	0.003215 0.006264	0.000000 0.000000	
2 64 3 1.410000	0.033317 0.009397	0.998876 0.000607	0.304237 0.007648	0.104491 0.006810	0.039722 0.005225	0.016275 0.009469	0.005185 0.008727	0.005570 0.008959	0.000730 0.002856	0.000212 0.001062	0.000000 0.000000	
2 64 3 1.420000	0.030959 0.006902	0.999036 0.000441	0.302814 0.008526	0.100532 0.005624	0.038690 0.009259	0.015342 0.004085	0.005820 0.001460	0.002414 0.004466	0.001687 0.003980	0.000635 0.001970	0.001208 0.002759	
2 64 3 1.430000	0.031757 0.008638	0.998981 0.000556	0.299676 0.007662	0.100947 0.005176	0.035945 0.007642	0.012115 0.009714	0.002431 0.003170	0.003537 0.008495	0.002154 0.004975	0.000304 0.001520	0.001395 0.004046	
2 64 3 1.440000	0.030191 0.007334	0.999082 0.000456	0.296290 0.007250	0.097144 0.008231	0.035194 0.009039	0.012486 0.008981	0.003519 0.009421	0.001326 0.006630	0.000000 0.000000	0.002460 0.004532	0.000979 0.004639	
2 64 3 1.450000	0.030494 0.002054	0.999070 0.000125	0.295709 0.007987	0.095406 0.009650	0.034264 0.006902	0.012101 0.009162	0.001948 0.002773	0.001649 0.005487	0.001264 0.004018	0.000400 0.001998	0.001195 0.004992	
2 64 3 1.460000	0.027781 0.005788	0.999224 0.000328	0.291451 0.009980	0.093440 0.004996	0.032387 0.008435	0.010759 0.006338	0.002355 0.004723	0.000626 0.001960	0.000106 0.000532	0.002300 0.005072	0.000264 0.001322	
2 64 3 1.470000	0.030181 0.005299	0.999086 0.000309	0.283930 0.007294	0.092826 0.008132	0.031973 0.009271	0.011539 0.004461	0.005594 0.004864	0.002776 0.009398	0.002219 0.003073	0.000000 0.000000	0.000231 0.001155	
2 64 3 1.480000	0.029198 0.005139	0.999143 0.000296	0.285342 0.009196	0.090297 0.005537	0.031213 0.003004	0.013084 0.006896	0.004841 0.009580	0.000647 0.003235	0.000412 0.002100	0.000584 0.002922	0.000000 0.000000	
2 64 3 1.490000	0.028124 0.004557	0.999206 0.000264	0.284084 0.009906	0.088474 0.008340	0.030534 0.005076	0.011417 0.009271	0.002925 0.006497	0.000861 0.002939	0.001581 0.005147	0.000689 0.002747	0.002407 0.004547	
2 64 3 1.500000	0.028949 0.003624	0.999160 0.000212	0.277652 0.005199	0.085008 0.009834	0.028665 0.003748	0.008966 0.005385	0.001808 0.006446	0.000222 0.001110	0.000389 0.001944	0.000628 0.002332	0.001575 0.003677	
2 64 3 1.510000	0.028716 0.008935	0.999165 0.000513	0.278284 0.008444	0.082088 0.006569	0.029129 0.009220	0.008606 0.006033	0.004241 0.009361	0.001296 0.001940	0.000309 0.001546	0.000384 0.001341	0.001372 0.004023	
2 64 3 1.520000	0.028950 0.003306	0.999160 0.000190	0.276126 0.009742	0.082437 0.005771	0.027053 0.003906	0.008684 0.008982	0.003595 0.008768	0.001839 0.004495	0.000523 0.001187	0.000572 0.002862	0.001058 0.006111	
2 64 3 1.530000	0.026995 0.009616	0.999259 0.000538	0.268159 0.009725	0.082646 0.004881	0.028016 0.009406	0.007324 0.006997	0.003749 0.006741	0.000790 0.003951	0.000373 0.004373	0.002681 0.008835	0.001670 0.004580	
2 64 3 1.540000	0.028919 0.000997	0.999164 0.000058	0.268871 0.009673	0.083808 0.009725	0.025838 0.007758	0.008789 0.006363	0.002161 0.003871	0.001016 0.004221	0.000256 0.001009	0.000320 0.000897	0.000000 0.000000	
2 64 3 1.550000	0.028305 0.004668	0.999196 0.000262	0.265640 0.009015	0.080446 0.008283	0.021050 0.009582	0.005698 0.007171	0.003431 0.004315	0.001121 0.005604	0.000368 0.001838	0.000965 0.004727	0.000577 0.002884	
2 64 3 1.560000	0.025422 0.002565	0.999353 0.000131	0.263829 0.008422	0.077783 0.004296	0.023179 0.008650	0.006291 0.009342	0.002535 0.004195	0.001719 0.005817	0.001290 0.005702	0.000291 0.001453	0.000476 0.002382	
2 64 3 1.570000	0.028363 0.004517	0.999193 0.000262	0.260842 0.006038	0.071209 0.005947	0.020256 0.008684	0.007197 0.008868	0.002831 0.006219	0.000294 0.001468	0.000359 0.001797	0.000356 0.001782	0.000040 0.000199	
2 64 3 1.580000	0.026429 0.009195	0.999293 0.000483	0.257762 0.006669	0.075604 0.009005	0.018652 0.009939	0.006588 0.009910	0.004195 0.009771	0.000194 0.001877	0.000325 0.001035	0.001079 0.004761	0.001323 0.004970	
2 64 3 1.590000	0.025221 0.006003	0.999360 0.000300	0.257873 0.007579	0.072080 0.009858	0.022531 0.008077	0.005742 0.008375	0.006801 0.008885	0.003334 0.007452	0.001328 0.003788	0.000139 0.000972	0.001386 0.006113	
2 64 3 1.600000	0.026804 0.007099	0.999276 0.000391	0.257081 0.009899	0.073616 0.005421	0.022578 0.003089	0.006275 0.009135	0.000701 0.002142	0.001587 0.003347	0.002211 0.007049	0.000192 0.000544	0.000407 0.002037	
2 64 3 1.610000	0.026359 0.007616	0.999297 0.000409	0.247659 0.008231	0.070722 0.009308	0.022278 0.006058	0.006697 0.007457	0.001892 0.006225	0.001959 0.006091	0.001483 0.005886	0.001406 0.003413	0.000919 0.002444	
2 64 3 1.620000	0.024613 0.005142	0.999390 0.000256	0.249793 0.006407	0.069056 0.009114	0.018400 0.005560	0.004631 0.008367	0.003233 0.008953	0.001338 0.003742	0.002630 0.009973	0.001747 0.004025	0.001481 0.005452	
2 64 3 1.630000	0.027324 0.005307	0.999250 0.000285	0.250297 0.008124	0.067357 0.009993	0.018433 0.004153	0.004560 0.007474	0.001969 0.003463	0.001652 0.003099	0.000333 0.001664	0.000327 0.001998	0.000056 0.000278	
2 64 3 1.640000	0.025660 0.009890	0.999326 0.000539	0.242934 0.008503	0.064630 0.003604	0.015989 0.006049	0.005188 0.008997	0.005260 0.006332	0.001556 0.006353	0.000043 0.000217	0.001877 0.009384	0.000762 0.003809	
2 64 3 1.650000	0.026438 0.007978	0.999293 0.000425	0.249867 0.002990	0.064163 0.007586	0.020047 0.008748	0.004216 0.009638	0.001066 0.005331	0.000649 0.003470	0.001285 0.003757	0.001275 0.006375	0.001379 0.005260	
2 64 3 1.660000	0.025650 0.004798	0.999339 0.000244	0.246143 0.009178	0.065555 0.005280	0.018361 0.002192	0.005053 0.009595	0.000933 0.002502	0.000685 0.002146	0.001715 0.005050	0.001440 0.005241	0.000340 0.001303	
2 64 3 1.670000	0.025345 0.006423	0.999352 0.000313	0.240802 0.007677	0.063592 0.008891	0.015765 0.008938	0.003754 0.009796	0.001480 0.004157	0.000411 0.002053	0.001335 0.006022	0.001233 0.004172	0.001136 0.005681	
2 64 3 1.680000	0.023219 0.005542	0.999458 0.000258	0.242413 0.008196	0.064358 0.003069	0.015649 0.009778	0.003781 0.009605	0.002400 0.006515	0.001739 0.008694	0.001362 0.006809	0.001786 0.003807	0.000969 0.004844	
2 64 3 1.690000	0.023806 0.006080	0.999428 0.000273	0.237737 0.009604	0.063352 0.009361	0.015154 0.003982	0.002362 0.008724	0.003193 0.009924	0.000000 0.000000	0.001405 0.004759	0.001132 0.005662	0.001103 0.003600	
2 64 3 1.700000	0.025216 0.002070	0.999364 0.000106	0.237262 0.007388	0.060445 0.009157	0.016472 0.009220	0.004573 0.006542	0.002520 0.004571	0.000000 0.000000	0.002141 0.006961	0.000000 0.000000	0.001740 0.002470	
2 64 3 1.710000	0.025758 0.003294	0.999335 0.000169	0.233820 0.009197	0.056633 0.004951	0.015935 0.009519	0.002853 0.007059	0.002542 0.005734	0.001122 0.003500	0.000000 0.000000	0.000402 0.002008	0.000000 0.000000	
2 64 3 1.720000	0.024054 0.006222	0.999416 0.000296	0.231859 0.006036	0.058481 0.009292	0.015873 0.003765	0.005466 0.008142	0.000583 0.002530	0.000282 0.000905	0.000913 0.002463	0.002126 0.008249	0.002003 0.006465	
2 64 3 1.730000	0.025785 0.006801	0.999329 0.000333	0.230138 0.009406	0.058623 0.006981	0.012300 0.008866	0.006165 0.004799	0.003138 0.006801	0.001304 0.006518	0.003213 0.007598	0.000817 0.002490	0.002074 0.005575	
2 64 3 1.740000	0.023958 0.003693	0.999423 0.000176	0.226563 0.005242	0.056205 0.008837	0.013155 0.009970	0.005949 0.007743	0.001064 0.003607	0.001117 0.003648	0.000000 0.000000	0.000224 0.001119	-0.000004 0.000019	
2 64 3 1.750000	0.027603 0.007231	0.999231 0.000392	0.226593 0.009644	0.053468 0.009252	0.016118 0.008769	0.003748 0.009083	0.000000 0.000000	0.000540 0.002701	0.002523 0.006846	0.002138 0.006001	0.002824 0.009723	
2 64 3 1.760000	0.022826 0.007601	0.999473 0.000350	0.226976 0.004923	0.053878 0.008255	0.014405 0.007438	0.004687 0.008096	0.001419 0.004679	0.001208 0.004314	0.002113 0.007819	0.000992 0.003973	0.001677 0.007398	
2 64 3 1.770000	0.023283 0.001163	0.999458 0.000054	0.223469 0.008433	0.051332 0.005210	0.011870 0.009990	0.003964 0.007387	0.000510 0.002072	0.001053 0.002286	0.001756 0.003693	0.000143 0.000716	0.000437 0.002185	
2 64 3 1.780000	0.023258 0.004379	0.999455 0.000201	0.222170 0.006528	0.053810 0.009824	0.012720 0.008099	0.003272 0.006924	0.001085 0.003537	0.000698 0.003489	0.002355 0.005362	0.002448 0.006575	0.002897 0.005265	
2 64 3 1.790000	0.024045 0.003410	0.999420 0.000167	0.219466 0.006869	0.052770 0.009236	0.013149 0.005739	0.006994 0.006261	0.002684 0.007096	0.000185 0.001097	0.000000 0.000000	0.000791 0.002965	0.001935 0.004417	
2 64 3 1.800000	0.023137 0.002454	0.999464 0.000113	0.222044 0.009139	0.052524 0.007141	0.012164 0.006422	0.002390 0.002738	0.002492 0.004619	0.001113 0.005563	0.002647 0.003968	0.002284 0.005738	0.001964 0.003914	
2 64 3 1.810000	0.024070 0.005186	0.999417 0.000247	0.215310 0.009726	0.050298 0.007139	0.012094 0.004732	0.001328 0.002696	0.001463 0.005511	0.003526 0.006662	0.001899 0.004488	0.001824 0.005322	0.001386 0.004978	
2 64 3 1.820000	0.023714 0.004252	0.999436 0.000206	0.214890 0.009081	0.049722 0.006236	0.008690 0.009710	0.001955 0.005432	0.001480 0.006705	0.002639 0.005178	0.001411 0.007054	0.000902 0.002260	0.001033 0.003036	
2 64 3 1.830000	0.022096 0.006509	0.999505 0.000291	0.213710 0.009165	0.048260 0.006145	0.009743 0.009938	0.003351 0.004754	0.002220 0.004628	0.000000 0.000000	0.000000 0.000000	0.000797 0.003985	0.000381 0.001906	
2 64 3 1.840000	0.023928 0.006245	0.999421 0.000298	0.212110 0.008958	0.050560 0.009942	0.010310 0.009975	0.001653 0.004394	0.001778 0.006469	0.001465 0.003263	0.000396 0.001981	0.000311 0.001553	0.000569 0.003143	
2 64 3 1.850000	0.023180 0.004045	0.999461 0.000184	0.208581 0.008936	0.047767 0.005915	0.008642 0.009369	0.002282 0.007453	0.002619 0.003462	0.001891 0.006094	0.001051 0.004094	0.001543 0.003893	0.000748 0.003741	
2 64 3 1.860000	0.023598 0.004986	0.999440 0.000229	0.207253 0.008832	0.043266 0.009917	0.011374 0.005523	0.005157 0.008667	0.000310 0.001550	0.001480 0.005108	0.002445 0.007533	0.001878 0.006883	0.001821 0.005866	
2 64 3 1.870000	0.024150 0.005653	0.999413 0.000279	0.208756 0.007874	0.044046 0.005743	0.010835 0.005916	0.006069 0.009439	0.002626 0.007221	0.001370 0.004301	0.003510 0.008333	0.002766 0.007136	0.000887 0.003782	
2 64 3 1.880000	0.023833 0.009632	0.999421 0.000451	0.211443 0.007174	0.044849 0.009649	0.011531 0.009163	0.003533 0.007147	0.002743 0.009958	0.003118 0.006722	0.001109 0.002702	0.002881 0.009771	0.000912 0.004562	
2 64 3 1.890000	0.021552 0.005237	0.999533 0.000223	0.205995 0.007280	0.042959 0.009018	0.007730 0.009909	0.001538 0.005392	0.000159 0.000496	0.001511 0.004546	0.000544 0.002721	0.001955 0.007591	0.001428 0.003633	
2 64 3 1.900000	0.023740 0.006781	0.999431 0.000323	0.202790 0.008224	0.043206 0.008921	0.010000 0.008992	0.000851 0.004256	0.000000 0.000000	0.000739 0.003696	0.002773 0.004255	0.000557 0.002785	0.000665 0.003327	
2 64 3 1.910000	0.022941 0.002595	0.999473 0.000118	0.205519 0.008690	0.042183 0.006578	0.011140 0.009088	0.003026 0.007635	0.000525 0.002623	0.000509 0.002544	0.000335 0.001674	0.002473 0.005576	0.000941 0.003192	
2 64 3 1.920000	0.021718 0.006741	0.999522 0.000296	0.199369 0.004677	0.042856 0.009648	0.007649 0.009865	0.000524 0.001387	0.000976 0.003620	0.000778 0.004440	0.001363 0.003495	0.000000 0.000000	0.000619 0.001870	
2 64 3 1.930000	0.022123 0.004073	0.999508 0.000181	0.200354 0.007147	0.043147 0.008119	0.007597 0.007448	0.000889 0.002629	0.001386 0.004561	0.002543 0.004303	0.002317 0.007604	0.001647 0.005528	0.000000 0.000000	
2 64 3 1.940000	0.024797 0.007522	0.999376 0.000377	0.196827 0.009189	0.043850 0.006442	0.010312 0.009250	0.002490 0.007317	0.001689 0.004937	0.001474 0.004548	0.000891 0.002701	0.000000 0.000000	0.001014 0.002568	
2 64 3 1.950000	0.022375 0.003381	0.999498 0.000154	0.194800 0.007446	0.039697 0.009515	0.008767 0.007040	0.002944 0.003283	0.002605 0.005947	0.000000 0.000000	0.000000 0.000000	0.000115 0.000636	0.001247 0.004386	
2 64 3 1.960000	0.022949 0.005704	0.999470 0.000266	0.195201 0.007667	0.039325 0.009868	0.007311 0.009576	0.001120 0.003789	0.000886 0.003659	0.000491 0.002334	0.001524 0.005460	0.000754 0.003280	0.000542 0.002711	
2 64 3 1.970000	0.023004 0.009508	0.999462 0.000437	0.193762 0.008733	0.042024 0.009771	0.007790 0.009448	0.002987 0.004000	0.000000 0.000000	0.000000 0.000000	0.001694 0.005301	0.001942 0.004287	0.001394 0.005460	
2 64 3 1.980000	0.022145 0.005028	0.999506 0.000217	0.189469 0.008554	0.040049 0.008719	0.010579 0.006449	0.002424 0.008302	0.001708 0.007698	0.003310 0.008713	0.000506 0.002531	0.001723 0.005108	0.000860 0.002806	
2 64 3 1.990000	0.022998 0.005446	0.999468 0.000258	0.191154 0.009712	0.037337 0.004443	0.008022 0.008655	0.004065 0.009548	0.001348 0.004332	0.000452 0.002259	0.000648 0.001821	0.001055 0.005276	0.000723 0.001933	
2 64 3 2.000000	0.023337 0.006640	0.999449 0.000297	0.192879 0.008334	0.038935 0.008625	0.005650 0.009838	0.002403 0.007190	0.001678 0.004542	0.002515 0.005698	0.000560 0.002799	0.002343 0.008042	0.001732 0.006373	
2 64 3 2.010000	0.021897 0.007016	0.999515 0.000301	0.190028 0.009317	0.038378 0.006339	0.006089 0.009520	0.000674 0.004156	0.003212 0.008398	0.001048 0.002848	0.000919 0.004597	0.001753 0.004288	0.001837 0.009186	
2 64 3 2.020000	0.021332 0.002041	0.999544 0.000088	0.185731 0.006996	0.035344 0.003519	0.009723 0.007428	0.001937 0.004326	0.001500 0.006376	0.000000 0.000000	0.000741 0.003705	0.001038 0.003510	0.000120 0.000600	
2 64 3 2.030000	0.020957 0.003216	0.999559 0.000135	0.185437 0.007260	0.035659 0.008563	0.007799 0.003777	0.001363 0.005747	0.002812 0.006575	0.001068 0.005341	0.000079 0.000395	0.000133 0.000666	0.000989 0.004009	
2 64 3 2.040000	0.022144 0.007914	0.999503 0.000366	0.186150 0.007600	0.037362 0.004836	0.008327 0.008987	0.000350 0.001749	0.001596 0.005659	0.000146 0.000960	0.000423 0.002115	0.000658 0.001773	0.000683 0.002623	
2 64 3 2.050000	0.020870 0.007206	0.999559 0.000303	0.190290 0.007486	0.038448 0.009518	0.007026 0.009449	0.001899 0.005014	0.000892 0.003005	0.001208 0.003110	0.001463 0.007315	0.000454 0.001949	0.000372 0.001861	
2 64 3 2.060000	0.019897 0.009257	0.999594 0.000385	0.187575 0.007319	0.035683 0.009173	0.008265 0.008269	0.000075 0.000324	0.002996 0.006562	0.001004 0.003384	0.001051 0.003546	0.001530 0.006070	0.000000 0.000000	
2 64 3 2.070000	0.019765 0.008941	0.999599 0.000349	0.182167 0.008569	0.037297 0.005656	0.005049 0.008727	0.001911 0.005074	0.002378 0.005883	0.000341 0.001705	0.001151 0.005757	0.001837 0.005597	0.004176 0.009148	
2 64 3 2.080000	0.022042 0.005174	0.999510 0.000229	0.182966 0.009017	0.033050 0.008936	0.007377 0.005322	0.002207 0.004082	0.001433 0.006220	0.001711 0.008555	0.001585 0.005158	0.001625 0.007220	0.002171 0.005592	
2 64 3 2.090000	0.020334 0.002398	0.999586 0.000096	0.184121 0.005077	0.032216 0.009854	0.008301 0.008152	0.002140 0.007187	0.001157 0.003713	0.001959 0.005512	0.001818 0.005894	0.001504 0.005397	0.000151 0.000755	
2 64 3 2.100000	0.020587 0.003265	0.999575 0.000133	0.183015 0.006010	0.034541 0.009544	0.007626 0.009791	0.001023 0.003438	0.003251 0.007012	0.001211 0.003349	0.000504 0.002520	0.001156 0.005307	0.001827 0.004122	
2 64 3 2.110000	0.021742 0.005328	0.999524 0.000236	0.177169 0.002382	0.032066 0.009344	0.006990 0.005604	0.001311 0.002398	0.002195 0.004417	0.002300 0.005661	0.001599 0.007997	0.000809 0.002772	0.000590 0.002952	
2 64 3 2.120000	0.022361 0.006924	0.999495 0.000307	0.181751 0.007610	0.032151 0.008087	0.007790 0.006865	0.000708 0.002167	0.000000 0.000000	0.001030 0.003568	0.000122 0.000610	0.001122 0.004534	0.004552 0.009174	
2 64 3 2.130000	0.020609 0.005333	0.999572 0.000216	0.178000 0.008125	0.034090 0.009972	0.007388 0.003836	0.001289 0.003019	0.000386 0.001929	0.001301 0.003992	0.001123 0.003723	0.000261 0.001305	0.001259 0.005945	
2 64 3 2.140000	0.021150 0.003023	0.999551 0.000128	0.175378 0.009200	0.033938 0.007690	0.004530 0.008126	0.003721 0.005146	0.002923 0.009625	0.002343 0.007591	0.001800 0.002930	0.001087 0.003842	0.001450 0.004074	
2 64 3 2.150000	0.018030 0.007825	0.999665 0.000279	0.173746 0.006799	0.031855 0.006503	0.004174 0.009841	-0.000072 0.000194	0.003172 0.008365	0.001979 0.005540	0.000981 0.004904	0.001671 0.007848	0.001525 0.005464	
2 64 3 2.160000	0.021344 0.007492	0.999538 0.000321	0.174873 0.008973	0.035425 0.005670	0.006903 0.009156	0.000874 0.003408	0.002022 0.007202	0.000000 0.000000	0.001280 0.003290	0.001422 0.005665	0.001978 0.006983	
2 64 3 2.170000	0.023565 0.003474	0.999442 0.000165	0.175933 0.006399	0.031323 0.008657	0.008580 0.006605	0.000772 0.001503	0.001878 0.006653	0.001174 0.002497	0.002187 0.006976	0.000000 0.000000	0.001915 0.007910	
2 64 3 2.180000	0.018545 0.007053	0.999650 0.000253	0.166602 0.009614	0.031185 0.008878	0.003369 0.006324	0.001040 0.002490	0.002389 0.007791	0.000893 0.002941	0.002517 0.007221	0.002947 0.009249	0.002349 0.007531	
2 64 3 2.190000	0.020525 0.002427	0.999578 0.000100	0.170897 0.009811	0.029819 0.003108	0.005077 0.009548	0.001155 0.002925	0.002565 0.006080	0.000579 0.001508	0.001420 0.003947	0.001224 0.005397	0.000339 0.001695	
2 64 3 2.200000	0.020594 0.006747	0.999571 0.000274	0.167523 0.009529	0.028365 0.006350	0.005905 0.005227	0.000000 0.000000	0.000158 0.000789	0.002391 0.005825	0.001473 0.005381	0.000310 0.001552	0.000875 0.004377	
2 64 3 2.210000	0.022200 0.006264	0.999502 0.000269	0.171016 0.009390	0.030866 0.007247	0.004190 0.009467	0.001582 0.005176	0.000641 0.003207	0.000429 0.002145	0.000766 0.003828	0.000865 0.002522	0.002739 0.006983	
2 64 3 2.220000	0.021013 0.006631	0.999553 0.000290	0.165821 0.008624	0.028329 0.009993	0.005520 0.006564	0.001597 0.003142	0.000349 0.001744	0.001528 0.004736	0.000822 0.003404	0.000034 0.000168	0.000926 0.004631	
2 64 3 2.230000	0.019816 0.002570	0.999606 0.000101	0.166945 0.009384	0.030451 0.008916	0.003053 0.007591	0.000473 0.002367	0.001685 0.003712	0.000705 0.003524	0.002147 0.004815	0.001102 0.005510	0.001646 0.004201	
2 64 3 2.240000	0.021151 0.007404	0.999543 0.000305	0.166495 0.009702	0.030874 0.005669	0.003968 0.007676	0.002047 0.005445	0.001023 0.002899	0.001485 0.004327	0.001539 0.005884	0.003712 0.009597	0.001507 0.007535	
2 64 3 2.250000	0.021840 0.006938	0.999516 0.000323	0.163211 0.008663	0.029353 0.008073	0.004725 0.009315	0.002116 0.004401	0.003519 0.009667	0.001002 0.003564	0.002705 0.008430	0.002453 0.006916	0.002668 0.005820	
2 64 3 2.260000	0.020273 0.006525	0.999583 0.000264	0.163306 0.009761	0.029929 0.003100	0.003252 0.005309	0.000162 0.000811	0.002112 0.005426	0.001830 0.005394	0.002590 0.007105	0.002409 0.005157	0.000593 0.002712	
2 64 3 2.270000	0.022141 0.003222	0.999508 0.000145	0.165058 0.008388	0.027609 0.008780	0.006295 0.009385	0.001466 0.007279	0.000438 0.001739	0.001157 0.003644	0.000812 0.002218	0.002757 0.007314	0.002494 0.009263	
2 64 3 2.280000	0.020311 0.002601	0.999587 0.000106	0.162513 0.009612	0.028826 0.006257	0.001952 0.004515	0.001494 0.004046	0.000543 0.002716	0.000000 0.000000	0.002347 0.009611	0.000734 0.003522	0.001241 0.003437	
2 64 3 2.290000	0.019756 0.001711	0.999609 0.000067	0.162222 0.008711	0.029111 0.009739	0.003557 0.006661	0.002791 0.007778	0.002487 0.005965	0.001219 0.005535	0.001251 0.005728	0.003341 0.006751	0.001259 0.005152	
2 64 3 2.300000	0.021812 0.005888	0.999520 0.000264	0.164750 0.009876	0.028154 0.008856	0.006643 0.007445	0.000995 0.004976	0.002147 0.006508	0.002017 0.006139	0.002018 0.002959	0.003666 0.009313	0.001798 0.004290	
2 64 3 2.310000	0.020486 0.004641	0.999578 0.000193	0.160635 0.009006	0.027814 0.004297	0.005834 0.000678	0.003801 0.008137	0.000119 0.000594	0.000036 0.000180	0.002035 0.006397	0.002892 0.008971	0.000526 0.002631	
2 64 3 2.320000	0.019034 0.005822	0.999633 0.000218	0.158154 0.008170	0.029510 0.005534	0.005175 0.009673	0.001913 0.006388	0.000281 0.001405	0.000531 0.001875	0.000000 0.000000	0.001486 0.003950	0.004419 0.006943	
2 64 3 2.330000	0.020491 0.008368	0.999571 0.000347	0.163541 0.006286	0.026591 0.009551	0.004029 0.008579	0.000562 0.002810	0.001242 0.005279	0.001832 0.007467	0.002192 0.004083	0.001688 0.003328	0.004368 0.009606	
2 64 3 2.340000	0.019327 0.005344	0.999622 0.000208	0.160257 0.009073	0.024712 0.003290	0.003503 0.008781	0.000491 0.002453	0.002080 0.009487	0.003282 0.009392	0.000000 0.000000	0.000466 0.002312	0.002051 0.005606	
2 64 3 2.350000	0.020599 0.005898	0.999572 0.000247	0.159531 0.009867	0.027837 0.004893	0.002254 0.007397	0.003051 0.008043	0.000499 0.002495	0.000180 0.000899	0.001930 0.007332	-0.000083 0.000580	0.002037 0.009101	
2 64 3 2.360000	0.020536 0.007714	0.999571 0.000304	0.159239 0.009643	0.027109 0.005193	0.006238 0.008200	0.001792 0.004783	0.002386 0.007175	0.000000 0.000000	0.000000 0.000000	0.000625 0.001999	0.000752 0.003760	
2 64 3 2.370000	0.020492 0.005948	0.999575 0.000259	0.156622 0.009259	0.024470 0.006203	0.006652 0.009845	0.001849 0.007265	0.001526 0.005825	0.001009 0.004313	0.000000 0.000000	0.001401 0.006442	0.001218 0.006088	
2 64 3 2.380000	0.018169 0.002157	0.999669 0.000079	0.153124 0.009667	0.025906 0.009763	0.005849 0.004198	0.001675 0.003918	0.002765 0.006763	0.003405 0.007658	0.001532 0.005923	0.003273 0.009659	0.001135 0.003286	
2 64 3 2.390000	0.020383 0.002358	0.999584 0.000096	0.151873 0.008952	0.025955 0.007172	0.003274 0.008365	0.000716 0.003456	0.002042 0.005988	0.000000 0.000000	0.000203 0.001014	0.001743 0.004053	0.001159 0.003030	
2 64 3 2.400000	0.019650 0.003868	0.999612 0.000152	0.150801 0.006551	0.023062 0.007054	0.004090 0.009052	0.000911 0.002033	0.001910 0.003777	0.002326 0.009029	0.000674 0.001613	0.002177 0.007770	0.001347 0.004196	
2 64 3 2.410000	0.019130 0.006649	0.999629 0.000252	0.153995 0.007169	0.026599 0.007521	0.001953 0.004787	0.002165 0.003855	-0.000079 0.000395	0.001866 0.005480	0.002621 0.006096	0.001266 0.003034	0.000422 0.001450	
2 64 3 2.420000	0.019699 0.001771	0.999611 0.000070	0.154711 0.009851	0.023964 0.004358	0.005376 0.005651	0.001689 0.003355	0.000832 0.003784	0.000130 0.000649	0.000276 0.001379	0.000116 0.001101	0.000785 0.003136	
2 64 3 2.430000	0.019277 0.005486	0.999624 0.000209	0.155529 0.009280	0.025715 0.005758	0.002271 0.003161	0.002712 0.009698	0.002737 0.009497	0.002236 0.008851	0.000000 0.000000	0.001095 0.005477	0.001090 0.005451	
2 64 3 2.440000	0.019685 0.007047	0.999605 0.000283	0.154624 0.003985	0.024497 0.008835	0.003659 0.008309	0.003768 0.007708	0.001369 0.006085	0.000839 0.005452	0.002387 0.004633	0.000907 0.003590	0.002055 0.009598	
2 64 3 2.450000	0.019838 0.006483	0.999601 0.000248	0.151270 0.005503	0.025304 0.008066	0.005916 0.008280	0.002038 0.007241	0.000207 0.001515	0.000000 0.000000	0.001355 0.003816	0.000000 0.000000	0.001704 0.006207	
2 64 3 2.460000	0.020368 0.004225	0.999583 0.000168	0.152367 0.009261	0.024443 0.007575	0.005187 0.004031	0.002701 0.008490	0.001986 0.004494	0.000508 0.002538	0.000896 0.002662	0.000038 0.000617	0.001320 0.004014	
2 64 3 2.470000	0.019113 0.005008	0.999632 0.000195	0.150995 0.003265	0.019951 0.008880	0.002062 0.004090	0.000303 0.000766	0.001282 0.004652	0.000612 0.001081	0.000641 0.002196	0.000000 0.000000	0.001501 0.003202	
2 64 3 2.480000	0.017624 0.005803	0.999684 0.000205	0.149586 0.008403	0.018779 0.007826	0.003296 0.005316	0.000771 0.003349	0.000398 0.003128	0.001666 0.007132	0.001079 0.005393	0.002138 0.006945	0.001633 0.004898	
2 64 3 2.490000	0.019252 0.004127	0.999627 0.000161	0.147292 0.005842	0.023521 0.009584	0.002843 0.007121	0.001267 0.005560	0.001646 0.005470	0.001075 0.003980	0.001630 0.005455	0.000968 0.004838	0.001912 0.009562	
2 64 3 2.500000	0.020506 0.006718	0.999575 0.000270	0.150986 0.009599	0.022155 0.009807	0.004498 0.009028	0.001394 0.006970	0.003169 0.008594	0.000000 0.000000	0.000952 0.004759	0.000182 0.000910	0.001056 0.004901	
2 64 3 2.510000	0.019687 0.002695	0.999611 0.000107	0.148940 0.008553	0.019597 0.009809	0.002989 0.007405	0.000420 0.001218	0.001442 0.004438	0.002335 0.005606	0.001956 0.004681	0.002248 0.008347	0.003263 0.006916	
2 64 3 2.520000	0.020471 0.005015	0.999578 0.000212	0.150115 0.008649	0.023996 0.004679	0.002487 0.008543	0.000616 0.002120	0.001075 0.005160	0.000435 0.003425	0.001124 0.003334	0.000862 0.003131	0.002085 0.008473	
2 64 3 2.530000	0.018367 0.008482	0.999655 0.000319	0.141647 0.008530	0.017778 0.008713	0.005623 0.008704	0.003034 0.009931	0.000750 0.003748	0.000257 0.001284	0.002172 0.008576	0.002463 0.006685	0.000990 0.007102	
2 64 3 2.540000	0.018980 0.007868	0.999632 0.000310	0.145368 0.009726	0.023914 0.004980	0.001813 0.005130	0.000000 0.000000	0.001631 0.004647	0.001319 0.006389	0.001084 0.002737	0.002242 0.006994	0.000420 0.001166	
2 64 3 2.550000	0.020845 0.008147	0.999558 0.000349	0.143518 0.006667	0.020861 0.008806	0.004112 0.009440	0.001078 0.008368	0.001291 0.004806	0.000701 0.003203	0.003383 0.007319	0.000281 0.001405	0.002475 0.009699	
2 64 3 2.560000	0.017787 0.001923	0.999683 0.000067	0.142607 0.009979	0.022410 0.009285	0.004113 0.008012	0.000354 0.001772	0.002573 0.008870	0.001503 0.006224	0.000302 0.001042	0.000000 0.000000	0.003365 0.009732	
2 64 3 2.570000	0.019084 0.007953	0.999627 0.000308	0.143763 0.008549	0.019227 0.003300	0.003593 0.006645	0.000000 0.000000	0.001845 0.006537	0.000000 0.000000	0.001119 0.003724	0.002562 0.005153	0.001117 0.004400	
2 64 3 2.580000	0.019092 0.003587	0.999634 0.000138	0.141729 0.009175	0.021490 0.004830	0.000988 0.004939	0.002995 0.006136	0.000955 0.003634	0.004180 0.009228	0.001565 0.004156	0.003113 0.009576	0.000333 0.001667	
2 64 3 2.590000	0.016138 0.009477	0.999728 0.000310	0.139103 0.009440	0.015103 0.006775	0.005388 0.009638	0.000000 0.000000	-0.000256 0.000991	0.003707 0.008305	0.001178 0.005325	0.000440 0.002198	0.004112 0.008884	
2 64 3 2.600000	0.019492 0.005120	0.999617 0.000210	0.139899 0.007749	0.017530 0.008182	0.004978 0.009287	0.000637 0.003971	0.001161 0.004775	0.001433 0.005573	0.001563 0.004661	0.002233 0.004794	-0.000031 0.000157	
2 64 3 2.610000	0.020922 0.003664	0.999560 0.000153	0.135346 0.006580	0.022334 0.009446	0.001947 0.006021	0.001859 0.008320	0.001841 0.004527	0.000960 0.004801	0.001184 0.004460	0.001213 0.004534	0.000497 0.001421	
2 64 3 2.620000	0.020092 0.006722	0.999591 0.000268	0.137426 0.007159	0.021917 0.009611	0.003449 0.008961	0.000802 0.002649	0.001819 0.006034	0.004110 0.009071	0.000910 0.004549	0.000619 0.004150	0.004152 0.009520	
2 64 3 2.630000	0.017515 0.007602	0.999686 0.000267	0.139941 0.009134	0.020459 0.005705	0.001199 0.002906	0.001435 0.004605	0.000791 0.002294	0.003165 0.008984	0.003907 0.008780	0.000520 0.001594	0.001515 0.006561	
2 64 3 2.640000	0.019963 0.004026	0.999599 0.000161	0.137348 0.005836	0.020530 0.002747	0.003606 0.006345	0.000820 0.004102	0.002055 0.005202	0.000549 0.002743	0.002349 0.008609	0.000721 0.002222	0.000879 0.003141	
2 64 3 2.650000	0.019644 0.005385	0.999610 0.000209	0.135924 0.009825	0.014925 0.009730	0.002057 0.003045	0.001974 0.004113	0.000953 0.004767	0.001521 0.004460	0.000655 0.001886	0.001753 0.005119	0.000415 0.001782	
2 64 3 2.660000	0.018771 0.003528	0.999646 0.000137	0.133233 0.007591	0.017471 0.003804	0.006753 0.007949	0.001528 0.004790	0.001775 0.009888	0.001288 0.004205	0.004039 0.008389	0.001097 0.003566	0.001836 0.007070	
2 64 3 2.670000	0.018957 0.006256	0.999635 0.000222	0.133410 0.007082	0.022519 0.008656	0.002586 0.009515	0.001066 0.003015	0.002807 0.006953	0.001951 0.004214	0.000715 0.003575	0.001184 0.005922	0.001640 0.004837	
2 64 3 2.680000	0.018914 0.002373	0.999641 0.000090	0.134414 0.008914	0.016841 0.003637	0.000144 0.000720	0.000498 0.002490	0.000333 0.001666	0.001244 0.004946	0.001532 0.004826	0.001218 0.004559	0.000000 0.000000	
2 64 3 2.690000	0.019033 0.007089	0.999632 0.000256	0.132002 0.008518	0.020362 0.008264	0.004275 0.009107	0.001795 0.007149	0.000879 0.003614	0.003017 0.006976	0.001926 0.006905	0.001683 0.007539	0.000913 0.002542	
2 64 3 2.700000	0.017559 0.004660	0.999688 0.000166	0.139367 0.007144	0.020490 0.008891	0.000759 0.002037	0.003005 0.009900	0.002996 0.007071	0.000888 0.003497	0.000903 0.003367	0.002353 0.008159	0.001182 0.005910	
2 64 3 2.710000	0.018612 0.003164	0.999652 0.000119	0.138404 0.009444	0.018185 0.007540	0.002044 0.003732	0.001753 0.008767	0.003122 0.007140	0.000493 0.001833	0.001377 0.006883	0.001887 0.009436	0.001628 0.003230	
2 64 3 2.720000	0.017274 0.004916	0.999699 0.000166	0.134543 0.008426	0.015265 0.009628	0.001170 0.005340	0.000693 0.002531	0.001657 0.004522	0.000000 0.000000	0.000376 0.001882	0.000349 0.001929	0.000756 0.003780	
2 64 3 2.730000	0.018419 0.005793	0.999657 0.000216	0.133350 0.009848	0.016674 0.008081	0.002252 0.005504	0.001230 0.005645	0.001296 0.004553	0.000648 0.003238	0.000065 0.001126	0.000121 0.000606	0.001725 0.005609	
2 64 3 2.740000	0.018716 0.003950	0.999648 0.000144	0.132348 0.008780	0.019023 0.009522	0.001023 0.002500	0.001354 0.006687	0.002714 0.007237	0.003293 0.007718	0.000825 0.004127	0.001977 0.006407	0.002372 0.005687	
2 64 3 2.750000	0.018689 0.003154	0.999650 0.000117	0.133248 0.007753	0.018656 0.005857	0.002662 0.006463	0.001437 0.004295	0.000638 0.003190	0.002046 0.003943	0.001363 0.003399	0.000639 0.001821	0.000350 0.000978	
2 64 3 2.760000	0.017528 0.005059	0.999690 0.000179	0.132271 0.009423	0.021243 0.008437	0.001783 0.004940	0.001103 0.005516	0.002360 0.007404	0.000948 0.003676	0.000747 0.003733	0.001150 0.003938	0.002640 0.006616	
2 64 3 2.770000	0.017977 0.003670	0.999675 0.000132	0.132417 0.007288	0.013329 0.008734	0.003991 0.007453	0.002285 0.006492	0.002930 0.009615	0.001327 0.005691	0.000895 0.002827	0.001970 0.005823	0.002819 0.007254	
2 64 3 2.780000	0.018400 0.001777	0.999661 0.000066	0.127746 0.008070	0.017624 0.009248	0.002529 0.004737	0.002913 0.007088	0.003836 0.008985	0.002428 0.006164	0.004999 0.009350	0.002882 0.007968	0.002415 0.006434	
2 64 3 2.790000	0.019592 0.007221	0.999607 0.000287	0.128592 0.006514	0.017535 0.009052	0.002589 0.007470	0.001876 0.006019	0.002137 0.006923	0.000304 0.001520	0.001614 0.005480	0.001214 0.003963	0.001934 0.006281	
2 64 3 2.800000	0.019789 0.005130	0.999605 0.000207	0.129918 0.005617	0.018626 0.006727	0.002299 0.004734	0.003259 0.009411	0.001901 0.008210	0.000000 0.000000	0.000122 0.000610	0.003416 0.008986	0.000511 0.002557	
2 64 3 2.810000	0.018542 0.006165	0.999652 0.000236	0.128956 0.008683	0.019458 0.006912	0.005869 0.004915	0.002813 0.003756	0.000596 0.002979	0.001743 0.005708	0.001869 0.004528	0.001443 0.004117	0.001931 0.009657	
2 64 3 2.820000	0.018577 0.008073	0.999645 0.000316	0.129723 0.007511	0.018997 0.009393	0.002562 0.006085	0.002644 0.007976	0.000725 0.002158	0.002271 0.006793	0.004455 0.007931	0.002230 0.008856	0.001520 0.004024	
2 64 3 2.830000	0.019651 0.007908	0.999607 0.000315	0.131637 0.007739	0.014764 0.009076	0.001533 0.007667	0.001944 0.005423	0.002983 0.009527	0.002260 0.006932	0.003021 0.009001	0.002533 0.008119	0.001480 0.007287	
2 64 3 2.840000	0.017440 0.003529	0.999694 0.000124	0.127506 0.009294	0.016140 0.008081	0.003251 0.006083	0.001452 0.004113	-0.000001 0.000007	0.001015 0.003172	0.000767 0.002022	0.001849 0.003073	0.002171 0.004844	
2 64 3 2.850000	0.017579 0.002739	0.999690 0.000097	0.129770 0.006883	0.017385 0.009923	0.002531 0.005084	0.000234 0.001168	0.001976 0.009879	0.000504 0.002522	0.000362 0.001810	0.000921 0.002908	0.000157 0.000860	
2 64 3 2.860000	0.017558 0.007115	0.999685 0.000245	0.120866 0.009758	0.014944 0.008519	0.003910 0.006408	0.001406 0.005900	0.002441 0.005585	0.003954 0.007956	0.003031 0.007512	0.004297 0.008493	0.000329 0.001645	
2 64 3 2.870000	0.020991 0.005344	0.999556 0.000229	0.127374 0.008976	0.017811 0.005523	0.002296 0.005627	0.000370 0.002560	0.002447 0.007024	0.003618 0.009124	0.000593 0.001894	0.001755 0.008776	0.001023 0.005114	
2 64 3 2.880000	0.018399 0.001388	0.999661 0.000051	0.127653 0.005100	0.016478 0.009422	0.002309 0.008663	0.000987 0.004934	0.001207 0.006035	0.001009 0.002927	0.002080 0.006376	0.000223 0.001116	0.000000 0.000000	
2 64 3 2.890000	0.018765 0.006259	0.999643 0.000232	0.124572 0.007841	0.017409 0.009404	0.002629 0.001945	0.001612 0.003549	0.001632 0.007050	0.000142 0.000711	0.000720 0.003602	0.000788 0.002010	0.001369 0.003600	
2 64 3 2.900000	0.018259 0.005845	0.999662 0.000225	0.121712 0.008383	0.015158 0.008872	0.002580 0.006279	0.000124 0.000619	0.001858 0.004346	0.002455 0.005893	0.001475 0.007376	0.001042 0.003158	0.002734 0.008677	
2 64 3 2.910000	0.018351 0.004209	0.999661 0.000151	0.123508 0.007970	0.012706 0.009035	0.001183 0.005845	0.001577 0.004900	0.002338 0.004904	0.000657 0.003286	0.000006 0.000032	0.000140 0.000700	0.000016 0.000748	
2 64 3 2.920000	0.020538 0.009127	0.999568 0.000344	0.124004 0.009056	0.015977 0.004699	0.001050 0.003772	0.002281 0.006395	0.001953 0.008929	0.000831 0.002519	0.002655 0.006094	0.000376 0.001879	0.003286 0.006306	
2 64 3 2.930000	0.017679 0.005246	0.999684 0.000178	0.120750 0.008402	0.017047 0.008450	0.004564 0.009396	0.002586 0.004975	0.003490 0.008282	0.002030 0.005049	0.002440 0.009130	0.002636 0.006617	0.000951 0.003804	
2 64 3 2.940000	0.019290 0.003149	0.999627 0.000117	0.120410 0.006625	0.015039 0.008805	0.002729 0.001844	0.000674 0.002107	0.000009 0.000045	0.000000 0.000000	0.000869 0.004343	0.000842 0.004212	-0.000018 0.000089	
2 64 3 2.950000	0.019266 0.003716	0.999627 0.000148	0.118762 0.009423	0.014497 0.003140	0.002983 0.004831	0.000497 0.002486	0.000448 0.002240	0.000191 0.000991	0.001895 0.004775	0.001190 0.005950	0.001799 0.004265	
2 64 3 2.960000	0.018554 0.002678	0.999655 0.000100	0.122686 0.009711	0.015879 0.004023	0.000785 0.003056	0.000454 0.002272	0.000253 0.001425	0.000456 0.001260	0.001715 0.005673	0.001223 0.003287	0.001251 0.002228	
2 64 3 2.970000	0.017955 0.004613	0.999675 0.000174	0.120552 0.009200	0.016047 0.004000	0.001454 0.005353	0.001550 0.006165	0.001871 0.007207	0.000362 0.001811	0.001092 0.003239	0.001800 0.005110	0.000538 0.001550	
2 64 3 2.980000	0.017489 0.003008	0.999693 0.000107	0.119907 0.009969	0.016132 0.008786	0.002495 0.005913	0.000862 0.004309	0.000000 0.000000	0.001164 0.003351	0.000000 0.000000	0.000625 0.003124	0.000977 0.004883	
2 64 3 2.990000	0.018163 0.005382	0.999667 0.000199	0.116631 0.004187	0.016073 0.008160	0.001927 0.007202	0.004149 0.008872	0.003259 0.009769	0.001436 0.004237	0.001549 0.004176	0.000000 0.000000	0.002945 0.006562	
2 64 3 3.000000	0.018782 0.004732	0.999644 0.000180	0.120019 0.009829	0.014686 0.008461	0.001977 0.006317	0.000209 0.000891	0.001359 0.003576	0.001731 0.004049	0.000961 0.004806	0.001523 0.004171	0.004985 0.005203	
2 64 3 3.010000	0.017586 0.007215	0.999684 0.000269	0.119753 0.009436	0.017401 0.009021	0.001035 0.002668	0.000714 0.002351	0.002537 0.005365	0.003002 0.009563	0.000326 0.001628	0.001507 0.006518	0.001817 0.005471	
2 64 3 3.020000	0.019532 0.005393	0.999615 0.000217	0.121920 0.002682	0.014983 0.003637	0.001986 0.007267	0.000262 0.000662	0.001092 0.003991	0.003924 0.009858	0.000000 0.000000	0.003285 0.009597	0.002374 0.005060	
2 64 3 3.030000	0.018932 0.003174	0.999640 0.000121	0.120157 0.009423	0.012840 0.009757	0.001412 0.004878	0.000155 0.000776	0.001206 0.006030	0.002211 0.009268	0.000000 0.000000	0.001593 0.005920	0.002107 0.008583	
2 64 3 3.040000	0.017021 0.004390	0.999707 0.000153	0.117449 0.009723	0.015750 0.006098	0.000945 0.002741	0.001824 0.004851	0.000951 0.004755	0.000879 0.002533	0.004429 0.008796	0.001883 0.007114	0.001395 0.007006	
2 64 3 3.050000	0.018102 0.009796	0.999662 0.000368	0.117049 0.009707	0.017873 0.008957	0.001233 0.004178	0.001058 0.004301	0.000689 0.002511	0.003614 0.006282	0.000242 0.001211	0.001648 0.005795	0.000575 0.002876	
2 64 3 3.060000	0.018171 0.004457	0.999666 0.000158	0.115859 0.007477	0.009910 0.009329	0.001930 0.004486	0.001820 0.006759	0.002726 0.009813	0.001607 0.004616	0.000459 0.002296	0.002273 0.008327	0.001070 0.002458	
2 64 3 3.070000	0.017814 0.004402	0.999680 0.000163	0.117848 0.006041	0.012403 0.009370	0.002984 0.008773	0.002422 0.004905	0.003418 0.008975	0.002808 0.005092	0.000300 0.001058	0.000534 0.002671	0.002236 0.007409	
2 64 3 3.080000	0.019484 0.003466	0.999619 0.000136	0.116481 0.009162	0.013565 0.007049	0.002164 0.005124	0.000718 0.001893	0.000177 0.000611	0.000865 0.003523	0.001092 0.005214	0.000608 0.003221	0.001129 0.002880	
2 64 3 3.090000	0.017602 0.005550	0.999686 0.000207	0.112634 0.001467	0.012137 0.009934	0.003212 0.006915	0.002475 0.006823	0.000000 0.000000	0.001583 0.006008	0.000972 0.003038	0.003320 0.009398	0.001552 0.002854	
2 64 3 3.100000	0.018393 0.001618	0.999661 0.000060	0.116048 0.009819	0.013517 0.003363	0.001807 0.004694	0.001548 0.004399	0.002744 0.006101	0.001317 0.005956	0.000516 0.002078	0.000887 0.004434	0.000000 0.000000	
2 64 3 3.110000	0.018367 0.005134	0.999660 0.000182	0.115179 0.009577	0.014236 0.004693	0.003571 0.008864	0.002443 0.007175	0.000838 0.004191	0.000000 0.000000	0.002119 0.003797	0.000000 0.000000	0.001199 0.004871	
2 64 3 3.120000	0.017341 0.003302	0.999698 0.000116	0.114580 0.009248	0.014000 0.006392	0.001932 0.005263	0.001558 0.003809	0.001767 0.004812	0.001062 0.004511	0.002193 0.006661	0.000240 0.001202	0.001788 0.003934	
2 64 3 3.130000	0.017731 0.004893	0.999682 0.000183	0.112136 0.009960	0.015475 0.008232	0.005272 0.007984	0.000772 0.003861	0.000486 0.002428	0.000511 0.002556	0.003144 0.007060	0.001485 0.007427	0.001740 0.008120	
2 64 3 3.140000	0.017266 0.006190	0.999697 0.000227	0.116575 0.009325	0.013872 0.005294	0.002401 0.007120	0.001055 0.003714	0.003226 0.009041	0.000743 0.003713	0.001270 0.004226	0.001222 0.003601	0.000000 0.000000	
2 64 3 3.150000	0.017820 0.003447	0.999681 0.000128	0.110781 0.005406	0.013034 0.009419	0.003190 0.006713	0.001241 0.006204	0.000094 0.000357	0.000130 0.000648	0.001915 0.007648	0.000654 0.003272	0.001364 0.004694	
2 64 3 3.160000	0.019434 0.007765	0.999615 0.000288	0.115661 0.006044	0.015144 0.009741	0.000000 0.000000	0.000347 0.004618	0.002081 0.006262	0.000729 0.002207	0.001186 0.005022	0.002712 0.007545	0.000778 0.002124	
2 64 3 3.170000	0.017973 0.001089	0.999677 0.000039	0.114188 0.009732	0.013440 0.008573	0.000988 0.002494	0.002410 0.008530	0.001524 0.004011	0.000660 0.001815	0.002805 0.006155	0.001675 0.006764	0.000217 0.000590	
2 64 3 3.180000	0.018522 0.006139	0.999650 0.000232	0.112298 0.007971	0.013688 0.004578	0.002473 0.007883	0.000225 0.001356	0.003109 0.005900	0.000555 0.002777	0.001937 0.009684	0.001911 0.009556	0.001519 0.003949	
2 64 3 3.190000	0.018242 0.001965	0.999667 0.000071	0.110534 0.006621	0.014691 0.006336	0.002675 0.006071	0.000699 0.004602	0.002358 0.008044	0.001789 0.004686	0.001019 0.005097	0.001801 0.009005	-0.000029 0.000147	
2 64 3 3.200000	0.016363 0.002471	0.999731 0.000080	0.112815 0.009105	0.014454 0.009509	0.000877 0.002165	0.000906 0.004528	0.001075 0.004063	0.000317 0.002864	0.000625 0.002670	0.001873 0.004993	0.000000 0.000000	
2 64 3 3.210000	0.015969 0.005912	0.999741 0.000186	0.111264 0.009733	0.014584 0.007092	0.004182 0.009579	0.000421 0.001335	0.001269 0.004097	0.001545 0.007133	0.001207 0.003007	0.001029 0.002578	0.000787 0.003937	
2 64 3 3.220000	0.017370 0.005947	0.999694 0.000210	0.117201 0.009746	0.014214 0.007924	0.001910 0.004436	0.003653 0.008290	0.000615 0.003074	0.000572 0.005780	0.000396 0.003858	0.003332 0.008661	0.000809 0.003661	
2 64 3 3.230000	0.017386 0.002053	0.999697 0.000073	0.111484 0.007998	0.015811 0.004003	0.002708 0.007355	0.001544 0.007161	0.003646 0.007984	0.001159 0.003208	0.000674 0.003368	0.001685 0.005661	0.003118 0.005601	
2 64 3 3.240000	0.017262 0.004438	0.999699 0.000153	0.108379 0.009083	0.015754 0.008137	0.003913 0.008906	0.003969 0.009586	0.000939 0.002446	0.004096 0.007739	0.001097 0.004407	0.000422 0.001860	0.000510 0.002549	
2 64 3 3.250000	0.017419 0.004517	0.999694 0.000167	0.109305 0.005676	0.009931 0.008597	0.002836 0.009441	0.001810 0.007856	0.001877 0.004848	0.000509 0.002547	0.000769 0.002761	0.003339 0.006825	0.001635 0.004371	
2 64 3 3.260000	0.016808 0.004165	0.999716 0.000144	0.105843 0.007007	0.015004 0.007859	0.002461 0.005215	0.002917 0.009236	0.002276 0.005454	0.002902 0.007313	-0.000006 0.000032	0.000459 0.002626	0.001935 0.005087	
2 64 3 3.270000	0.018193 0.004117	0.999667 0.000151	0.106690 0.007285	0.011425 0.003297	0.002727 0.007663	0.001217 0.004213	0.002075 0.009286	0.001435 0.006627	0.001543 0.007717	0.000943 0.002818	0.000054 0.000269	
2 64 3 3.280000	0.018304 0.003773	0.999663 0.000135	0.104981 0.008408	0.016598 0.009715	0.002280 0.007017	0.000000 0.000000	0.000458 0.002291	0.000458 0.002291	0.005207 0.007217	0.001485 0.007427	0.000660 0.003302	
2 64 3 3.290000	0.017775 0.004014	0.999682 0.000135	0.108395 0.008630	0.011354 0.009267	0.000720 0.002078	0.000952 0.004760	0.001834 0.009170	0.001179 0.003697	0.001559 0.003893	0.001386 0.003914	0.001659 0.008297	
2 64 3 3.300000	0.018045 0.007543	0.999666 0.000250	0.105123 0.006049	0.011910 0.009038	0.001542 0.004527	0.001089 0.005447	0.000000 0.000000	0.001084 0.004360	0.001359 0.006796	0.003275 0.009449	0.000047 0.000233	
2 64 3 3.310000	0.017174 0.002780	0.999704 0.000096	0.108704 0.006025	0.012536 0.006637	0.002784 0.005131	0.000718 0.003588	0.004706 0.008572	0.001800 0.008999	0.001089 0.003671	0.001340 0.006702	0.002106 0.009432	
2 64 3 3.320000	0.017122 0.006387	0.999701 0.000235	0.108931 0.008219	0.011482 0.008534	0.003285 0.006463	0.001869 0.006037	0.000880 0.004009	0.000511 0.002556	0.001166 0.004656	0.001693 0.003046	0.002311 0.008372	
2 64 3 3.330000	0.018615 0.004519	0.999651 0.000166	0.107390 0.009156	0.011835 0.007635	0.002327 0.008518	0.000000 0.000000	0.000427 0.002135	0.000354 0.001407	0.002178 0.006865	0.000000 0.000000	0.000160 0.000588	
2 64 3 3.340000	0.017528 0.003280	0.999691 0.000112	0.105624 0.008684	0.010413 0.004669	0.001462 0.006330	0.000479 0.001464	0.000384 0.001919	0.002639 0.006689	0.000142 0.001105	0.000246 0.001231	0.000846 0.003519	
2 64 3 3.350000	0.017719 0.007987	0.999678 0.000288	0.106525 0.009249	0.008136 0.009127	0.002488 0.009905	0.002134 0.008525	0.001670 0.004185	0.001604 0.005693	0.000483 0.002415	0.002446 0.008451	0.002021 0.006464	
2 64 3 3.360000	0.016764 0.003104	0.999718 0.000108	0.106354 0.009297	0.010306 0.004518	0.000637 0.003185	0.000317 0.001462	0.001234 0.006171	0.000927 0.002353	0.000174 0.000869	0.001194 0.002648	0.000476 0.001786	
2 64 3 3.370000	0.016740 0.003025	0.999719 0.000104	0.105617 0.009243	0.013058 0.008830	0.001074 0.004239	0.001482 0.003650	0.001128 0.005641	0.001409 0.007047	0.001392 0.006958	0.001879 0.003581	0.001530 0.007649	
2 64 3 3.380000	0.016822 0.009417	0.999704 0.000292	0.106698 0.006102	0.015869 0.009968	0.001504 0.007521	0.000000 0.000000	0.001779 0.007991	0.000000 0.000000	0.001442 0.007209	0.002370 0.007309	0.001359 0.006717	
2 64 3 3.390000	0.016297 0.002319	0.999734 0.000075	0.105066 0.008657	0.010933 0.008208	0.001225 0.006126	0.001727 0.006152	0.000490 0.002450	0.002876 0.006510	0.004492 0.008585	0.001111 0.002707	0.002632 0.007362	
2 64 3 3.400000	0.015776 0.007069	0.999744 0.000227	0.102535 0.004128	0.011469 0.009633	0.000510 0.002552	0.002157 0.009371	0.000631 0.003155	0.001873 0.009519	0.002763 0.006244	0.003837 0.009035	0.000621 0.002738	
2 64 3 3.410000	0.017992 0.002636	0.999675 0.000093	0.102943 0.009039	0.009888 0.009329	0.002045 0.005384	0.002657 0.005551	0.001867 0.004050	0.000220 0.001100	0.000875 0.002993	0.000368 0.001297	0.001199 0.005993	
2 64 3 3.420000	0.016460 0.003356	0.999727 0.000113	0.108924 0.006575	0.011104 0.009659	0.002338 0.006734	0.000613 0.003064	0.000547 0.001771	0.000000 0.000000	0.000457 0.001309	0.004367 0.003066	0.002564 0.005740	
2 64 3 3.430000	0.018285 0.005677	0.999660 0.000204	0.105498 0.009236	0.009706 0.005703	0.003765 0.009819	0.001648 0.007671	0.001793 0.008965	0.001851 0.005767	0.000336 0.001681	0.000000 0.000000	0.002367 0.006756	
2 64 3 3.440000	0.016920 0.005793	0.999708 0.000200	0.102958 0.008635	0.010365 0.007246	0.001263 0.003444	0.001234 0.004234	0.002257 0.006173	0.000841 0.003269	0.002085 0.005963	0.005268 0.009490	0.003924 0.004713	
2 64 3 3.450000	0.018605 0.004890	0.999651 0.000187	0.101308 0.009615	0.009386 0.004189	0.000865 0.002804	0.000430 0.002148	0.000000 0.000000	0.000000 0.000000	0.002139 0.005711	0.002481 0.006573	0.003561 0.009957	
2 64 3 3.460000	0.017398 0.004534	0.999694 0.000153	0.099663 0.008861	0.010814 0.009863	0.003269 0.005884	0.000330 0.001648	0.000624 0.003119	0.002950 0.005650	0.002128 0.009165	0.000763 0.003813	0.002699 0.007294	
2 64 3 3.470000	0.015396 0.002899	0.999762 0.000088	0.102755 0.008681	0.011428 0.008321	0.000474 0.001810	0.002359 0.005975	0.001782 0.008912	0.001271 0.002795	0.001142 0.005710	0.000721 0.004381	0.002009 0.007069	
2 64 3 3.480000	0.016608 0.002575	0.999723 0.000083	0.102255 0.008442	0.009593 0.003746	0.002087 0.004987	0.002018 0.005645	0.002364 0.007013	0.000634 0.003172	0.000674 0.002673	0.000000 0.000000	0.002325 0.006276	
2 64 3 3.490000	0.017785 0.004425	0.999681 0.000152	0.101010 0.005758	0.008764 0.009225	0.001962 0.009689	0.001149 0.005747	0.000373 0.001113	0.001760 0.005427	0.001004 0.005018	0.001031 0.003027	0.003040 0.005184	
2 64 3 3.500000	0.018704 0.003194	0.999649 0.000122	0.103455 0.005689	0.012767 0.003472	0.001450 0.002952	0.003900 0.008150	0.001556 0.007778	0.001192 0.003583	0.000254 0.001269	0.002024 0.009353	0.001021 0.004117	
2 64 3 3.510000	0.018135 0.006010	0.999667 0.000215	0.103830 0.005825	0.009615 0.008131	0.001352 0.003945	0.000993 0.002632	0.002506 0.008121	0.001618 0.005658	0.001469 0.007369	0.004352 0.009467	0.001768 0.005682	
2 64 3 3.520000	0.017340 0.003458	0.999697 0.000121	0.101580 0.009586	0.010846 0.004783	0.001622 0.005089	0.000883 0.004653	0.002499 0.007301	0.000435 0.002177	0.002751 0.009167	0.000447 0.002234	0.004741 0.007069	
2 64 3 3.530000	0.018662 0.002432	0.999651 0.000092	0.101937 0.007072	0.008728 0.008703	0.002684 0.008569	0.001430 0.003961	0.000227 0.001134	0.000214 0.000569	0.001322 0.006014	0.003606 0.009349	0.003024 0.007244	
2 64 3 3.540000	0.016155 0.006319	0.999734 0.000209	0.100944 0.009757	0.008983 0.005047	0.001558 0.005106	0.001016 0.004508	0.000000 0.000000	0.002623 0.005918	0.002658 0.007706	0.001716 0.004363	0.000190 0.000951	
2 64 3 3.550000	0.017096 0.003272	0.999706 0.000112	0.099069 0.009371	0.009720 0.005249	0.002324 0.006448	0.000556 0.001907	0.002450 0.007032	0.003318 0.006111	0.000517 0.001988	0.002211 0.004721	0.002169 0.008053	
2 64 3 3.560000	0.018087 0.002527	0.999672 0.000094	0.099932 0.009613	0.010783 0.008021	-0.000033 0.000165	0.002291 0.009672	0.000000 0.000000	0.000618 0.003090	0.001840 0.005354	0.000155 0.000777	0.000000 0.000000	
2 64 3 3.570000	0.015671 0.004352	0.999751 0.000134	0.097308 0.008219	0.009162 0.009221	0.001181 0.005904	0.001364 0.005537	0.000388 0.001940	0.000000 0.000000	0.001993 0.006632	0.001029 0.003093	0.001773 0.006137	
2 64 3 3.580000	0.016622 0.002772	0.999723 0.000093	0.097821 0.009693	0.008172 0.007653	0.002541 0.005807	0.001290 0.006450	0.001447 0.005076	0.002026 0.007896	0.000808 0.002804	0.002428 0.009643	0.000768 0.003839	
2 64 3 3.590000	0.016966 0.004498	0.999710 0.000151	0.097078 0.009581	0.008535 0.003460	0.000317 0.001385	0.000205 0.000830	0.000208 0.000525	0.000723 0.002025	0.002399 0.007196	0.001436 0.004033	0.001444 0.003672	
2 64 3 3.600000	0.016793 0.002511	0.999717 0.000087	0.099667 0.009408	0.011360 0.007276	0.001144 0.004023	0.001477 0.004722	0.000050 0.000248	0.000500 0.002501	0.001138 0.004105	0.000006 0.000030	0.000351 0.001754	
2 64 3 3.610000	0.018287 0.005161	0.999662 0.000180	0.094492 0.009813	0.008431 0.003329	0.003221 0.007038	0.002192 0.007447	0.003280 0.008100	0.000485 0.002029	0.000957 0.003109	0.000331 0.001653	0.001532 0.006154	
2 64 3 3.620000	0.018421 0.003080	0.999659 0.000113	0.094709 0.008793	0.010740 0.009176	0.002719 0.006885	0.002244 0.006416	0.000702 0.003508	0.001630 0.004998	0.002127 0.009808	0.001567 0.003937	0.003671 0.006978	
2 64 3 3.630000	0.016521 0.004263	0.999724 0.000137	0.095692 0.007840	0.010191 0.007739	0.002051 0.005500	0.001312 0.003443	0.000668 0.001813	0.004085 0.009214	0.000000 0.000000	0.001072 0.004258	0.000346 0.001825	
2 64 3 3.640000	0.017742 0.005695	0.999681 0.000197	0.095645 0.009689	0.009233 0.004377	0.000967 0.003059	0.002676 0.006841	0.001311 0.003834	0.000084 0.000422	0.000393 0.001808	0.001632 0.008161	0.001954 0.009769	
2 64 3 3.650000	0.016565 0.008626	0.999716 0.000300	0.094644 0.009673	0.008315 0.008197	0.002989 0.006752	0.001924 0.009621	0.002981 0.006045	0.001213 0.004357	0.000653 0.003265	0.000449 0.002246	0.001805 0.004141	
2 64 3 3.660000	0.017084 0.007245	0.999702 0.000267	0.098427 0.004834	0.012332 0.007325	0.000837 0.004183	0.001603 0.008014	0.001043 0.003272	0.002103 0.009733	0.000374 0.001396	0.002454 0.008399	0.000994 0.002475	
2 64 3 3.670000	0.018325 0.003065	0.999663 0.000113	0.095985 0.007126	0.009406 0.008723	0.001225 0.006126	0.001181 0.002030	0.000333 0.001665	0.002562 0.009540	0.000918 0.001927	0.000000 0.000000	0.001270 0.006348	
2 64 3 3.680000	0.016018 0.004413	0.999741 0.000140	0.094454 0.007032	0.009731 0.008955	0.002199 0.003895	0.000128 0.000640	0.001250 0.002832	0.000675 0.001331	0.001799 0.004915	0.001438 0.006380	0.001162 0.005443	
2 64 3 3.690000	0.016187 0.003196	0.999737 0.000103	0.096187 0.009538	0.006451 0.009438	0.001723 0.005807	0.001836 0.006186	0.001127 0.003098	0.000851 0.003025	0.001581 0.004846	0.001382 0.005292	0.002774 0.006165	
2 64 3 3.700000	0.017904 0.004241	0.999677 0.000143	0.091347 0.009852	0.009942 0.008179	0.001898 0.004712	0.003163 0.009674	0.000000 0.000000	0.001915 0.008364	0.003198 0.009709	0.002749 0.005886	0.001196 0.005978	
2 64 3 3.710000	0.017613 0.006497	0.999684 0.000241	0.092089 0.005026	0.007222 0.003834	0.002172 0.007984	0.000360 0.001801	0.000553 0.002763	0.001878 0.009390	0.003979 0.007890	0.001549 0.007745	0.001535 0.004369	
2 64 3 3.720000	0.018051 0.006180	0.999668 0.000212	0.097095 0.008973	0.008888 0.006069	0.002324 0.007241	0.001360 0.006802	0.002388 0.007394	0.002957 0.005574	0.001015 0.005077	0.001113 0.004384	0.002473 0.009707	
2 64 3 3.730000	0.016300 0.001599	0.999734 0.000052	0.095710 0.009650	0.011679 0.004059	0.004126 0.007290	0.000708 0.003542	0.002659 0.006140	0.001267 0.006335	0.001120 0.004772	0.002638 0.009378	0.001074 0.005369	
2 64 3 3.740000	0.016371 0.003706	0.999730 0.000119	0.090735 0.004356	0.008311 0.008882	0.003067 0.007172	0.000701 0.003913	0.000000 0.000000	0.002014 0.005896	0.002560 0.008531	0.002905 0.009743	0.001154 0.005768	
2 64 3 3.750000	0.015629 0.003243	0.999754 0.000100	0.094839 0.007453	0.008331 0.009049	0.003665 0.007825	0.000719 0.002592	0.001618 0.005742	0.000393 0.001967	0.004557 0.009460	0.001331 0.004658	0.001555 0.007168	
2 64 3 3.760000	0.017339 0.005613	0.999693 0.000190	0.093987 0.006812	0.005265 0.009570	0.001735 0.005450	0.000614 0.002988	0.001296 0.003830	0.001526 0.004624	0.000000 0.000000	0.000000 0.000000	0.001056 0.004318	
2 64 3 3.770000	0.018348 0.008673	0.999655 0.000319	0.098365 0.005623	0.005648 0.009482	0.001443 0.007213	0.000989 0.003641	0.001799 0.003468	0.000621 0.003107	0.002540 0.008357	0.005264 0.006104	0.000953 0.004764	
2 64 3 3.780000	0.017603 0.003636	0.999688 0.000128	0.092052 0.008697	0.009721 0.009172	0.000215 0.001062	0.001234 0.004899	0.000246 0.001228	0.000265 0.001326	0.002201 0.004600	0.001252 0.003378	0.000517 0.002584	
2 64 3 3.790000	0.015359 0.002994	0.999763 0.000090	0.090569 0.008670	0.009541 0.008255	0.003504 0.006655	0.001305 0.006524	0.000874 0.002340	0.000000 0.000000	0.000860 0.007002	0.001411 0.007054	0.000679 0.003043	
2 64 3 3.800000	0.018216 0.003556	0.999667 0.000128	0.095759 0.006115	0.008913 0.008220	0.002339 0.004936	0.001739 0.005755	0.002219 0.006816	0.002571 0.008442	0.001182 0.005908	0.000000 0.000000	0.000750 0.003748	
2 64 3 3.810000	0.016147 0.008867	0.999731 0.000278	0.088438 0.007412	0.007346 0.008328	0.001961 0.004146	-0.000030 0.001672	0.001121 0.005605	0.002763 0.007023	0.000764 0.001469	0.001511 0.005893	0.000647 0.003236	
2 64 3 3.820000	0.017855 0.006553	0.999676 0.000225	0.094176 0.009257	0.007682 0.006169	0.001089 0.004058	0.004238 0.009749	0.003225 0.008508	0.000071 0.004718	0.002816 0.006512	0.000000 0.000000	0.000407 0.002033	
2 64 3 3.830000	0.017379 0.002468	0.999697 0.000085	0.093580 0.009563	0.008655 0.008794	0.001734 0.008062	0.001262 0.003674	0.000000 0.000000	0.000144 0.000720	0.000825 0.003417	0.000000 0.000000	0.000000 0.000000	
2 64 3 3.840000	0.017540 0.003901	0.999691 0.000138	0.089393 0.006205	0.011533 0.007112	0.000790 0.003885	0.004160 0.009215	0.000569 0.002843	0.000338 0.001692	0.001126 0.002948	0.000000 0.000000	0.002711 0.007678	
2 64 3 3.850000	0.017216 0.005679	0.999699 0.000192	0.088204 0.009260	0.011775 0.009317	0.000000 0.000000	0.000000 0.000000	0.003068 0.007409	0.000292 0.001461	0.000000 0.000000	0.001623 0.003762	0.000186 0.000932	
2 64 3 3.860000	0.017276 0.003007	0.999701 0.000106	0.088843 0.008376	0.004000 0.006463	0.000891 0.004455	0.001219 0.003337	0.000669 0.002391	0.002242 0.005760	0.001304 0.004070	0.000000 0.000000	0.000051 0.000255	
2 64 3 3.870000	0.016876 0.004209	0.999713 0.000140	0.090669 0.009760	0.011661 0.005857	0.001117 0.004604	0.000904 0.002947	0.000000 0.000000	0.001257 0.004734	0.000402 0.001268	0.001402 0.003521	0.000304 0.001519	
2 64 3 3.880000	0.017391 0.003144	0.999696 0.000107	0.093830 0.008804	0.008871 0.009011	0.001787 0.003080	0.000690 0.003452	0.000000 0.000000	0.000615 0.001499	0.000298 0.001492	0.001096 0.003354	0.000262 0.001310	
2 64 3 3.890000	0.017312 0.002632	0.999700 0.000091	0.090241 0.005870	0.009833 0.009913	0.001957 0.008305	0.002151 0.007071	0.000677 0.003385	0.001078 0.003319	0.001916 0.007986	0.005158 0.008626	0.001096 0.005482	
2 64 3 3.900000	0.016335 0.001490	0.999733 0.000049	0.089983 0.006138	0.008215 0.009125	0.001129 0.003359	0.001262 0.004591	0.001035 0.003776	0.000856 0.002884	0.000424 0.001489	0.001278 0.004007	0.001626 0.004380	
2 64 3 3.910000	0.017683 0.007717	0.999681 0.000277	0.090338 0.009068	0.003437 0.009245	0.000092 0.000459	0.002548 0.005324	0.000512 0.001565	0.000325 0.001627	0.003735 0.007514	0.000144 0.000449	0.000656 0.003278	
2 64 3 3.920000	0.016015 0.006272	0.999738 0.000209	0.093871 0.007666	0.009690 0.006425	0.001579 0.007897	0.001204 0.004153	0.000227 0.001069	0.002391 0.004864	0.003666 0.006400	0.001848 0.006317	0.002588 0.004403	
2 64 3 3.930000	0.017019 0.003500	0.999709 0.000120	0.086359 0.008944	0.008417 0.009741	0.000000 0.000000	0.001500 0.003842	0.001870 0.005411	0.002322 0.008554	0.000000 0.000000	0.000567 0.002835	0.002582 0.006822	
2 64 3 3.940000	0.015071 0.004129	0.999770 0.000120	0.089022 0.005564	0.008355 0.009310	0.000805 0.002669	0.001953 0.004976	0.004347 0.007314	0.000812 0.004557	-0.000127 0.000999	0.000846 0.004231	0.000563 0.002816	
2 64 3 3.950000	0.017166 0.002463	0.999705 0.000083	0.084886 0.009157	0.007235 0.008153	0.001727 0.004868	0.001582 0.004878	0.000864 0.002967	0.000936 0.002822	0.000899 0.002184	0.000800 0.003999	0.002368 0.005991	
2 64 3 3.960000	0.017236 0.002741	0.999702 0.000096	0.090045 0.004282	0.007079 0.007386	0.003910 0.009604	0.001670 0.005990	0.000879 0.002599	0.000284 0.001420	0.001038 0.005709	0.000000 0.000000	0.002983 0.009754	
2 64 3 3.970000	0.016985 0.003230	0.999710 0.000109	0.091366 0.009959	0.010722 0.007098	0.003842 0.006079	0.002086 0.008147	0.000794 0.002939	0.000941 0.004705	0.000612 0.007193	0.002806 0.005827	0.001606 0.008030	
2 64 3 3.980000	0.015447 0.002394	0.999761 0.000074	0.089634 0.005176	0.008200 0.009913	0.004489 0.007966	0.001896 0.005139	0.003206 0.006253	0.001460 0.004798	0.000748 0.002475	0.001301 0.004670	0.001478 0.004686	
2 64 3 3.990000	0.016620 0.003787	0.999722 0.000125	0.090184 0.009340	0.005206 0.007855	0.004404 0.007350	0.000816 0.004078	0.000123 0.000613	0.000000 0.000000	0.000467 0.002335	0.001912 0.009561	0.002012 0.005468	
2 64 3 4.000000	0.015655 0.004560	0.999752 0.000146	0.085618 0.004089	0.006269 0.008762	0.003567 0.009126	0.001179 0.002564	0.002015 0.004908	0.000136 0.001473	0.000231 0.001157	0.002856 0.007455	0.001982 0.009909	
