2 48 2 0.000000	1.000000 0.000000	0.000000 0.000000	0.000000 0.000000	0.000000 0.000000	0.000000 0.000000	0.000000 0.000000	0.000000 0.000000	0.000000 0.000000	0.000000 0.000000	0.000000 0.000000	0.000000 0.000000	
2 48 2 0.010000	1.000000 0.000000	0.000000 0.000000	0.000000 0.000000	0.000000 0.000000	0.000000 0.000000	0.000000 0.000000	0.000000 0.000000	0.000000 0.000000	0.000000 0.000000	0.000000 0.000000	0.000000 0.000000	
2 48 2 0.020000	1.000000 0.000000	0.000000 0.000000	0.000000 0.000000	0.000000 0.000000	0.000000 0.000000	0.000000 0.000000	0.000000 0.000000	0.000000 0.000000	0.000000 0.000000	0.000000 0.000000	0.000000 0.000000	
2 48 2 0.030000	1.000000 0.000000	0.000000 0.000000	0.000000 0.000000	0.000000 0.000000	0.000000 0.000000	0.000000 0.000000	0.000000 0.000000	0.000000 0.000000	0.000000 0.000000	0.000000 0.000000	0.000000 0.000000	
2 48 2 0.040000	1.000000 0.000000	0.000000 0.000000	0.000000 0.000000	0.000000 0.000000	0.000000 0.000000	0.000000 0.000000	0.000000 0.000000	0.000000 0.000000	0.000000 0.000000	0.000000 0.000000	0.000000 0.000000	
2 48 2 0.050000	1.000000 0.000000	0.000000 0.000000	0.000000 0.000000	0.000000 0.000000	0.000000 0.000000	0.000000 0.000000	0.000000 0.000000	0.000000 0.000000	0.000000 0.000000	0.000000 0.000000	0.000000 0.000000	
2 48 2 0.060000	1.000000 0.000000	0.000000 0.000000	0.000000 0.000000	0.000000 0.000000	0.000000 0.000000	0.000000 0.000000	0.000000 0.000000	0.000000 0.000000	0.000000 0.000000	0.000000 0.000000	0.000000 0.000000	
2 48 2 0.070000	1.000000 0.000000	0.000000 0.000000	0.000000 0.000000	0.000000 0.000000	0.000000 0.000000	0.000000 0.000000	0.000000 0.000000	0.000000 0.000000	0.000000 0.000000	0.000000 0.000000	0.000000 0.000000	
2 48 2 0.080000	1.000000 0.000000	0.000000 0.000000	0.000000 0.000000	0.000000 0.000000	0.000000 0.000000	0.000000 0.000000	0.000000 0.000000	0.000000 0.000000	0.000000 0.000000	0.000000 0.000000	0.000000 0.000000	
2 48 2 0.090000	1.000000 0.000000	0.000000 0.000000	0.000000 0.000000	0.000000 0.000000	0.000000 0.000000	0.000000 0.000000	0.000000 0.000000	0.000000 0.000000	0.000000 0.000000	0.000000 0.000000	0.000000 0.000000	
2 48 2 0.100000	1.000000 0.000000	0.000000 0.000000	0.000000 0.000000	0.000000 0.000000	0.000000 0.000000	0.000000 0.000000	0.000000 0.000000	0.000000 0.000000	0.000000 0.000000	0.000000 0.000000	0.000000 0.000000	
2 48 2 0.110000	1.000000 0.000000	0.000000 0.000000	0.000000 0.000000	0.000000 0.000000	0.000000 0.000000	0.000000 0.000000	0.000000 0.000000	0.000000 0.000000	0.000000 0.000000	0.000000 0.000000	0.000000 0.000000	
2 48 2 0.120000	1.000000 0.000000	0.000000 0.000000	0.000000 0.000000	0.000000 0.000000	0.000000 0.000000	0.000000 0.000000	0.000000 0.000000	0.000000 0.000000	0.000000 0.000000	0.000000 0.000000	0.000000 0.000000	
2 48 2 0.130000	1.000000 0.000000	0.000000 0.000000	0.000000 0.000000	0.000000 0.000000	0.000000 0.000000	0.000000 0.000000	0.000000 0.000000	0.000000 0.000000	0.000000 0.000000	0.000000 0.000000	0.000000 0.000000	
2 48 2 0.140000	1.000000 0.000000	0.000000 0.000000	0.000000 0.000000	0.000000 0.000000	0.000000 0.000000	0.000000 0.000000	0.000000 0.000000	0.000000 0.000000	0.000000 0.000000	0.000000 0.000000	0.000000 0.000000	
2 48 2 0.150000	1.000000 0.000000	0.000000 0.000000	0.000000 0.000000	0.000000 0.000000	0.000000 0.000000	0.000000 0.000000	0.000000 0.000000	0.000000 0.000000	0.000000 0.000000	0.000000 0.000000	0.000000 0.000000	
2 48 2 0.160000	1.000000 0.000000	0.000000 0.000000	0.000000 0.000000	0.000000 0.000000	0.000000 0.000000	0.000000 0.000000	0.000000 0.000000	0.000000 0.000000	0.000000 0.000000	0.000000 0.000000	0.000000 0.000000	
2 48 2 0.170000	1.000000 0.000000	0.000000 0.000000	0.000000 0.000000	0.000000 0.000000	0.000000 0.000000	0.000000 0.000000	0.000000 0.000000	0.000000 0.000000	0.000000 0.000000	0.000000 0.000000	0.000000 0.000000	
2 48 2 0.180000	1.000000 0.000000	0.000000 0.000000	0.000000 0.000000	0.000000 0.000000	0.000000 0.000000	0.000000 0.000000	0.000000 0.000000	0.000000 0.000000	0.000000 0.000000	0.000000 0.000000	0.000000 0.000000	
2 48 2 0.190000	1.000000 0.000000	0.000000 0.000000	0.000000 0.000000	0.000000 0.000000	0.000000 0.000000	0.000000 0.000000	0.000000 0.000000	0.000000 0.000000	0.000000 0.000000	0.000000 0.000000	0.000000 0.000000	
2 48 2 0.200000	1.000000 0.000000	0.000000 0.000000	0.000000 0.000000	0.000000 0.000000	0.000000 0.000000	0.000000 0.000000	0.000000 0.000000	0.000000 0.000000	0.000000 0.000000	0.000000 0.000000	0.000000 0.000000	
2 48 2 0.210000	1.000000 0.000000	0.000000 0.000000	0.000000 0.000000	0.000000 0.000000	0.000000 0.000000	0.000000 0.000000	0.000000 0.000000	0.000000 0.000000	0.000000 0.000000	0.000000 0.000000	0.000000 0.000000	
2 48 2 0.220000	1.000000 0.000000	0.000000 0.000000	0.000000 0.000000	0.000000 0.000000	0.000000 0.000000	0.000000 0.000000	0.000000 0.000000	0.000000 0.000000	0.000000 0.000000	0.000000 0.000000	0.000000 0.000000	
2 48 2 0.230000	1.000000 0.000000	0.000000 0.000000	0.000000 0.000000	0.000000 0.000000	0.000000 0.000000	0.000000 0.000000	0.000000 0.000000	0.000000 0.000000	0.000000 0.000000	0.000000 0.000000	0.000000 0.000000	
2 48 2 0.240000	1.000000 0.000000	0.000000 0.000000	0.000000 0.000000	0.000000 0.000000	0.000000 0.000000	0.000000 0.000000	0.000000 0.000000	0.000000 0.000000	0.000000 0.000000	0.000000 0.000000	0.000000 0.000000	
2 48 2 0.250000	1.000000 0.000000	0.000000 0.000000	0.000000 0.000000	0.000000 0.000000	0.000000 0.000000	0.000000 0.000000	0.000000 0.000000	0.000000 0.000000	0.000000 0.000000	0.000000 0.000000	0.000000 0.000000	
2 48 2 0.260000	1.000000 0.000000	0.000000 0.000000	0.000000 0.000000	0.000000 0.000000	0.000000 0.000000	0.000000 0.000000	0.000000 0.000000	0.000000 0.000000	0.000000 0.000000	0.000000 0.000000	0.000000 0.000000	
2 48 2 0.270000	1.000000 0.000000	0.000000 0.000000	0.000000 0.000000	0.000000 0.000000	0.000000 0.000000	0.000000 0.000000	0.000000 0.000000	0.000000 0.000000	0.000000 0.000000	0.000000 0.000000	0.000000 0.000000	
2 48 2 0.280000	1.000000 0.000000	0.000000 0.000000	0.000000 0.000000	0.000000 0.000000	0.000000 0.000000	0.000000 0.000000	0.000000 0.000000	0.000000 0.000000	0.000000 0.000000	0.000000 0.000000	0.000000 0.000000	
2 48 2 0.290000	1.000000 0.000000	0.000000 0.000000	0.000000 0.000000	0.000000 0.000000	0.000000 0.000000	0.000000 0.000000	0.000000 0.000000	0.000000 0.000000	0.000000 0.000000	0.000000 0.000000	0.000000 0.000000	
2 48 2 0.300000	1.000000 0.000000	0.000000 0.000000	0.000000 0.000000	0.000000 0.000000	0.000000 0.000000	0.000000 0.000000	0.000000 0.000000	0.000000 0.000000	0.000000 0.000000	0.000000 0.000000	0.000000 0.000000	
2 48 2 0.310000	1.000000 0.000000	0.000000 0.000000	0.000000 0.000000	0.000000 0.000000	0.000000 0.000000	0.000000 0.000000	0.000000 0.000000	0.000000 0.000000	0.000000 0.000000	0.000000 0.000000	0.000000 0.000000	
2 48 2 0.320000	1.000000 0.000000	0.000000 0.000000	0.000000 0.000000	0.000000 0.000000	0.000000 0.000000	0.000000 0.000000	0.000000 0.000000	0.000000 0.000000	0.000000 0.000000	0.000000 0.000000	0.000000 0.000000	
2 48 2 0.330000	1.000000 0.000000	0.000000 0.000000	0.000000 0.000000	0.000000 0.000000	0.000000 0.000000	0.000000 0.000000	0.000000 0.000000	0.000000 0.000000	0.000000 0.000000	0.000000 0.000000	0.000000 0.000000	
2 48 2 0.340000	1.000000 0.000000	0.000000 0.000000	0.000000 0.000000	0.000000 0.000000	0.000000 0.000000	0.000000 0.000000	0.000000 0.000000	0.000000 0.000000	0.000000 0.000000	0.000000 0.000000	0.000000 0.000000	
2 48 2 0.350000	1.000000 0.000000	0.000000 0.000000	0.000000 0.000000	0.000000 0.000000	0.000000 0.000000	0.000000 0.000000	0.000000 0.000000	0.000000 0.000000	0.000000 0.000000	0.000000 0.000000	0.000000 0.000000	
2 48 2 0.360000	1.000000 0.000000	0.000000 0.000000	0.000000 0.000000	0.000000 0.000000	0.000000 0.000000	0.000000 0.000000	0.000000 0.000000	0.000000 0.000000	0.000000 0.000000	0.000000 0.000000	0.000000 0.000000	
2 48 2 0.370000	1.000000 0.000000	0.000000 0.000000	0.000000 0.000000	0.000000 0.000000	0.000000 0.000000	0.000000 0.000000	0.000000 0.000000	0.000000 0.000000	0.000000 0.000000	0.000000 0.000000	0.000000 0.000000	
2 48 2 0.380000	0.999826 0.000868	0.000347 0.001735	0.000000 0.000000	0.000347 0.001735	0.000000 0.000000	0.000347 0.001735	0.000347 0.001735	0.000347 0.001735	0.000347 0.001735	0.000347 0.001735	0.000347 0.001735	
2 48 2 0.390000	1.000000 0.000000	0.000000 0.000000	0.000000 0.000000	0.000000 0.000000	0.000000 0.000000	0.000000 0.000000	0.000000 0.000000	0.000000 0.000000	0.000000 0.000000	0.000000 0.000000	0.000000 0.000000	
2 48 2 0.400000	0.999826 0.000868	0.000347 0.001735	0.000347 0.001735	0.000347 0.001735	0.000347 0.001735	0.000347 0.001735	0.000000 0.000000	0.000347 0.001735	0.000347 0.001735	0.000000 0.000000	0.000347 0.001735	
2 48 2 0.410000	1.000000 0.000000	0.000000 0.000000	0.000000 0.000000	0.000000 0.000000	0.000000 0.000000	0.000000 0.000000	0.000000 0.000000	0.000000 0.000000	0.000000 0.000000	0.000000 0.000000	0.000000 0.000000	
2 48 2 0.420000	0.999653 0.000868	0.000694 0.001735	0.000347 0.001735	0.000694 0.001735	0.000347 0.001735	0.000000 0.000000	0.000347 0.001735	0.000000 0.000000	0.000000 0.000000	0.000694 0.001735	0.000347 0.001735	
2 48 2 0.430000	1.000000 0.000000	0.000000 0.000000	0.000000 0.000000	0.000000 0.000000	0.000000 0.000000	0.000000 0.000000	0.000000 0.000000	0.000000 0.000000	0.000000 0.000000	0.000000 0.000000	0.000000 0.000000	
2 48 2 0.440000	0.999653 0.000868	0.000694 0.001735	0.000000 0.000000	0.000347 0.001735	0.000000 0.000000	0.000000 0.000000	0.000000 0.000000	0.000347 0.001735	0.000347 0.001735	0.000347 0.001735	0.000347 0.001735	
2 48 2 0.450000	0.999826 0.000868	0.000347 0.001735	0.000347 0.001735	0.000347 0.001735	0.000347 0.001735	0.000347 0.001735	0.000347 0.001735	0.000000 0.000000	0.000000 0.000000	0.000000 0.000000	0.000347 0.001735	
2 48 2 0.460000	0.999653 0.000868	0.000694 0.001735	0.000000 0.000000	0.000347 0.001735	0.000347 0.001735	0.000347 0.001735	0.000694 0.001735	0.000347 0.001735	0.000000 0.000000	0.000000 0.000000	0.000347 0.001735	
2 48 2 0.470000	0.999479 0.001736	0.001041 0.003469	0.001041 0.003469	0.000694 0.001735	0.000694 0.003469	0.000694 0.001735	0.000347 0.001733	0.000694 0.001735	0.000000 0.000000	0.000347 0.001735	0.000347 0.001733	
2 48 2 0.480000	0.999826 0.000868	0.000347 0.001735	0.000347 0.001735	0.000347 0.001735	0.000000 0.000000	0.000347 0.001735	0.000347 0.001735	0.000000 0.000000	0.000347 0.001735	0.000000 0.000000	0.000347 0.001735	
2 48 2 0.490000	0.999653 0.000868	0.000694 0.001735	0.000347 0.001735	0.000347 0.001735	0.000347 0.001735	0.000347 0.001735	0.000000 0.000000	0.000000 0.000000	0.000347 0.001735	0.000347 0.001735	0.000347 0.001735	
2 48 2 0.500000	0.999479 0.000868	0.001041 0.001735	0.000694 0.001735	0.000694 0.001735	0.000347 0.001735	0.000347 0.001735	0.000347 0.001735	0.000694 0.001735	0.000000 0.000000	0.000000 0.000000	0.000347 0.001735	
2 48 2 0.510000	0.999132 0.002604	0.001734 0.005202	0.001387 0.003465	0.001040 0.003465	0.000693 0.001735	0.000347 0.001735	0.001040 0.001735	0.001040 0.003465	0.000347 0.001735	0.000347 0.001735	0.000346 0.001729	
2 48 2 0.520000	0.999132 0.002604	0.001734 0.005202	0.000347 0.001733	0.000000 0.000000	0.000347 0.001733	0.000000 0.000000	0.000692 0.001733	0.000347 0.001733	0.000693 0.003465	0.000693 0.003465	0.001040 0.003469	
2 48 2 0.530000	0.999132 0.001736	0.001735 0.003469	0.001388 0.003469	0.000347 0.001735	0.000000 0.000000	0.001041 0.003469	0.000694 0.001735	0.001041 0.001735	0.000694 0.001735	0.000347 0.001735	0.000347 0.001733	
2 48 2 0.540000	0.998785 0.003472	0.002427 0.006932	0.000347 0.001733	0.001733 0.006932	0.002080 0.006932	0.002080 0.005196	0.001386 0.005196	0.000694 0.001735	0.000692 0.001735	0.000691 0.001733	0.001041 0.003469	
2 48 2 0.550000	0.999132 0.001736	0.001735 0.003469	0.000347 0.001735	0.000694 0.001735	0.001388 0.003469	0.000694 0.003469	0.001041 0.001735	0.000694 0.001735	0.001041 0.003469	0.001388 0.003469	0.000347 0.001735	
2 48 2 0.560000	0.999306 0.001736	0.001388 0.003469	0.001040 0.003469	0.000694 0.003469	0.000347 0.001733	0.000693 0.001733	0.000347 0.001733	0.001040 0.003469	0.000000 0.000000	0.000694 0.003469	0.000000 0.000000	
2 48 2 0.570000	0.997569 0.003472	0.004854 0.006926	0.002078 0.005189	0.002078 0.008662	0.000347 0.001733	0.001387 0.003469	0.000689 0.001729	0.001038 0.003453	0.000692 0.001733	0.000693 0.003465	0.001732 0.006926	
2 48 2 0.580000	0.996441 0.003472	0.007104 0.006923	0.000975 0.006072	0.001904 0.005189	0.002306 0.006926	0.000401 0.001445	0.001438 0.007230	0.000917 0.003200	0.000281 0.003758	0.000573 0.002621	0.000405 0.002024	
2 48 2 0.590000	0.997396 0.004340	0.005199 0.008654	0.002770 0.006917	0.000347 0.001736	0.000692 0.003460	0.001381 0.003445	0.001382 0.001735	0.001381 0.003445	0.002078 0.006917	0.001032 0.006939	0.002424 0.005202	
2 48 2 0.600000	0.996528 0.003472	0.006931 0.006926	0.001039 0.005196	0.001730 0.003460	0.000684 0.005208	0.001034 0.006944	0.001385 0.006926	0.002419 0.006944	0.000347 0.001735	0.001725 0.008681	0.002076 0.006926	
2 48 2 0.610000	0.997396 0.004340	0.005199 0.008654	0.000688 0.001738	0.001038 0.001742	0.002769 0.005205	0.001386 0.003465	0.001382 0.003469	0.001039 0.003465	0.002427 0.005202	0.000692 0.001742	0.003116 0.005202	
2 48 2 0.620000	0.994878 0.004340	0.010214 0.008632	0.004087 0.007462	0.002482 0.006347	0.001432 0.004325	0.000634 0.003168	0.000106 0.000554	0.002819 0.006347	0.002528 0.008632	0.000104 0.000518	0.001721 0.005726	
2 48 2 0.630000	0.996528 0.004340	0.006930 0.008647	0.001386 0.005196	0.003805 0.005233	0.001039 0.003460	0.000694 0.003469	0.001730 0.003465	0.001732 0.005196	0.001387 0.005202	0.001386 0.006932	0.001729 0.003460	
2 48 2 0.640000	0.994010 0.000868	0.011943 0.001726	0.000848 0.006939	-0.000355 0.001773	0.000672 0.005198	0.002227 0.004298	0.001540 0.002572	0.001419 0.007812	0.001019 0.002562	0.001368 0.003435	0.003182 0.006034	
2 48 2 0.650000	0.994618 0.003472	0.010733 0.006908	0.002757 0.005189	0.002762 0.005196	0.000685 0.001724	0.001719 0.006896	0.002059 0.005160	0.001379 0.003460	0.002417 0.005189	0.003456 0.006896	0.001379 0.005171	
2 48 2 0.660000	0.994039 0.003762	0.011884 0.007481	0.000929 0.006115	0.000586 0.007157	0.000256 0.001101	0.000509 0.003700	0.000334 0.001964	0.001580 0.005757	0.001508 0.004037	0.001211 0.004395	0.000741 0.003705	
2 48 2 0.670000	0.996528 0.002604	0.006931 0.005193	0.004157 0.006926	0.001387 0.003469	0.003807 0.005202	0.001037 0.003469	0.001038 0.005189	0.001385 0.005189	0.001730 0.005189	0.002078 0.003469	0.001038 0.005189	
2 48 2 0.680000	0.994965 0.002604	0.010043 0.005183	0.002408 0.006908	0.002063 0.006908	0.001374 0.003435	0.003448 0.005189	0.000340 0.001699	0.001725 0.003460	0.001380 0.003453	0.002065 0.003453	0.000685 0.001724	
2 48 2 0.690000	0.994271 0.000868	0.011425 0.001726	0.002760 0.006908	0.002420 0.006917	0.002758 0.008644	0.002069 0.006908	0.003794 0.008653	0.000342 0.001709	0.001714 0.005171	0.002760 0.006908	0.000340 0.001699	
2 48 2 0.700000	0.992622 0.004774	0.014700 0.009478	0.001808 0.006126	0.000792 0.005814	0.002821 0.004307	0.000000 0.000000	0.001178 0.003757	0.001538 0.005213	0.000000 0.000000	0.002861 0.005430	0.002476 0.005760	
2 48 2 0.710000	0.990937 0.004861	0.018040 0.009633	0.001859 0.007818	0.000886 0.004429	0.001726 0.006853	0.001191 0.003774	0.002199 0.005812	0.000095 0.000475	0.001385 0.006936	0.000663 0.004846	0.000406 0.002031	
2 48 2 0.720000	0.989323 0.003689	0.021238 0.007301	0.003083 0.006001	0.002135 0.008209	0.002510 0.006521	0.000914 0.002513	0.000000 0.000000	0.001632 0.005109	0.001412 0.004554	0.000154 0.000768	0.002481 0.007675	
2 48 2 0.730000	0.988715 0.002821	0.022441 0.005579	0.002951 0.007075	0.000408 0.002038	0.000985 0.004926	0.002184 0.004223	0.002184 0.007990	0.004153 0.007406	0.000000 0.000000	0.001014 0.005071	0.000646 0.003232	
2 48 2 0.740000	0.987847 0.004960	0.024155 0.009791	0.000817 0.004501	0.000322 0.001609	0.003064 0.008005	0.001221 0.003191	0.000844 0.003345	0.000758 0.003609	0.002341 0.006772	0.000067 0.000621	0.003191 0.009444	
2 48 2 0.750000	0.987760 0.003689	0.024327 0.007283	0.001398 0.004073	0.001797 0.006645	0.001206 0.006032	0.000674 0.002617	0.001394 0.003750	0.000000 0.000000	0.001046 0.005231	0.001166 0.004652	-0.000606 0.003029	
2 48 2 0.760000	0.985764 0.002894	0.028268 0.005706	0.003100 0.008795	0.002152 0.006920	0.000516 0.001404	0.000705 0.003527	-0.000133 0.002729	0.000642 0.004827	0.002357 0.008503	0.000393 0.002613	0.000842 0.002290	
2 48 2 0.770000	0.983919 0.004015	0.031901 0.007902	0.001598 0.007836	0.002602 0.006191	0.001667 0.007410	0.002195 0.008406	0.000640 0.003200	0.001690 0.004147	0.001991 0.005474	0.000455 0.002274	0.001636 0.008182	
2 48 2 0.780000	0.984404 0.005064	0.030945 0.009964	0.000589 0.002603	-0.000221 0.001107	0.001155 0.004639	0.000937 0.004686	0.002041 0.008885	0.000189 0.002688	0.001099 0.002926	0.001156 0.002618	0.002394 0.008159	
2 48 2 0.790000	0.981597 0.002170	0.036466 0.004260	0.003749 0.007685	0.001676 0.008379	0.000810 0.003088	0.004288 0.008379	0.000906 0.004529	0.002286 0.006682	0.002001 0.005254	0.002986 0.007559	-0.000018 0.000092	
2 48 2 0.800000	0.980308 0.002976	0.038996 0.005834	0.002926 0.005442	0.001632 0.005064	0.002428 0.008835	0.001839 0.004588	0.001357 0.005416	0.003209 0.009624	0.002755 0.005284	0.001211 0.006054	0.000644 0.002226	
2 48 2 0.810000	0.978356 0.004196	0.042815 0.008212	0.006160 0.006484	0.000821 0.004107	0.001383 0.003861	0.001604 0.003348	0.000832 0.004158	0.001207 0.005222	0.001551 0.004219	0.000826 0.003736	0.001233 0.006258	
2 48 2 0.820000	0.976539 0.003935	0.046368 0.007684	0.009037 0.005109	0.002510 0.005772	0.001798 0.008992	0.001380 0.004298	0.001910 0.009548	0.000345 0.001250	0.000000 0.000000	0.002250 0.005139	0.000000 0.000000	
2 48 2 0.830000	0.973264 0.004960	0.052753 0.009654	0.004020 0.008856	0.002532 0.007091	0.001967 0.007421	0.001067 0.004860	-0.000205 0.001023	0.001182 0.006607	0.000789 0.002203	0.000922 0.007892	0.001578 0.007888	
2 48 2 0.840000	0.973915 0.004991	0.051487 0.009726	0.001910 0.008187	0.001893 0.003373	0.000015 0.004328	0.002543 0.007364	0.001995 0.007761	0.000996 0.004980	0.001107 0.003941	0.003577 0.009443	0.001182 0.005711	
2 48 2 0.850000	0.969085 0.004774	0.060871 0.009252	0.005519 0.009101	0.000702 0.001979	0.000396 0.002405	0.001111 0.004897	0.001546 0.006765	0.001010 0.002598	0.001372 0.004013	0.002167 0.005524	0.001301 0.004832	
2 48 2 0.860000	0.966678 0.004167	0.065531 0.008054	0.010009 0.006367	0.001720 0.003549	0.001674 0.005259	0.000615 0.003074	0.000311 0.001553	0.001606 0.005591	0.000433 0.002164	0.000187 0.000935	0.001413 0.007067	
2 48 2 0.870000	0.964444 0.004745	0.069844 0.009144	0.012524 0.008705	0.000857 0.002674	0.000726 0.005319	0.001804 0.005334	0.002864 0.006052	0.000083 0.000416	0.000208 0.001041	0.000068 0.000327	0.000223 0.000706	
2 48 2 0.880000	0.964441 0.004104	0.069851 0.007919	0.010586 0.006528	0.001274 0.006372	0.003143 0.006256	0.002676 0.007051	0.002235 0.007551	0.000954 0.004768	0.001293 0.006466	0.000000 0.000000	0.000000 0.000000	
2 48 2 0.890000	0.958828 0.003646	0.080646 0.006993	0.012757 0.007562	0.003462 0.004095	0.002228 0.007847	0.000782 0.002855	0.001802 0.006442	0.000084 0.001471	0.001767 0.003439	0.000464 0.002320	0.002472 0.006677	
2 48 2 0.900000	0.958845 0.003516	0.080614 0.006743	0.012652 0.009981	0.002915 0.006444	0.000391 0.001955	0.000223 0.001116	0.001125 0.004363	0.000032 0.000158	0.001468 0.002740	0.000677 0.002370	0.000826 0.002121	
2 48 2 0.910000	0.954728 0.004136	0.088491 0.007897	0.015431 0.005119	0.004800 0.009861	-0.000032 0.005385	0.001431 0.005136	0.001465 0.003435	0.000372 0.004700	0.000267 0.001336	0.001328 0.006367	0.002989 0.007674	
2 48 2 0.920000	0.949942 0.004836	0.097607 0.009181	0.019922 0.009834	0.003877 0.007491	0.000924 0.002048	0.001787 0.005467	0.001689 0.005166	0.000435 0.001706	0.000529 0.002643	0.000000 0.000000	0.001227 0.003428	
2 48 2 0.930000	0.947862 0.004432	0.101555 0.008408	0.019837 0.007280	0.007670 0.007766	0.002418 0.006746	0.001047 0.006458	-0.000033 0.001518	0.000848 0.003550	0.000767 0.002571	0.000586 0.002930	-0.000065 0.000382	
2 48 2 0.940000	0.941299 0.004440	0.113951 0.008356	0.022859 0.009213	0.004985 0.009137	0.001135 0.004272	0.002352 0.005602	0.001428 0.004781	0.000000 0.000000	0.000152 0.001873	0.001350 0.004330	0.002078 0.007441	
2 48 2 0.950000	0.937111 0.002521	0.121821 0.004726	0.025954 0.005985	0.004837 0.009182	0.003485 0.007206	0.000000 0.000000	0.000837 0.004187	0.001196 0.003235	0.001254 0.005269	0.000000 0.000000	0.000000 0.000000	
2 48 2 0.960000	0.933384 0.005064	0.128792 0.009452	0.028925 0.007119	0.004740 0.008056	0.002219 0.007292	0.000000 0.000000	0.000000 0.000000	0.001254 0.005686	0.002929 0.005874	0.001362 0.007042	0.000861 0.004303	
2 48 2 0.970000	0.928892 0.005040	0.137157 0.009357	0.028109 0.008574	0.011461 0.004795	0.000350 0.001074	0.002577 0.004894	0.004707 0.008383	0.001162 0.004754	0.002119 0.005417	0.000877 0.002135	0.000324 0.001619	
2 48 2 0.980000	0.925729 0.004644	0.143022 0.008601	0.030070 0.007304	0.007462 0.008697	0.001378 0.004327	0.000912 0.004560	0.000000 0.000000	0.000729 0.001897	0.000004 0.000018	0.001519 0.003797	0.001038 0.005189	
2 48 2 0.990000	0.919466 0.004485	0.154580 0.008249	0.037219 0.009407	0.010766 0.003411	0.001855 0.003345	0.003571 0.008110	0.000000 0.000000	0.002816 0.007403	0.002216 0.005635	0.000162 0.000812	0.000000 0.000000	
2 48 2 1.000000	0.910787 0.003988	0.170463 0.007268	0.042085 0.009567	0.014579 0.008356	0.002238 0.005636	0.001936 0.004280	0.000995 0.003693	0.000000 0.000000	0.002027 0.006287	0.001549 0.006701	0.002730 0.004961	
2 48 2 1.010000	0.904447 0.005433	0.181971 0.009834	0.048166 0.006006	0.016070 0.003556	0.006117 0.006610	0.002629 0.006306	0.000962 0.004811	0.000378 0.001892	0.000871 0.002476	0.000179 0.000897	0.001160 0.003483	
2 48 2 1.020000	0.898453 0.003858	0.192780 0.006931	0.049848 0.009988	0.016871 0.007462	0.007369 0.002754	0.002287 0.004360	0.001699 0.008494	0.001675 0.006314	0.001669 0.006674	0.003932 0.009532	0.000133 0.000667	
2 48 2 1.030000	0.886810 0.005621	0.213564 0.009969	0.060526 0.009642	0.024457 0.007962	0.009504 0.002478	0.002047 0.002936	0.002771 0.006042	0.001311 0.002509	0.003677 0.008361	0.000577 0.002617	0.001464 0.006824	
2 48 2 1.040000	0.881163 0.005100	0.223548 0.008985	0.064759 0.006598	0.026110 0.009620	0.009744 0.006291	0.001333 0.004351	0.000865 0.003958	0.003614 0.009728	0.004029 0.008654	0.000210 0.001145	0.000000 0.000000	
2 48 2 1.050000	0.866658 0.005280	0.248898 0.009149	0.078342 0.006412	0.031544 0.009738	0.016320 0.007959	0.011115 0.007362	0.004361 0.009446	0.003273 0.007124	0.000943 0.004715	0.001817 0.004027	0.001085 0.004371	
2 48 2 1.060000	0.857726 0.005509	0.264301 0.009451	0.085348 0.008959	0.035690 0.007119	0.020004 0.009383	0.009265 0.009513	0.008269 0.003203	0.004694 0.006373	0.004486 0.006522	0.003062 0.006537	0.003210 0.004998	
2 48 2 1.070000	0.844956 0.005787	0.286047 0.009776	0.097723 0.008896	0.042727 0.008446	0.023484 0.006342	0.014567 0.009799	0.008417 0.004062	0.006196 0.006727	0.003562 0.008783	0.000745 0.003295	0.002141 0.006046	
2 48 2 1.080000	0.828894 0.005498	0.312932 0.009122	0.112321 0.009117	0.053168 0.009094	0.031077 0.009591	0.020556 0.009827	0.013867 0.009953	0.009184 0.008080	0.003558 0.007843	0.002065 0.006643	0.002261 0.003918	
2 48 2 1.090000	0.809180 0.006096	0.345223 0.009853	0.131424 0.005895	0.065282 0.009337	0.038077 0.002458	0.024699 0.008206	0.016198 0.006708	0.011973 0.003198	0.008119 0.008146	0.003877 0.006624	0.003909 0.007035	
2 48 2 1.100000	0.787218 0.005222	0.380284 0.008218	0.154125 0.007899	0.082231 0.003847	0.049876 0.008439	0.033942 0.006908	0.024486 0.007763	0.017197 0.004428	0.014088 0.006635	0.010592 0.008668	0.008196 0.009351	
2 48 2 1.110000	0.761824 0.003857	0.419622 0.005870	0.179597 0.009310	0.099401 0.008387	0.065160 0.008038	0.045105 0.007466	0.032225 0.008160	0.024897 0.007306	0.020284 0.004026	0.015590 0.002037	0.012669 0.003607	
2 48 2 1.120000	0.729227 0.005361	0.468224 0.007813	0.213053 0.006392	0.125393 0.005807	0.085066 0.009756	0.061868 0.005062	0.047533 0.007473	0.037325 0.007742	0.030175 0.009511	0.025088 0.007878	0.020174 0.008934	
2 48 2 1.130000	0.680824 0.007138	0.536472 0.009733	0.262935 0.006268	0.165465 0.007893	0.116824 0.006300	0.088222 0.003598	0.070466 0.005035	0.056721 0.006234	0.047653 0.006561	0.038565 0.003726	0.030706 0.003396	
2 48 2 1.140000	0.632108 0.007873	0.600433 0.009957	0.311527 0.008090	0.203480 0.008917	0.148397 0.007729	0.117371 0.007539	0.093274 0.007608	0.077167 0.007362	0.063556 0.005188	0.053847 0.004493	0.045242 0.003116	
2 48 2 1.150000	0.572262 0.004988	0.672513 0.005719	0.365026 0.008643	0.246337 0.003733	0.184197 0.003417	0.144755 0.004463	0.117698 0.002498	0.097884 0.002534	0.083959 0.007321	0.069860 0.008438	0.058813 0.005319	
2 48 2 1.160000	0.505619 0.009672	0.744333 0.009804	0.419228 0.005602	0.290662 0.007854	0.220512 0.005665	0.177279 0.005302	0.145955 0.002615	0.121700 0.003288	0.103072 0.004519	0.087654 0.003186	0.073959 0.003018	
2 48 2 1.170000	0.431280 0.009229	0.813987 0.007953	0.471114 0.003776	0.332411 0.005529	0.256772 0.005761	0.206298 0.007520	0.171035 0.004955	0.142943 0.006910	0.121601 0.006348	0.102883 0.007874	0.088081 0.009811	
2 48 2 1.180000	0.375150 0.009913	0.859249 0.007458	0.501661 0.006287	0.353080 0.007685	0.273870 0.007454	0.220018 0.007687	0.181263 0.005385	0.150859 0.007050	0.126823 0.008300	0.107327 0.007225	0.089603 0.005993	
2 48 2 1.190000	0.312545 0.009583	0.902303 0.005973	0.530354 0.002250	0.373895 0.005512	0.287239 0.005364	0.229427 0.006719	0.189131 0.005289	0.156533 0.005798	0.131192 0.008812	0.110809 0.005087	0.093128 0.004925	
2 48 2 1.200000	0.272950 0.006942	0.925492 0.003803	0.538483 0.007276	0.378851 0.008036	0.287860 0.008154	0.228104 0.008824	0.183798 0.009432	0.151886 0.009657	0.125099 0.004222	0.104571 0.004719	0.086963 0.003304	
2 48 2 1.210000	0.237316 0.009626	0.943669 0.004609	0.544541 0.002991	0.376084 0.003511	0.282550 0.002016	0.221787 0.002956	0.178687 0.003006	0.144612 0.004106	0.119022 0.004866	0.097092 0.003442	0.079942 0.004637	
2 48 2 1.220000	0.207117 0.009988	0.957089 0.004142	0.545669 0.007314	0.373743 0.008337	0.277092 0.008148	0.214798 0.007499	0.169514 0.005436	0.134569 0.009542	0.109930 0.008885	0.087158 0.008137	0.071413 0.004058	
2 48 2 1.230000	0.181381 0.009405	0.967087 0.003415	0.544667 0.008496	0.367537 0.008260	0.268194 0.005642	0.204201 0.007080	0.159090 0.005507	0.126362 0.004988	0.098719 0.007887	0.079071 0.006749	0.060684 0.003333	
2 48 2 1.240000	0.166440 0.005688	0.972294 0.001887	0.542259 0.004303	0.360529 0.006492	0.258949 0.008190	0.196598 0.007870	0.152221 0.009860	0.117612 0.008236	0.092087 0.006096	0.071084 0.007468	0.055855 0.007801	
2 48 2 1.250000	0.150505 0.009940	0.977335 0.003001	0.534202 0.007141	0.348915 0.003984	0.248230 0.008567	0.184287 0.004519	0.139250 0.007478	0.107607 0.003172	0.083343 0.006017	0.065367 0.004906	0.049209 0.004976	
2 48 2 1.260000	0.137332 0.009440	0.981120 0.002608	0.528529 0.009241	0.339662 0.007330	0.242380 0.004217	0.176343 0.009405	0.133502 0.008690	0.100063 0.008441	0.075369 0.009273	0.058535 0.006552	0.042249 0.003679	
2 48 2 1.270000	0.124676 0.009997	0.984443 0.002488	0.525715 0.004615	0.333618 0.005215	0.230732 0.002895	0.167518 0.005581	0.122430 0.007618	0.092042 0.003362	0.069369 0.004775	0.051500 0.002935	0.037711 0.003772	
2 48 2 1.280000	0.122936 0.009916	0.984874 0.002410	0.521268 0.005289	0.327316 0.001684	0.223800 0.004641	0.159969 0.008363	0.117010 0.005900	0.087102 0.006462	0.064781 0.006072	0.047328 0.004818	0.034920 0.008760	
2 48 2 1.290000	0.114446 0.009884	0.986888 0.002300	0.511241 0.005889	0.314116 0.007679	0.210989 0.005685	0.147792 0.003359	0.104834 0.007659	0.076179 0.007457	0.056184 0.007910	0.039743 0.007365	0.027378 0.003855	
2 48 2 1.300000	0.106802 0.009822	0.988580 0.002121	0.508448 0.004160	0.308521 0.003537	0.204777 0.006202	0.141750 0.005545	0.100021 0.006965	0.071213 0.009621	0.051229 0.004890	0.034931 0.006025	0.024994 0.005623	
2 48 2 1.310000	0.102672 0.009126	0.989447 0.001908	0.500262 0.005883	0.298076 0.003864	0.197244 0.005349	0.133305 0.007868	0.092889 0.008417	0.064781 0.008457	0.046523 0.009889	0.032036 0.004919	0.022486 0.007089	
2 48 2 1.320000	0.095934 0.005477	0.990791 0.001050	0.495111 0.006342	0.293757 0.007670	0.188211 0.006125	0.128520 0.007687	0.088165 0.005492	0.061371 0.004908	0.042580 0.009953	0.030439 0.005025	0.019733 0.003917	
2 48 2 1.330000	0.091273 0.006402	0.991665 0.001167	0.489828 0.009660	0.288739 0.002052	0.183756 0.009045	0.123534 0.004793	0.084896 0.006464	0.056155 0.006602	0.035841 0.005514	0.023446 0.007381	0.015220 0.008183	
2 48 2 1.340000	0.087152 0.009896	0.992387 0.001733	0.481944 0.005519	0.277185 0.006785	0.173682 0.003211	0.114639 0.006525	0.075707 0.007526	0.050433 0.008094	0.034321 0.004636	0.018867 0.008181	0.012344 0.005064	
2 48 2 1.350000	0.086496 0.004972	0.992514 0.000859	0.476818 0.005297	0.270257 0.009980	0.166847 0.003961	0.106879 0.004888	0.070153 0.006124	0.047401 0.003081	0.030715 0.007956	0.020017 0.003772	0.012695 0.006570	
2 48 2 1.360000	0.082909 0.009284	0.993113 0.001550	0.473377 0.004603	0.265339 0.001920	0.163417 0.009876	0.103408 0.008101	0.067394 0.009006	0.043891 0.004230	0.031870 0.008911	0.021007 0.006472	0.012244 0.004497	
2 48 2 1.370000	0.081754 0.008622	0.993304 0.001406	0.463587 0.009443	0.255575 0.009833	0.154204 0.008270	0.094085 0.003752	0.060674 0.008029	0.038482 0.003811	0.024895 0.006302	0.015881 0.008972	0.008449 0.006231	
2 48 2 1.380000	0.077577 0.008685	0.993974 0.001362	0.461921 0.007646	0.251595 0.008083	0.148876 0.009589	0.095277 0.009195	0.060140 0.008500	0.038118 0.007973	0.022649 0.007333	0.013442 0.003685	0.009461 0.008241	
2 48 2 1.390000	0.072812 0.003737	0.994696 0.000541	0.456287 0.008084	0.244493 0.007246	0.144718 0.007067	0.087228 0.004717	0.053564 0.009517	0.036045 0.006551	0.021859 0.009963	0.012771 0.005539	0.006881 0.003129	
2 48 2 1.400000	0.073986 0.009965	0.994514 0.001458	0.454517 0.005572	0.239904 0.003676	0.138828 0.005751	0.086830 0.005403	0.051846 0.003631	0.032388 0.003439	0.019325 0.004016	0.011640 0.003601	0.007287 0.006795	
2 48 2 1.410000	0.069016 0.009373	0.995226 0.001314	0.446482 0.005573	0.234697 0.007971	0.135726 0.008547	0.080864 0.006914	0.048719 0.008871	0.030877 0.006027	0.019946 0.006216	0.010632 0.009353	0.004510 0.005379	
2 48 2 1.420000	0.068281 0.004727	0.995335 0.000641	0.442619 0.007046	0.227728 0.004448	0.128369 0.008727	0.075507 0.007049	0.043808 0.007444	0.028889 0.007997	0.017969 0.009784	0.007991 0.004912	0.004071 0.009666	
2 48 2 1.430000	0.064895 0.006586	0.995783 0.000852	0.437817 0.006474	0.225378 0.008180	0.125182 0.006031	0.073121 0.009725	0.043695 0.009539	0.027322 0.007782	0.013564 0.009025	0.006988 0.007527	0.002727 0.006269	
2 48 2 1.440000	0.065249 0.009928	0.995729 0.001316	0.434458 0.006090	0.220143 0.007007	0.121087 0.002643	0.070207 0.008899	0.041435 0.007096	0.023648 0.009142	0.014748 0.007225	0.010186 0.006831	0.002856 0.006227	
2 48 2 1.450000	0.063505 0.005573	0.995963 0.000710	0.425941 0.005872	0.214100 0.003015	0.116165 0.005793	0.065208 0.007475	0.040033 0.009790	0.024552 0.005435	0.012717 0.003871	0.007698 0.007992	0.003755 0.009852	
2 48 2 1.460000	0.060963 0.005829	0.996279 0.000717	0.425470 0.005577	0.209730 0.009784	0.112827 0.006650	0.064821 0.003928	0.037761 0.009750	0.020923 0.005205	0.014566 0.003691	0.007322 0.007885	0.003750 0.007496	
2 48 2 1.470000	0.056003 0.002916	0.996862 0.000327	0.419334 0.004754	0.208958 0.008614	0.108448 0.005723	0.059956 0.006695	0.033934 0.005066	0.017646 0.006674	0.009362 0.009895	0.005110 0.007715	0.001916 0.004144	
2 48 2 1.480000	0.056821 0.005951	0.996767 0.000684	0.412586 0.006557	0.201205 0.005930	0.104021 0.006346	0.056683 0.007485	0.032425 0.005574	0.016879 0.007969	0.009113 0.004475	0.004638 0.007257	0.002822 0.009730	
2 48 2 1.490000	0.057826 0.004745	0.996654 0.000548	0.414686 0.004028	0.198532 0.009378	0.102593 0.006010	0.057742 0.004275	0.029885 0.005572	0.014768 0.005474	0.009573 0.007912	0.004598 0.008890	0.001106 0.003889	
2 48 2 1.500000	0.057407 0.006377	0.996696 0.000741	0.405805 0.006715	0.192491 0.005904	0.097745 0.006651	0.050455 0.009485	0.028850 0.006657	0.015031 0.009856	0.008895 0.009715	0.003281 0.007843	0.002278 0.005397	
2 48 2 1.510000	0.057653 0.009606	0.996667 0.001109	0.403474 0.007413	0.187590 0.007099	0.093741 0.007271	0.050355 0.006747	0.027623 0.003707	0.013040 0.005850	0.007850 0.007087	0.001763 0.004541	0.000806 0.002276	
2 48 2 1.520000	0.056538 0.004816	0.996801 0.000549	0.401151 0.007149	0.185752 0.003243	0.093183 0.002586	0.049354 0.005640	0.024269 0.002746	0.012857 0.009997	0.005994 0.003229	0.002716 0.004783	0.001706 0.002716	
2 48 2 1.530000	0.055338 0.007141	0.996929 0.000796	0.393417 0.007188	0.176672 0.009903	0.090650 0.006244	0.046153 0.006770	0.026541 0.006681	0.015661 0.002572	0.009627 0.009764	0.003048 0.005661	0.001054 0.003578	
2 48 2 1.540000	0.051169 0.009446	0.997370 0.000995	0.392495 0.007353	0.177009 0.009371	0.084762 0.007934	0.045866 0.008625	0.025556 0.005989	0.009078 0.002510	0.004834 0.008434	0.000938 0.004084	0.001075 0.002829	
2 48 2 1.550000	0.054511 0.007425	0.997020 0.000815	0.387614 0.003545	0.176213 0.009949	0.085519 0.007900	0.040973 0.005566	0.022615 0.002034	0.011834 0.007123	0.007476 0.006603	0.002949 0.006689	0.002523 0.004820	
2 48 2 1.560000	0.053677 0.009589	0.997106 0.001022	0.384929 0.005810	0.169093 0.009413	0.081500 0.009712	0.041643 0.005078	0.020483 0.008226	0.009204 0.008478	0.002446 0.004415	0.002734 0.006242	0.002168 0.005203	
2 48 2 1.570000	0.050327 0.006322	0.997462 0.000637	0.381618 0.006643	0.169971 0.004625	0.080559 0.009323	0.040242 0.008762	0.020880 0.003914	0.011978 0.006868	0.002832 0.009730	0.001028 0.003408	0.001244 0.002600	
2 48 2 1.580000	0.050173 0.009980	0.997471 0.001017	0.376486 0.007159	0.164392 0.008136	0.077450 0.005688	0.037949 0.007595	0.020325 0.006027	0.011268 0.006268	0.003161 0.005535	0.000503 0.002004	0.000000 0.000000	
2 48 2 1.590000	0.049393 0.008900	0.997551 0.000878	0.377917 0.009213	0.165420 0.009058	0.078282 0.009687	0.036500 0.005839	0.020509 0.008452	0.007398 0.007409	0.006180 0.009439	0.000745 0.003217	0.002156 0.008192	
2 48 2 1.600000	0.047769 0.005518	0.997713 0.000524	0.372752 0.002860	0.157206 0.006096	0.072713 0.003891	0.035911 0.007558	0.017142 0.007707	0.009136 0.009843	0.005235 0.003920	0.000903 0.003760	0.001046 0.004122	
2 48 2 1.610000	0.049011 0.004861	0.997595 0.000470	0.369461 0.009855	0.156110 0.006478	0.071425 0.002098	0.034027 0.009139	0.016889 0.006726	0.006539 0.008546	0.001564 0.004277	0.000755 0.002235	0.001274 0.005467	
2 48 2 1.620000	0.043552 0.007297	0.998096 0.000626	0.367361 0.006893	0.152746 0.008223	0.065441 0.002520	0.031425 0.009790	0.012780 0.009371	0.007308 0.006198	0.004575 0.008311	0.001199 0.003890	0.001328 0.005096	
2 48 2 1.630000	0.047836 0.004497	0.997708 0.000428	0.362371 0.005055	0.152663 0.004256	0.068962 0.008848	0.032367 0.004857	0.014136 0.005896	0.005244 0.009695	0.002006 0.005037	0.001183 0.003035	0.001082 0.003762	
2 48 2 1.640000	0.047152 0.004779	0.997773 0.000448	0.357884 0.005703	0.146045 0.008304	0.066066 0.009996	0.028386 0.009238	0.013487 0.006197	0.004985 0.009210	0.001710 0.003404	0.000183 0.000917	0.000623 0.002373	
2 48 2 1.650000	0.046622 0.008811	0.997816 0.000829	0.353626 0.007037	0.146159 0.009878	0.065123 0.004752	0.027846 0.003998	0.011040 0.005291	0.003611 0.006562	0.003165 0.008787	-0.000027 0.000133	0.000572 0.002858	
2 48 2 1.660000	0.042707 0.008150	0.998168 0.000708	0.356573 0.006123	0.143364 0.008601	0.061738 0.009417	0.028393 0.008284	0.013444 0.003663	0.007051 0.009287	0.003909 0.005072	0.001340 0.003588	0.000918 0.003525	
2 48 2 1.670000	0.043176 0.008357	0.998126 0.000699	0.352040 0.009865	0.138165 0.007535	0.060737 0.006405	0.025622 0.003464	0.010593 0.007393	0.004569 0.007125	0.001051 0.003421	0.000842 0.003530	0.001175 0.004437	
2 48 2 1.680000	0.043849 0.003989	0.998075 0.000350	0.347209 0.009072	0.135414 0.007241	0.061252 0.006884	0.026255 0.003478	0.011399 0.009996	0.005326 0.009551	0.002514 0.006738	0.001054 0.005271	0.000000 0.000000	
2 48 2 1.690000	0.043104 0.009379	0.998132 0.000809	0.343111 0.009112	0.133812 0.006791	0.056224 0.009362	0.025182 0.005843	0.009308 0.006063	0.002812 0.006528	0.001770 0.004296	0.000670 0.003349	0.001182 0.002944	
2 48 2 1.700000	0.044159 0.008912	0.998042 0.000776	0.344037 0.008340	0.133277 0.009382	0.055690 0.009750	0.025276 0.006908	0.010293 0.005603	0.004053 0.009821	0.001306 0.005956	0.000183 0.000824	0.000000 0.000000	
2 48 2 1.710000	0.046740 0.009498	0.997805 0.000864	0.338765 0.006671	0.133305 0.005706	0.053981 0.006629	0.021785 0.009372	0.005978 0.006044	0.002622 0.006084	0.001498 0.004086	0.001014 0.004068	0.000000 0.000000	
2 48 2 1.720000	0.042017 0.008815	0.998227 0.000745	0.335855 0.006430	0.128158 0.009118	0.052531 0.005178	0.020704 0.006317	0.009976 0.009989	0.002989 0.006527	0.001572 0.004760	0.001156 0.003408	0.001452 0.006944	
2 48 2 1.730000	0.041222 0.008988	0.998291 0.000771	0.331520 0.005268	0.129399 0.009405	0.052148 0.007969	0.022452 0.009471	0.010005 0.002913	0.005297 0.003496	0.001504 0.004490	0.000437 0.002183	0.000810 0.004048	
2 48 2 1.740000	0.041944 0.008218	0.998234 0.000685	0.330502 0.009463	0.125326 0.005908	0.048497 0.007935	0.021482 0.009769	0.008735 0.007512	0.004514 0.006807	0.003765 0.008742	0.001842 0.006940	0.000848 0.003561	
2 48 2 1.750000	0.041916 0.006761	0.998237 0.000557	0.329040 0.003852	0.122855 0.003068	0.050363 0.010000	0.018863 0.006527	0.009664 0.006680	0.005149 0.005089	0.000792 0.003961	0.000561 0.002163	0.000230 0.001149	
2 48 2 1.760000	0.042456 0.006386	0.998192 0.000541	0.326624 0.007609	0.120241 0.008919	0.046797 0.004127	0.019129 0.009725	0.006938 0.007682	0.001985 0.005304	0.001433 0.006305	0.001344 0.006359	0.002091 0.007865	
2 48 2 1.770000	0.041969 0.005073	0.998236 0.000432	0.327029 0.009934	0.118464 0.009954	0.045420 0.005226	0.015906 0.009205	0.003791 0.005687	0.000694 0.001828	0.000140 0.000701	0.000038 0.000189	0.000000 0.000000	
2 48 2 1.780000	0.039741 0.005893	0.998416 0.000458	0.321428 0.009535	0.116902 0.005866	0.047078 0.009057	0.018603 0.002305	0.009783 0.009261	0.003041 0.005523	0.001942 0.004501	0.000766 0.003832	0.000000 0.000000	
2 48 2 1.790000	0.041612 0.006605	0.998260 0.000555	0.318995 0.009547	0.115236 0.008031	0.043279 0.005441	0.017720 0.009139	0.010036 0.009682	0.000302 0.001232	0.002312 0.006407	0.002003 0.009940	0.000809 0.002347	
2 48 2 1.800000	0.037110 0.007544	0.998614 0.000554	0.319103 0.005886	0.113625 0.006356	0.041858 0.005911	0.015250 0.005844	0.008802 0.009976	0.002824 0.006124	0.000696 0.001856	0.000598 0.002989	0.000255 0.001277	
2 48 2 1.810000	0.038283 0.008341	0.998525 0.000637	0.314064 0.008450	0.111901 0.009608	0.042387 0.005176	0.015986 0.008689	0.005495 0.007592	0.003643 0.009964	0.000947 0.002807	0.000552 0.001566	0.000597 0.002986	
2 48 2 1.820000	0.039330 0.006343	0.998447 0.000507	0.309952 0.004592	0.108947 0.005652	0.041907 0.009942	0.015777 0.008371	0.003027 0.004661	0.001250 0.005371	0.003483 0.009973	0.002323 0.006760	0.000401 0.001741	
2 48 2 1.830000	0.035775 0.002950	0.998719 0.000212	0.309213 0.009438	0.106849 0.004042	0.041371 0.007206	0.014778 0.001393	0.004595 0.009068	0.003069 0.006884	0.002941 0.008142	0.001173 0.005863	0.000019 0.000096	
2 48 2 1.840000	0.039901 0.009586	0.998398 0.000774	0.307579 0.008613	0.107093 0.007750	0.039554 0.009470	0.016635 0.003457	0.004249 0.007995	0.001675 0.006257	0.001797 0.008057	0.000140 0.000701	0.000513 0.002565	
2 48 2 1.850000	0.038920 0.005564	0.998481 0.000430	0.307868 0.006835	0.106871 0.002569	0.038869 0.003427	0.015391 0.004059	0.007707 0.008068	0.002936 0.009155	0.003691 0.009825	0.000975 0.002975	0.000487 0.002435	
2 48 2 1.860000	0.036010 0.008781	0.998690 0.000621	0.304180 0.008673	0.108040 0.008326	0.039542 0.007135	0.014272 0.008475	0.002253 0.004228	0.000633 0.003164	0.001225 0.004562	0.002653 0.009724	0.000766 0.003359	
2 48 2 1.870000	0.037978 0.008028	0.998551 0.000616	0.298060 0.008976	0.099872 0.005370	0.035869 0.008674	0.011783 0.009284	0.004355 0.001320	0.003453 0.002569	0.000417 0.001757	0.000000 0.000000	0.001848 0.007783	
2 48 2 1.880000	0.034724 0.004502	0.998792 0.000309	0.299788 0.005368	0.096681 0.007025	0.033235 0.009324	0.012368 0.009867	0.004318 0.009815	0.001127 0.003843	0.001908 0.005460	0.001145 0.003547	0.001596 0.007980	
2 48 2 1.890000	0.038295 0.006441	0.998525 0.000501	0.298453 0.009844	0.099573 0.007832	0.034120 0.003381	0.012927 0.004245	0.003051 0.006696	0.001289 0.006445	0.000849 0.003405	0.000579 0.002896	0.000392 0.001960	
2 48 2 1.900000	0.038267 0.004282	0.998533 0.000323	0.297231 0.009201	0.094598 0.008907	0.034462 0.007229	0.009959 0.007192	0.001265 0.002473	0.000797 0.002638	0.001969 0.004415	0.000050 0.000248	0.002103 0.005122	
2 48 2 1.910000	0.036151 0.009520	0.998680 0.000691	0.291812 0.008307	0.094170 0.008596	0.031035 0.007900	0.011340 0.003915	0.005073 0.005772	0.003013 0.005203	0.000380 0.001562	0.000054 0.000270	0.000910 0.003970	
2 48 2 1.920000	0.036208 0.009468	0.998677 0.000677	0.293254 0.005049	0.097078 0.007106	0.034099 0.003947	0.014106 0.009909	0.003456 0.007477	0.003116 0.007401	0.000326 0.001632	0.000016 0.000082	0.002189 0.007810	
2 48 2 1.930000	0.038501 0.007394	0.998508 0.000574	0.290498 0.007842	0.090814 0.005583	0.029490 0.009618	0.014386 0.006793	0.004419 0.007364	0.001536 0.007680	0.000596 0.002980	0.001166 0.005830	0.002053 0.008531	
2 48 2 1.940000	0.034463 0.009028	0.998803 0.000620	0.287345 0.007404	0.091435 0.008750	0.032420 0.008458	0.012254 0.008351	0.005677 0.009997	0.001445 0.004682	0.003059 0.009787	0.000163 0.000816	0.002896 0.007108	
2 48 2 1.950000	0.036431 0.009250	0.998659 0.000656	0.290163 0.008480	0.094742 0.006244	0.032923 0.009087	0.011518 0.005122	0.002411 0.007780	0.001615 0.004384	0.000000 0.000000	0.000000 0.000000	-0.000204 0.001022	
2 48 2 1.960000	0.036533 0.006986	0.998659 0.000508	0.284971 0.003954	0.089905 0.008844	0.030740 0.008069	0.009728 0.004055	0.003793 0.005337	0.000000 0.000000	0.001188 0.004859	0.000000 0.000000	0.000190 0.000951	
2 48 2 1.970000	0.035012 0.003472	0.998773 0.000242	0.283040 0.004620	0.084489 0.005243	0.029491 0.008904	0.010225 0.009268	0.001570 0.005203	0.001123 0.005557	0.002158 0.006532	0.001445 0.007227	0.000000 0.000000	
2 48 2 1.980000	0.037326 0.001571	0.998606 0.000118	0.280024 0.006575	0.083293 0.007715	0.026359 0.009813	0.008214 0.006973	0.001904 0.005505	0.004917 0.009692	0.000088 0.000755	0.001495 0.007473	0.000430 0.002149	
2 48 2 1.990000	0.033798 0.006474	0.998852 0.000431	0.278799 0.002620	0.087929 0.007548	0.027810 0.009944	0.009104 0.009695	0.002093 0.003692	0.002906 0.005564	0.000975 0.004873	0.000404 0.002020	0.001103 0.005513	
2 48 2 2.000000	0.032103 0.005109	0.998965 0.000322	0.281009 0.005527	0.087409 0.006925	0.029354 0.004480	0.012480 0.009082	0.005034 0.007594	0.002486 0.006458	0.001474 0.004557	0.000000 0.000000	0.001507 0.004089	
2 48 2 2.010000	0.032420 0.008233	0.998941 0.000528	0.275644 0.006957	0.083296 0.008419	0.028759 0.008505	0.011995 0.009779	0.001991 0.005402	0.002075 0.007799	0.001115 0.005575	0.000000 0.000000	0.001067 0.005334	
2 48 2 2.020000	0.034829 0.007603	0.998780 0.000521	0.272203 0.008055	0.080189 0.005836	0.021413 0.008469	0.008142 0.009774	0.004419 0.003841	0.000382 0.001912	0.000516 0.002580	0.000004 0.000020	0.001409 0.006032	
2 48 2 2.030000	0.033684 0.005164	0.998862 0.000354	0.272655 0.009892	0.081552 0.005703	0.022355 0.005900	0.008918 0.003368	0.003218 0.009363	0.001494 0.004103	0.000744 0.003720	0.000475 0.002062	0.000614 0.003071	
2 48 2 2.040000	0.032348 0.002904	0.998952 0.000188	0.268921 0.009178	0.079666 0.006343	0.028300 0.008382	0.004973 0.008283	0.002607 0.004663	0.001283 0.004633	0.002881 0.009751	0.003058 0.009892	0.002357 0.005546	
2 48 2 2.050000	0.031739 0.009218	0.998984 0.000577	0.268754 0.006566	0.080573 0.009861	0.023835 0.009848	0.010291 0.005317	0.003532 0.007447	0.000979 0.004047	0.000409 0.002043	0.000934 0.004672	0.000000 0.000000	
2 48 2 2.060000	0.032092 0.005730	0.998966 0.000379	0.267459 0.007586	0.079531 0.005821	0.025123 0.009698	0.006671 0.007053	0.004499 0.009041	0.001417 0.003648	0.000499 0.002494	0.000503 0.002101	0.001883 0.005552	
2 48 2 2.070000	0.034759 0.007414	0.998786 0.000518	0.267017 0.009955	0.078243 0.004440	0.023670 0.009898	0.007004 0.008422	0.000620 0.003098	0.001428 0.003091	0.001905 0.006797	0.001548 0.003507	0.001281 0.004947	
2 48 2 2.080000	0.032852 0.007608	0.998912 0.000510	0.268537 0.008321	0.076445 0.008377	0.025464 0.003306	0.006212 0.003409	0.001518 0.004704	0.002153 0.009312	0.003250 0.009166	0.003137 0.009879	0.001511 0.005002	
2 48 2 2.090000	0.033327 0.007894	0.998882 0.000518	0.262939 0.008140	0.077853 0.008369	0.024255 0.009562	0.001985 0.002873	0.001997 0.005532	0.002095 0.008968	0.000964 0.004822	0.001401 0.007007	0.002170 0.006193	
2 48 2 2.100000	0.031513 0.003689	0.999005 0.000233	0.261893 0.009679	0.075326 0.009816	0.024610 0.009248	0.005809 0.009100	0.002230 0.006108	0.000000 0.000000	0.001482 0.005778	0.000428 0.001636	0.000040 0.000202	
2 48 2 2.110000	0.031850 0.006995	0.998979 0.000460	0.262525 0.009785	0.074020 0.007262	0.020706 0.009937	0.006066 0.006094	0.001828 0.006985	0.001495 0.003576	0.001320 0.006598	0.000541 0.001597	0.001399 0.006846	
2 48 2 2.120000	0.034298 0.004130	0.998822 0.000287	0.257396 0.009953	0.071932 0.008501	0.022553 0.008972	0.006224 0.005763	0.001221 0.005081	0.000154 0.000771	0.000095 0.000467	0.000364 0.001820	0.000706 0.002132	
2 48 2 2.130000	0.032599 0.007781	0.998927 0.000503	0.260347 0.005903	0.072233 0.006133	0.023561 0.002626	0.007197 0.009760	0.000431 0.001344	0.000975 0.003042	0.000000 0.000000	0.002780 0.005460	0.001679 0.005258	
2 48 2 2.140000	0.031949 0.003516	0.998977 0.000223	0.255839 0.009898	0.073062 0.007544	0.023545 0.002294	0.006149 0.007748	0.000574 0.002360	0.000419 0.000969	0.002227 0.005194	0.000715 0.003577	0.002834 0.008470	
2 48 2 2.150000	0.031767 0.008777	0.998981 0.000532	0.255163 0.008655	0.073994 0.008995	0.020038 0.006180	0.007327 0.009944	0.003925 0.005229	0.001886 0.008275	0.002815 0.008202	0.002649 0.007999	0.001468 0.003844	
2 48 2 2.160000	0.031556 0.006684	0.998999 0.000430	0.254288 0.008182	0.069078 0.009158	0.024431 0.002604	0.004035 0.008765	0.002371 0.007084	0.003071 0.006906	0.002116 0.004432	0.000000 0.000000	0.000747 0.003735	
2 48 2 2.170000	0.030126 0.002506	0.999091 0.000152	0.249660 0.004402	0.069613 0.009878	0.019218 0.005008	0.006423 0.009739	0.001735 0.005585	0.000174 0.000868	0.000246 0.000688	-0.000067 0.000336	0.000861 0.004005	
2 48 2 2.180000	0.031404 0.002490	0.999013 0.000157	0.251640 0.009976	0.067426 0.006717	0.017038 0.007197	0.002675 0.007236	0.002194 0.005838	0.000000 0.000000	0.000319 0.001349	0.000330 0.000899	0.001496 0.003008	
2 48 2 2.190000	0.032025 0.009649	0.998964 0.000605	0.248123 0.009618	0.067297 0.005372	0.017400 0.008325	0.004799 0.009035	0.003448 0.009632	0.002312 0.007634	0.000764 0.002401	0.001736 0.003937	0.000827 0.003301	
2 48 2 2.200000	0.030101 0.007390	0.999087 0.000428	0.248607 0.009650	0.067453 0.006016	0.019489 0.009363	0.005969 0.006713	0.000000 0.000000	0.000424 0.002119	0.002128 0.006352	0.000000 0.000000	0.002167 0.004623	
2 48 2 2.210000	0.030564 0.005903	0.999062 0.000362	0.248335 0.006582	0.064850 0.007889	0.015189 0.009963	0.003436 0.005895	0.002264 0.006776	0.001066 0.003074	0.000860 0.004480	0.000855 0.003275	0.000143 0.000713	
2 48 2 2.220000	0.030719 0.001761	0.999056 0.000108	0.243639 0.006875	0.066272 0.006668	0.014727 0.009990	0.005299 0.007387	0.001061 0.005305	0.001019 0.004095	0.002179 0.008919	0.000358 0.001428	0.000382 0.001911	
2 48 2 2.230000	0.030341 0.008315	0.999071 0.000508	0.246151 0.009918	0.064898 0.009464	0.018368 0.003290	0.003782 0.008748	0.002124 0.004165	0.001321 0.005507	0.000785 0.003151	0.001727 0.004639	0.002222 0.006648	
2 48 2 2.240000	0.032190 0.005051	0.998960 0.000325	0.242639 0.009904	0.064592 0.005259	0.019251 0.007512	0.006240 0.009678	0.000075 0.000374	0.000183 0.000916	0.001766 0.006185	0.000000 0.000000	0.001195 0.005591	
2 48 2 2.250000	0.032367 0.006221	0.998948 0.000390	0.239946 0.009995	0.064219 0.009540	0.018722 0.006059	0.003619 0.008762	0.001637 0.006622	0.000814 0.002317	0.002273 0.005000	0.000940 0.002551	0.000240 0.001199	
2 48 2 2.260000	0.031235 0.007459	0.999017 0.000459	0.240921 0.009696	0.062019 0.005984	0.014784 0.008698	0.006275 0.006742	0.000517 0.001337	0.000877 0.004383	0.001943 0.005956	0.002374 0.007399	0.000712 0.003559	
2 48 2 2.270000	0.029990 0.003878	0.999098 0.000235	0.238922 0.005486	0.062504 0.004525	0.016878 0.009162	0.006152 0.009801	0.001517 0.004075	0.000000 0.000000	0.000694 0.003469	0.002051 0.006103	0.000520 0.002601	
2 48 2 2.280000	0.029719 0.007803	0.999108 0.000431	0.239838 0.005747	0.063633 0.005499	0.017590 0.009717	0.002623 0.006706	0.000000 0.000000	-0.000028 0.000140	0.000859 0.003470	0.000920 0.003308	0.001883 0.009413	
2 48 2 2.290000	0.031101 0.003785	0.999031 0.000240	0.236070 0.008579	0.058446 0.005068	0.013301 0.009997	0.007005 0.007293	0.001611 0.008053	0.004407 0.009273	0.000283 0.001415	0.001640 0.004350	0.001274 0.002819	
2 48 2 2.300000	0.029577 0.002874	0.999124 0.000167	0.234097 0.006780	0.058342 0.007757	0.015473 0.008122	0.006277 0.008346	0.000289 0.001443	0.000902 0.003447	0.000447 0.002235	0.000648 0.003221	0.001843 0.005808	
2 48 2 2.310000	0.029031 0.005828	0.999154 0.000337	0.232839 0.006811	0.057492 0.005751	0.016281 0.009467	0.006288 0.009414	0.001520 0.005526	0.000764 0.002704	0.000534 0.002669	0.000000 0.000000	0.000804 0.004020	
2 48 2 2.320000	0.028497 0.007589	0.999180 0.000421	0.231868 0.005226	0.057275 0.009161	0.016543 0.007470	0.001161 0.003041	0.002247 0.006180	0.000000 0.000000	0.000335 0.001126	0.001382 0.003434	0.000613 0.003065	
2 48 2 2.330000	0.030757 0.003991	0.999052 0.000238	0.230678 0.009714	0.058849 0.007364	0.015765 0.009637	0.004299 0.006942	0.001232 0.003953	0.000403 0.001967	0.000606 0.003031	0.001343 0.004837	0.000471 0.002354	
2 48 2 2.340000	0.031192 0.005016	0.999023 0.000309	0.232211 0.008432	0.056624 0.009784	0.014817 0.009546	0.003148 0.005380	0.001340 0.004858	0.000280 0.001402	0.000000 0.000000	0.000252 0.001259	0.000341 0.001705	
2 48 2 2.350000	0.027948 0.007465	0.999211 0.000395	0.229076 0.007825	0.053974 0.003898	0.010255 0.004689	0.000918 0.003690	0.004837 0.009947	0.001246 0.006230	0.001468 0.007341	0.000401 0.002007	0.001249 0.003611	
2 48 2 2.360000	0.029310 0.009970	0.999129 0.000595	0.231462 0.006668	0.055277 0.006834	0.011597 0.006157	0.002406 0.006033	0.000083 0.000416	0.003124 0.008628	0.000000 0.000000	0.002173 0.008784	0.001130 0.002847	
2 48 2 2.370000	0.029699 0.005650	0.999113 0.000337	0.230223 0.007544	0.061999 0.009444	0.016554 0.009421	0.003992 0.007313	0.001944 0.003668	0.002597 0.007585	0.002003 0.008320	0.000941 0.002585	0.003286 0.008409	
2 48 2 2.380000	0.028502 0.008109	0.999181 0.000468	0.225663 0.009290	0.055617 0.009471	0.015727 0.006836	0.004302 0.008493	0.003048 0.006042	0.001150 0.004191	0.000475 0.002373	0.000000 0.000000	0.000737 0.001783	
2 48 2 2.390000	0.028744 0.003875	0.999172 0.000223	0.226366 0.008036	0.054954 0.007166	0.014851 0.008716	0.002989 0.006538	0.000748 0.003739	0.001893 0.004286	0.000965 0.004440	0.002407 0.005367	0.001906 0.009528	
2 48 2 2.400000	0.031327 0.001779	0.999018 0.000112	0.222235 0.009802	0.051606 0.009954	0.015535 0.007998	0.002627 0.003886	0.002565 0.005916	0.002029 0.005777	0.001869 0.004527	0.001632 0.007613	0.002236 0.004222	
2 48 2 2.410000	0.028124 0.003965	0.999207 0.000223	0.223357 0.006143	0.055262 0.009989	0.012971 0.008413	0.001221 0.001327	0.000456 0.002278	0.000142 0.000708	0.002318 0.004561	0.000700 0.003502	0.000318 0.001464	
2 48 2 2.420000	0.028795 0.004047	0.999168 0.000241	0.225259 0.007456	0.052998 0.006946	0.013093 0.004375	0.004715 0.007332	0.002940 0.009009	0.001879 0.008340	0.001493 0.005953	0.000702 0.003511	0.000000 0.000000	
2 48 2 2.430000	0.028534 0.004354	0.999183 0.000250	0.220347 0.005681	0.053214 0.009451	0.009535 0.005944	0.002779 0.006691	0.001141 0.005707	0.003068 0.006263	0.000171 0.001556	0.001117 0.005583	0.000232 0.001158	
2 48 2 2.440000	0.027110 0.006796	0.999259 0.000359	0.220619 0.007398	0.050969 0.009094	0.010347 0.008611	0.003411 0.009464	0.002787 0.009664	0.000265 0.001325	0.002859 0.008903	0.000226 0.001132	0.000000 0.000000	
2 48 2 2.450000	0.028996 0.006318	0.999154 0.000354	0.217501 0.004153	0.049285 0.007024	0.011245 0.004638	0.006398 0.009948	0.001295 0.005534	0.001458 0.004192	0.001321 0.003702	0.001265 0.004420	0.000488 0.002438	
2 48 2 2.460000	0.028049 0.009983	0.999200 0.000601	0.217813 0.009531	0.048190 0.009824	0.011888 0.000579	0.003072 0.007341	0.004655 0.007798	0.004889 0.009808	0.002362 0.006527	0.000526 0.002628	0.000129 0.000643	
2 48 2 2.470000	0.025060 0.006424	0.999367 0.000332	0.220528 0.004813	0.051381 0.005278	0.011929 0.008993	0.000000 0.000000	0.002384 0.007687	0.000909 0.004244	0.004674 0.008919	0.002573 0.009469	0.000727 0.003636	
2 48 2 2.480000	0.028984 0.008813	0.999150 0.000481	0.216401 0.009993	0.050862 0.008991	0.010452 0.009493	0.002379 0.007766	0.000377 0.001885	0.001244 0.004235	0.000000 0.000000	0.000539 0.002697	0.001390 0.004202	
2 48 2 2.490000	0.029240 0.001210	0.999145 0.000071	0.213935 0.009695	0.050866 0.008528	0.013527 0.009329	0.004798 0.008609	0.000416 0.002081	0.000000 0.000000	0.000335 0.000872	0.000000 0.000000	0.000677 0.002978	
2 48 2 2.500000	0.027835 0.004792	0.999222 0.000272	0.212283 0.009363	0.046325 0.008089	0.014744 0.009056	0.004429 0.007765	0.001270 0.003639	0.000000 0.000000	0.000585 0.002136	0.001498 0.007045	0.004172 0.009347	
2 48 2 2.510000	0.028178 0.001929	0.999205 0.000109	0.211316 0.009637	0.049083 0.004806	0.011037 0.008023	0.003053 0.008456	0.001190 0.004029	0.002756 0.007194	0.000257 0.001283	0.000222 0.001110	0.000229 0.000585	
2 48 2 2.520000	0.026596 0.003556	0.999291 0.000187	0.212031 0.009158	0.045568 0.004256	0.009876 0.005262	0.004791 0.004573	0.002831 0.009814	0.000426 0.002131	0.000164 0.000819	0.001829 0.007719	0.000617 0.003083	
2 48 2 2.530000	0.026986 0.005291	0.999268 0.000289	0.212773 0.009552	0.047755 0.008298	0.011621 0.005836	0.002743 0.007968	0.003003 0.005323	0.001851 0.004751	0.000793 0.003851	0.000453 0.002264	0.000435 0.002173	
2 48 2 2.540000	0.030431 0.003544	0.999072 0.000214	0.209893 0.003033	0.049873 0.007349	0.012225 0.009780	0.002686 0.008720	0.001616 0.003704	0.001329 0.006643	0.001399 0.004131	0.001127 0.004408	0.002341 0.007540	
2 48 2 2.550000	0.026933 0.007604	0.999266 0.000433	0.209770 0.008267	0.045261 0.005236	0.012881 0.009228	0.005097 0.009751	0.000798 0.003164	0.000712 0.001912	0.000966 0.002403	0.001228 0.002409	0.000688 0.003439	
2 48 2 2.560000	0.027166 0.004085	0.999260 0.000226	0.206482 0.009665	0.047986 0.009018	0.009011 0.005989	0.003342 0.008067	0.001427 0.003234	0.000676 0.003378	0.000000 0.000000	0.000048 0.000240	0.000000 0.000000	
2 48 2 2.570000	0.027545 0.006157	0.999237 0.000339	0.208640 0.008519	0.044605 0.005722	0.008340 0.008865	0.003340 0.008472	0.000698 0.003490	0.002359 0.004257	0.000201 0.001005	0.001393 0.005925	0.000532 0.001487	
2 48 2 2.580000	0.029603 0.007851	0.999116 0.000475	0.204965 0.009404	0.046639 0.004215	0.016714 0.008271	0.000890 0.002374	0.001216 0.006079	0.000000 0.000000	0.001195 0.005977	0.000208 0.001042	0.002570 0.008748	
2 48 2 2.590000	0.028008 0.006076	0.999212 0.000340	0.205513 0.009883	0.041926 0.009421	0.012608 0.005031	0.003289 0.007596	0.001664 0.003239	0.001856 0.007137	0.000671 0.003356	0.002011 0.007541	0.000000 0.000000	
2 48 2 2.600000	0.025010 0.008391	0.999367 0.000419	0.204013 0.008806	0.043166 0.005522	0.007701 0.008969	0.004531 0.004692	0.001915 0.009573	0.001885 0.007068	0.000773 0.003865	0.000761 0.002555	0.000000 0.000000	
2 48 2 2.610000	0.026847 0.002911	0.999278 0.000152	0.204012 0.006743	0.044424 0.006812	0.009082 0.007312	0.002076 0.009479	0.001594 0.003894	0.001611 0.005801	0.001173 0.004064	0.000471 0.002354	0.004257 0.008675	
2 48 2 2.620000	0.025959 0.008604	0.999313 0.000452	0.203090 0.004281	0.045232 0.008218	0.009005 0.004072	0.004508 0.009944	0.000326 0.001359	0.000852 0.004261	0.001721 0.004539	0.001080 0.005402	0.001204 0.004945	
2 48 2 2.630000	0.026293 0.006930	0.999300 0.000364	0.199277 0.008336	0.040689 0.009836	0.010232 0.006748	0.002741 0.006059	0.000000 0.000000	0.002306 0.006440	0.000287 0.001025	0.003230 0.005076	0.001938 0.009555	
2 48 2 2.640000	0.028363 0.004340	0.999193 0.000244	0.200288 0.009057	0.042959 0.005112	0.008648 0.009166	0.001136 0.003580	0.000720 0.002285	0.001499 0.004590	0.000000 0.000000	0.003391 0.007017	0.001798 0.008991	
2 48 2 2.650000	0.025856 0.006233	0.999325 0.000320	0.199196 0.005934	0.042107 0.009968	0.008116 0.005526	0.001226 0.003783	0.000903 0.002833	0.000730 0.003652	0.001149 0.005747	0.000865 0.003162	0.002805 0.005981	
2 48 2 2.660000	0.027629 0.003767	0.999234 0.000208	0.199554 0.008083	0.041843 0.009936	0.008860 0.007361	0.002304 0.006817	0.000966 0.001987	0.000929 0.004644	0.001611 0.004685	0.000485 0.001267	0.002044 0.005311	
2 48 2 2.670000	0.027853 0.005876	0.999218 0.000320	0.199716 0.009125	0.041754 0.006204	0.009866 0.009228	0.001329 0.005545	0.000000 0.000000	0.000497 0.001581	0.000944 0.004721	0.001853 0.003524	0.000729 0.003645	
2 48 2 2.680000	0.027372 0.008839	0.999242 0.000481	0.197419 0.007802	0.041300 0.009362	0.007034 0.008993	0.005588 0.007053	0.000819 0.004095	0.003646 0.009439	0.002163 0.008390	0.000269 0.001288	0.001309 0.004074	
2 48 2 2.690000	0.030653 0.009019	0.999050 0.000529	0.200280 0.008391	0.038953 0.009265	0.006354 0.009554	0.001504 0.003905	0.001655 0.008273	0.000372 0.001858	0.002827 0.008340	0.000001 0.000007	0.001571 0.007857	
2 48 2 2.700000	0.026868 0.006262	0.999273 0.000348	0.195532 0.009537	0.040551 0.008911	0.007256 0.002064	0.003832 0.007443	0.002873 0.008546	0.001322 0.002797	0.000633 0.003167	0.000208 0.001039	0.001449 0.004279	
2 48 2 2.710000	0.025851 0.002486	0.999331 0.000127	0.195225 0.007103	0.037820 0.008775	0.008037 0.009869	0.002984 0.008695	0.001343 0.002550	0.000798 0.002638	0.000092 0.000458	0.000549 0.002399	0.000904 0.002988	
2 48 2 2.720000	0.027360 0.004348	0.999249 0.000232	0.194292 0.007164	0.040021 0.005561	0.006344 0.009807	0.001995 0.005291	0.003019 0.005947	0.000834 0.002356	0.001202 0.006010	0.000674 0.002555	0.000393 0.001963	
2 48 2 2.730000	0.026906 0.009303	0.999261 0.000521	0.193457 0.009514	0.039912 0.009110	0.006593 0.004464	0.003093 0.006570	0.002274 0.008934	0.001287 0.004780	0.000000 0.000000	0.001714 0.004927	0.003276 0.008236	
2 48 2 2.740000	0.028509 0.005753	0.999183 0.000333	0.192215 0.004055	0.039243 0.005481	0.004791 0.004785	0.001559 0.004774	0.004442 0.008871	0.001273 0.006363	0.002859 0.008504	0.001882 0.006647	0.000513 0.002564	
2 48 2 2.750000	0.024966 0.004686	0.999374 0.000229	0.194670 0.009623	0.039529 0.005642	0.009890 0.009024	0.003241 0.008444	0.001077 0.004918	0.000495 0.001911	0.000000 0.000000	0.000522 0.001391	0.001008 0.003260	
2 48 2 2.760000	0.027456 0.005323	0.999243 0.000298	0.191694 0.006391	0.039021 0.009473	0.011058 0.008195	0.000669 0.003344	0.001131 0.004929	0.003286 0.006296	0.001472 0.003931	0.000229 0.000597	0.000101 0.000505	
2 48 2 2.770000	0.027193 0.003408	0.999259 0.000185	0.190193 0.009956	0.036443 0.009917	0.007920 0.008930	0.003194 0.006086	0.000111 0.000299	0.001732 0.008661	0.001525 0.003576	0.002169 0.006596	0.001070 0.003416	
2 48 2 2.780000	0.026875 0.006218	0.999273 0.000338	0.190538 0.006448	0.037466 0.009004	0.009034 0.009799	0.001957 0.005424	0.000000 0.000000	0.002289 0.003920	0.000906 0.001732	0.002701 0.006820	0.004531 0.004949	
2 48 2 2.790000	0.024539 0.003601	0.999396 0.000176	0.188354 0.002342	0.033832 0.003469	0.005745 0.009977	0.002618 0.009137	0.000918 0.001912	0.001169 0.004758	0.000000 0.000000	0.000111 0.000553	0.001033 0.003822	
2 48 2 2.800000	0.026004 0.005755	0.999320 0.000286	0.183874 0.008491	0.035392 0.009984	0.003727 0.008324	0.002439 0.007230	0.000901 0.002481	0.002103 0.006374	0.001412 0.004591	0.000784 0.003921	0.000233 0.001164	
2 48 2 2.810000	0.027702 0.003038	0.999231 0.000167	0.185342 0.009122	0.036599 0.005316	0.005697 0.008906	0.001793 0.005595	0.000678 0.003389	0.000156 0.000781	0.002877 0.009773	0.003747 0.007110	0.003452 0.007167	
2 48 2 2.820000	0.023979 0.005136	0.999421 0.000252	0.186649 0.008295	0.033547 0.006347	0.009175 0.009381	0.002630 0.006601	0.000000 0.000000	0.002355 0.007748	0.000455 0.002276	0.001729 0.007232	0.001237 0.005294	
2 48 2 2.830000	0.025674 0.003299	0.999339 0.000172	0.189339 0.007116	0.038432 0.008605	0.009203 0.006685	0.003450 0.009398	0.000559 0.001526	0.000000 0.000000	0.002930 0.005856	0.001719 0.008595	0.000500 0.001545	
2 48 2 2.840000	0.026269 0.002526	0.999309 0.000132	0.183907 0.008531	0.034976 0.003856	0.007376 0.008060	0.002682 0.005781	0.000992 0.003585	0.000664 0.003319	0.002514 0.008406	0.000004 0.000022	0.000191 0.000956	
2 48 2 2.850000	0.024711 0.005349	0.999385 0.000260	0.183234 0.008729	0.034452 0.006879	0.005246 0.008361	0.004642 0.008580	0.001438 0.004741	0.000173 0.000866	0.001973 0.009864	0.001967 0.007654	0.001795 0.008975	
2 48 2 2.860000	0.024723 0.004741	0.999386 0.000234	0.181879 0.009088	0.034499 0.004700	0.005445 0.009697	0.001161 0.005803	0.002445 0.007500	0.001354 0.003053	0.001091 0.005456	0.000315 0.000906	0.003116 0.005283	
2 48 2 2.870000	0.024970 0.005672	0.999373 0.000274	0.183799 0.009377	0.035502 0.009954	0.004882 0.009945	0.003096 0.005930	0.001759 0.004856	0.001968 0.006607	0.002504 0.005245	0.001860 0.007318	0.000726 0.004460	
2 48 2 2.880000	0.026239 0.007210	0.999306 0.000389	0.182204 0.007602	0.038273 0.006447	0.007191 0.009597	0.005796 0.009995	0.002935 0.008485	0.001008 0.005040	0.000362 0.001068	0.001522 0.007611	0.002271 0.008414	
2 48 2 2.890000	0.025355 0.002709	0.999356 0.000136	0.180358 0.009846	0.032718 0.004024	0.005573 0.006572	0.000000 0.000000	0.000245 0.001223	0.000710 0.001911	0.001276 0.006379	0.000464 0.002319	0.001399 0.003369	
2 48 2 2.900000	0.027058 0.009901	0.999256 0.000527	0.179910 0.009782	0.035947 0.004683	0.009715 0.002627	0.001581 0.003642	0.000477 0.002015	0.001208 0.005901	0.000911 0.002257	0.000791 0.003954	0.000177 0.000883	
2 48 2 2.910000	0.026348 0.004045	0.999304 0.000211	0.178108 0.005808	0.034400 0.008236	0.004952 0.004230	0.002461 0.008225	0.000009 0.000044	0.000548 0.002738	0.001202 0.006010	0.000000 0.000000	0.001904 0.009535	
2 48 2 2.920000	0.025712 0.005123	0.999336 0.000269	0.182916 0.009343	0.036857 0.009560	0.006568 0.007361	0.003247 0.007682	0.000000 0.000000	0.000795 0.003975	0.000432 0.002158	0.000817 0.004084	0.002026 0.005203	
2 48 2 2.930000	0.024899 0.005362	0.999376 0.000270	0.178297 0.009133	0.031592 0.009051	0.004357 0.009516	0.000512 0.002562	0.001833 0.009164	0.001576 0.003763	0.001965 0.006140	0.000992 0.002545	0.001936 0.006321	
2 48 2 2.940000	0.026308 0.005481	0.999303 0.000282	0.176382 0.009715	0.031446 0.006678	0.005546 0.004895	0.000963 0.003530	0.000361 0.001829	0.000985 0.004927	0.000000 0.000000	0.000166 0.000828	0.001183 0.005915	
2 48 2 2.950000	0.024038 0.008976	0.999413 0.000443	0.176314 0.008989	0.030151 0.004138	0.009685 0.006515	0.002252 0.005723	0.001816 0.006363	0.001957 0.005972	0.002613 0.009983	0.001885 0.009194	0.000333 0.001025	
2 48 2 2.960000	0.025783 0.004950	0.999331 0.000253	0.174055 0.008784	0.034605 0.009757	0.005387 0.008536	0.000541 0.003132	0.000000 0.000000	0.003491 0.007767	0.001509 0.005354	0.001478 0.004395	0.001821 0.006378	
2 48 2 2.970000	0.026242 0.008265	0.999303 0.000421	0.177081 0.008711	0.032341 0.005857	0.008340 0.006500	0.002062 0.009703	0.002658 0.007776	0.000903 0.004516	0.002619 0.009916	0.001910 0.005367	0.000000 0.000000	
2 48 2 2.980000	0.025451 0.008056	0.999343 0.000430	0.177041 0.008035	0.034818 0.007163	0.004462 0.009437	0.001115 0.003034	0.000867 0.003725	0.002246 0.008041	0.001515 0.004067	0.001433 0.005232	0.001355 0.004771	
2 48 2 2.990000	0.026078 0.005358	0.999316 0.000275	0.172891 0.007139	0.029592 0.004596	0.007008 0.009791	0.002429 0.006412	0.000327 0.001636	0.000000 0.000000	0.001454 0.006094	0.000547 0.002736	0.001623 0.003253	
2 48 2 3.000000	0.026629 0.009650	0.999279 0.000531	0.174906 0.008135	0.032530 0.007501	0.005747 0.007710	0.003579 0.008760	0.000490 0.002448	0.000730 0.003648	0.000370 0.001849	0.001379 0.005845	0.001467 0.007337	
2 48 2 3.010000	0.025475 0.008018	0.999343 0.000424	0.172426 0.009677	0.032422 0.007921	0.009370 0.007481	0.001931 0.005142	0.001737 0.007964	0.003777 0.008238	0.001462 0.007309	0.001497 0.004693	0.003195 0.007559	
2 48 2 3.020000	0.023978 0.007143	0.999419 0.000350	0.173467 0.006964	0.031194 0.009856	0.003737 0.008129	0.001949 0.005055	0.000000 0.000000	0.000000 0.000000	0.001992 0.009958	0.001058 0.004218	0.001460 0.005835	
2 48 2 3.030000	0.024762 0.003383	0.999385 0.000167	0.172499 0.007335	0.030928 0.008830	0.005388 0.009186	0.000976 0.003021	0.002415 0.009996	0.003135 0.008325	0.001501 0.005259	0.001490 0.004963	0.001740 0.007508	
2 48 2 3.040000	0.024638 0.007042	0.999387 0.000352	0.168509 0.007908	0.027569 0.007579	0.003655 0.009869	0.002676 0.005598	0.001523 0.004181	0.002253 0.007243	0.001461 0.007305	0.001396 0.005211	0.001988 0.005667	
2 48 2 3.050000	0.024572 0.006443	0.999392 0.000321	0.173541 0.007512	0.031473 0.003294	0.004387 0.009994	0.001598 0.007222	0.000947 0.004737	0.002759 0.009231	0.000434 0.001386	0.000316 0.001582	0.001351 0.005391	
2 48 2 3.060000	0.023366 0.004284	0.999452 0.000194	0.172346 0.009015	0.034267 0.008982	0.005373 0.009898	0.002199 0.009009	0.001305 0.004006	0.001602 0.005226	0.001581 0.005125	0.000486 0.001886	0.000973 0.004866	
2 48 2 3.070000	0.024725 0.004981	0.999386 0.000244	0.172110 0.008526	0.029400 0.008828	0.006835 0.009491	0.002567 0.006459	0.000320 0.001602	0.000253 0.001266	0.001670 0.008349	0.000019 0.000097	0.000000 0.000000	
2 48 2 3.080000	0.024750 0.006518	0.999383 0.000329	0.169048 0.009509	0.032203 0.009417	0.008562 0.009973	0.002427 0.006262	0.001558 0.004342	0.000580 0.001717	0.001342 0.005255	0.000058 0.000289	0.001397 0.006985	
2 48 2 3.090000	0.026007 0.002908	0.999322 0.000149	0.169505 0.003508	0.033582 0.004543	0.005361 0.009223	0.002171 0.005387	0.002350 0.008221	-0.000185 0.000728	0.002004 0.005224	0.000313 0.001564	0.000873 0.004363	
2 48 2 3.100000	0.024333 0.008340	0.999399 0.000407	0.169912 0.005942	0.031898 0.009769	0.003743 0.009637	0.003591 0.009257	0.000500 0.002499	0.000623 0.003115	0.000232 0.001162	0.001460 0.003974	0.001181 0.005907	
2 48 2 3.110000	0.025002 0.004547	0.999372 0.000231	0.167839 0.004982	0.030939 0.009970	0.005135 0.009909	0.002271 0.003577	0.001615 0.008073	0.001047 0.005234	0.002781 0.008282	0.000000 0.000000	0.000409 0.001445	
2 48 2 3.120000	0.025432 0.009629	0.999343 0.000488	0.166461 0.008806	0.029173 0.006607	0.004526 0.009777	0.002144 0.006273	0.000978 0.003853	0.001168 0.003304	0.000501 0.002506	0.001020 0.005102	0.000321 0.001603	
2 48 2 3.130000	0.023189 0.003117	0.999461 0.000144	0.164829 0.009333	0.026353 0.008009	0.002527 0.005656	0.001246 0.003441	0.001045 0.002715	0.000000 0.000000	0.001015 0.005074	0.000774 0.001984	0.001675 0.006431	
2 48 2 3.140000	0.023648 0.005193	0.999438 0.000241	0.165605 0.009716	0.031752 0.006265	0.006025 0.007788	0.000781 0.001988	0.000844 0.004219	0.000000 0.000000	0.001376 0.006882	0.000847 0.003219	0.001242 0.004895	
2 48 2 3.150000	0.026081 0.003289	0.999318 0.000169	0.167322 0.008915	0.031036 0.003955	0.005032 0.009058	0.001178 0.004508	0.000949 0.002642	0.001663 0.004571	0.001244 0.003225	0.002106 0.008942	0.001966 0.004316	
2 48 2 3.160000	0.024915 0.005761	0.999376 0.000291	0.163067 0.006487	0.031960 0.009385	0.002566 0.005868	0.001183 0.004821	0.002812 0.005295	0.002545 0.008249	0.000419 0.002095	0.001583 0.005310	0.000785 0.003927	
2 48 2 3.170000	0.022446 0.004866	0.999492 0.000216	0.163872 0.007427	0.028404 0.004744	0.003459 0.009250	0.000700 0.003501	0.000646 0.002424	0.002921 0.009196	0.000000 0.000000	0.004470 0.008147	0.001381 0.006907	
2 48 2 3.180000	0.023461 0.002322	0.999449 0.000108	0.164068 0.008930	0.025913 0.006040	0.002689 0.006566	0.002469 0.009536	0.002358 0.005704	0.002115 0.004863	0.002060 0.005535	0.000298 0.001385	0.001075 0.004822	
2 48 2 3.190000	0.023804 0.005003	0.999430 0.000236	0.161084 0.007906	0.028647 0.006362	0.003471 0.008867	0.002801 0.008645	0.002650 0.009856	0.000898 0.003790	0.000664 0.002790	0.000000 0.000000	0.000433 0.001847	
2 48 2 3.200000	0.023938 0.003247	0.999426 0.000156	0.162888 0.005295	0.025720 0.009399	0.007367 0.008021	0.001861 0.007345	0.000000 0.000000	0.001611 0.008053	0.003522 0.006925	0.001027 0.005134	0.001691 0.004277	
2 48 2 3.210000	0.023782 0.006281	0.999430 0.000286	0.164166 0.008183	0.029910 0.009882	0.003384 0.005714	0.003807 0.007909	0.003597 0.008769	0.003164 0.006227	0.000666 0.003332	0.001314 0.004134	0.000067 0.000337	
2 48 2 3.220000	0.026063 0.008337	0.999314 0.000435	0.158334 0.007127	0.029072 0.008875	0.002836 0.007447	0.000845 0.004223	0.001307 0.006536	0.000962 0.004811	0.000544 0.002719	0.000215 0.001073	0.000740 0.003700	
2 48 2 3.230000	0.025149 0.005432	0.999363 0.000277	0.162141 0.008439	0.028300 0.009975	0.005833 0.008472	0.001726 0.004752	0.001386 0.004443	0.001907 0.003988	0.000000 0.000000	0.000000 0.000000	0.002646 0.007576	
2 48 2 3.240000	0.023714 0.003187	0.999436 0.000153	0.162240 0.006509	0.022815 0.009884	0.004061 0.007994	0.000620 0.003098	0.003356 0.005943	0.002160 0.004929	0.003207 0.009103	0.001055 0.003460	0.001059 0.002281	
2 48 2 3.250000	0.025201 0.006290	0.999361 0.000319	0.160061 0.009878	0.024318 0.009868	0.003621 0.008571	0.002019 0.009062	0.001476 0.004816	0.000000 0.000000	0.000993 0.004737	0.000067 0.000334	0.003456 0.007250	
2 48 2 3.260000	0.025213 0.001110	0.999364 0.000056	0.158887 0.009433	0.026392 0.006954	0.003877 0.009744	0.003505 0.007451	0.002916 0.008698	0.000000 0.000000	0.002232 0.005437	0.000542 0.002709	0.000148 0.000741	
2 48 2 3.270000	0.025540 0.002828	0.999346 0.000143	0.159387 0.007569	0.028631 0.005364	0.004807 0.008941	0.000087 0.000433	0.001419 0.005476	0.001907 0.008456	0.000525 0.002588	0.000000 0.000000	0.002019 0.005640	
2 48 2 3.280000	0.023876 0.007533	0.999424 0.000371	0.155839 0.007173	0.026462 0.009653	0.004151 0.002928	0.001446 0.006469	0.000971 0.002639	0.001186 0.003171	0.003303 0.005516	0.000684 0.002167	0.000349 0.001744	
2 48 2 3.290000	0.024094 0.003812	0.999418 0.000187	0.159214 0.009417	0.022469 0.006908	0.003855 0.006101	0.000888 0.004439	0.000000 0.000000	0.001618 0.003531	0.000000 0.000000	0.000225 0.001126	0.002694 0.006463	
2 48 2 3.300000	0.023309 0.003936	0.999455 0.000178	0.158397 0.007803	0.025516 0.009432	0.002606 0.005137	0.001656 0.003379	0.000224 0.001118	0.000089 0.000444	0.000000 0.000000	0.000743 0.003713	0.001191 0.004389	
2 48 2 3.310000	0.025599 0.009918	0.999334 0.000528	0.156282 0.006301	0.026557 0.009973	0.003347 0.006312	0.003915 0.009318	0.000830 0.002197	0.000827 0.003438	0.001559 0.004070	0.000657 0.003286	0.002787 0.008710	
2 48 2 3.320000	0.024848 0.004051	0.999380 0.000195	0.156346 0.006347	0.025066 0.009928	0.005915 0.009131	0.000000 0.000000	0.001211 0.003313	0.000538 0.002692	0.002265 0.004995	0.001102 0.005510	0.000075 0.000374	
2 48 2 3.330000	0.024219 0.008157	0.999405 0.000396	0.152277 0.009440	0.024245 0.007093	0.000986 0.003277	0.005857 0.006994	0.001765 0.004603	0.000118 0.000589	0.000718 0.003591	0.000077 0.000383	0.000557 0.002783	
2 48 2 3.340000	0.023966 0.007775	0.999416 0.000371	0.153482 0.003844	0.025351 0.004615	0.007950 0.009632	0.000432 0.002159	0.002219 0.009503	0.001012 0.002677	0.002960 0.007729	0.001088 0.005438	0.003340 0.007222	
2 48 2 3.350000	0.024224 0.003115	0.999412 0.000149	0.153643 0.009716	0.023533 0.004681	0.003542 0.006530	0.002323 0.006164	0.001559 0.005514	0.000283 0.001414	0.002532 0.008276	0.000600 0.003217	0.001552 0.006066	
2 48 2 3.360000	0.023037 0.004802	0.999467 0.000228	0.151909 0.007902	0.024943 0.009854	0.005046 0.009498	0.004678 0.007795	0.000205 0.001025	0.001772 0.005377	0.003166 0.008672	0.002234 0.004140	0.002653 0.007235	
2 48 2 3.370000	0.023496 0.002951	0.999446 0.000140	0.155796 0.006684	0.022887 0.009857	0.002607 0.008039	0.001107 0.004759	0.000058 0.000290	0.001964 0.008516	0.000262 0.001312	0.000632 0.001693	0.001253 0.003877	
2 48 2 3.380000	0.023021 0.005089	0.999467 0.000228	0.153457 0.007012	0.026446 0.008306	0.006158 0.009206	0.000938 0.001548	0.000000 0.000000	0.000923 0.002641	0.002276 0.007953	0.002559 0.008410	0.001897 0.006837	
2 48 2 3.390000	0.023003 0.009343	0.999458 0.000448	0.155602 0.009737	0.026365 0.005907	0.005144 0.007249	0.002382 0.008604	0.003338 0.009517	0.001861 0.009307	0.003464 0.009526	0.000790 0.003948	0.000768 0.003842	
2 48 2 3.400000	0.024538 0.004514	0.999395 0.000216	0.151192 0.005470	0.026074 0.009254	0.003701 0.006515	0.000359 0.001797	0.000928 0.004642	0.000000 0.000000	0.002035 0.003801	0.001177 0.005885	0.000958 0.004789	
2 48 2 3.410000	0.022256 0.006162	0.999499 0.000272	0.150245 0.009540	0.023839 0.006325	0.003293 0.005676	0.000362 0.001109	0.000880 0.004398	0.003016 0.009929	0.002027 0.006391	0.001551 0.004190	0.000114 0.000569	
2 48 2 3.420000	0.023499 0.001688	0.999447 0.000079	0.149525 0.008582	0.020549 0.009862	0.002451 0.006382	0.003546 0.009023	0.002674 0.005352	0.001060 0.002679	0.001525 0.005001	0.003016 0.008408	0.002245 0.009174	
2 48 2 3.430000	0.024636 0.004086	0.999391 0.000204	0.151055 0.007740	0.023659 0.009460	0.005914 0.006851	0.001243 0.001932	0.002952 0.007473	0.000432 0.002158	0.000412 0.002235	0.000349 0.001743	0.000818 0.002061	
2 48 2 3.440000	0.024684 0.005040	0.999387 0.000261	0.149807 0.009219	0.024681 0.009690	0.005544 0.009228	0.001767 0.006877	0.001129 0.004435	0.000682 0.003412	0.001888 0.006926	0.000638 0.003192	0.002676 0.007543	
2 48 2 3.450000	0.024342 0.003840	0.999406 0.000188	0.148535 0.009690	0.021320 0.007570	0.003454 0.006030	0.000234 0.001172	0.001628 0.007063	0.000147 0.000737	0.000551 0.002755	0.001879 0.005669	0.000000 0.000000	
2 48 2 3.460000	0.022778 0.005087	0.999478 0.000236	0.149346 0.007219	0.021179 0.007919	0.005908 0.008737	0.001988 0.006261	0.002551 0.007229	0.002831 0.008964	0.000934 0.003774	0.000914 0.004570	0.002057 0.005222	
2 48 2 3.470000	0.022401 0.005295	0.999495 0.000235	0.150394 0.009502	0.020126 0.006176	0.003209 0.006878	0.001377 0.003740	0.000730 0.002551	0.000000 0.000000	0.000000 0.000000	0.000435 0.002175	0.000788 0.003941	
2 48 2 3.480000	0.022726 0.005655	0.999480 0.000253	0.146538 0.008076	0.023540 0.009465	0.001265 0.005432	0.001428 0.004204	0.000987 0.004933	0.000899 0.004494	0.001058 0.002650	0.001844 0.006679	0.000540 0.002699	
2 48 2 3.490000	0.022274 0.002641	0.999503 0.000120	0.146173 0.009699	0.022704 0.009842	0.004812 0.009404	0.002504 0.009771	0.000948 0.005144	0.004809 0.009613	0.000989 0.004943	0.000600 0.002999	0.000892 0.004461	
2 48 2 3.500000	0.023641 0.006706	0.999434 0.000312	0.148644 0.008022	0.023616 0.008806	0.002700 0.006922	0.003308 0.009316	0.001249 0.005241	0.001887 0.009436	0.000361 0.001805	0.001261 0.003677	0.002460 0.008998	
2 48 2 3.510000	0.023622 0.005062	0.999439 0.000232	0.144397 0.009439	0.020753 0.009464	0.003409 0.004623	0.002009 0.004893	0.002200 0.005346	0.000000 0.000000	0.000000 0.000000	0.000001 0.000004	0.001449 0.006654	
2 48 2 3.520000	0.023649 0.003458	0.999439 0.000165	0.147154 0.009705	0.019779 0.009485	0.006586 0.009065	0.002246 0.005772	0.000524 0.002619	0.000000 0.000000	0.000435 0.002175	0.000700 0.003500	0.000594 0.002969	
2 48 2 3.530000	0.022063 0.009619	0.999500 0.000431	0.147557 0.003734	0.023099 0.006897	0.002180 0.007736	0.001306 0.006530	0.003033 0.009627	0.000652 0.003261	0.001579 0.006433	0.002299 0.009555	0.001209 0.004774	
2 48 2 3.540000	0.022070 0.003049	0.999512 0.000132	0.146895 0.009656	0.019498 0.006700	0.001732 0.005614	0.002013 0.006815	0.001895 0.009475	0.003280 0.009620	0.000764 0.003822	0.001058 0.005290	0.001078 0.003059	
2 48 2 3.550000	0.023750 0.003099	0.999435 0.000148	0.150642 0.009357	0.019637 0.002572	0.002945 0.004181	0.000222 0.000572	0.000000 0.000000	0.001104 0.003439	0.002571 0.007233	0.000945 0.004726	0.001577 0.004168	
2 48 2 3.560000	0.020849 0.007195	0.999558 0.000302	0.143631 0.007841	0.019238 0.007372	0.006246 0.009215	0.005039 0.009999	0.002196 0.008736	0.000779 0.003894	0.000523 0.002617	0.001872 0.006843	0.001881 0.008220	
2 48 2 3.570000	0.021680 0.006548	0.999525 0.000283	0.142100 0.009619	0.022065 0.009094	0.000682 0.003096	0.001348 0.003534	0.000221 0.001106	0.001107 0.005591	0.002711 0.007729	0.003776 0.004697	0.001356 0.006778	
2 48 2 3.580000	0.022345 0.009280	0.999491 0.000404	0.145263 0.007819	0.022930 0.009842	0.002234 0.009210	0.003052 0.006888	0.000084 0.000419	0.000940 0.004699	0.001536 0.004184	0.000890 0.003571	0.000000 0.000000	
2 48 2 3.590000	0.022687 0.006342	0.999481 0.000294	0.143830 0.007097	0.022724 0.009830	0.001564 0.003393	0.000813 0.002645	0.001124 0.004371	0.002039 0.005512	0.001745 0.007645	0.003245 0.006521	0.003578 0.007130	
2 48 2 3.600000	0.024491 0.003562	0.999398 0.000170	0.142937 0.008765	0.020054 0.009764	0.001463 0.006503	0.000257 0.000834	0.000285 0.001426	0.002559 0.008468	0.000665 0.003189	0.000000 0.000000	0.000000 0.000000	
2 48 2 3.610000	0.022294 0.004006	0.999501 0.000172	0.142283 0.009209	0.019176 0.009901	0.004304 0.006248	0.001933 0.003559	0.000720 0.002984	0.000320 0.001598	0.000992 0.003558	0.000000 0.000000	0.001351 0.006755	
2 48 2 3.620000	0.021745 0.006586	0.999523 0.000290	0.141780 0.009736	0.021111 0.008404	0.002726 0.007372	0.000566 0.001687	0.001688 0.003494	0.001783 0.008915	0.001731 0.003820	0.001494 0.005895	0.001105 0.005525	
2 48 2 3.630000	0.023179 0.006132	0.999456 0.000284	0.141216 0.009885	0.017788 0.007562	0.003762 0.008583	0.000000 0.000000	0.002440 0.005468	0.000328 0.001638	0.000948 0.004481	0.002440 0.004419	0.002557 0.007173	
2 48 2 3.640000	0.023495 0.005317	0.999444 0.000263	0.142217 0.005575	0.024152 0.009022	0.003220 0.007434	0.002616 0.009071	0.001098 0.005849	0.000154 0.000769	0.000405 0.002024	-0.000065 0.000324	0.001908 0.006471	
2 48 2 3.650000	0.024280 0.004087	0.999408 0.000194	0.141094 0.009391	0.016658 0.008601	0.002606 0.005294	0.001575 0.007322	0.000540 0.002699	0.000200 0.001002	0.000707 0.003536	0.002064 0.006164	0.001431 0.007154	
2 48 2 3.660000	0.023079 0.005114	0.999464 0.000236	0.141675 0.003463	0.020033 0.009532	0.005831 0.008984	0.002135 0.004937	0.000556 0.002227	0.000150 0.000752	0.001009 0.003674	0.000000 0.000000	0.001750 0.007465	
2 48 2 3.670000	0.021638 0.005899	0.999528 0.000261	0.139246 0.005254	0.019309 0.008806	0.003977 0.009394	0.002998 0.006663	0.003219 0.008734	0.001109 0.003163	0.000241 0.001207	0.000216 0.001080	0.001584 0.007918	
2 48 2 3.680000	0.023195 0.002301	0.999461 0.000109	0.137375 0.007549	0.021388 0.009704	0.004809 0.008471	0.002314 0.006806	0.002028 0.007487	0.002224 0.005925	0.002835 0.008735	0.004729 0.009989	0.001449 0.004355	
2 48 2 3.690000	0.022523 0.005100	0.999489 0.000235	0.141774 0.006581	0.018562 0.009727	0.001613 0.004301	0.000134 0.000670	0.000785 0.002392	0.001525 0.004158	0.002380 0.006945	0.001389 0.006568	0.001612 0.004978	
2 48 2 3.700000	0.023918 0.006221	0.999423 0.000297	0.138589 0.009388	0.018651 0.009847	0.003709 0.008315	0.001776 0.008880	0.001868 0.004874	0.001306 0.004781	0.000000 0.000000	-0.000281 0.000884	0.000870 0.004350	
2 48 2 3.710000	0.024059 0.002345	0.999420 0.000111	0.140973 0.008083	0.022919 0.006756	0.002038 0.008797	0.002233 0.009066	0.001070 0.003348	0.001211 0.004076	0.002380 0.007123	0.001028 0.003747	0.000067 0.000357	
2 48 2 3.720000	0.022882 0.005600	0.999472 0.000268	0.137844 0.005888	0.021445 0.009273	0.004669 0.007462	0.002814 0.006310	0.000761 0.003807	0.001035 0.001986	0.001811 0.009053	0.000957 0.003762	0.001194 0.005969	
2 48 2 3.730000	0.024211 0.005010	0.999411 0.000247	0.133309 0.006090	0.018037 0.009656	0.001642 0.005218	0.003201 0.008720	0.000370 0.001849	0.001936 0.005397	0.002653 0.007254	0.002368 0.006863	0.003080 0.007970	
2 48 2 3.740000	0.022405 0.006771	0.999492 0.000292	0.135849 0.009342	0.018962 0.008849	0.002206 0.006494	0.002456 0.006133	0.000997 0.003695	0.001100 0.005499	0.001237 0.005036	0.000025 0.000127	0.000905 0.004523	
2 48 2 3.750000	0.022330 0.005177	0.999498 0.000237	0.136896 0.007074	0.019854 0.009912	0.005092 0.007638	0.002796 0.008916	0.003383 0.006945	0.001380 0.006900	0.001754 0.003928	0.001300 0.004577	0.000399 0.001099	
2 48 2 3.760000	0.022060 0.005731	0.999510 0.000256	0.135983 0.009725	0.019390 0.006738	0.003551 0.007333	0.000000 0.000000	0.001538 0.004845	0.002625 0.006152	0.001318 0.003683	0.001960 0.006297	0.001200 0.002813	
2 48 2 3.770000	0.022761 0.004075	0.999480 0.000188	0.139353 0.006079	0.020455 0.009583	0.003012 0.008743	0.002735 0.008503	0.002084 0.005487	0.000276 0.001379	0.003675 0.009140	0.001591 0.007264	0.001531 0.003235	
2 48 2 3.780000	0.022778 0.005826	0.999476 0.000278	0.135302 0.009935	0.022705 0.003083	0.001525 0.004453	0.000699 0.003496	0.001277 0.003580	0.001983 0.009079	0.001729 0.005172	0.000000 0.000000	0.000734 0.003672	
2 48 2 3.790000	0.023931 0.005868	0.999423 0.000273	0.134798 0.007994	0.015929 0.009870	0.001657 0.005571	0.001644 0.008030	0.001210 0.003577	0.001241 0.003125	0.001782 0.008908	0.001692 0.008462	0.001028 0.005141	
2 48 2 3.800000	0.023430 0.004657	0.999448 0.000226	0.135757 0.005817	0.018516 0.009866	0.003001 0.007764	0.002685 0.006588	0.001022 0.002309	0.001535 0.006192	0.000510 0.001959	0.000294 0.001469	0.000679 0.002593	
2 48 2 3.810000	0.020977 0.008464	0.999551 0.000328	0.129979 0.008827	0.014989 0.007327	0.001410 0.003200	0.001188 0.005940	0.002671 0.007851	0.000000 0.000000	0.002080 0.008154	0.000963 0.004817	0.003005 0.006996	
2 48 2 3.820000	0.021040 0.003227	0.999556 0.000138	0.131310 0.007797	0.018273 0.008135	0.001553 0.007766	0.000646 0.003065	0.000000 0.000000	0.001228 0.006138	0.000000 0.000000	0.001325 0.006241	0.002088 0.006207	
2 48 2 3.830000	0.022315 0.005208	0.999498 0.000234	0.130310 0.009586	0.019800 0.009089	0.004007 0.007140	0.003030 0.007330	0.003772 0.007317	0.001287 0.006436	0.000692 0.003460	0.001614 0.008072	0.000823 0.003480	
2 48 2 3.840000	0.024017 0.008975	0.999413 0.000406	0.134681 0.003175	0.018283 0.006972	0.001481 0.004753	0.002775 0.009828	0.001319 0.002828	0.002874 0.009117	0.001079 0.002378	0.002654 0.007578	0.000317 0.001586	
2 48 2 3.850000	0.022150 0.003405	0.999508 0.000154	0.133285 0.009394	0.016940 0.006045	0.003312 0.006524	0.000056 0.000278	0.000114 0.000569	0.002297 0.009123	0.000961 0.004087	0.000386 0.001928	0.000277 0.001387	
2 48 2 3.860000	0.021647 0.007062	0.999524 0.000308	0.131546 0.002328	0.020532 0.009552	0.002263 0.007456	0.000844 0.004222	0.001399 0.004294	0.000000 0.000000	0.001166 0.004684	0.001222 0.005317	0.000470 0.001033	
2 48 2 3.870000	0.023326 0.005270	0.999452 0.000253	0.134724 0.008575	0.017223 0.009601	0.002155 0.008663	0.000467 0.002567	0.000323 0.001614	0.000000 0.000000	0.000570 0.002849	0.002685 0.007249	0.000692 0.001809	
2 48 2 3.880000	0.023671 0.004886	0.999437 0.000234	0.133812 0.008474	0.016877 0.008758	0.005463 0.006529	0.000774 0.002576	0.000971 0.003369	0.000371 0.002254	0.001424 0.007121	0.002323 0.007973	0.000755 0.003775	
2 48 2 3.890000	0.021962 0.006049	0.999514 0.000266	0.132977 0.009734	0.020016 0.006611	0.001629 0.003237	0.000695 0.001799	0.000336 0.001682	0.001873 0.006449	0.000546 0.002729	0.002310 0.008801	0.000450 0.001628	
2 48 2 3.900000	0.022816 0.008292	0.999471 0.000361	0.133924 0.008049	0.018256 0.008557	0.003495 0.008402	0.002054 0.006447	0.001386 0.006928	0.000472 0.001333	0.002360 0.005937	0.002453 0.008325	0.002429 0.005185	
2 48 2 3.910000	0.021953 0.007706	0.999511 0.000321	0.135466 0.007878	0.019979 0.007059	0.004502 0.009178	0.001901 0.004790	0.004355 0.009623	0.002882 0.008130	0.000000 0.000000	0.002955 0.005905	0.003818 0.009167	
2 48 2 3.920000	0.021836 0.002899	0.999522 0.000126	0.127732 0.005997	0.016988 0.006549	0.000680 0.002680	0.000581 0.002707	0.003636 0.007867	0.002626 0.008183	0.003475 0.009581	-0.000111 0.000556	0.001510 0.004337	
2 48 2 3.930000	0.023172 0.002757	0.999462 0.000129	0.130896 0.008375	0.014798 0.009771	0.002188 0.003796	0.001103 0.005481	0.000518 0.001546	0.000753 0.003692	0.000000 0.000000	0.002196 0.007110	0.002532 0.006485	
2 48 2 3.940000	0.021895 0.002819	0.999520 0.000121	0.129598 0.004454	0.019946 0.006827	0.002404 0.009807	0.001313 0.002988	0.002079 0.008504	0.002161 0.006859	0.002482 0.006213	0.001655 0.007473	0.000681 0.002122	
2 48 2 3.950000	0.022424 0.004762	0.999494 0.000215	0.127876 0.009509	0.019518 0.009774	0.001103 0.005103	0.000000 0.000000	0.001814 0.005420	0.003894 0.009784	0.001562 0.004052	0.001018 0.003044	0.001359 0.006793	
2 48 2 3.960000	0.023264 0.007132	0.999453 0.000341	0.128943 0.007366	0.016077 0.009596	0.001510 0.007548	0.000569 0.001545	0.000557 0.002786	0.001301 0.004537	0.000587 0.002934	0.001649 0.004620	0.001232 0.005139	
2 48 2 3.970000	0.021884 0.006716	0.999514 0.000300	0.126954 0.009517	0.016731 0.009486	0.003369 0.008456	0.001855 0.003496	0.001608 0.008041	0.000428 0.002139	0.000000 0.000000	0.001560 0.006462	0.000453 0.001767	
2 48 2 3.980000	0.022666 0.001744	0.999486 0.000079	0.128429 0.009705	0.018173 0.009222	0.002860 0.008615	0.001975 0.003130	0.000941 0.003162	0.001392 0.003019	0.000000 0.000000	0.001409 0.004411	0.000436 0.002181	
2 48 2 3.990000	0.022615 0.003777	0.999487 0.000169	0.130610 0.009020	0.016160 0.007639	0.004860 0.009359	0.000405 0.001436	0.002187 0.005488	0.001451 0.005904	0.000630 0.002126	0.001090 0.003831	0.001777 0.003743	
2 48 2 4.000000	0.021845 0.002496	0.999522 0.000109	0.128275 0.009821	0.015054 0.001379	0.003555 0.008143	0.000460 0.002298	0.000384 0.001919	0.002734 0.008093	0.001206 0.003398	0.002292 0.008411	0.002149 0.004711	
