2 64 100 0.000000	0.996741 0.005010	0.006505 0.009983	0.000968 0.002758	0.000548 0.002035	0.000198 0.000990	0.000592 0.002467	0.000573 0.001346	0.000176 0.000529	0.000473 0.001489	0.000769 0.001688	0.000329 0.000835	
2 64 100 0.010000	0.998496 0.004931	0.003003 0.009838	0.000797 0.003232	0.000529 0.002054	0.000153 0.000515	0.000407 0.001704	0.000361 0.001804	0.000073 0.000367	0.000243 0.000767	0.000000 0.000000	0.000396 0.001981	
2 64 100 0.020000	0.996364 0.004914	0.007256 0.009783	0.003242 0.009554	0.001801 0.006997	0.001277 0.004666	0.001435 0.002810	0.001480 0.005742	0.001158 0.004169	0.001943 0.005321	0.001528 0.005301	0.001506 0.004155	
2 64 100 0.030000	0.997880 0.004952	0.004231 0.009879	0.000900 0.004500	0.000000 0.000000	0.000334 0.001449	0.001009 0.002497	0.000000 0.000000	0.000775 0.002637	0.000818 0.002996	0.000000 0.000000	0.000476 0.002160	
2 64 100 0.040000	0.996847 0.005003	0.006293 0.009978	0.001798 0.004364	0.001926 0.003886	0.000231 0.000944	0.000946 0.002738	0.000635 0.001764	0.000701 0.001864	0.000000 0.000000	0.000866 0.001783	0.000536 0.001109	
2 64 100 0.050000	0.995494 0.004988	0.008988 0.009934	0.001431 0.001792	0.000311 0.000883	0.000472 0.001599	0.000202 0.001008	0.000329 0.001643	0.000526 0.001490	0.000091 0.000454	0.001143 0.002035	0.000546 0.001073	
2 64 100 0.060000	0.996716 0.004867	0.006555 0.009708	0.001481 0.002357	0.000719 0.001953	0.000000 0.000000	0.000258 0.001288	0.000901 0.002294	0.000221 0.000409	0.000654 0.002213	0.000350 0.001041	0.000844 0.003188	
2 64 100 0.070000	0.996382 0.004848	0.007220 0.009650	0.002508 0.004327	0.000908 0.002979	0.000873 0.004365	0.000335 0.001676	0.000643 0.001969	0.000668 0.002779	0.001564 0.004168	0.000962 0.003271	0.000090 0.000448	
2 64 100 0.080000	0.997208 0.005001	0.005573 0.009967	0.000743 0.001857	0.000972 0.002529	0.000891 0.001561	0.000818 0.002603	0.000384 0.000879	0.000472 0.000893	0.000084 0.000418	0.000235 0.000942	0.000722 0.001546	
2 64 100 0.090000	0.996872 0.004989	0.006243 0.009943	0.001376 0.003570	0.001105 0.002819	0.000295 0.000967	0.000778 0.002625	0.000556 0.001984	0.000430 0.000868	0.000542 0.002708	0.001149 0.002296	0.001114 0.002432	
2 64 100 0.100000	0.997928 0.004954	0.004136 0.009881	0.001129 0.002175	0.000671 0.003355	0.001015 0.003596	0.000676 0.003382	0.000251 0.000982	0.000052 0.000261	0.000033 0.000166	0.000051 0.000256	0.000047 0.000235	
2 64 100 0.110000	0.996521 0.004937	0.006942 0.009844	0.002094 0.003310	0.000464 0.002085	0.000909 0.003464	0.000626 0.002346	0.000216 0.001078	0.000753 0.002300	0.000474 0.001627	0.000267 0.001336	0.000564 0.001493	
2 64 100 0.120000	0.996770 0.004922	0.006446 0.009813	0.001265 0.003855	0.000802 0.002109	0.000591 0.001212	0.000988 0.003301	0.000475 0.001762	0.000807 0.002943	0.000849 0.002949	0.000454 0.002271	0.001009 0.003214	
2 64 100 0.130000	0.998342 0.004963	0.003310 0.009900	0.001338 0.005597	0.000898 0.003634	0.000488 0.002440	0.000075 0.000375	0.000078 0.000389	0.001233 0.005553	0.000068 0.000341	0.000671 0.003057	0.000241 0.001205	
2 64 100 0.140000	0.995236 0.004972	0.009502 0.009888	0.001412 0.003998	0.001531 0.003078	0.001360 0.003196	0.000961 0.003676	0.000983 0.002020	0.000845 0.003271	0.000764 0.003465	0.000862 0.001969	0.000808 0.004039	
2 64 100 0.150000	0.997133 0.005012	0.005723 0.009989	0.001729 0.005511	0.000511 0.002198	0.000605 0.002143	0.000000 0.000000	0.000218 0.000628	0.000239 0.001195	0.000467 0.001086	0.000835 0.003377	0.000072 0.000358	
2 64 100 0.160000	0.997022 0.005009	0.005943 0.009985	0.002192 0.002973	0.000886 0.001384	0.000503 0.002254	0.000251 0.000630	0.000147 0.000412	0.000158 0.000571	0.000320 0.001293	0.001252 0.002447	0.000784 0.001504	
2 64 100 0.170000	0.996357 0.005007	0.007268 0.009976	0.002790 0.005598	0.000819 0.002290	0.000539 0.001633	0.001392 0.003527	0.000481 0.000966	0.001103 0.002015	0.000994 0.002894	0.000129 0.000646	0.000527 0.001184	
2 64 100 0.180000	0.997275 0.004946	0.005439 0.009857	0.000421 0.001056	0.000073 0.000367	0.000384 0.001257	0.000148 0.000739	0.000389 0.000729	0.000151 0.000757	0.000448 0.001009	0.000627 0.002981	0.000354 0.001768	
2 64 100 0.190000	0.996406 0.004978	0.007171 0.009921	0.002110 0.004501	0.001812 0.005788	0.000910 0.001676	0.000572 0.001337	0.000771 0.002521	0.000321 0.001300	0.000371 0.001052	0.000686 0.002053	0.000398 0.001404	
2 64 100 0.200000	0.997640 0.004957	0.004712 0.009885	0.001298 0.003542	0.000649 0.002905	0.000588 0.001367	0.000308 0.001252	0.000410 0.000990	0.000601 0.001565	0.000750 0.001963	0.000676 0.003196	0.000631 0.001910	
2 64 100 0.210000	0.995545 0.004952	0.008886 0.009862	0.002949 0.004740	0.001886 0.002205	0.001104 0.001842	0.001259 0.002080	0.000413 0.001649	0.000833 0.001822	0.000998 0.001754	0.000992 0.003043	0.000223 0.001117	
2 64 100 0.220000	0.998561 0.004998	0.002872 0.009971	0.000782 0.001976	0.000717 0.002308	0.000127 0.000634	0.000928 0.004638	0.000531 0.001878	0.000432 0.002055	0.000257 0.001283	0.000000 0.000000	0.000280 0.001399	
2 64 100 0.230000	0.998274 0.004923	0.003446 0.009820	0.000925 0.001995	0.001051 0.003104	0.000546 0.002220	0.000477 0.002383	0.000309 0.001544	0.000000 0.000000	0.000051 0.000254	0.000182 0.000586	0.001218 0.003117	
2 64 100 0.240000	0.998205 0.005011	0.003582 0.009995	0.001634 0.004135	0.000376 0.001502	0.000632 0.002647	0.000000 0.000000	0.000527 0.001550	0.000172 0.000626	0.000413 0.002064	0.000829 0.002291	0.000082 0.000410	
2 64 100 0.250000	0.998372 0.004978	0.003249 0.009931	0.001978 0.006665	0.001946 0.006732	0.001322 0.005297	0.000897 0.003382	0.000442 0.001986	0.000767 0.002466	0.000102 0.000280	0.000227 0.000864	0.000159 0.000797	
2 64 100 0.260000	0.997709 0.005012	0.004572 0.009995	0.001732 0.004373	0.001349 0.004768	0.000463 0.001311	0.000320 0.001159	0.000449 0.001732	0.000158 0.000367	0.000249 0.000764	0.000389 0.001018	0.000646 0.001536	
2 64 100 0.270000	0.998480 0.004941	0.003016 0.009951	0.000788 0.002893	0.001089 0.004735	0.000593 0.002484	0.000439 0.001436	0.000445 0.001756	0.000102 0.000331	0.000190 0.000738	0.000150 0.000416	0.000440 0.002198	
2 64 100 0.280000	0.997243 0.004989	0.005503 0.009951	0.001838 0.004093	0.001540 0.002992	0.000556 0.001801	0.000664 0.002245	0.000377 0.000998	0.000535 0.001797	0.000677 0.001607	0.000607 0.001508	0.000944 0.002139	
2 64 100 0.290000	0.997825 0.004955	0.004341 0.009891	0.001670 0.004029	0.000552 0.002758	0.000152 0.000478	0.000543 0.002716	0.000435 0.001875	0.000103 0.000514	0.000790 0.002686	0.000186 0.000930	0.000457 0.001249	
2 64 100 0.300000	0.998749 0.004970	0.002497 0.009913	0.000592 0.002255	0.000506 0.002000	0.000155 0.000479	0.000057 0.000152	0.000207 0.001037	0.000089 0.000163	0.000204 0.000364	0.000154 0.000573	0.000399 0.001997	
2 64 100 0.310000	0.996439 0.005009	0.007107 0.009983	0.002169 0.003636	0.000770 0.002254	0.000901 0.001707	0.001073 0.001321	0.000330 0.001120	0.001154 0.002756	0.000738 0.001683	0.000971 0.002375	0.000788 0.002149	
2 64 100 0.320000	0.998610 0.005010	0.002774 0.009994	0.000602 0.003011	0.000453 0.001993	0.000581 0.002622	0.000730 0.003335	0.000035 0.000176	0.000339 0.001514	0.000227 0.000568	0.000093 0.000297	0.000291 0.000688	
2 64 100 0.330000	0.998188 0.004993	0.003618 0.009956	0.001116 0.003916	0.000504 0.002299	0.000651 0.002161	0.000616 0.002464	0.000649 0.002718	0.000255 0.001276	0.000369 0.001468	0.000448 0.001374	0.000156 0.000503	
2 64 100 0.340000	0.997076 0.005008	0.005836 0.009979	0.001240 0.004314	0.000918 0.001867	0.000123 0.000613	0.000617 0.001597	0.000325 0.000976	0.000222 0.000796	0.000391 0.000732	0.000225 0.000533	0.000567 0.001294	
2 64 100 0.350000	0.997686 0.005012	0.004618 0.009988	0.000989 0.003897	0.000365 0.001825	0.000462 0.001942	0.000323 0.001617	0.001007 0.004475	0.000156 0.000780	0.000534 0.002670	0.000553 0.001938	0.000091 0.000454	
2 64 100 0.360000	0.019004 0.009524	0.999629 0.000354	0.115731 0.004906	0.015064 0.007583	0.002551 0.004102	0.000000 0.000000	0.000781 0.003529	0.000358 0.000920	0.000432 0.002160	0.000000 0.000000	0.000496 0.001655	
2 64 100 0.370000	0.995686 0.005024	0.008605 0.009998	0.001525 0.004190	0.001394 0.004661	0.000848 0.002536	0.001017 0.001376	0.000680 0.001446	0.000232 0.001159	0.000526 0.001691	0.000443 0.001555	0.000575 0.002064	
2 64 100 0.380000	0.995545 0.005014	0.008886 0.009970	0.001444 0.004942	0.000703 0.002543	0.000634 0.003171	0.000306 0.001341	0.000650 0.002570	0.000609 0.002578	0.000426 0.000914	0.001267 0.003122	0.000685 0.002470	
2 64 100 0.390000	0.018806 0.007530	0.999639 0.000272	0.115992 0.009527	0.017295 0.004047	0.002403 0.002963	0.000172 0.000485	0.000000 0.000000	0.000018 0.000092	0.000247 0.000630	0.000184 0.000922	0.000233 0.001166	
2 64 100 0.400000	0.020337 0.005558	0.999582 0.000237	0.133666 0.009909	0.023456 0.008721	0.003906 0.001857	0.000831 0.001821	0.000116 0.000581	0.000232 0.000958	0.000000 0.000000	0.000000 0.000000	0.000000 0.000000	
2 64 100 0.410000	0.018901 0.009640	0.999630 0.000376	0.110236 0.009371	0.012678 0.004874	0.001332 0.002690	0.000118 0.000591	0.000321 0.000706	0.000138 0.000691	0.000172 0.000743	0.000269 0.001294	0.000305 0.000947	
2 64 100 0.420000	0.017506 0.004631	0.999691 0.000161	0.101319 0.009650	0.009714 0.003930	0.000978 0.001736	0.000181 0.000904	0.000458 0.002435	0.000055 0.000277	0.000531 0.002239	0.000613 0.001535	0.000000 0.000000	
2 64 100 0.430000	0.012993 0.007232	0.999825 0.000202	0.074404 0.008427	0.008142 0.007421	0.002048 0.006522	0.000373 0.001866	0.001830 0.005247	0.000309 0.000857	0.000000 0.000000	0.000309 0.001529	0.000071 0.000355	
2 64 100 0.440000	0.016648 0.009689	0.999710 0.000319	0.087140 0.005931	0.007230 0.005119	0.000988 0.002192	0.000780 0.002071	0.000276 0.001380	0.001060 0.003961	0.000276 0.001380	0.000544 0.001668	0.000477 0.000935	
2 64 100 0.450000	0.016468 0.005522	0.999725 0.000172	0.082192 0.009264	0.007517 0.003905	0.001160 0.003434	0.000891 0.002900	0.000871 0.002260	0.000491 0.001856	0.000253 0.001024	0.000630 0.002116	0.001131 0.003332	
2 64 100 0.460000	0.017278 0.003924	0.999699 0.000135	0.077544 0.009444	0.007787 0.004210	0.000610 0.002319	0.000113 0.000567	0.000051 0.000255	0.000245 0.000607	0.000000 0.000000	0.000243 0.001213	0.000190 0.000502	
2 64 100 0.470000	0.017134 0.007267	0.999701 0.000257	0.068705 0.009233	0.004593 0.005139	0.000302 0.001065	0.000153 0.000767	0.000157 0.000840	0.000194 0.000968	0.000486 0.002197	0.000177 0.000885	0.000970 0.003702	
2 64 100 0.480000	0.014715 0.007826	0.999775 0.000225	0.070857 0.009177	0.004119 0.004744	0.000282 0.000757	0.000419 0.001025	0.000579 0.001970	0.000106 0.000532	0.000000 0.000000	0.000994 0.002600	0.000595 0.001732	
2 64 100 0.490000	0.013900 0.009778	0.999793 0.000290	0.058480 0.009688	0.001279 0.003147	0.000622 0.003458	0.000265 0.001523	0.000144 0.001087	0.000293 0.001464	0.001425 0.003858	0.000600 0.001746	0.001060 0.003437	
2 64 100 0.500000	0.014128 0.007552	0.999793 0.000212	0.057773 0.006528	0.002573 0.005955	0.002520 0.002970	0.001513 0.004280	0.001534 0.003898	0.001733 0.003270	0.000947 0.004734	0.002318 0.004720	0.000817 0.003723	
2 64 100 0.510000	0.016220 0.005453	0.999734 0.000177	0.058988 0.009401	0.003482 0.002547	0.000365 0.001086	0.000046 0.000229	0.000306 0.001043	0.000000 0.000000	0.000041 0.000207	0.000094 0.000469	0.000000 0.000000	
2 64 100 0.520000	0.014400 0.009816	0.999782 0.000309	0.056600 0.009841	0.003158 0.003835	0.000728 0.003620	0.000000 0.000000	0.000488 0.001291	0.000119 0.000597	0.000466 0.002328	0.000213 0.000892	0.000000 0.000000	
2 64 100 0.530000	0.015015 0.008593	0.999767 0.000266	0.053619 0.003900	0.002214 0.002830	0.000000 0.000000	0.000775 0.002299	0.000138 0.000690	0.000062 0.000311	0.000542 0.001435	0.000338 0.001173	0.001066 0.002999	
2 64 100 0.540000	0.016630 0.006155	0.999719 0.000200	0.048690 0.009869	0.001684 0.001545	0.000145 0.000727	0.000651 0.002559	0.000472 0.001679	0.000292 0.000822	0.000389 0.001467	0.000667 0.002813	0.000000 0.000000	
2 64 100 0.550000	0.020708 0.007907	0.999563 0.000324	0.052021 0.008158	0.005860 0.004804	0.001313 0.003263	0.002076 0.003723	0.000689 0.003444	-0.000306 0.001529	0.001127 0.002680	0.000683 0.003094	0.000215 0.001074	
2 64 100 0.560000	0.013670 0.002582	0.999812 0.000070	0.048857 0.009206	0.002319 0.001207	0.000264 0.001287	0.000226 0.000649	0.000000 0.000000	0.000974 0.003314	0.000000 0.000000	0.000134 0.000670	0.000114 0.000571	
2 64 100 0.570000	0.017891 0.007357	0.999673 0.000250	0.046844 0.009825	0.001880 0.004296	0.000027 0.000137	0.000178 0.000889	0.000384 0.001326	0.000323 0.001136	0.000200 0.000683	0.000000 0.000000	0.000163 0.001113	
2 64 100 0.580000	0.018992 0.009875	0.999626 0.000360	0.044071 0.009746	0.001261 0.004345	0.001191 0.002712	0.000506 0.002180	0.000000 0.000000	0.001391 0.003621	0.000000 0.000000	0.000474 0.003020	0.000000 0.000000	
2 64 100 0.590000	0.016122 0.007033	0.999735 0.000229	0.043124 0.009888	0.002347 0.003506	0.000605 0.001974	0.000075 0.000377	0.000000 0.000000	0.000000 0.000000	0.000800 0.002561	0.000028 0.000142	0.000235 0.001177	
2 64 100 0.600000	0.013282 0.007695	0.999816 0.000186	0.038523 0.009058	0.002351 0.004023	0.001236 0.004797	0.000000 0.000000	0.000700 0.003500	0.000965 0.003944	0.000866 0.001856	0.000272 0.001362	-0.000081 0.000740	
2 64 100 0.610000	0.015477 0.009821	0.999747 0.000290	0.039899 0.007878	0.000895 0.002478	0.000226 0.001128	0.000450 0.001671	0.000216 0.000838	0.000353 0.001163	0.000152 0.000762	0.000206 0.001028	0.000051 0.000253	
2 64 100 0.620000	0.014631 0.006174	0.999781 0.000189	0.038535 0.007711	0.001321 0.003655	0.000420 0.002098	0.000286 0.001429	0.000388 0.001938	0.000000 0.000000	0.000361 0.001140	0.001341 0.003150	0.001245 0.002490	
2 64 100 0.630000	0.016766 0.004065	0.999717 0.000138	0.036586 0.005443	0.000776 0.004092	0.000529 0.001657	0.000306 0.001096	0.001241 0.003930	0.000090 0.000449	0.000382 0.001910	0.000209 0.001045	0.000477 0.002836	
2 64 100 0.640000	0.015143 0.007243	0.999764 0.000199	0.036354 0.009274	0.000742 0.001258	0.001490 0.002974	0.000873 0.002295	0.000221 0.001104	0.000235 0.000760	0.000000 0.000000	0.000649 0.001646	0.000371 0.001211	
2 64 100 0.650000	0.012358 0.008874	0.999837 0.000238	0.038171 0.006820	0.001581 0.004309	0.000439 0.001400	0.000441 0.002207	0.000587 0.002108	0.000000 0.000000	0.000340 0.001702	0.000656 0.001796	0.001626 0.005339	
2 64 100 0.660000	0.013035 0.007554	0.999822 0.000183	0.031910 0.006216	0.001352 0.003150	0.000579 0.002894	0.000797 0.002187	0.000265 0.001325	0.000773 0.002792	0.000403 0.001499	0.000491 0.001528	-0.000075 0.000373	
2 64 100 0.670000	0.013819 0.004370	0.999806 0.000127	0.030917 0.007142	0.001035 0.002654	0.000339 0.001697	0.000515 0.002246	0.000940 0.002974	0.000576 0.002878	0.000643 0.002990	0.000003 0.000016	0.000129 0.001064	
2 64 100 0.680000	0.015757 0.009562	0.999740 0.000300	0.033821 0.005557	0.000073 0.000366	0.000434 0.002027	0.000289 0.000871	0.000253 0.001264	0.000000 0.000000	0.000641 0.002437	0.000225 0.000755	0.000065 0.000323	
2 64 100 0.690000	0.013936 0.009755	0.999795 0.000281	0.031209 0.009368	0.000490 0.001814	0.000793 0.003834	0.001353 0.007638	0.001642 0.004335	0.001269 0.003830	0.001774 0.004678	0.000559 0.001876	0.000990 0.002434	
2 64 100 0.700000	0.015303 0.007035	0.999760 0.000227	0.032730 0.006587	0.001758 0.001793	0.000316 0.001580	0.000477 0.002113	0.000000 0.000000	0.000055 0.000273	0.000864 0.002217	0.000423 0.001578	0.000034 0.000171	
2 64 100 0.710000	0.017260 0.009719	0.999689 0.000302	0.029639 0.009297	0.001275 0.003253	-0.000032 0.000161	0.000702 0.002278	0.000112 0.000559	0.000230 0.001149	0.000018 0.000089	0.000091 0.000667	0.000485 0.000849	
2 64 100 0.720000	0.016833 0.008786	0.999704 0.000283	0.028419 0.004162	0.000450 0.002104	0.000000 0.000000	0.000292 0.001431	0.000737 0.003181	0.000399 0.002414	0.000000 0.000000	0.001201 0.003903	0.001901 0.003114	
2 64 100 0.730000	0.014558 0.008160	0.999780 0.000223	0.028972 0.005357	0.001740 0.004349	0.000362 0.001293	0.000420 0.000877	0.001074 0.002635	0.000000 0.000000	0.000000 0.000000	0.000266 0.000821	0.000705 0.002770	
2 64 100 0.740000	0.014020 0.005755	0.999800 0.000161	0.027462 0.006772	0.000969 0.002003	0.000840 0.002969	0.001123 0.003306	0.000427 0.002023	0.000512 0.002810	0.000455 0.001694	0.000023 0.000117	0.000430 0.001194	
2 64 100 0.750000	0.014387 0.007791	0.999784 0.000222	0.029935 0.008287	0.000682 0.002904	0.000512 0.001440	0.000168 0.000842	0.000387 0.001240	0.000000 0.000000	0.000531 0.001959	0.000424 0.001581	0.000048 0.000452	
2 64 100 0.760000	0.016673 0.005581	0.999718 0.000190	0.026082 0.004482	0.001799 0.002927	0.000769 0.003079	0.000541 0.001634	-0.000027 0.002312	0.000257 0.000535	0.000920 0.003701	0.000199 0.000995	0.000810 0.003653	
2 64 100 0.770000	0.010420 0.009736	0.999880 0.000201	0.022102 0.006531	0.001325 0.003703	0.001111 0.002875	0.000688 0.002462	-0.000153 0.000535	0.001722 0.004241	0.000872 0.003919	0.000499 0.003122	0.000789 0.003472	
2 64 100 0.780000	0.012722 0.008816	0.999827 0.000205	0.024372 0.008954	0.000000 0.000000	0.001151 0.004493	0.000280 0.001401	0.001163 0.002334	0.001784 0.004793	0.003536 0.007385	0.002364 0.006008	-0.000050 0.000251	
2 64 100 0.790000	0.016213 0.008505	0.999729 0.000283	0.025972 0.008631	0.000020 0.000100	0.000545 0.002090	0.000277 0.001383	0.000006 0.000030	0.000524 0.003132	0.000754 0.001332	0.000066 0.000332	0.000818 0.002757	
2 64 100 0.800000	0.016405 0.008241	0.999721 0.000262	0.023543 0.005464	0.001179 0.002806	0.000686 0.002075	0.000390 0.001515	0.000133 0.000666	0.000732 0.002341	-0.000005 0.000024	0.000850 0.002428	0.000157 0.000786	
2 64 100 0.810000	0.015620 0.007808	0.999749 0.000247	0.022517 0.008844	0.000787 0.002077	0.000055 0.000273	0.000540 0.001858	0.000625 0.002013	0.000196 0.000981	0.000180 0.000902	0.000368 0.001621	0.000748 0.002035	
2 64 100 0.820000	0.014237 0.006360	0.999792 0.000192	0.022860 0.007879	0.000457 0.001133	0.000466 0.001462	0.000236 0.000905	0.000000 0.000000	0.000084 0.000421	0.000228 0.001138	0.000205 0.000651	0.000340 0.001436	
2 64 100 0.830000	0.017559 0.007445	0.999682 0.000270	0.019278 0.007334	0.000353 0.001766	0.000000 0.000000	0.000512 0.002271	0.001134 0.003075	0.000594 0.002552	-0.000037 0.000184	0.000937 0.002341	0.000459 0.001331	
2 64 100 0.840000	0.014689 0.007808	0.999776 0.000226	0.021314 0.008046	0.000421 0.001403	0.000167 0.000835	0.000771 0.002035	0.000745 0.002692	0.000140 0.000646	0.000798 0.002548	0.000521 0.002019	0.000000 0.000000	
2 64 100 0.850000	0.016554 0.008820	0.999717 0.000317	0.021737 0.004314	0.000187 0.001640	0.000000 0.000000	0.000418 0.001457	0.000607 0.001962	0.000541 0.002467	0.000508 0.001418	0.001445 0.003269	0.000865 0.002530	
2 64 100 0.860000	0.014853 0.008687	0.999771 0.000268	0.020141 0.008295	0.001685 0.005432	0.000270 0.001338	0.000068 0.000342	0.001161 0.004152	0.000266 0.000787	0.000604 0.003019	0.000000 0.000000	0.000748 0.003022	
2 64 100 0.870000	0.014610 0.009441	0.999773 0.000270	0.019773 0.008539	0.000818 0.002265	0.000649 0.002938	0.000195 0.001872	0.002064 0.007560	0.000622 0.001824	0.000256 0.001124	0.000934 0.004087	0.000307 0.000871	
2 64 100 0.880000	0.014279 0.009212	0.999787 0.000259	0.021672 0.007532	0.001060 0.003244	0.000319 0.001349	0.000293 0.000787	0.000636 0.001426	0.000684 0.002051	0.000000 0.000000	0.000381 0.000921	0.000318 0.000999	
2 64 100 0.890000	0.014425 0.006237	0.999787 0.000188	0.018676 0.006834	0.001886 0.004362	0.000809 0.002198	0.000237 0.001012	0.000173 0.000867	0.000439 0.001942	0.000891 0.003373	0.000864 0.001837	0.000440 0.001104	
2 64 100 0.900000	0.015334 0.007269	0.999756 0.000223	0.021676 0.003612	0.001623 0.004060	0.000687 0.001379	-0.000164 0.001362	0.000396 0.001105	0.001777 0.002471	0.001949 0.004662	0.001236 0.003041	0.000307 0.001535	
2 64 100 0.910000	0.012126 0.005001	0.999850 0.000131	0.018301 0.007631	0.001432 0.001721	0.000616 0.003081	0.000214 0.000693	0.003038 0.007427	0.001123 0.002881	0.001286 0.003746	0.001402 0.005911	0.000785 0.003923	
2 64 100 0.920000	0.013838 0.006315	0.999802 0.000186	0.018438 0.006635	0.000643 0.001162	0.000000 0.000000	0.000247 0.001236	0.000141 0.000707	0.001209 0.002525	0.000494 0.001785	0.000340 0.001013	0.000762 0.002836	
2 64 100 0.930000	0.014246 0.008548	0.999786 0.000245	0.015342 0.007405	0.001592 0.004234	0.001990 0.004909	0.000000 0.000000	0.002067 0.005455	0.000000 0.000000	0.001461 0.006465	0.001736 0.004909	0.000687 0.003435	
2 64 100 0.940000	0.015848 0.008371	0.999741 0.000265	0.018327 0.006715	0.000159 0.000797	0.000660 0.002390	0.000251 0.001253	0.000113 0.000565	0.000008 0.000928	0.000000 0.000000	0.000469 0.001076	0.001392 0.002662	
2 64 100 0.950000	0.009919 0.009372	0.999887 0.000157	0.016453 0.007440	0.000286 0.001763	0.001372 0.002611	0.000950 0.003196	0.000237 0.000839	0.000812 0.004754	0.000706 0.001693	-0.000140 0.002439	0.000830 0.002986	
2 64 100 0.960000	0.011954 0.008999	0.999848 0.000224	0.015403 0.008700	0.000654 0.002430	0.000827 0.004118	-0.000120 0.000600	0.000375 0.001876	0.001022 0.003472	0.000192 0.001593	0.000401 0.001406	0.000356 0.004090	
2 64 100 0.970000	0.011340 0.003798	0.999869 0.000091	0.016031 0.009511	0.001932 0.004697	0.000414 0.001412	0.000525 0.002627	0.000349 0.000818	0.000851 0.001749	0.000182 0.000909	0.000547 0.002166	0.000687 0.001666	
2 64 100 0.980000	0.014078 0.008265	0.999792 0.000241	0.017098 0.006534	0.000745 0.002104	0.000000 0.000000	0.000844 0.001533	0.000000 0.000000	0.000203 0.000523	0.001225 0.003379	0.000194 0.000972	0.001200 0.002850	
2 64 100 0.990000	0.014186 0.008396	0.999791 0.000233	0.014923 0.003189	0.000546 0.001220	0.000898 0.001927	0.000526 0.001826	0.000908 0.004161	0.000945 0.002318	-0.000227 0.001135	0.001621 0.004452	0.000000 0.000000	
2 64 100 1.000000	0.015191 0.008218	0.999757 0.000243	0.016727 0.007851	0.001601 0.006256	0.000653 0.003779	0.000359 0.003731	0.000900 0.001906	0.000548 0.001157	0.000536 0.005233	0.001093 0.004497	0.001054 0.002903	
2 64 100 1.010000	0.011981 0.005031	0.999853 0.000124	0.018136 0.008014	0.001087 0.003089	0.000000 0.000000	0.000113 0.000589	0.001080 0.003799	0.000582 0.001995	0.000528 0.001928	0.000127 0.000636	0.000223 0.000621	
2 64 100 1.020000	0.015909 0.008959	0.999736 0.000299	0.016740 0.006742	0.000622 0.001839	0.000516 0.002582	0.000538 0.001355	0.000519 0.001366	0.000071 0.000356	0.000556 0.002095	0.000745 0.001572	-0.000169 0.000847	
2 64 100 1.030000	0.013916 0.005741	0.999802 0.000167	0.015580 0.004695	0.000665 0.003326	0.000000 0.000000	0.000254 0.003508	0.001176 0.002215	0.001332 0.003233	0.000000 0.000000	0.001537 0.007237	0.000264 0.001928	
2 64 100 1.040000	0.014857 0.009679	0.999767 0.000301	0.015827 0.006362	0.001062 0.001840	0.000689 0.002345	0.000813 0.003739	0.000000 0.000000	0.000166 0.000829	0.001139 0.003120	0.001199 0.003382	0.000766 0.002728	
2 64 100 1.050000	0.013525 0.008337	0.999808 0.000215	0.017014 0.008152	0.000525 0.001704	0.000216 0.000951	-0.000035 0.000175	0.000487 0.002437	0.000000 0.000000	0.000333 0.001664	0.000431 0.001599	0.000872 0.001880	
2 64 100 1.060000	0.017352 0.005386	0.999695 0.000180	0.015083 0.004083	0.001048 0.002240	0.000034 0.000172	0.000085 0.000424	0.000000 0.000000	0.000479 0.002395	0.000259 0.002045	0.000228 0.001140	0.000498 0.001789	
2 64 100 1.070000	0.010484 0.009560	0.999876 0.000164	0.010482 0.004051	0.000183 0.000490	0.000635 0.001501	0.001040 0.003521	0.002099 0.001526	0.002402 0.003098	0.001563 0.003873	0.001340 0.004026	0.000000 0.000000	
2 64 100 1.080000	0.014231 0.008827	0.999786 0.000292	0.016655 0.006242	0.000476 0.001008	0.001599 0.004643	0.001160 0.002018	0.000595 0.002974	0.000619 0.002591	0.000365 0.000956	0.000393 0.001379	0.001097 0.002772	
2 64 100 1.090000	0.010759 0.008712	0.999875 0.000179	0.013848 0.006484	0.000269 0.001345	0.000202 0.000515	0.000092 0.000291	0.000461 0.002304	0.000874 0.002160	0.000184 0.000922	0.001150 0.003296	0.000672 0.001398	
2 64 100 1.100000	0.014434 0.007394	0.999784 0.000223	0.015743 0.005066	0.000473 0.003481	0.000334 0.001669	0.000349 0.000881	-0.000045 0.004689	0.001284 0.006421	0.000940 0.004699	0.000571 0.001852	0.000237 0.002487	
2 64 100 1.110000	0.012082 0.005316	0.999851 0.000130	0.015255 0.003860	0.000608 0.002478	0.000880 0.002231	0.000481 0.002405	0.000158 0.000788	0.000496 0.002068	0.000558 0.001954	0.000974 0.002808	0.001223 0.003902	
2 64 100 1.120000	0.015370 0.008292	0.999754 0.000251	0.012481 0.004995	0.001074 0.002910	0.000436 0.001797	0.001074 0.002807	0.002322 0.006342	0.000637 0.003187	0.001540 0.004425	0.000999 0.003164	0.000588 0.002807	
2 64 100 1.130000	0.017925 0.008510	0.999670 0.000323	0.011488 0.009273	0.000000 0.000000	0.000681 0.002181	0.000000 0.000000	0.001506 0.003780	0.000951 0.002770	0.000801 0.004007	0.000225 0.000666	0.000655 0.002309	
2 64 100 1.140000	0.012428 0.009573	0.999833 0.000260	0.015590 0.005091	0.001265 0.001943	0.001387 0.002692	0.001053 0.003963	0.001758 0.004457	0.000985 0.001806	0.000389 0.001943	0.000573 0.002448	0.000934 0.002816	
2 64 100 1.150000	0.011126 0.009435	0.999862 0.000209	0.014711 0.007892	0.000800 0.004000	0.001057 0.003495	0.000051 0.000255	0.000194 0.000969	0.000730 0.002275	0.001849 0.006466	0.001752 0.005455	0.000188 0.000941	
2 64 100 1.160000	0.014307 0.004356	0.999792 0.000128	0.015246 0.006081	0.001088 0.002874	0.000000 0.000000	0.000271 0.001357	0.000438 0.001843	0.002146 0.004786	0.000271 0.001357	0.001395 0.003377	0.000583 0.001338	
2 64 100 1.170000	0.013953 0.008013	0.999797 0.000241	0.013029 0.003819	0.000844 0.001996	0.000594 0.004060	0.000097 0.000485	0.000000 0.000000	0.001410 0.003899	0.000234 0.001172	0.000200 0.002819	0.000630 0.001778	
2 64 100 1.180000	0.013351 0.009649	0.999808 0.000261	0.011727 0.006473	0.000205 0.002745	0.000971 0.002954	0.000111 0.000891	0.000380 0.002055	0.000150 0.001354	0.000803 0.002070	0.000000 0.000000	0.000175 0.000876	
2 64 100 1.190000	0.012637 0.009411	0.999827 0.000244	0.009221 0.008309	0.001848 0.003367	0.002011 0.004814	0.002617 0.008518	0.000831 0.001936	0.000084 0.000421	0.002555 0.006076	0.000759 0.002364	0.001575 0.003880	
2 64 100 1.200000	0.013694 0.009563	0.999802 0.000281	0.009984 0.007866	0.000163 0.000815	0.000710 0.003551	0.000331 0.001131	0.000617 0.002171	0.000982 0.003185	-0.000138 0.001701	0.000317 0.004024	0.000373 0.001237	
2 64 100 1.210000	0.013822 0.008650	0.999800 0.000234	0.017000 0.008766	0.000708 0.001702	0.000694 0.001833	0.000639 0.002712	0.001357 0.002609	0.000552 0.002759	0.000000 0.000000	0.000218 0.000667	0.000243 0.003201	
2 64 100 1.220000	0.015297 0.008640	0.999756 0.000258	0.013695 0.007945	0.001414 0.004720	0.000956 0.002661	0.000650 0.001846	0.000458 0.001786	0.000485 0.002292	0.000673 0.001786	0.001266 0.004215	0.001542 0.003205	
2 64 100 1.230000	0.013756 0.009264	0.999798 0.000211	0.012189 0.003698	0.000457 0.002287	0.001206 0.003490	0.000738 0.002883	0.001118 0.003808	0.001001 0.005005	0.000593 0.002964	0.001324 0.004331	0.000802 0.002480	
2 64 100 1.240000	0.013266 0.007646	0.999816 0.000181	0.011291 0.007775	0.000118 0.000590	0.000007 0.000034	0.001117 0.003976	0.000593 0.002966	0.000201 0.000643	0.000599 0.003411	0.000335 0.001677	0.000661 0.002546	
2 64 100 1.250000	0.015484 0.009798	0.999749 0.000336	0.013082 0.006009	0.000358 0.001788	0.000367 0.001265	0.000528 0.002639	-0.000139 0.000694	0.000402 0.001366	0.000529 0.002945	0.000000 0.000000	0.000692 0.001317	
2 64 100 1.260000	0.013393 0.009259	0.999809 0.000288	0.013185 0.006746	0.000255 0.001276	0.000652 0.002403	0.000135 0.000675	0.000548 0.001154	0.001080 0.003129	0.000269 0.001248	0.000142 0.000496	0.000817 0.002370	
2 64 100 1.270000	0.012613 0.008846	0.999833 0.000208	0.013999 0.008805	0.000996 0.001840	0.001012 0.001469	0.000292 0.001461	0.000000 0.000000	0.000473 0.002255	0.001038 0.002808	0.001302 0.003361	0.000185 0.000611	
2 64 100 1.280000	0.013522 0.009821	0.999803 0.000255	0.010914 0.006733	0.000483 0.002417	-0.000275 0.000825	0.002351 0.004312	0.000508 0.001912	0.000878 0.002037	0.001101 0.003090	0.000000 0.000000	0.000823 0.002754	
2 64 100 1.290000	0.013543 0.008182	0.999809 0.000218	0.012065 0.005988	0.000937 0.002441	0.000000 0.000000	0.000293 0.001467	0.000495 0.002475	0.000551 0.002506	0.000678 0.001770	0.000769 0.002896	-0.000063 0.000317	
2 64 100 1.300000	0.014037 0.007176	0.999796 0.000216	0.013533 0.006526	0.002246 0.005421	0.000888 0.003401	-0.000351 0.001754	0.000822 0.001384	0.000127 0.001915	-0.000202 0.005552	-0.000425 0.001303	0.000604 0.004875	
2 64 100 1.310000	0.009979 0.008764	0.999893 0.000167	0.008680 0.004810	0.000547 0.002424	0.000108 0.000769	0.000314 0.002365	0.000311 0.001945	0.000000 0.000000	0.000202 0.001092	0.000909 0.003357	0.000681 0.001993	
2 64 100 1.320000	0.013605 0.008849	0.999803 0.000227	0.011520 0.006873	0.000309 0.001545	0.000120 0.000602	0.002062 0.000799	0.000550 0.001949	0.000739 0.002718	0.000725 0.002479	0.000524 0.001343	0.000348 0.000899	
2 64 100 1.330000	0.015501 0.007660	0.999750 0.000239	0.015406 0.005061	0.002202 0.004902	0.001465 0.003902	0.000388 0.001782	0.000071 0.000356	0.001471 0.003902	0.001297 0.004197	0.001036 0.002892	0.001972 0.002110	
2 64 100 1.340000	0.015654 0.009243	0.999744 0.000284	0.010710 0.004238	0.001311 0.003438	0.000496 0.001746	0.000000 0.000000	0.000000 0.000000	0.001079 0.003217	0.000804 0.003043	0.000000 0.000000	0.000626 0.001904	
2 64 100 1.350000	0.014837 0.009903	0.999763 0.000281	0.010005 0.004223	0.001049 0.003185	0.001327 0.003268	0.000280 0.001399	0.000460 0.001500	0.000132 0.000490	0.000500 0.001733	0.000567 0.001670	0.000368 0.001500	
2 64 100 1.360000	0.016963 0.009012	0.999701 0.000291	0.011014 0.008931	0.001923 0.002816	0.001823 0.005130	0.001058 0.005291	0.000319 0.001596	0.000771 0.002605	0.000914 0.002101	0.001078 0.003616	0.001116 0.002895	
2 64 100 1.370000	0.011735 0.006108	0.999857 0.000151	0.010362 0.006018	0.000053 0.001281	0.000735 0.002120	0.000000 0.000000	0.000067 0.000334	0.000673 0.003365	0.000099 0.000414	0.000255 0.001413	0.000660 0.003298	
2 64 100 1.380000	0.015586 0.006009	0.999752 0.000200	0.010056 0.004274	0.000751 0.002268	0.000593 0.001924	0.000172 0.000860	0.000663 0.001161	0.000647 0.001942	0.000292 0.001461	0.000259 0.001293	0.000826 0.002159	
2 64 100 1.390000	0.013093 0.008973	0.999820 0.000232	0.010897 0.007699	0.000139 0.001438	0.000000 0.000000	0.000310 0.001550	0.000274 0.001370	0.000664 0.002959	0.000546 0.002728	0.000532 0.002659	0.000428 0.000771	
2 64 100 1.400000	0.015813 0.009239	0.999739 0.000297	0.011355 0.004358	0.000806 0.003999	0.001446 0.006434	0.001693 0.003847	0.001357 0.005026	0.001244 0.003660	0.000583 0.001827	0.001244 0.003533	0.001910 0.005385	
2 64 100 1.410000	0.016815 0.009051	0.999707 0.000272	0.009000 0.006076	0.000115 0.001808	0.000968 0.003928	-0.000112 0.000560	0.000700 0.002078	0.000146 0.000732	0.000461 0.001424	0.000468 0.001638	0.001253 0.004002	
2 64 100 1.420000	0.015028 0.008847	0.999764 0.000286	0.006734 0.005314	0.001441 0.004294	0.000253 0.001264	0.000000 0.000000	0.000000 0.000000	0.000893 0.003111	0.001263 0.002892	0.001128 0.001859	0.000000 0.000000	
2 64 100 1.430000	0.014788 0.007433	0.999775 0.000222	0.010027 0.005853	0.001172 0.002228	0.000284 0.001419	0.000798 0.002567	0.000890 0.003188	0.000251 0.001255	0.001042 0.002607	0.000208 0.001042	0.000560 0.003576	
2 64 100 1.440000	0.012220 0.008612	0.999842 0.000213	0.008670 0.005870	0.000487 0.001702	0.000937 0.003337	0.001426 0.002651	0.000203 0.001147	0.000000 0.000000	0.001197 0.002625	0.000244 0.001219	0.000315 0.001573	
2 64 100 1.450000	0.012732 0.007760	0.999832 0.000200	0.009650 0.008176	0.000474 0.001638	0.000339 0.000861	0.000722 0.001865	0.000711 0.001697	0.000000 0.000000	0.000000 0.000000	0.001858 0.002881	0.000557 0.001568	
2 64 100 1.460000	0.012877 0.006783	0.999828 0.000171	0.009424 0.005416	0.001363 0.005272	0.000050 0.000248	0.000583 0.002913	0.000426 0.001080	0.000605 0.003026	0.000697 0.002343	0.000633 0.001632	0.000659 0.001903	
2 64 100 1.470000	0.014318 0.009877	0.999778 0.000303	0.008970 0.007295	0.000558 0.002192	0.001520 0.003402	0.000980 0.002897	0.000000 0.000000	-0.000317 0.003336	0.000084 0.006871	0.003414 0.009077	0.000279 0.001393	
2 64 100 1.480000	0.016112 0.009539	0.999724 0.000297	0.012855 0.007989	0.001912 0.004680	0.002126 0.003398	0.000163 0.001426	0.001292 0.003140	0.000133 0.001910	0.000807 0.002727	0.000717 0.002724	0.000690 0.003061	
2 64 100 1.490000	0.013912 0.009630	0.999791 0.000263	0.007973 0.007232	0.000555 0.002447	0.001026 0.002953	0.000437 0.002187	0.000000 0.000000	-0.000117 0.000583	0.002299 0.008912	0.001025 0.002010	0.001509 0.005152	
2 64 100 1.500000	0.014584 0.007664	0.999780 0.000208	0.008810 0.007379	0.002320 0.002334	0.000230 0.001151	0.000000 0.000000	0.000849 0.004853	0.000224 0.002536	0.001024 0.002277	0.000063 0.000314	0.000721 0.002025	
2 64 100 1.510000	0.015057 0.008088	0.999765 0.000256	0.008350 0.009752	0.000476 0.002378	0.000457 0.002287	0.000196 0.000871	0.002769 0.007318	0.000700 0.002131	0.000224 0.001120	0.001155 0.004656	0.001107 0.002287	
2 64 100 1.520000	0.013554 0.006683	0.999809 0.000172	0.010677 0.005081	0.001079 0.003169	0.000910 0.003801	0.000941 0.002405	0.000433 0.001544	0.000100 0.000498	0.001162 0.003546	0.000157 0.000786	0.001560 0.004425	
2 64 100 1.530000	0.015160 0.008895	0.999761 0.000263	0.010418 0.006523	0.001916 0.005572	0.000636 0.002407	0.000318 0.001279	0.000273 0.002103	0.000313 0.001565	0.000840 0.002418	0.001391 0.003342	0.000563 0.002250	
2 64 100 1.540000	0.013362 0.005233	0.999818 0.000143	0.009010 0.007466	0.000693 0.003822	0.000483 0.004319	0.000953 0.001755	0.000000 0.000000	0.000343 0.001224	0.001000 0.002596	0.001421 0.003691	0.000766 0.003828	
2 64 100 1.550000	0.017585 0.008651	0.999682 0.000297	0.006551 0.007784	0.003857 0.006737	0.001113 0.004717	0.000924 0.002767	0.001721 0.004886	0.002038 0.004212	0.000542 0.002064	0.000658 0.004645	0.001466 0.004850	
2 64 100 1.560000	0.013499 0.006988	0.999811 0.000170	0.007791 0.001709	0.000374 0.001439	0.001511 0.005481	0.000306 0.003368	0.000421 0.001777	0.000722 0.004365	0.001724 0.005816	0.001282 0.002786	0.000615 0.002138	
2 64 100 1.570000	0.010554 0.007748	0.999881 0.000164	0.007154 0.007027	0.000000 0.000000	0.000697 0.002316	0.001032 0.003947	0.000244 0.000748	0.000545 0.001421	0.000284 0.001421	0.000866 0.002437	0.000894 0.002773	
2 64 100 1.580000	0.013004 0.006707	0.999824 0.000166	0.008377 0.005210	-0.000023 0.000962	0.000777 0.002789	0.000085 0.000423	0.001802 0.005314	0.003030 0.009514	0.002645 0.007328	0.000600 0.003023	0.000000 0.000000	
2 64 100 1.590000	0.013611 0.007773	0.999807 0.000234	0.007787 0.008302	0.000000 0.000000	0.000482 0.001881	0.001284 0.002891	0.000705 0.003389	0.000976 0.002891	0.000000 0.000000	0.000779 0.002841	-0.000231 0.001156	
2 64 100 1.600000	0.012969 0.008930	0.999819 0.000245	0.007765 0.004007	0.000240 0.001167	0.000500 0.001659	0.000600 0.002612	0.000389 0.001662	0.000437 0.001157	0.000338 0.001374	0.000447 0.001231	0.000000 0.000000	
2 64 100 1.610000	0.011674 0.004898	0.999860 0.000120	0.009355 0.005209	0.001568 0.002864	0.000276 0.000913	0.000529 0.001804	0.000746 0.003319	0.000315 0.002777	0.001277 0.004892	-0.000190 0.001937	0.001067 0.003581	
2 64 100 1.620000	0.015939 0.005094	0.999742 0.000169	0.008977 0.003315	0.000904 0.002361	0.000000 0.000000	0.000000 0.000000	0.000839 0.002473	0.000088 0.000441	0.001097 0.002016	0.000762 0.002894	0.000053 0.000689	
2 64 100 1.630000	0.013473 0.009604	0.999807 0.000274	0.008393 0.008214	0.000542 0.001790	0.001172 0.004014	0.000642 0.003816	0.000415 0.001489	0.000555 0.002773	0.000555 0.002773	0.000000 0.000000	0.001563 0.002801	
2 64 100 1.640000	0.012177 0.009337	0.999840 0.000203	0.008729 0.007663	0.000603 0.001809	0.000805 0.002327	0.001069 0.005344	0.000948 0.004347	0.001729 0.004507	0.000263 0.001317	0.001599 0.003424	0.000726 0.003337	
2 64 100 1.650000	0.011939 0.008421	0.999847 0.000211	0.008453 0.004163	0.000060 0.000302	0.000429 0.001487	0.000869 0.002224	0.000188 0.000941	0.000107 0.000537	0.001604 0.001219	0.000156 0.002350	0.000175 0.000874	
2 64 100 1.660000	0.014149 0.009292	0.999787 0.000265	0.007632 0.007235	0.000052 0.001456	0.000338 0.003034	0.000611 0.003021	0.002985 0.004555	0.000740 0.002168	-0.000153 0.000766	0.000467 0.002336	0.001168 0.002888	
2 64 100 1.670000	0.014924 0.009142	0.999768 0.000292	0.007479 0.006265	0.000328 0.001638	0.000000 0.000000	0.000919 0.002978	0.000373 0.000975	0.001111 0.002221	0.000035 0.000174	0.000000 0.000000	0.001249 0.003635	
2 64 100 1.680000	0.012000 0.007985	0.999849 0.000206	0.007071 0.007169	0.000343 0.000878	0.001289 0.003406	0.000152 0.000762	0.001187 0.003287	0.000631 0.001636	0.001043 0.004241	0.000630 0.003151	0.001339 0.003406	
2 64 100 1.690000	0.009986 0.009843	0.999885 0.000173	0.007596 0.006939	0.000064 0.000319	0.000553 0.002173	0.000357 0.002881	0.001168 0.003246	0.000922 0.004494	0.000209 0.001045	0.000182 0.002092	0.000949 0.002169	
2 64 100 1.700000	0.016922 0.009531	0.999701 0.000316	0.007311 0.002284	-0.000343 0.000870	0.000197 0.000649	0.000439 0.001491	0.000000 0.000000	0.001121 0.005604	0.000615 0.003082	0.000000 0.000000	0.001283 0.003701	
2 64 100 1.710000	0.015518 0.009550	0.999742 0.000303	0.008070 0.004523	0.000033 0.000163	0.000341 0.000844	0.000000 0.000446	0.000067 0.000344	0.000935 0.002447	0.000072 0.000360	0.000247 0.001233	0.000575 0.001199	
2 64 100 1.720000	0.012640 0.008001	0.999833 0.000183	0.007914 0.006278	0.000723 0.002841	0.000465 0.003375	0.001567 0.006005	0.000758 0.003465	0.000469 0.002344	0.001530 0.002344	0.000880 0.001797	0.000998 0.002975	
2 64 100 1.730000	0.009574 0.007064	0.999901 0.000142	0.008992 0.009467	0.000262 0.001309	0.000112 0.000352	0.000995 0.003153	0.001303 0.003493	0.001405 0.003602	0.000396 0.001621	0.000082 0.003133	0.000434 0.002171	
2 64 100 1.740000	0.013369 0.008469	0.999814 0.000232	0.009511 0.005034	0.000000 0.000000	0.000000 0.000000	0.000201 0.001007	0.002389 0.004374	0.000000 0.000000	0.000657 0.001931	0.001346 0.003382	0.000512 0.002562	
2 64 100 1.750000	0.018848 0.005538	0.999641 0.000196	0.009136 0.009046	0.002139 0.003161	0.001239 0.008631	0.000422 0.002108	0.001688 0.004131	0.000347 0.001101	0.000158 0.000789	0.000329 0.001645	0.000734 0.003683	
2 64 100 1.760000	0.011084 0.006586	0.999870 0.000139	0.004584 0.008028	0.000155 0.000781	0.000681 0.001941	0.001259 0.004466	0.000220 0.002159	0.001345 0.002838	0.000395 0.001323	0.000316 0.001964	0.000355 0.003902	
2 64 100 1.770000	0.012502 0.009969	0.999826 0.000263	0.006240 0.004764	0.000889 0.003215	0.000569 0.001953	0.000324 0.001448	0.001317 0.004215	0.000249 0.000690	0.000886 0.002272	0.000038 0.000185	0.000104 0.000387	
2 64 100 1.780000	0.016076 0.009950	0.999725 0.000313	0.008665 0.003870	0.000000 0.000000	0.000039 0.000195	0.000228 0.001138	0.000907 0.002678	0.000448 0.002240	0.000351 0.001614	0.000588 0.002045	0.001002 0.002340	
2 64 100 1.790000	0.019104 0.008538	0.999626 0.000344	0.010081 0.004079	0.000803 0.003335	0.000962 0.002787	0.000781 0.001777	0.000661 0.001761	0.001494 0.005251	0.000285 0.001425	0.000354 0.001768	0.000000 0.000000	
2 64 100 1.800000	0.011535 0.007766	0.999860 0.000197	0.007705 0.007395	0.000240 0.001200	-0.000126 0.000631	0.000096 0.000480	0.000429 0.002145	0.001141 0.003595	0.000489 0.002049	0.000669 0.002497	0.000464 0.001539	
2 64 100 1.810000	0.012177 0.009908	0.999841 0.000230	0.007457 0.006330	0.000960 0.002824	0.000239 0.000736	0.000682 0.002500	0.000289 0.000764	0.000472 0.001999	0.000345 0.001724	0.000676 0.001814	0.000173 0.000335	
2 64 100 1.820000	0.011722 0.007352	0.999854 0.000151	0.008844 0.004542	0.000849 0.003928	0.000040 0.000427	0.001812 0.003850	0.000180 0.000898	0.000365 0.001826	0.001307 0.002918	0.000949 0.002837	0.000467 0.002335	
2 64 100 1.830000	0.014094 0.005510	0.999798 0.000161	0.005737 0.006390	0.000569 0.002145	0.001022 0.002845	0.000000 0.000000	0.001002 0.002936	0.001923 0.005849	0.000810 0.001682	0.000277 0.001383	0.000282 0.001754	
2 64 100 1.840000	0.013119 0.006921	0.999821 0.000174	0.007310 0.005782	0.000285 0.001427	0.000054 0.000353	0.000529 0.002644	0.000110 0.000552	0.000264 0.000898	0.000000 0.000000	0.000777 0.003647	0.000651 0.003247	
2 64 100 1.850000	0.008051 0.003949	0.999933 0.000068	0.006903 0.004502	0.000649 0.001402	0.000092 0.000458	0.000962 0.003971	0.003671 0.008059	0.000491 0.002456	0.000874 0.004031	-0.000246 0.003987	0.000170 0.000458	
2 64 100 1.860000	0.017298 0.008787	0.999692 0.000307	0.006459 0.004268	0.001059 0.003028	0.000978 0.003413	0.001427 0.003104	0.000681 0.002466	0.000229 0.001143	0.001031 0.003365	0.000578 0.002890	0.001219 0.002691	
2 64 100 1.870000	0.014268 0.008282	0.999787 0.000218	0.007905 0.001171	0.000118 0.000588	0.000280 0.000974	0.000323 0.001170	0.000299 0.001497	0.000085 0.000424	0.000056 0.000279	-0.000158 0.000788	0.000353 0.001927	
2 64 100 1.880000	0.013942 0.008717	0.999796 0.000256	0.007352 0.005691	0.000701 0.002499	0.000585 0.001213	0.001058 0.003328	0.000469 0.002086	0.000000 0.000000	0.000322 0.001609	0.000610 0.002318	0.000106 0.000531	
2 64 100 1.890000	0.013479 0.004866	0.999814 0.000136	0.005134 0.005911	0.000140 0.000702	0.000805 0.001888	-0.000313 0.001566	0.001460 0.004276	0.000081 0.002764	0.001120 0.004911	0.001528 0.002878	0.000223 0.001113	
2 64 100 1.900000	0.011821 0.008859	0.999850 0.000205	0.005708 0.006266	0.000141 0.000707	0.000534 0.002879	0.000241 0.000580	0.002094 0.005505	0.000571 0.002853	0.000000 0.000000	0.000217 0.001086	0.000408 0.003584	
2 64 100 1.910000	0.008026 0.007125	0.999929 0.000123	0.008313 0.007157	0.001490 0.005519	0.001171 0.002949	0.000000 0.000000	0.000291 0.001454	0.001671 0.005979	0.001789 0.005979	0.000291 0.001454	0.001170 0.001995	
2 64 100 1.920000	0.012561 0.005730	0.999839 0.000143	0.004889 0.002784	0.000646 0.004289	0.000761 0.002685	0.000996 0.004982	0.000019 0.000094	0.000612 0.003043	0.000437 0.002095	0.000729 0.002288	0.000506 0.002532	
2 64 100 1.930000	0.014092 0.009943	0.999788 0.000290	0.004819 0.006823	0.000647 0.002369	0.000227 0.001137	0.000307 0.001536	0.000850 0.004349	0.000546 0.001750	0.000227 0.001137	0.001196 0.004112	0.000489 0.002446	
2 64 100 1.940000	0.011025 0.008361	0.999870 0.000176	0.006369 0.004349	0.000981 0.002597	0.000093 0.000465	0.001897 0.004918	0.001190 0.005304	0.000041 0.000204	0.000772 0.002561	0.000251 0.001082	0.002328 0.003823	
2 64 100 1.950000	0.014043 0.006032	0.999798 0.000167	0.003889 0.005218	0.000720 0.002135	0.000986 0.003566	0.001966 0.004576	0.000737 0.002542	0.000000 0.000000	0.000643 0.002042	0.000081 0.002391	0.001374 0.003566	
2 64 100 1.960000	0.012834 0.009781	0.999822 0.000265	0.006892 0.005908	0.002816 0.006412	0.001685 0.004307	0.000713 0.001952	-0.000032 0.004295	-0.000017 0.000085	0.001034 0.003546	0.000319 0.001175	-0.000489 0.002776	
2 64 100 1.970000	0.014013 0.008398	0.999794 0.000220	0.004508 0.005951	0.000835 0.001781	0.001628 0.005477	0.000633 0.003127	0.000370 0.001422	0.000829 0.002711	0.000607 0.002959	0.000695 0.002879	0.000617 0.001444	
2 64 100 1.980000	0.013146 0.008324	0.999818 0.000210	0.007247 0.004645	0.000249 0.001245	0.000269 0.000839	0.000394 0.001359	0.000157 0.000784	0.000065 0.000327	0.000134 0.000672	0.000558 0.002187	0.000081 0.000279	
2 64 100 1.990000	0.012125 0.008384	0.999845 0.000208	0.009037 0.004475	0.000291 0.001167	0.000691 0.002927	0.001287 0.005661	0.000587 0.005418	0.000830 0.002250	0.001273 0.002857	0.000537 0.001953	0.002119 0.004478	
2 64 100 2.000000	0.014487 0.008567	0.999780 0.000276	0.005605 0.004775	0.000568 0.001774	0.000133 0.000667	0.002406 0.003628	0.001162 0.002110	0.000786 0.003732	0.000981 0.003732	0.000006 0.000029	0.000214 0.002357	
2 64 100 2.010000	0.013362 0.005944	0.999817 0.000166	0.007056 0.002599	0.001524 0.003945	0.002912 0.007288	0.000883 0.002852	0.000850 0.002575	0.000710 0.003080	0.000176 0.000882	0.001693 0.003839	0.000008 0.000614	
2 64 100 2.020000	0.012022 0.006202	0.999851 0.000153	0.004582 0.007109	0.000731 0.003554	0.000785 0.003059	0.000660 0.001177	0.000120 0.000602	0.000188 0.000939	0.001697 0.005349	0.000437 0.002187	0.001661 0.005734	
2 64 100 2.030000	0.009616 0.005295	0.999905 0.000102	0.006167 0.007753	-0.000282 0.001784	0.001554 0.003180	0.001379 0.004258	0.001676 0.003890	0.001312 0.005773	0.000189 0.001448	0.000013 0.000067	0.000559 0.001869	
2 64 100 2.040000	0.013350 0.009873	0.999804 0.000276	0.005460 0.006785	0.001225 0.005474	0.001340 0.004464	0.000000 0.000000	0.000148 0.000568	0.000508 0.002542	0.000300 0.001379	0.000424 0.001195	0.001228 0.002557	
2 64 100 2.050000	0.012096 0.009901	0.999841 0.000255	0.006710 0.006700	0.001521 0.002912	0.000631 0.002712	0.000317 0.001397	0.000523 0.002207	0.000088 0.000442	0.000907 0.002328	0.000088 0.000442	0.001376 0.003922	
2 64 100 2.060000	0.019286 0.009239	0.999618 0.000380	0.005678 0.005817	0.000622 0.003112	0.000346 0.001729	-0.000099 0.002256	0.002026 0.005930	0.001189 0.005694	0.000968 0.006097	-0.000207 0.001036	0.000841 0.004678	
2 64 100 2.070000	0.011009 0.008987	0.999864 0.000176	0.007137 0.006237	0.000551 0.003331	0.000862 0.003338	-0.000017 0.001362	0.000858 0.005044	0.000819 0.001487	-0.000041 0.000205	0.000264 0.001318	0.001127 0.003177	
2 64 100 2.080000	0.011160 0.008725	0.999866 0.000198	0.005837 0.002891	0.000060 0.000302	0.000358 0.001471	0.000554 0.001997	0.000175 0.000511	0.000473 0.002707	0.000319 0.001593	0.000490 0.002448	0.000086 0.000355	
2 64 100 2.090000	0.011009 0.007381	0.999871 0.000175	0.007871 0.004251	0.000509 0.001600	0.000122 0.000611	-0.000034 0.000989	0.000556 0.001348	-0.000137 0.001341	0.000000 0.000000	0.000412 0.001853	0.000351 0.001112	
2 64 100 2.100000	0.014643 0.007843	0.999776 0.000226	0.005736 0.003871	0.001951 0.007340	0.000041 0.001820	0.002396 0.003468	0.002160 0.003805	0.000847 0.001448	0.000290 0.001448	0.000862 0.004310	0.000963 0.004310	
2 64 100 2.110000	0.016353 0.008998	0.999721 0.000304	0.005721 0.003303	0.000170 0.000849	0.000827 0.002801	0.001086 0.002139	0.000134 0.000668	0.000526 0.001344	0.000000 0.000000	0.000463 0.001419	0.000560 0.001905	
2 64 100 2.120000	0.009979 0.009262	0.999889 0.000224	0.006353 0.008555	0.000798 0.004828	0.002021 0.004995	0.000955 0.002953	0.000770 0.001460	0.002339 0.006004	-0.001110 0.004354	0.001531 0.005781	0.001442 0.003952	
2 64 100 2.130000	0.013127 0.007477	0.999821 0.000210	0.003277 0.005904	0.000762 0.001914	0.000982 0.002354	0.000000 0.000000	0.001825 0.006424	0.001221 0.003218	0.000080 0.000398	0.000521 0.001914	0.000755 0.002924	
2 64 100 2.140000	0.013959 0.006512	0.999800 0.000188	0.003552 0.005210	0.000609 0.003777	0.000437 0.001133	0.000325 0.001624	0.000099 0.000493	0.000752 0.001708	0.000538 0.002690	0.000000 0.000000	0.001806 0.003723	
2 64 100 2.150000	0.013774 0.007161	0.999800 0.000189	0.004799 0.007483	0.001247 0.004049	0.000406 0.002029	0.000625 0.003123	0.000162 0.002033	0.000684 0.003606	0.000034 0.001666	0.001522 0.003274	0.000701 0.002096	
2 64 100 2.160000	0.012580 0.003293	0.999840 0.000079	0.004501 0.003436	0.000634 0.001812	0.000194 0.000824	0.000807 0.001913	0.000841 0.002168	0.000109 0.001770	0.000932 0.002928	0.000396 0.000926	0.000233 0.001165	
2 64 100 2.170000	0.016748 0.005968	0.999715 0.000199	0.005634 0.004127	0.000599 0.001608	0.000334 0.001671	0.000234 0.001171	0.000638 0.002176	0.000205 0.001309	0.000031 0.000156	0.000402 0.003177	0.000428 0.002138	
2 64 100 2.180000	0.012901 0.009048	0.999823 0.000236	0.005631 0.002927	0.000000 0.000000	0.000053 0.000264	0.000735 0.003772	0.000912 0.004894	0.000475 0.001535	0.000244 0.001222	0.000514 0.002000	0.000078 0.000391	
2 64 100 2.190000	0.012146 0.007969	0.999844 0.000199	0.006046 0.003119	0.000536 0.002348	0.000162 0.000811	0.000554 0.001923	0.000636 0.003182	0.000136 0.000347	0.000242 0.000707	0.000822 0.001695	0.000000 0.000000	
2 64 100 2.200000	0.011909 0.009064	0.999848 0.000230	0.005303 0.001797	0.001025 0.003403	0.000031 0.000156	-0.000017 0.000087	0.000000 0.000000	0.000637 0.001555	0.001376 0.003028	0.000197 0.002251	-0.000081 0.000404	
2 64 100 2.210000	0.009941 0.009053	0.999889 0.000171	0.004939 0.004692	0.002159 0.004367	0.001606 0.003974	0.000798 0.004612	0.000123 0.001345	0.000579 0.002501	0.001436 0.002852	0.001620 0.003846	0.000408 0.000898	
2 64 100 2.220000	0.012655 0.009990	0.999826 0.000281	0.006715 0.003539	0.000539 0.002696	0.001219 0.003655	0.000539 0.002696	0.000626 0.003258	0.000683 0.002522	0.000563 0.001787	0.000849 0.001787	0.000000 0.000000	
2 64 100 2.230000	0.009907 0.009568	0.999891 0.000170	0.001510 0.002957	0.001788 0.008942	0.000266 0.001328	0.000451 0.001366	0.001054 0.002910	0.001207 0.002338	0.000934 0.002338	0.001237 0.003920	0.000971 0.003462	
2 64 100 2.240000	0.006000 0.009704	0.999954 0.000135	0.005408 0.008979	0.000198 0.000989	0.000668 0.001511	0.001477 0.002504	0.000000 0.000000	0.002407 0.007555	0.001404 0.005528	0.001102 0.003531	0.001574 0.003026	
2 64 100 2.250000	0.012980 0.006461	0.999824 0.000165	0.005885 0.007209	0.000000 0.000000	0.000930 0.001425	0.000776 0.002159	0.000587 0.002935	-0.000121 0.004863	0.000125 0.002234	0.000458 0.001677	0.002458 0.004795	
2 64 100 2.260000	0.018050 0.008009	0.999667 0.000287	0.004667 0.008115	0.000187 0.000908	0.000644 0.002837	0.000434 0.002170	0.000476 0.001035	0.000000 0.000000	0.001119 0.003769	0.001322 0.004758	0.000459 0.003220	
2 64 100 2.270000	0.014103 0.007938	0.999792 0.000253	0.004048 0.006534	0.000477 0.002383	0.001178 0.003320	0.000695 0.002961	0.000087 0.000435	0.001009 0.002888	0.000229 0.001562	0.000765 0.003826	0.000600 0.001231	
2 64 100 2.280000	0.016103 0.003464	0.999739 0.000107	0.003409 0.005234	0.000847 0.004561	0.001068 0.003756	0.001505 0.004781	0.000264 0.001078	0.000813 0.001904	0.000422 0.002345	0.000750 0.001999	0.000560 0.001555	
2 64 100 2.290000	0.013486 0.008847	0.999806 0.000228	0.002735 0.006238	0.003038 0.007128	0.001239 0.005989	0.000638 0.002926	0.002709 0.007327	0.000407 0.001777	0.000194 0.000710	0.000710 0.002282	0.000557 0.002787	
2 64 100 2.300000	0.012281 0.009732	0.999838 0.000269	0.004636 0.007804	0.000221 0.001107	0.000333 0.001394	0.001975 0.007470	0.001338 0.004439	0.000465 0.001688	0.000326 0.002163	0.000535 0.003158	0.000474 0.002370	
2 64 100 2.310000	0.016096 0.006616	0.999735 0.000216	0.005762 0.009312	0.000057 0.000283	0.001215 0.004559	0.000350 0.002183	0.000000 0.000000	0.000518 0.001965	0.000719 0.001460	0.001864 0.003313	-0.000078 0.000392	
2 64 100 2.320000	0.011643 0.004811	0.999861 0.000111	0.005316 0.009686	0.002201 0.004441	0.000633 0.002836	0.001020 0.002442	0.000265 0.002546	0.001117 0.007161	0.001010 0.007518	-0.000180 0.002618	0.000603 0.002131	
2 64 100 2.330000	0.014761 0.008787	0.999774 0.000246	0.004858 0.006498	0.000513 0.002231	0.000083 0.000413	0.000734 0.002288	0.001324 0.003079	0.000691 0.001625	0.001003 0.003298	0.000283 0.001413	0.000830 0.002895	
2 64 100 2.340000	0.010891 0.009523	0.999869 0.000195	0.004891 0.007204	0.000395 0.001977	0.001467 0.002428	0.000561 0.002805	0.000595 0.002131	0.001005 0.003577	0.000998 0.002988	0.001143 0.003118	0.000908 0.002732	
2 64 100 2.350000	0.014385 0.009251	0.999782 0.000232	0.005519 0.006110	0.000574 0.002157	0.000387 0.001744	0.001083 0.004048	0.000042 0.000211	0.000000 0.000000	0.000916 0.004048	0.000000 0.000000	0.000000 0.000000	
2 64 100 2.360000	0.015690 0.005355	0.999749 0.000170	0.003891 0.005387	0.000283 0.004042	0.000820 0.002348	0.000098 0.003199	0.001571 0.004370	0.000257 0.003583	0.000552 0.002271	-0.000064 0.000675	0.001501 0.003487	
2 64 100 2.370000	0.007085 0.009086	0.999939 0.000145	0.004383 0.006168	0.001370 0.004531	0.000795 0.002510	0.001098 0.003486	0.001791 0.006517	0.000604 0.003019	0.000663 0.001864	0.001502 0.004026	0.000884 0.002476	
2 64 100 2.380000	0.013271 0.007403	0.999817 0.000214	0.005474 0.007955	0.000370 0.000966	0.000609 0.002139	0.000665 0.003323	0.000285 0.000714	-0.000041 0.000455	0.000644 0.001922	0.000151 0.000755	0.001768 0.003617	
2 64 100 2.390000	0.014859 0.008076	0.999772 0.000249	0.005255 0.005131	0.000554 0.001624	0.000095 0.000476	0.000900 0.002651	0.000173 0.001408	0.000470 0.002348	0.000828 0.002853	0.000344 0.001722	0.001685 0.004274	
2 64 100 2.400000	0.015355 0.009440	0.999750 0.000290	0.005407 0.007319	0.000488 0.001309	0.000582 0.001966	0.000431 0.002153	0.000469 0.002686	0.000618 0.001528	0.000895 0.001806	0.000444 0.002219	0.000000 0.000000	
2 64 100 2.410000	0.010997 0.004521	0.999876 0.000101	0.004452 0.007121	0.000111 0.000555	0.002233 0.001482	0.000905 0.001701	0.000770 0.001734	0.001459 0.004030	0.001161 0.004972	0.000619 0.003616	0.001088 0.005438	
2 64 100 2.420000	0.015950 0.007543	0.999737 0.000244	0.004545 0.006373	0.001113 0.003447	0.000174 0.000782	0.001061 0.002336	0.000313 0.001564	0.000000 0.000000	0.001652 0.004392	0.000881 0.001808	0.001534 0.003896	
2 64 100 2.430000	0.017265 0.003821	0.999700 0.000132	0.004044 0.004758	0.000752 0.003761	0.000627 0.001730	-0.000092 0.000459	0.000045 0.000226	0.000931 0.003805	0.001578 0.005825	0.000000 0.000000	0.001272 0.002920	
2 64 100 2.440000	0.013042 0.007006	0.999821 0.000182	0.004198 0.005401	0.000149 0.000747	-0.000011 0.000268	0.000970 0.002084	0.000512 0.001848	0.000915 0.003023	0.001183 0.004373	0.000634 0.002757	0.000226 0.000920	
2 64 100 2.450000	0.011364 0.008402	0.999863 0.000187	0.005318 0.004500	0.000596 0.001557	0.000531 0.001692	0.000691 0.001666	0.000561 0.001424	0.000155 0.000775	0.000568 0.001539	-0.000067 0.000256	0.000826 0.002919	
2 64 100 2.460000	0.012519 0.004874	0.999840 0.000129	0.004183 0.006694	0.000073 0.000363	0.000220 0.000389	0.001414 0.005413	0.001665 0.005413	0.001238 0.003923	0.002538 0.006423	0.000368 0.001841	0.001052 0.004366	
2 64 100 2.470000	0.012100 0.009892	0.999843 0.000231	0.005095 0.008066	0.001061 0.002985	0.001534 0.003995	0.000914 0.003617	0.000276 0.001382	0.001798 0.006434	0.000699 0.002480	0.001014 0.003627	0.000196 0.000979	
2 64 100 2.480000	0.014396 0.009328	0.999779 0.000264	0.006092 0.005107	0.000000 0.000000	0.000088 0.000209	0.000207 0.001290	0.000235 0.001173	0.000232 0.001162	0.000244 0.001219	0.000229 0.002334	0.000997 0.002734	
2 64 100 2.490000	0.008937 0.008976	0.999909 0.000180	0.002030 0.001605	0.001960 0.005020	0.000581 0.003541	0.000676 0.001984	0.000593 0.002495	0.001176 0.003415	0.000790 0.003505	-0.000720 0.002556	0.001098 0.004010	
2 64 100 2.500000	0.009005 0.004083	0.999917 0.000073	0.006180 0.004498	0.001567 0.003435	0.001572 0.003992	0.001533 0.005603	0.001663 0.003940	-0.000111 0.000553	0.000548 0.003587	0.000380 0.001898	-0.000525 0.002626	
2 64 100 2.510000	0.009783 0.009297	0.999893 0.000188	0.004102 0.009680	0.001401 0.005667	0.000844 0.003317	0.001024 0.003674	0.000792 0.002812	0.000244 0.002018	0.000624 0.002307	0.001398 0.007724	0.000862 0.003647	
2 64 100 2.520000	0.012833 0.009400	0.999822 0.000228	0.003408 0.007067	0.000141 0.000703	0.000899 0.003582	0.000725 0.002066	0.001130 0.004521	0.000720 0.001512	0.000544 0.002371	0.000427 0.001007	0.000417 0.001359	
2 64 100 2.530000	0.011571 0.009365	0.999855 0.000223	0.004703 0.008434	0.000484 0.002422	0.001140 0.002927	0.001341 0.004776	0.001240 0.004270	0.000914 0.003837	0.000577 0.002473	0.000394 0.001968	0.000585 0.002927	
2 64 100 2.540000	0.016000 0.008848	0.999731 0.000285	0.002357 0.007606	0.000427 0.001461	0.000724 0.002693	0.000000 0.000000	0.000118 0.000588	0.000258 0.000956	0.000202 0.001009	0.000651 0.002218	0.000130 0.001066	
2 64 100 2.550000	0.012452 0.009231	0.999833 0.000230	0.004849 0.007028	0.000637 0.002970	0.000894 0.004147	0.001536 0.003867	0.000134 0.000668	0.000985 0.002801	0.001288 0.002688	0.000690 0.002520	0.000425 0.002127	
2 64 100 2.560000	0.011140 0.009291	0.999865 0.000201	0.005421 0.006000	0.000221 0.002221	0.002364 0.005377	0.000203 0.002465	0.000224 0.002618	0.001472 0.004872	0.000580 0.002898	0.000892 0.004460	0.000426 0.002432	
2 64 100 2.570000	0.019106 0.008200	0.999626 0.000326	0.003869 0.006096	0.001353 0.003752	0.000102 0.000509	0.000816 0.002092	0.001047 0.002960	0.000651 0.002175	0.000000 0.000000	0.001547 0.003416	0.000486 0.001192	
2 64 100 2.580000	0.013966 0.005270	0.999801 0.000138	0.004447 0.003762	0.000628 0.002300	0.000231 0.000594	0.000538 0.001684	-0.000045 0.000225	0.001229 0.002660	0.002280 0.005388	0.000596 0.001963	0.000458 0.001189	
2 64 100 2.590000	0.011827 0.007429	0.999852 0.000182	0.006148 0.004954	0.001197 0.002355	0.001415 0.004977	0.000723 0.002944	0.000557 0.002187	0.000726 0.002187	0.000541 0.002102	0.000978 0.003786	0.000757 0.002693	
2 64 100 2.600000	0.015959 0.005973	0.999740 0.000183	0.002246 0.003956	0.000358 0.001791	0.000358 0.001010	0.002737 0.004897	0.000663 0.002801	0.000000 0.000000	0.000126 0.001592	0.001305 0.003979	0.001201 0.003704	
2 64 100 2.610000	0.012033 0.007971	0.999848 0.000205	0.003451 0.007452	0.000803 0.003457	0.001059 0.003076	0.001116 0.003086	0.001189 0.003413	0.001497 0.004039	0.000830 0.002915	0.000186 0.000932	0.000641 0.003204	
2 64 100 2.620000	0.012282 0.007817	0.999842 0.000176	0.003648 0.005998	0.000292 0.001461	0.000672 0.002732	-0.000071 0.000357	0.000480 0.001848	0.000831 0.004476	0.000541 0.002263	0.000752 0.001512	0.000597 0.002986	
2 64 100 2.630000	0.015105 0.009659	0.999760 0.000296	0.003047 0.006298	0.000000 0.000000	0.001176 0.002380	0.001028 0.002885	0.001003 0.004779	0.002873 0.007170	0.001003 0.004274	0.000274 0.000900	0.000299 0.000743	
2 64 100 2.640000	0.009670 0.008799	0.999895 0.000187	0.005349 0.007072	0.000848 0.001981	0.000800 0.004002	0.000000 0.000000	0.001882 0.007933	0.000949 0.002485	0.003935 0.004042	0.001471 0.003893	0.000654 0.002486	
2 64 100 2.650000	0.012399 0.006753	0.999840 0.000173	0.004833 0.006147	0.000562 0.001759	0.000000 0.000000	0.000090 0.001392	0.000609 0.003043	0.000354 0.000753	-0.000001 0.000004	0.000547 0.001690	0.000233 0.001164	
2 64 100 2.660000	0.010452 0.009626	0.999872 0.000187	0.004064 0.002953	0.001178 0.004016	0.001249 0.003680	-0.000145 0.002687	-0.000038 0.000192	0.000263 0.001317	0.000902 0.002495	0.001319 0.003337	0.000398 0.001990	
2 64 100 2.670000	0.015622 0.008210	0.999748 0.000257	0.004163 0.004442	0.000325 0.001320	0.000000 0.000000	0.000101 0.001915	0.000330 0.001651	0.000000 0.000000	0.000340 0.001092	0.000000 0.000000	0.000054 0.000271	
2 64 100 2.680000	0.011018 0.009985	0.999862 0.000205	0.004913 0.006037	0.001537 0.005168	0.000213 0.000959	0.000000 0.000000	0.001156 0.002979	0.001075 0.002797	0.000582 0.002707	0.000348 0.001688	0.000819 0.002966	
2 64 100 2.690000	0.014069 0.004883	0.999799 0.000130	0.003234 0.007109	0.000000 0.000000	0.000398 0.002869	-0.000023 0.000117	-0.000032 0.000117	0.000127 0.000633	0.000238 0.000893	0.000057 0.000283	0.000672 0.003075	
2 64 100 2.700000	0.015850 0.007785	0.999741 0.000225	0.004152 0.004522	0.000000 0.000000	0.000445 0.002227	0.001804 0.004310	0.000501 0.003040	0.001560 0.006118	0.000000 0.000000	0.000326 0.001419	0.001400 0.005257	
2 64 100 2.710000	0.011910 0.008090	0.999850 0.000187	0.005709 0.008736	0.001873 0.004850	0.000132 0.001884	0.000971 0.005606	0.000708 0.002469	0.000267 0.000767	0.000697 0.001877	0.000974 0.003461	0.000376 0.001819	
2 64 100 2.720000	0.012886 0.009968	0.999821 0.000295	0.003518 0.005664	0.000710 0.002638	0.001235 0.003143	0.000533 0.001460	0.000604 0.001537	0.000322 0.001537	0.001452 0.003691	0.000709 0.001889	0.000360 0.001123	
2 64 100 2.730000	0.019992 0.009791	0.999582 0.000386	0.002128 0.004608	0.000000 0.000000	0.000944 0.003052	0.000320 0.001600	0.000000 0.000000	0.000169 0.001723	0.000309 0.001547	0.000955 0.003850	0.000215 0.001073	
2 64 100 2.740000	0.009791 0.005406	0.999900 0.000112	0.005455 0.005554	0.000619 0.000926	0.000173 0.000444	0.001456 0.003869	0.000951 0.003913	0.000459 0.001849	0.000190 0.000951	0.000846 0.001456	0.000855 0.004612	
2 64 100 2.750000	0.012040 0.007973	0.999849 0.000195	0.004293 0.003947	0.000000 0.000000	0.000742 0.002364	0.000066 0.002000	-0.000204 0.001020	0.001966 0.003897	0.000274 0.001372	0.000665 0.001960	0.000653 0.002071	
2 64 100 2.760000	0.009820 0.008328	0.999895 0.000139	0.006764 0.008048	0.000808 0.001863	0.000477 0.001896	0.001363 0.004926	0.000477 0.002003	0.000752 0.002906	0.001057 0.002873	0.000676 0.003378	0.000272 0.001358	
2 64 100 2.770000	0.011950 0.008051	0.999848 0.000210	0.005707 0.009407	0.000794 0.001917	0.001074 0.005372	0.000181 0.000907	0.000346 0.001729	0.000000 0.000000	0.001018 0.002342	0.001315 0.003433	0.000489 0.002444	
2 64 100 2.780000	0.016199 0.008346	0.999728 0.000274	0.003971 0.002104	0.000977 0.002770	0.000822 0.004108	0.001683 0.003603	0.000374 0.001870	0.000358 0.002075	0.000352 0.001760	0.000231 0.001153	0.000535 0.002677	
2 64 100 2.790000	0.009796 0.007710	0.999898 0.000147	0.005285 0.006153	0.000489 0.002444	0.000631 0.001820	0.000330 0.001651	0.001454 0.006294	0.000803 0.003948	0.000750 0.004356	-0.000241 0.001719	0.001684 0.004598	
2 64 100 2.800000	0.013376 0.008053	0.999813 0.000208	0.002742 0.007132	-0.000513 0.005667	0.001234 0.003632	0.000432 0.001436	0.000629 0.003645	0.001149 0.003394	0.000073 0.000364	-0.000446 0.005088	-0.000074 0.001219	
2 64 100 2.810000	0.014107 0.007525	0.999794 0.000204	0.004743 0.006110	0.001233 0.003285	0.001015 0.002877	0.000284 0.001420	0.000883 0.002877	0.000546 0.002731	0.002112 0.006316	0.001236 0.003301	0.001662 0.004247	
2 64 100 2.820000	0.016243 0.009815	0.999722 0.000302	0.005018 0.005819	-0.000044 0.000221	0.000281 0.001406	0.000417 0.001608	0.000324 0.001981	-0.000049 0.001136	-0.000007 0.001905	0.001182 0.002416	0.000000 0.000000	
2 64 100 2.830000	0.010723 0.004482	0.999882 0.000090	0.002133 0.003979	0.000653 0.002398	0.000000 0.000000	0.000959 0.003384	0.000841 0.001893	0.000376 0.001879	0.001034 0.004439	0.000841 0.003384	0.001928 0.004899	
2 64 100 2.840000	0.012150 0.008735	0.999845 0.000203	0.002774 0.004947	0.001645 0.003384	0.000071 0.000353	0.000000 0.000000	0.000846 0.002875	0.000725 0.002775	0.001421 0.002868	0.001270 0.005898	0.000778 0.003889	
2 64 100 2.850000	0.015893 0.008545	0.999738 0.000294	0.002768 0.003494	-0.000132 0.001809	0.000000 0.000000	0.000666 0.001745	0.000450 0.002250	0.001745 0.004574	0.001265 0.004867	0.000325 0.000803	0.000337 0.001685	
2 64 100 2.860000	0.018325 0.009681	0.999650 0.000365	0.004845 0.005131	0.000054 0.000270	0.000223 0.001117	0.000046 0.000232	0.000000 0.000000	0.000000 0.000000	0.000236 0.001179	0.000000 0.000000	-0.000173 0.000864	
2 64 100 2.870000	0.012954 0.009814	0.999819 0.000278	0.003833 0.004375	0.000592 0.001932	0.000252 0.001261	0.000252 0.001259	0.000833 0.002837	0.000050 0.000249	0.000352 0.001429	0.000268 0.001342	0.000231 0.001153	
2 64 100 2.880000	0.010318 0.008100	0.999883 0.000160	0.004934 0.004180	0.000000 0.000000	0.000291 0.001453	0.000570 0.001020	0.001245 0.002261	0.000965 0.002737	0.000842 0.002828	0.000343 0.001717	0.001740 0.004858	
2 64 100 2.890000	0.011792 0.008870	0.999850 0.000193	0.004395 0.005316	0.000369 0.001846	-0.000007 0.000033	0.000805 0.003234	0.000000 0.000000	0.000088 0.000439	0.001140 0.005152	0.000396 0.001979	0.000083 0.000413	
2 64 100 2.900000	0.009483 0.009680	0.999899 0.000180	0.003333 0.005440	0.001555 0.003684	0.000310 0.004473	0.000524 0.002893	0.000610 0.003916	0.000082 0.000408	0.000036 0.001505	0.001515 0.001581	0.000542 0.001418	
2 64 100 2.910000	0.009488 0.009494	0.999897 0.000188	0.004173 0.006877	0.001704 0.005509	0.001152 0.001690	0.000426 0.002129	0.001185 0.004014	0.000826 0.002498	0.000810 0.003716	0.000091 0.000453	0.000000 0.000000	
2 64 100 2.920000	0.014305 0.008554	0.999784 0.000204	0.002815 0.002724	0.000419 0.001164	0.001379 0.004891	0.000000 0.000000	0.001037 0.004538	0.000061 0.001229	0.000777 0.003338	0.000190 0.000952	0.000501 0.001360	
2 64 100 2.930000	0.017364 0.009459	0.999682 0.000337	0.004665 0.006333	0.000398 0.001662	0.000282 0.001409	0.000400 0.001999	0.001097 0.003556	0.000276 0.001380	0.000374 0.001343	0.000000 0.000000	0.000417 0.001435	
2 64 100 2.940000	0.012045 0.003746	0.999852 0.000089	0.002630 0.002859	0.000181 0.000907	0.001053 0.002678	0.000402 0.001858	0.000638 0.001836	0.000000 0.000000	0.000367 0.001836	0.000486 0.002425	0.000886 0.004572	
2 64 100 2.950000	0.010231 0.009676	0.999884 0.000203	0.004632 0.004128	0.000173 0.000863	0.001394 0.004476	0.002546 0.008490	0.000297 0.001483	0.000760 0.002430	0.001810 0.004398	0.000612 0.001281	0.000557 0.001951	
2 64 100 2.960000	0.013958 0.006063	0.999797 0.000164	0.003456 0.005912	0.000432 0.002161	0.000274 0.000946	0.001386 0.002666	0.000597 0.002983	0.000336 0.001651	0.000238 0.001820	0.001046 0.001872	0.000714 0.003185	
2 64 100 2.970000	0.012198 0.006787	0.999844 0.000172	0.003346 0.003868	-0.000357 0.001784	0.000695 0.001583	0.000834 0.002099	0.001612 0.006998	0.001612 0.003463	0.001319 0.005298	0.001561 0.004029	0.000862 0.002256	
2 64 100 2.980000	0.015699 0.009511	0.999743 0.000312	0.003750 0.008763	0.000407 0.001379	0.000531 0.002454	0.000592 0.002959	0.000772 0.005420	0.001277 0.003295	0.001401 0.003761	0.000515 0.001821	0.001138 0.004369	
2 64 100 2.990000	0.016793 0.008107	0.999710 0.000264	0.002774 0.003765	0.001644 0.004289	0.000601 0.003599	0.001155 0.004179	0.000802 0.003015	0.001534 0.004289	0.000735 0.001763	0.000640 0.002942	0.001062 0.004284	
2 64 100 3.000000	0.012752 0.009431	0.999823 0.000244	0.003830 0.003061	0.000797 0.004851	0.000492 0.002458	0.000109 0.000546	0.000566 0.001725	0.001021 0.004407	-0.000025 0.000127	0.000538 0.002297	0.001069 0.003392	
2 64 100 3.010000	0.010717 0.005328	0.999882 0.000124	0.004912 0.007178	0.000544 0.002880	0.000708 0.001802	0.001168 0.003014	0.000000 0.000000	0.000225 0.001126	0.001114 0.002849	0.001176 0.002439	0.001070 0.002610	
2 64 100 3.020000	0.016329 0.007697	0.999726 0.000236	0.004574 0.006555	0.000865 0.003335	0.000638 0.002419	0.000657 0.004562	0.000124 0.002367	0.001013 0.003888	0.001216 0.004666	0.000086 0.000432	0.000941 0.003157	
2 64 100 3.030000	0.008609 0.005299	0.999922 0.000100	0.003877 0.006006	0.001798 0.005509	0.000874 0.003461	0.000088 0.000439	0.001054 0.002451	0.000378 0.001460	0.001163 0.003986	0.000568 0.001469	0.001276 0.002956	
2 64 100 3.040000	0.014274 0.009664	0.999785 0.000310	0.005138 0.007036	0.001100 0.003915	0.001348 0.003856	0.000237 0.000826	0.000000 0.000000	0.000071 0.000356	0.001640 0.003387	0.000071 0.000356	0.001456 0.004362	
2 64 100 3.050000	0.012306 0.006695	0.999843 0.000161	0.003782 0.003893	0.000000 0.000000	0.000661 0.001667	0.000710 0.001841	0.000629 0.002127	0.001168 0.002851	0.000288 0.001809	0.000463 0.001194	0.000528 0.003062	
2 64 100 3.060000	0.010507 0.008058	0.999880 0.000167	0.003112 0.006538	0.001019 0.004063	0.000557 0.001813	0.002203 0.004967	0.000839 0.002930	-0.000112 0.005438	0.003033 0.008379	0.000253 0.002642	0.000536 0.005134	
2 64 100 3.070000	0.014507 0.008883	0.999779 0.000221	0.004021 0.002971	0.000403 0.001229	-0.000719 0.003698	0.000240 0.001534	0.001920 0.007854	-0.000097 0.001039	0.001541 0.002745	0.001061 0.004517	0.001143 0.003308	
2 64 100 3.080000	0.013198 0.009532	0.999814 0.000247	0.004023 0.004961	0.000593 0.002963	0.000408 0.002042	0.000673 0.001704	0.001242 0.004731	0.000956 0.002761	0.000449 0.002377	0.000853 0.003064	0.001383 0.001773	
2 64 100 3.090000	0.016136 0.009224	0.999731 0.000292	0.002246 0.006317	0.000701 0.004002	0.000345 0.001726	0.001181 0.002407	-0.000025 0.000126	0.001045 0.002736	0.000118 0.000592	0.001008 0.005037	0.000174 0.000491	
2 64 100 3.100000	0.008706 0.006568	0.999918 0.000119	0.003116 0.005288	0.000171 0.000857	0.001293 0.003888	0.000595 0.001313	0.001470 0.003115	0.000491 0.001482	0.001461 0.003670	0.001254 0.002709	0.000279 0.005267	
2 64 100 3.110000	0.014338 0.009017	0.999783 0.000259	0.002814 0.004253	-0.000038 0.000188	0.000850 0.002889	0.000991 0.002427	0.000739 0.003697	0.001504 0.003842	0.000985 0.002775	0.000172 0.000452	0.001028 0.003646	
2 64 100 3.120000	0.017402 0.009511	0.999685 0.000338	0.003402 0.003636	0.001756 0.003545	0.000396 0.001980	0.000603 0.001609	-0.000152 0.000761	0.000416 0.002361	0.000000 0.000000	0.000571 0.001850	0.001882 0.003993	
2 64 100 3.130000	0.007038 0.003705	0.999948 0.000050	0.005099 0.008632	0.000490 0.002451	0.001564 0.002486	0.001300 0.006500	0.000785 0.001996	0.000899 0.004016	0.000689 0.001955	0.002776 0.004038	0.001880 0.003510	
2 64 100 3.140000	0.020154 0.007981	0.999586 0.000341	0.002852 0.004549	0.000873 0.003008	0.000834 0.002586	0.000926 0.003282	0.000788 0.003926	0.001098 0.003223	0.000000 0.000000	0.000907 0.004220	0.001132 0.003596	
2 64 100 3.150000	0.008301 0.004408	0.999929 0.000071	0.004979 0.007126	0.001104 0.005521	0.000985 0.003989	0.000000 0.000000	0.001578 0.003484	0.001282 0.006010	0.000668 0.001930	0.000783 0.003460	0.000000 0.000000	
2 64 100 3.160000	0.011546 0.008776	0.999854 0.000192	0.002682 0.001887	0.001161 0.003470	0.001157 0.004311	0.001016 0.002327	0.000319 0.001281	0.001063 0.002832	0.000465 0.002327	0.000162 0.000811	0.000164 0.000822	
2 64 100 3.170000	0.013370 0.003919	0.999819 0.000108	0.002546 0.004075	0.001566 0.002889	0.000879 0.006591	0.001252 0.006540	0.000508 0.001314	0.000476 0.002379	0.000040 0.001540	0.000275 0.001374	0.001295 0.002830	
2 64 100 3.180000	0.014064 0.007859	0.999792 0.000215	0.004540 0.007301	0.000443 0.002216	0.000986 0.004928	0.000486 0.002431	0.000140 0.000701	0.000274 0.001488	0.000553 0.002767	0.001596 0.002801	0.000244 0.000851	
2 64 100 3.190000	0.014186 0.008738	0.999786 0.000247	0.003463 0.001325	0.000523 0.001437	0.000233 0.001167	0.000217 0.001084	0.000149 0.000746	0.000191 0.001763	0.000155 0.000774	0.000461 0.001168	0.000000 0.000000	
2 64 100 3.200000	0.014999 0.008587	0.999764 0.000266	0.003611 0.001911	0.000355 0.001285	0.000319 0.001276	0.000421 0.001220	0.000000 0.000000	0.000500 0.001268	0.000000 0.000000	0.000494 0.001459	0.000964 0.002918	
2 64 100 3.210000	0.009312 0.006730	0.999905 0.000115	0.004113 0.007400	0.000041 0.000206	0.000917 0.004583	0.000578 0.002892	0.000805 0.002047	0.000497 0.002485	0.001246 0.003509	0.000269 0.001606	0.000040 0.000199	
2 64 100 3.220000	0.011331 0.009646	0.999861 0.000235	0.003237 0.004965	0.000057 0.000283	0.000281 0.001358	0.000000 0.000000	0.000220 0.001098	0.000000 0.000000	0.000000 0.000000	0.000135 0.000451	0.000632 0.003161	
2 64 100 3.230000	0.015485 0.007999	0.999752 0.000227	0.002197 0.005478	0.000340 0.001002	0.000557 0.001580	0.000525 0.003909	0.001717 0.005426	0.001152 0.003983	0.000000 0.000000	0.000890 0.002422	0.000430 0.001281	
2 64 100 3.240000	0.013344 0.005619	0.999818 0.000150	0.003729 0.006619	0.000937 0.004685	0.001397 0.005609	0.001339 0.002246	0.001144 0.002889	0.000767 0.002751	0.000297 0.002666	0.000163 0.000813	0.000251 0.001254	
2 64 100 3.250000	0.013941 0.009855	0.999790 0.000276	0.003683 0.004981	0.000118 0.000591	0.000217 0.000661	0.000451 0.002522	0.000934 0.002353	0.000512 0.001721	0.000182 0.000597	0.000657 0.002557	0.000131 0.000657	
2 64 100 3.260000	0.013015 0.009626	0.999821 0.000230	0.004189 0.003424	0.000159 0.000482	0.000938 0.002054	0.000427 0.001070	0.000000 0.000000	0.000079 0.000393	0.001468 0.004495	0.000304 0.000954	0.000271 0.001795	
2 64 100 3.270000	0.011098 0.002872	0.999876 0.000062	0.004169 0.009617	0.000542 0.002185	0.000084 0.000418	0.000357 0.001366	0.001077 0.003660	0.000604 0.002058	0.000930 0.002376	0.000324 0.001618	0.001370 0.002563	
2 64 100 3.280000	0.014986 0.009217	0.999767 0.000276	0.004312 0.004605	0.000874 0.003849	0.000522 0.001938	0.000845 0.002922	0.001072 0.003999	0.000440 0.002141	-0.000225 0.000889	0.001358 0.005322	0.000206 0.001029	
2 64 100 3.290000	0.016621 0.008524	0.999716 0.000297	0.002288 0.004027	0.000249 0.000843	0.000568 0.001250	0.000000 0.000000	0.000537 0.001968	0.000342 0.000912	0.000443 0.002216	0.000501 0.001550	-0.000035 0.000173	
2 64 100 3.300000	0.014168 0.009908	0.999788 0.000299	0.003189 0.005470	0.000403 0.001327	0.000758 0.002760	0.000990 0.002735	0.000523 0.001873	0.000261 0.001432	0.000000 0.000378	-0.000198 0.000989	0.000122 0.001223	
2 64 100 3.310000	0.011371 0.006718	0.999866 0.000163	0.004815 0.009723	0.000558 0.001397	0.003502 0.005055	0.000187 0.000933	0.000154 0.000770	0.000000 0.000000	0.002128 0.005820	0.000582 0.002908	0.000582 0.002908	
2 64 100 3.320000	0.014154 0.006859	0.999790 0.000204	0.003427 0.007775	-0.000632 0.003161	0.000115 0.000374	0.001204 0.003739	-0.000228 0.001141	0.001294 0.006260	0.002315 0.003545	0.000020 0.001545	0.000350 0.000879	
2 64 100 3.330000	0.008261 0.007936	0.999920 0.000130	0.003153 0.002019	0.000161 0.000444	0.001845 0.003475	0.000897 0.004485	0.001279 0.004904	0.000892 0.003005	0.000375 0.001873	0.000875 0.003510	0.000274 0.001368	
2 64 100 3.340000	0.012950 0.008957	0.999822 0.000227	0.003256 0.006573	0.001350 0.005345	0.001049 0.003938	-0.000261 0.001305	0.000504 0.002230	0.000529 0.001297	0.001249 0.002423	-0.000611 0.003427	0.001135 0.005910	
2 64 100 3.350000	0.014658 0.003606	0.999783 0.000105	0.004066 0.004435	0.001387 0.005794	0.000459 0.001231	0.000770 0.001991	0.001613 0.005567	0.000870 0.001274	0.000729 0.001890	0.000560 0.002800	0.001958 0.004110	
2 64 100 3.360000	0.007251 0.008825	0.999935 0.000148	0.004076 0.007078	0.001373 0.003014	0.000464 0.000991	0.000300 0.001499	0.002885 0.005027	0.001494 0.007471	0.001071 0.002361	0.002597 0.006542	0.001204 0.004017	
2 64 100 3.370000	0.012431 0.009210	0.999836 0.000218	0.004240 0.004062	0.001618 0.005251	0.000325 0.001627	0.000776 0.002165	0.000526 0.001223	0.000369 0.002243	0.001069 0.004522	0.000515 0.002576	0.000786 0.002659	
2 64 100 3.380000	0.010665 0.005367	0.999882 0.000121	0.004057 0.002662	0.000779 0.002114	0.002596 0.008955	0.000992 0.002451	0.001445 0.004803	0.000686 0.003432	0.000974 0.003419	-0.000016 0.000079	0.002248 0.005360	
2 64 100 3.390000	0.012272 0.009179	0.999839 0.000236	0.003509 0.003513	0.001050 0.002583	0.000974 0.004869	0.000640 0.002596	0.000133 0.000865	0.000020 0.000100	0.000156 0.000594	0.000000 0.000000	0.000112 0.000558	
2 64 100 3.400000	0.012278 0.008632	0.999841 0.000210	0.003149 0.001684	0.000000 0.000000	0.000101 0.000504	0.001727 0.003523	0.000294 0.000984	0.000146 0.000732	0.000838 0.001612	-0.000139 0.000567	0.000891 0.003500	
2 64 100 3.410000	0.009321 0.009896	0.999896 0.000184	0.003532 0.008145	0.000871 0.003365	0.000703 0.003514	0.001288 0.003429	0.001642 0.005353	0.002359 0.006363	0.000662 0.002828	0.002260 0.006900	0.000966 0.003011	
2 64 100 3.420000	0.007749 0.009727	0.999928 0.000143	0.005080 0.005586	0.000952 0.003386	0.000339 0.003493	0.001451 0.004944	0.000000 0.000000	0.000433 0.001920	-0.000171 0.005512	0.001551 0.006422	0.000688 0.001957	
2 64 100 3.430000	0.009334 0.006455	0.999906 0.000120	0.002641 0.006011	0.001063 0.004462	0.000892 0.002980	0.000192 0.000960	0.001157 0.003957	0.000233 0.000455	0.002237 0.005399	0.001759 0.005399	0.001523 0.002035	
2 64 100 3.440000	0.012023 0.006662	0.999849 0.000154	0.003160 0.005344	0.000637 0.003717	0.001288 0.004458	0.000961 0.003468	0.001762 0.003146	0.000439 0.002280	0.000328 0.001640	0.000553 0.001640	-0.000195 0.000975	
2 64 100 3.450000	0.014433 0.009663	0.999782 0.000279	0.003869 0.000950	0.000540 0.002115	0.000461 0.001632	0.000816 0.002732	0.000585 0.002923	0.001005 0.002097	0.000007 0.000613	0.000416 0.002373	-0.000001 0.000007	
2 64 100 3.460000	0.012428 0.008385	0.999836 0.000214	0.005710 0.009411	0.001587 0.006891	0.000512 0.001335	0.001085 0.004472	0.001164 0.002340	0.000732 0.001929	0.001280 0.003444	0.000064 0.000320	0.001269 0.002237	
2 64 100 3.470000	0.018612 0.004359	0.999651 0.000157	0.004903 0.009191	0.001697 0.006766	0.001054 0.003635	0.000556 0.002781	0.002155 0.006178	0.003550 0.005661	0.000651 0.003136	0.001712 0.005811	0.000226 0.001128	
2 64 100 3.480000	0.016118 0.009516	0.999728 0.000335	0.000815 0.002190	0.000376 0.001541	0.001424 0.005424	0.000284 0.002793	0.000723 0.003004	0.001021 0.002432	0.000236 0.001180	0.000372 0.001855	0.001139 0.003474	
2 64 100 3.490000	0.013019 0.007949	0.999823 0.000206	0.003142 0.005899	0.000000 0.000000	0.000097 0.000501	0.001209 0.003526	0.000847 0.001732	0.000398 0.001293	0.000191 0.000956	0.000117 0.001664	0.000006 0.000030	
2 64 100 3.500000	0.015611 0.008925	0.999745 0.000308	0.003139 0.002525	0.000438 0.001952	0.000508 0.002356	0.000000 0.000000	0.000218 0.001088	0.000166 0.000828	0.000641 0.002729	0.000774 0.003870	0.000567 0.001484	
2 64 100 3.510000	0.012519 0.006313	0.999838 0.000144	0.004025 0.003792	0.000000 0.000000	0.000543 0.002715	0.000700 0.001663	0.000735 0.002705	0.000801 0.001735	0.000289 0.001447	0.000359 0.001503	0.000434 0.000924	
2 64 100 3.520000	0.014622 0.008269	0.999775 0.000240	0.002586 0.002916	0.000000 0.000000	0.000561 0.001821	0.000141 0.000706	0.000159 0.001414	0.000984 0.002670	0.000169 0.000617	0.000113 0.000566	0.000665 0.002663	
2 64 100 3.530000	0.010636 0.006818	0.999882 0.000144	0.002154 0.004856	0.000243 0.001214	0.000000 0.000000	0.001066 0.004077	0.000741 0.002409	0.001419 0.005440	0.000317 0.001587	0.000179 0.000894	0.000615 0.002836	
2 64 100 3.540000	0.014902 0.007067	0.999772 0.000198	0.003146 0.005370	0.000768 0.002572	0.001368 0.005445	0.000380 0.002368	0.000483 0.002415	0.000000 0.000000	0.000593 0.004106	0.000056 0.000281	0.000814 0.004069	
2 64 100 3.550000	0.013840 0.004846	0.999805 0.000135	0.003374 0.007174	0.001138 0.002554	0.000350 0.001383	0.000358 0.001790	0.000108 0.001478	0.000546 0.002731	0.001857 0.004413	0.000640 0.001647	0.000874 0.004069	
2 64 100 3.560000	0.014470 0.008318	0.999781 0.000238	0.002624 0.008146	0.000727 0.001915	0.001473 0.005086	0.000545 0.001551	0.001169 0.002280	0.000282 0.001412	0.000651 0.002183	0.000818 0.001748	0.000914 0.002617	
2 64 100 3.570000	0.016865 0.009900	0.999696 0.000314	0.001086 0.002840	0.000410 0.001323	0.000408 0.001874	0.000181 0.000906	0.000195 0.000977	0.000245 0.000728	0.000392 0.001400	0.000100 0.000502	0.000190 0.000952	
2 64 100 3.580000	0.010795 0.008998	0.999873 0.000188	0.003375 0.004528	0.000602 0.003012	0.000552 0.004613	0.001154 0.005470	0.000000 0.000000	0.000541 0.002711	0.000157 0.000786	0.001386 0.003854	0.001291 0.003816	
2 64 100 3.590000	0.011566 0.008956	0.999858 0.000210	0.004505 0.005017	0.001350 0.003402	0.001242 0.002732	0.000122 0.000802	0.000680 0.003401	0.000517 0.001050	0.000710 0.002018	0.001251 0.003314	0.000651 0.002733	
2 64 100 3.600000	0.011460 0.009518	0.999854 0.000209	0.003215 0.004802	0.000351 0.001753	0.000335 0.001676	0.000424 0.001525	0.000171 0.000666	-0.000068 0.000342	0.000436 0.002181	0.000074 0.000369	0.001667 0.003773	
2 64 100 3.610000	0.014833 0.008158	0.999771 0.000239	0.002317 0.002348	0.000556 0.001355	0.000148 0.000494	0.000648 0.001706	0.000231 0.001156	-0.000241 0.000791	0.000806 0.001987	0.000109 0.000393	0.001291 0.003050	
2 64 100 3.620000	0.008065 0.009221	0.999923 0.000138	0.002175 0.005422	0.000952 0.003527	0.000975 0.003493	0.001467 0.002483	0.001162 0.003483	0.001257 0.004399	0.002358 0.004493	0.001779 0.004399	0.000459 0.001473	
2 64 100 3.630000	0.013043 0.006233	0.999823 0.000170	0.004186 0.003565	0.000317 0.001584	0.000280 0.001402	0.000078 0.000392	0.000927 0.002392	0.001176 0.002617	0.000308 0.001538	0.000725 0.003625	0.001104 0.002750	
2 64 100 3.640000	0.011656 0.008848	0.999851 0.000217	0.004305 0.003999	0.000156 0.000780	0.000769 0.002610	0.000721 0.002490	0.000255 0.000710	0.000347 0.001733	0.000000 0.000000	0.000415 0.000933	0.001135 0.003635	
2 64 100 3.650000	0.011361 0.009322	0.999860 0.000232	0.003445 0.003777	0.000532 0.002486	0.001162 0.002530	0.000668 0.002739	0.001928 0.003644	0.000213 0.001063	0.000283 0.003009	0.000154 0.000770	0.000711 0.001857	
2 64 100 3.660000	0.016135 0.009356	0.999725 0.000287	0.003362 0.002058	0.000634 0.003169	0.000603 0.001570	0.002688 0.004656	0.000179 0.000897	0.001379 0.003666	0.000638 0.001948	0.000440 0.002201	0.000021 0.000105	
2 64 100 3.670000	0.011207 0.008193	0.999866 0.000202	0.001448 0.004983	0.001681 0.005973	0.001050 0.003467	0.001196 0.002879	0.000350 0.001750	0.000047 0.000235	0.000942 0.002962	0.001650 0.004275	0.000148 0.000740	
2 64 100 3.680000	0.015443 0.005787	0.999757 0.000181	0.002383 0.004938	0.001029 0.002844	0.000896 0.003310	0.000657 0.002300	0.000019 0.005595	0.001341 0.003905	0.000211 0.000712	0.001175 0.004865	0.001171 0.006542	
2 64 100 3.690000	0.013543 0.008144	0.999805 0.000210	0.002229 0.005260	0.000448 0.002238	0.001437 0.003753	0.001038 0.008036	-0.000356 0.001780	0.000225 0.001700	0.002085 0.005743	-0.000361 0.005577	0.001830 0.005983	
2 64 100 3.700000	0.007996 0.008325	0.999927 0.000152	0.003362 0.006600	0.000760 0.001996	0.000188 0.000481	0.000449 0.001570	0.001393 0.005005	0.001564 0.003359	0.001191 0.003515	0.000684 0.001941	0.001889 0.006016	
2 64 100 3.710000	0.008149 0.007746	0.999925 0.000107	0.003098 0.007526	0.001363 0.002940	0.000586 0.002516	0.000382 0.001912	0.001846 0.005952	0.001155 0.002914	0.001674 0.003021	0.000376 0.001466	0.000364 0.001406	
2 64 100 3.720000	0.012933 0.007594	0.999825 0.000222	0.001868 0.005025	0.001844 0.003924	0.000008 0.000294	0.000355 0.002010	0.000616 0.002914	0.001089 0.003376	0.001559 0.004386	0.001296 0.004412	0.000652 0.001903	
2 64 100 3.730000	0.018971 0.007556	0.999631 0.000302	0.002891 0.007650	0.001180 0.006442	0.001331 0.003565	0.001530 0.005715	0.001820 0.002278	0.000296 0.000903	0.000912 0.004283	0.002426 0.005013	0.000446 0.001713	
2 64 100 3.740000	0.013004 0.007862	0.999825 0.000212	0.002157 0.001291	0.000546 0.002728	0.000154 0.000568	0.000860 0.001758	0.000746 0.003594	0.000095 0.000784	0.000601 0.002356	-0.000046 0.000230	0.000000 0.000000	
2 64 100 3.750000	0.015422 0.006039	0.999757 0.000199	0.002965 0.006384	0.001037 0.004357	0.000588 0.002312	0.000563 0.002817	0.002926 0.006858	0.000000 0.000000	0.000679 0.001838	0.000853 0.002312	0.000891 0.004164	
2 64 100 3.760000	0.011347 0.006761	0.999866 0.000167	0.002115 0.003960	0.000226 0.000762	0.000186 0.000930	0.000816 0.002445	0.001826 0.004465	0.000179 0.000894	0.000412 0.000874	0.000560 0.002389	0.001397 0.002433	
2 64 100 3.770000	0.012896 0.007764	0.999824 0.000217	0.003602 0.006355	0.000000 0.000000	0.000017 0.000084	0.000081 0.000403	-0.000268 0.001239	0.000350 0.001277	0.000678 0.002535	0.000545 0.002196	0.000661 0.002221	
2 64 100 3.780000	0.012589 0.009173	0.999826 0.000249	0.003305 0.005266	0.000495 0.001130	0.000121 0.000545	0.000822 0.002926	0.000035 0.000175	0.000542 0.001852	0.001055 0.002812	0.000203 0.000640	0.000203 0.001016	
2 64 100 3.790000	0.015890 0.004691	0.999745 0.000153	0.003886 0.006638	0.002514 0.006859	0.000598 0.002834	0.001920 0.005809	-0.000112 0.002092	0.000180 0.000742	0.000847 0.002329	0.001038 0.003267	0.000696 0.002037	
2 64 100 3.800000	0.012058 0.005856	0.999849 0.000135	0.001711 0.002621	0.000452 0.000933	0.001075 0.003325	0.001474 0.002707	0.000389 0.001946	0.000000 0.000000	0.000047 0.000235	0.000384 0.001918	0.000540 0.002682	
2 64 100 3.810000	0.012309 0.009553	0.999838 0.000257	0.002666 0.007272	0.001367 0.003930	0.000375 0.001688	0.000750 0.002545	0.001118 0.003214	0.001787 0.006007	0.000604 0.001608	0.000824 0.002247	0.000857 0.003387	
2 64 100 3.820000	0.012328 0.008655	0.999838 0.000228	0.003544 0.009855	0.000320 0.001600	0.001823 0.003458	0.001549 0.002681	0.000713 0.003567	-0.000003 0.000013	0.001556 0.004798	0.001716 0.004468	0.000486 0.001502	
2 64 100 3.830000	0.011917 0.009038	0.999847 0.000242	0.001561 0.005095	0.000287 0.001437	0.000766 0.002228	0.000698 0.002278	0.000071 0.000353	0.001204 0.004922	0.000000 0.000000	0.000880 0.003283	0.000688 0.002205	
2 64 100 3.840000	0.010959 0.009069	0.999865 0.000195	0.003745 0.005326	0.000844 0.003920	0.000594 0.002969	0.000508 0.002202	0.000000 0.000000	0.000639 0.001800	0.001014 0.002137	0.000826 0.004037	0.000223 0.001117	
2 64 100 3.850000	0.012349 0.005688	0.999843 0.000152	0.002065 0.002964	-0.000032 0.000527	0.000655 0.002012	0.000306 0.001146	0.000026 0.000132	-0.000144 0.002256	0.001388 0.003526	0.000569 0.002348	0.000311 0.001227	
2 64 100 3.860000	0.013623 0.008596	0.999803 0.000229	0.001091 0.000801	0.000401 0.001412	0.000869 0.003438	0.001060 0.002889	0.000297 0.002699	0.000486 0.001754	0.000000 0.000000	0.000453 0.002148	0.000148 0.000739	
2 64 100 3.870000	0.014512 0.008902	0.999779 0.000265	0.004981 0.006805	0.001145 0.003880	0.000704 0.005757	0.000686 0.001860	0.000271 0.001355	0.000503 0.001990	-0.000032 0.000160	0.000591 0.001591	0.000301 0.001507	
2 64 100 3.880000	0.014937 0.006273	0.999771 0.000189	0.003104 0.005483	0.000539 0.002809	0.000872 0.003302	0.000049 0.000219	-0.000064 0.000320	0.000123 0.000615	0.000239 0.001195	0.001477 0.003975	0.000393 0.002293	
2 64 100 3.890000	0.010263 0.006527	0.999887 0.000127	0.003776 0.001750	0.000902 0.002374	0.001137 0.003494	0.000208 0.000956	0.000493 0.003716	0.000602 0.002428	0.001440 0.005388	0.000925 0.002627	0.000424 0.002122	
2 64 100 3.900000	0.011522 0.009860	0.999853 0.000204	0.002647 0.004061	0.000152 0.000820	0.001920 0.003506	0.000856 0.001991	0.001050 0.003425	0.000054 0.002176	0.001076 0.005379	0.000376 0.001787	0.000082 0.000412	
2 64 100 3.910000	0.010784 0.004637	0.999881 0.000105	0.003117 0.002082	0.000678 0.002647	0.000160 0.000586	0.000177 0.000886	0.001087 0.002743	0.000291 0.001139	0.000089 0.000447	0.000502 0.002509	0.000236 0.001182	
2 64 100 3.920000	0.013697 0.009726	0.999800 0.000279	0.002484 0.004250	0.001467 0.001068	0.001210 0.002246	0.000408 0.002273	0.000339 0.001696	0.001094 0.003801	0.000739 0.003229	0.000305 0.001526	0.000480 0.002233	
2 64 100 3.930000	0.012012 0.007373	0.999844 0.000184	0.002320 0.006895	0.000369 0.000924	0.001210 0.003197	0.000974 0.002684	0.000604 0.001758	0.000823 0.002263	0.001561 0.007168	0.000251 0.001253	0.000690 0.003191	
2 64 100 3.940000	0.014089 0.006946	0.999795 0.000178	0.003247 0.007006	0.000508 0.001754	0.000149 0.000744	0.000916 0.001563	0.000028 0.000138	0.000723 0.001815	0.000444 0.001326	0.000329 0.001610	0.000918 0.004289	
2 64 100 3.950000	0.015153 0.009581	0.999759 0.000272	0.005315 0.005717	0.000348 0.001740	0.000366 0.001831	0.000228 0.001378	0.000944 0.002505	0.000584 0.002000	0.000445 0.002528	0.000000 0.000000	0.000386 0.001932	
2 64 100 3.960000	0.013675 0.003570	0.999811 0.000100	0.001124 0.003130	-0.000030 0.000152	0.000000 0.000000	0.000430 0.002151	0.000000 0.000000	0.000544 0.001958	0.000509 0.002547	0.000358 0.001790	0.001696 0.004173	
2 64 100 3.970000	0.012114 0.008393	0.999844 0.000225	0.004086 0.007494	0.002246 0.007440	0.001106 0.002894	0.001201 0.002721	0.000746 0.003731	0.001319 0.004236	0.001335 0.005975	0.000601 0.001431	0.001465 0.004379	
2 64 100 3.980000	0.012672 0.009537	0.999825 0.000238	0.003777 0.006420	-0.000114 0.001034	0.000890 0.002971	0.001193 0.002431	0.000356 0.000915	0.000427 0.001217	0.001740 0.005258	0.000147 0.000736	0.000623 0.002884	
2 64 100 3.990000	0.013779 0.008761	0.999800 0.000255	0.003360 0.005232	0.001019 0.005093	0.000051 0.000254	0.000884 0.002840	0.000282 0.001412	0.000000 0.000000	0.000809 0.002166	0.000505 0.002526	0.002435 0.006236	
2 64 100 4.000000	0.017191 0.008093	0.999695 0.000278	0.002076 0.001929	0.000755 0.002320	0.000168 0.000838	0.000083 0.000416	0.000422 0.001435	-0.000040 0.000201	0.000451 0.002257	0.000994 0.003400	0.000489 0.002444	
