2 10 3 0.000000	1.000000 0.000000	0.000000 0.000000	0.000000 0.000000	0.000000 0.000000	0.000000 0.000000	0.000000 0.000000	
2 10 3 0.010000	1.000000 0.000000	0.000000 0.000000	0.000000 0.000000	0.000000 0.000000	0.000000 0.000000	0.000000 0.000000	
2 10 3 0.020000	1.000000 0.000000	0.000000 0.000000	0.000000 0.000000	0.000000 0.000000	0.000000 0.000000	0.000000 0.000000	
2 10 3 0.030000	1.000000 0.000000	0.000000 0.000000	0.000000 0.000000	0.000000 0.000000	0.000000 0.000000	0.000000 0.000000	
2 10 3 0.040000	1.000000 0.000000	0.000000 0.000000	0.000000 0.000000	0.000000 0.000000	0.000000 0.000000	0.000000 0.000000	
2 10 3 0.050000	1.000000 0.000000	0.000000 0.000000	0.000000 0.000000	0.000000 0.000000	0.000000 0.000000	0.000000 0.000000	
2 10 3 0.060000	1.000000 0.000000	0.000000 0.000000	0.000000 0.000000	0.000000 0.000000	0.000000 0.000000	0.000000 0.000000	
2 10 3 0.070000	1.000000 0.000000	0.000000 0.000000	0.000000 0.000000	0.000000 0.000000	0.000000 0.000000	0.000000 0.000000	
2 10 3 0.080000	1.000000 0.000000	0.000000 0.000000	0.000000 0.000000	0.000000 0.000000	0.000000 0.000000	0.000000 0.000000	
2 10 3 0.090000	1.000000 0.000000	0.000000 0.000000	0.000000 0.000000	0.000000 0.000000	0.000000 0.000000	0.000000 0.000000	
2 10 3 0.100000	1.000000 0.000000	0.000000 0.000000	0.000000 0.000000	0.000000 0.000000	0.000000 0.000000	0.000000 0.000000	
2 10 3 0.110000	1.000000 0.000000	0.000000 0.000000	0.000000 0.000000	0.000000 0.000000	0.000000 0.000000	0.000000 0.000000	
2 10 3 0.120000	1.000000 0.000000	0.000000 0.000000	0.000000 0.000000	0.000000 0.000000	0.000000 0.000000	0.000000 0.000000	
2 10 3 0.130000	1.000000 0.000000	0.000000 0.000000	0.000000 0.000000	0.000000 0.000000	0.000000 0.000000	0.000000 0.000000	
2 10 3 0.140000	1.000000 0.000000	0.000000 0.000000	0.000000 0.000000	0.000000 0.000000	0.000000 0.000000	0.000000 0.000000	
2 10 3 0.150000	1.000000 0.000000	0.000000 0.000000	0.000000 0.000000	0.000000 0.000000	0.000000 0.000000	0.000000 0.000000	
2 10 3 0.160000	1.000000 0.000000	0.000000 0.000000	0.000000 0.000000	0.000000 0.000000	0.000000 0.000000	0.000000 0.000000	
2 10 3 0.170000	1.000000 0.000000	0.000000 0.000000	0.000000 0.000000	0.000000 0.000000	0.000000 0.000000	0.000000 0.000000	
2 10 3 0.180000	1.000000 0.000000	0.000000 0.000000	0.000000 0.000000	0.000000 0.000000	0.000000 0.000000	0.000000 0.000000	
2 10 3 0.190000	1.000000 0.000000	0.000000 0.000000	0.000000 0.000000	0.000000 0.000000	0.000000 0.000000	0.000000 0.000000	
2 10 3 0.200000	1.000000 0.000000	0.000000 0.000000	0.000000 0.000000	0.000000 0.000000	0.000000 0.000000	0.000000 0.000000	
2 10 3 0.210000	1.000000 0.000000	0.000000 0.000000	0.000000 0.000000	0.000000 0.000000	0.000000 0.000000	0.000000 0.000000	
2 10 3 0.220000	1.000000 0.000000	0.000000 0.000000	0.000000 0.000000	0.000000 0.000000	0.000000 0.000000	0.000000 0.000000	
2 10 3 0.230000	1.000000 0.000000	0.000000 0.000000	0.000000 0.000000	0.000000 0.000000	0.000000 0.000000	0.000000 0.000000	
2 10 3 0.240000	1.000000 0.000000	0.000000 0.000000	0.000000 0.000000	0.000000 0.000000	0.000000 0.000000	0.000000 0.000000	
2 10 3 0.250000	1.000000 0.000000	0.000000 0.000000	0.000000 0.000000	0.000000 0.000000	0.000000 0.000000	0.000000 0.000000	
2 10 3 0.260000	1.000000 0.000000	0.000000 0.000000	0.000000 0.000000	0.000000 0.000000	0.000000 0.000000	0.000000 0.000000	
2 10 3 0.270000	1.000000 0.000000	0.000000 0.000000	0.000000 0.000000	0.000000 0.000000	0.000000 0.000000	0.000000 0.000000	
2 10 3 0.280000	1.000000 0.000000	0.000000 0.000000	0.000000 0.000000	0.000000 0.000000	0.000000 0.000000	0.000000 0.000000	
2 10 3 0.290000	1.000000 0.000000	0.000000 0.000000	0.000000 0.000000	0.000000 0.000000	0.000000 0.000000	0.000000 0.000000	
2 10 3 0.300000	1.000000 0.000000	0.000000 0.000000	0.000000 0.000000	0.000000 0.000000	0.000000 0.000000	0.000000 0.000000	
2 10 3 0.310000	1.000000 0.000000	0.000000 0.000000	0.000000 0.000000	0.000000 0.000000	0.000000 0.000000	0.000000 0.000000	
2 10 3 0.320000	1.000000 0.000000	0.000000 0.000000	0.000000 0.000000	0.000000 0.000000	0.000000 0.000000	0.000000 0.000000	
2 10 3 0.330000	1.000000 0.000000	0.000000 0.000000	0.000000 0.000000	0.000000 0.000000	0.000000 0.000000	0.000000 0.000000	
2 10 3 0.340000	1.000000 0.000000	0.000000 0.000000	0.000000 0.000000	0.000000 0.000000	0.000000 0.000000	0.000000 0.000000	
2 10 3 0.350000	1.000000 0.000000	0.000000 0.000000	0.000000 0.000000	0.000000 0.000000	0.000000 0.000000	0.000000 0.000000	
2 10 3 0.360000	1.000000 0.000000	0.000000 0.000000	0.000000 0.000000	0.000000 0.000000	0.000000 0.000000	0.000000 0.000000	
2 10 3 0.370000	1.000000 0.000000	0.000000 0.000000	0.000000 0.000000	0.000000 0.000000	0.000000 0.000000	0.000000 0.000000	
2 10 3 0.380000	1.000000 0.000000	0.000000 0.000000	0.000000 0.000000	0.000000 0.000000	0.000000 0.000000	0.000000 0.000000	
2 10 3 0.390000	1.000000 0.000000	0.000000 0.000000	0.000000 0.000000	0.000000 0.000000	0.000000 0.000000	0.000000 0.000000	
2 10 3 0.400000	1.000000 0.000000	0.000000 0.000000	0.000000 0.000000	0.000000 0.000000	0.000000 0.000000	0.000000 0.000000	
2 10 3 0.410000	1.000000 0.000000	0.000000 0.000000	0.000000 0.000000	0.000000 0.000000	0.000000 0.000000	0.000000 0.000000	
2 10 3 0.420000	1.000000 0.000000	0.000000 0.000000	0.000000 0.000000	0.000000 0.000000	0.000000 0.000000	0.000000 0.000000	
2 10 3 0.430000	1.000000 0.000000	0.000000 0.000000	0.000000 0.000000	0.000000 0.000000	0.000000 0.000000	0.000000 0.000000	
2 10 3 0.440000	1.000000 0.000000	0.000000 0.000000	0.000000 0.000000	0.000000 0.000000	0.000000 0.000000	0.000000 0.000000	
2 10 3 0.450000	1.000000 0.000000	0.000000 0.000000	0.000000 0.000000	0.000000 0.000000	0.000000 0.000000	0.000000 0.000000	
2 10 3 0.460000	1.000000 0.000000	0.000000 0.000000	0.000000 0.000000	0.000000 0.000000	0.000000 0.000000	0.000000 0.000000	
2 10 3 0.470000	1.000000 0.000000	0.000000 0.000000	0.000000 0.000000	0.000000 0.000000	0.000000 0.000000	0.000000 0.000000	
2 10 3 0.480000	1.000000 0.000000	0.000000 0.000000	0.000000 0.000000	0.000000 0.000000	0.000000 0.000000	0.000000 0.000000	
2 10 3 0.490000	1.000000 0.000000	0.000000 0.000000	0.000000 0.000000	0.000000 0.000000	0.000000 0.000000	0.000000 0.000000	
2 10 3 0.500000	1.000000 0.000000	0.000000 0.000000	0.000000 0.000000	0.000000 0.000000	0.000000 0.000000	0.000000 0.000000	
2 10 3 0.510000	1.000000 0.000000	0.000000 0.000000	0.000000 0.000000	0.000000 0.000000	0.000000 0.000000	0.000000 0.000000	
2 10 3 0.520000	1.000000 0.000000	0.000000 0.000000	0.000000 0.000000	0.000000 0.000000	0.000000 0.000000	0.000000 0.000000	
2 10 3 0.530000	0.998502 0.004496	0.002990 0.008972	0.000000 0.000000	0.001794 0.008972	0.002990 0.008972	0.002990 0.008972	
2 10 3 0.540000	1.000000 0.000000	0.000000 0.000000	0.000000 0.000000	0.000000 0.000000	0.000000 0.000000	0.000000 0.000000	
2 10 3 0.550000	1.000000 0.000000	0.000000 0.000000	0.000000 0.000000	0.000000 0.000000	0.000000 0.000000	0.000000 0.000000	
2 10 3 0.560000	1.000000 0.000000	0.000000 0.000000	0.000000 0.000000	0.000000 0.000000	0.000000 0.000000	0.000000 0.000000	
2 10 3 0.570000	1.000000 0.000000	0.000000 0.000000	0.000000 0.000000	0.000000 0.000000	0.000000 0.000000	0.000000 0.000000	
2 10 3 0.580000	0.998803 0.002992	0.002390 0.005976	0.002390 0.005976	0.002390 0.005976	0.000000 0.000000	0.000000 0.000000	
2 10 3 0.590000	1.000000 0.000000	0.000000 0.000000	0.000000 0.000000	0.000000 0.000000	0.000000 0.000000	0.000000 0.000000	
2 10 3 0.600000	1.000000 0.000000	0.000000 0.000000	0.000000 0.000000	0.000000 0.000000	0.000000 0.000000	0.000000 0.000000	
2 10 3 0.610000	1.000000 0.000000	0.000000 0.000000	0.000000 0.000000	0.000000 0.000000	0.000000 0.000000	0.000000 0.000000	
2 10 3 0.620000	0.998005 0.004987	0.003980 0.009950	0.001990 0.009950	0.000000 0.000000	0.000000 0.000000	0.001990 0.009950	
2 10 3 0.630000	0.998848 0.004610	0.002300 0.009198	0.000000 0.000000	0.000460 0.002301	0.002300 0.009198	0.000340 0.001698	
2 10 3 0.640000	0.999252 0.003740	0.001493 0.007467	0.000000 0.000000	0.000000 0.000000	0.000000 0.000000	0.001493 0.007467	
2 10 3 0.650000	0.998005 0.004987	0.003982 0.009950	0.003982 0.009950	0.000996 0.004981	0.000996 0.004981	0.000996 0.004981	
2 10 3 0.660000	0.994765 0.002487	0.010442 0.004949	0.002468 0.009937	0.000864 0.004322	0.003980 0.009795	0.003546 0.009962	
2 10 3 0.670000	0.995696 0.004381	0.008588 0.008723	0.002211 0.004526	0.000851 0.004255	0.000190 0.000949	0.002621 0.005349	
2 10 3 0.680000	0.998005 0.004987	0.003980 0.009950	0.001990 0.009950	0.003980 0.009950	0.001990 0.009950	0.000000 0.000000	
2 10 3 0.690000	0.995017 0.004976	0.009939 0.009906	0.001105 0.003273	0.004779 0.007004	0.000854 0.004270	0.000205 0.001027	
2 10 3 0.700000	0.989099 0.004979	0.021680 0.009850	0.003778 0.006102	0.001963 0.006729	0.000710 0.003551	0.000436 0.002178	
2 10 3 0.710000	0.990226 0.004791	0.019450 0.009485	0.002171 0.004053	0.003795 0.008461	0.000495 0.002477	0.000861 0.002231	
2 10 3 0.720000	0.988743 0.004842	0.022384 0.009573	0.002231 0.003401	0.001257 0.004742	0.000832 0.003075	0.001986 0.005179	
2 10 3 0.730000	0.988282 0.004362	0.023296 0.008621	0.005539 0.008835	0.002242 0.006582	0.000439 0.002197	0.001403 0.003895	
2 10 3 0.740000	0.987535 0.004506	0.024772 0.008900	0.002013 0.005350	0.000011 0.000056	0.000139 0.000696	0.002976 0.009952	
2 10 3 0.750000	0.982413 0.005016	0.034860 0.009857	0.003492 0.007263	0.000000 0.000000	0.001166 0.002891	0.001802 0.004919	
2 10 3 0.760000	0.984651 0.004417	0.030459 0.008694	0.003165 0.008876	0.001779 0.005059	0.001367 0.003939	0.002216 0.005509	
2 10 3 0.770000	0.977611 0.001031	0.044276 0.002016	0.002944 0.009882	0.001219 0.005548	0.000000 0.000000	0.001616 0.006280	
2 10 3 0.780000	0.972608 0.004643	0.054030 0.009037	0.006812 0.003999	0.004259 0.009986	0.003420 0.009755	0.001749 0.008745	
2 10 3 0.790000	0.973659 0.005040	0.051985 0.009812	0.001522 0.005656	0.002837 0.008274	0.008211 0.009527	0.002067 0.007108	
2 10 3 0.800000	0.971444 0.004294	0.056293 0.008341	0.001994 0.005903	-0.000060 0.000298	0.001959 0.005196	0.002188 0.006185	
2 10 3 0.810000	0.969077 0.003446	0.060888 0.006681	0.007843 0.007759	0.001553 0.003367	0.000815 0.003529	0.003829 0.009721	
2 10 3 0.820000	0.961951 0.004994	0.074648 0.009605	0.012480 0.005599	0.000761 0.002285	0.002156 0.009838	0.004276 0.008508	
2 10 3 0.830000	0.961106 0.004239	0.076273 0.008156	0.009922 0.006827	0.003101 0.009273	0.000935 0.004141	0.001579 0.005726	
2 10 3 0.840000	0.949662 0.005053	0.098139 0.009604	0.014209 0.007018	0.002263 0.009603	0.002563 0.007545	0.001785 0.005404	
2 10 3 0.850000	0.952056 0.004342	0.093588 0.008264	0.015937 0.005398	0.004391 0.009896	0.000000 0.000000	0.000072 0.000522	
2 10 3 0.860000	0.946075 0.005220	0.104938 0.009880	0.018218 0.006491	0.004589 0.007484	0.002634 0.006609	0.000222 0.001109	
2 10 3 0.870000	0.940394 0.005278	0.115657 0.009928	0.020899 0.008553	0.003777 0.006446	0.001046 0.005232	0.000735 0.003673	
2 10 3 0.880000	0.934637 0.005274	0.126449 0.009864	0.024618 0.007170	0.006899 0.009289	0.002376 0.006086	0.002621 0.008837	
2 10 3 0.890000	0.929402 0.005133	0.136208 0.009533	0.024915 0.005032	0.001176 0.003664	0.002354 0.009691	0.004865 0.007273	
2 10 3 0.900000	0.920228 0.005324	0.153176 0.009804	0.029688 0.006955	0.009279 0.009837	0.002339 0.008175	0.002675 0.006739	
2 10 3 0.910000	0.913568 0.003966	0.165391 0.007245	0.038080 0.004679	0.010372 0.009679	0.001803 0.009014	0.001862 0.007508	
2 10 3 0.920000	0.903876 0.005453	0.183003 0.009859	0.044147 0.008995	0.012853 0.004013	0.004807 0.004656	0.001124 0.003832	
2 10 3 0.930000	0.895540 0.003536	0.198006 0.006333	0.051035 0.009654	0.017065 0.005254	0.005254 0.008461	0.002119 0.005499	
2 10 3 0.940000	0.884464 0.005527	0.217719 0.009784	0.054821 0.007722	0.019240 0.005566	0.006138 0.009843	0.002041 0.006133	
2 10 3 0.950000	0.871200 0.005699	0.241004 0.009929	0.065318 0.009319	0.021091 0.006778	0.008369 0.004623	0.001668 0.004019	
2 10 3 0.960000	0.859953 0.003474	0.260479 0.005977	0.072067 0.005263	0.025714 0.009453	0.012481 0.009474	0.001520 0.003687	
2 10 3 0.970000	0.845497 0.004539	0.285131 0.007674	0.084618 0.009952	0.031899 0.003782	0.013079 0.003683	0.004358 0.004633	
2 10 3 0.980000	0.823689 0.004802	0.321534 0.007906	0.098585 0.006202	0.039342 0.009487	0.018388 0.009557	0.010196 0.009187	
2 10 3 0.990000	0.811004 0.006153	0.342268 0.009993	0.108878 0.005473	0.040811 0.006756	0.019107 0.003548	0.008594 0.005712	
2 10 3 1.000000	0.787350 0.006310	0.380075 0.009930	0.127416 0.009935	0.051545 0.004197	0.024341 0.006151	0.008101 0.007168	
2 10 3 1.010000	0.771608 0.006471	0.404615 0.009971	0.140469 0.007463	0.057001 0.007273	0.023661 0.004239	0.010807 0.008675	
2 10 3 1.020000	0.747377 0.006477	0.441424 0.009688	0.153061 0.003292	0.064472 0.006268	0.027519 0.009935	0.013184 0.002146	
2 10 3 1.030000	0.718991 0.006806	0.483046 0.009791	0.177701 0.006563	0.074802 0.004907	0.034441 0.009739	0.012797 0.009165	
2 10 3 1.040000	0.695836 0.007169	0.515804 0.009983	0.188663 0.007416	0.080692 0.002917	0.036049 0.004134	0.016514 0.002839	
2 10 3 1.050000	0.672409 0.007431	0.547859 0.009988	0.204238 0.002866	0.087713 0.006533	0.037215 0.009668	0.016137 0.003096	
2 10 3 1.060000	0.651366 0.007551	0.575715 0.009858	0.217069 0.003825	0.094567 0.005195	0.042297 0.005688	0.017254 0.004053	
2 10 3 1.070000	0.626190 0.007914	0.607878 0.009889	0.231641 0.003943	0.100585 0.006748	0.040995 0.008248	0.015999 0.004463	
2 10 3 1.080000	0.601839 0.008298	0.637779 0.009999	0.243367 0.007249	0.104956 0.008014	0.044280 0.006661	0.016007 0.008259	
2 10 3 1.090000	0.577727 0.008649	0.666222 0.009989	0.255402 0.004264	0.109879 0.004805	0.043952 0.007535	0.016511 0.006925	
2 10 3 1.100000	0.555382 0.007939	0.691543 0.008795	0.262890 0.005699	0.111693 0.009731	0.046624 0.008353	0.016130 0.006497	
2 10 3 1.110000	0.525406 0.009508	0.723935 0.009981	0.276141 0.009724	0.116487 0.009434	0.045344 0.003781	0.014567 0.003962	
2 10 3 1.120000	0.506356 0.009580	0.743594 0.009699	0.282982 0.008648	0.118017 0.004635	0.047641 0.007425	0.013125 0.009675	
2 10 3 1.130000	0.479997 0.008870	0.769589 0.008519	0.292495 0.009997	0.121185 0.007502	0.043858 0.006239	0.010873 0.005579	
2 10 3 1.140000	0.461816 0.008629	0.786713 0.007969	0.298823 0.009720	0.120521 0.005255	0.042550 0.007931	0.010239 0.009288	
2 10 3 1.150000	0.448454 0.009470	0.798879 0.008510	0.299900 0.007370	0.121856 0.005379	0.044302 0.003395	0.006371 0.009927	
2 10 3 1.160000	0.426989 0.009944	0.817666 0.008469	0.304773 0.008264	0.122043 0.003391	0.042018 0.005088	0.003762 0.004757	
2 10 3 1.170000	0.414898 0.009944	0.827840 0.008243	0.306995 0.009606	0.120024 0.009767	0.040339 0.006243	0.002230 0.004221	
2 10 3 1.180000	0.391609 0.007510	0.846634 0.005871	0.309301 0.006639	0.117363 0.009927	0.037179 0.009292	0.000224 0.001119	
2 10 3 1.190000	0.379047 0.009822	0.856308 0.007463	0.312262 0.004574	0.118740 0.007565	0.038203 0.009197	0.000734 0.003668	
2 10 3 1.200000	0.371335 0.009868	0.862096 0.007369	0.308177 0.005033	0.116192 0.007319	0.033906 0.003415	0.000929 0.002698	
2 10 3 1.210000	0.355612 0.002305	0.873539 0.001639	0.312014 0.002499	0.114280 0.009883	0.030739 0.003266	0.000616 0.003078	
2 10 3 1.220000	0.342408 0.009966	0.882740 0.006831	0.306747 0.007266	0.111894 0.008644	0.028246 0.008534	0.000000 0.000000	
2 10 3 1.230000	0.334136 0.009912	0.888340 0.006666	0.308844 0.008586	0.110038 0.004151	0.029292 0.003773	0.000000 0.000000	
2 10 3 1.240000	0.322005 0.009880	0.896300 0.006373	0.308163 0.009998	0.107874 0.004490	0.026545 0.004733	0.000000 0.000000	
2 10 3 1.250000	0.317212 0.004796	0.899373 0.003049	0.308786 0.008328	0.107658 0.009899	0.024948 0.009183	0.000000 0.000000	
2 10 3 1.260000	0.298822 0.005624	0.910701 0.003367	0.304063 0.009453	0.103808 0.009871	0.024260 0.007613	0.000000 0.000000	
2 10 3 1.270000	0.296941 0.009500	0.911816 0.005657	0.303499 0.006184	0.102498 0.006169	0.021720 0.009939	0.000000 0.000000	
2 10 3 1.280000	0.291883 0.007450	0.914797 0.004369	0.303303 0.003916	0.100142 0.002583	0.019858 0.009988	0.000000 0.000000	
2 10 3 1.290000	0.284060 0.005112	0.919305 0.002904	0.298266 0.008094	0.098887 0.009989	0.021344 0.009787	0.000000 0.000000	
2 10 3 1.300000	0.278946 0.005267	0.922186 0.002930	0.294733 0.009843	0.094063 0.009188	0.019321 0.009966	0.000000 0.000000	
2 10 3 1.310000	0.270715 0.005149	0.926710 0.002792	0.294979 0.005749	0.094803 0.009834	0.018410 0.008852	0.000000 0.000000	
2 10 3 1.320000	0.264128 0.009692	0.930218 0.005097	0.293103 0.006040	0.091467 0.006120	0.011644 0.009576	0.000000 0.000000	
2 10 3 1.330000	0.258063 0.007930	0.933394 0.004080	0.290575 0.009858	0.088958 0.009318	0.015381 0.006149	0.000000 0.000000	
2 10 3 1.340000	0.253291 0.007821	0.935837 0.003953	0.287944 0.008380	0.085171 0.005840	0.008648 0.009989	0.000000 0.000000	
2 10 3 1.350000	0.249218 0.007924	0.937883 0.003947	0.288243 0.005709	0.082726 0.009921	0.011897 0.009851	0.000000 0.000000	
2 10 3 1.360000	0.243508 0.007078	0.940696 0.003436	0.283349 0.009934	0.083825 0.007048	0.009007 0.006050	0.000000 0.000000	
2 10 3 1.370000	0.242866 0.006116	0.941011 0.002964	0.284486 0.009906	0.080320 0.007873	0.010290 0.006332	0.000000 0.000000	
2 10 3 1.380000	0.233509 0.009856	0.945463 0.004619	0.281809 0.004643	0.080376 0.007907	0.008956 0.009930	0.000000 0.000000	
2 10 3 1.390000	0.230184 0.003848	0.947012 0.001768	0.278730 0.009917	0.080247 0.005358	0.005670 0.009025	0.000000 0.000000	
2 10 3 1.400000	0.226928 0.005797	0.948499 0.002634	0.276087 0.009982	0.076686 0.007092	0.005334 0.008222	0.000000 0.000000	
2 10 3 1.410000	0.224758 0.005352	0.949480 0.002403	0.270304 0.009562	0.072800 0.002928	0.005500 0.009953	0.000000 0.000000	
2 10 3 1.420000	0.219923 0.009911	0.951622 0.004377	0.273666 0.003073	0.072587 0.007084	0.002197 0.005313	0.000000 0.000000	
2 10 3 1.430000	0.218392 0.005103	0.952302 0.002227	0.268844 0.005291	0.068783 0.009954	0.006589 0.008855	0.000000 0.000000	
2 10 3 1.440000	0.216707 0.009544	0.953027 0.004126	0.271474 0.009934	0.068548 0.006824	0.002527 0.006262	0.000000 0.000000	
2 10 3 1.450000	0.211953 0.005201	0.955071 0.002210	0.261578 0.009847	0.065468 0.009842	0.002590 0.005107	0.000000 0.000000	
2 10 3 1.460000	0.209388 0.004581	0.956153 0.001920	0.264864 0.007939	0.060619 0.009956	0.000986 0.004931	0.000000 0.000000	
2 10 3 1.470000	0.205919 0.009987	0.957586 0.004118	0.261778 0.006011	0.068628 0.008792	0.001511 0.005002	0.000000 0.000000	
2 10 3 1.480000	0.201026 0.009644	0.959572 0.003900	0.250860 0.009037	0.063824 0.007013	0.001098 0.003509	0.000000 0.000000	
2 10 3 1.490000	0.201847 0.007566	0.959250 0.003038	0.254818 0.009176	0.062162 0.009784	0.000919 0.004595	0.000000 0.000000	
2 10 3 1.500000	0.199723 0.003845	0.960108 0.001533	0.252854 0.009931	0.061245 0.008963	0.000150 0.000750	0.000000 0.000000	
2 10 3 1.510000	0.194212 0.008168	0.962275 0.003170	0.249492 0.009698	0.058234 0.009948	0.003152 0.007267	0.000000 0.000000	
2 10 3 1.520000	0.190184 0.008871	0.963821 0.003386	0.251141 0.009805	0.060267 0.007774	0.002385 0.006713	0.000000 0.000000	
2 10 3 1.530000	0.192028 0.004562	0.963123 0.001746	0.245895 0.009976	0.055316 0.009616	0.000641 0.001834	0.000000 0.000000	
2 10 3 1.540000	0.193478 0.007919	0.962558 0.003042	0.243450 0.009590	0.053705 0.005305	0.000000 0.000000	0.000000 0.000000	
2 10 3 1.550000	0.191190 0.007159	0.963441 0.002745	0.244509 0.007901	0.056093 0.009599	0.000000 0.000000	0.000000 0.000000	
2 10 3 1.560000	0.185641 0.007352	0.965529 0.002735	0.242999 0.009992	0.055681 0.008311	0.000000 0.000000	0.000000 0.000000	
2 10 3 1.570000	0.184373 0.009991	0.965994 0.003679	0.240898 0.005026	0.051617 0.009792	0.000075 0.000374	0.000000 0.000000	
2 10 3 1.580000	0.183756 0.006223	0.966228 0.002289	0.237885 0.009821	0.050750 0.009934	0.000665 0.003326	0.000000 0.000000	
2 10 3 1.590000	0.185147 0.007134	0.965712 0.002650	0.237055 0.009991	0.052908 0.009589	0.000000 0.000000	0.000000 0.000000	
2 10 3 1.600000	0.182134 0.009226	0.966818 0.003350	0.234995 0.009804	0.051792 0.007621	0.000336 0.001681	0.000000 0.000000	
2 10 3 1.610000	0.177820 0.009519	0.968370 0.003388	0.229783 0.007729	0.052261 0.009822	0.000000 0.000000	0.000000 0.000000	
2 10 3 1.620000	0.177705 0.002277	0.968420 0.000809	0.229933 0.009973	0.046758 0.009088	0.000000 0.000000	0.000000 0.000000	
2 10 3 1.630000	0.176567 0.003922	0.968822 0.001383	0.229617 0.009620	0.044409 0.006458	0.000222 0.001111	0.000000 0.000000	
2 10 3 1.640000	0.176798 0.005272	0.968739 0.001864	0.226395 0.009752	0.045705 0.007320	0.000000 0.000000	0.000000 0.000000	
2 10 3 1.650000	0.174538 0.009668	0.969521 0.003366	0.225063 0.005043	0.044015 0.009979	0.000000 0.000000	0.000000 0.000000	
2 10 3 1.660000	0.178440 0.009805	0.968144 0.003530	0.223696 0.009215	0.045229 0.009168	0.000000 0.000000	0.000000 0.000000	
2 10 3 1.670000	0.175636 0.008412	0.969144 0.002959	0.231635 0.009430	0.040838 0.009878	0.000000 0.000000	0.000000 0.000000	
2 10 3 1.680000	0.170115 0.006335	0.971056 0.002153	0.216707 0.009985	0.037192 0.009824	0.000000 0.000000	0.000000 0.000000	
2 10 3 1.690000	0.170468 0.009701	0.970928 0.003347	0.219077 0.008923	0.038786 0.005976	0.000000 0.000000	0.000000 0.000000	
2 10 3 1.700000	0.169101 0.002600	0.971404 0.000879	0.220812 0.009867	0.041428 0.009768	0.000000 0.000000	0.000000 0.000000	
2 10 3 1.710000	0.165627 0.009784	0.972554 0.003227	0.214711 0.008692	0.037535 0.009403	0.000000 0.000000	0.000000 0.000000	
2 10 3 1.720000	0.166110 0.007061	0.972401 0.002341	0.214055 0.009953	0.038485 0.009211	0.000000 0.000000	0.000000 0.000000	
2 10 3 1.730000	0.165181 0.004622	0.972712 0.001528	0.213191 0.009908	0.038906 0.009104	0.000000 0.000000	0.000000 0.000000	
2 10 3 1.740000	0.165343 0.006462	0.972654 0.002136	0.209988 0.009915	0.035983 0.009479	0.000000 0.000000	0.000000 0.000000	
2 10 3 1.750000	0.162783 0.009474	0.973489 0.003063	0.211471 0.009880	0.037140 0.006159	0.000000 0.000000	0.000000 0.000000	
2 10 3 1.760000	0.160543 0.006698	0.974217 0.002147	0.210543 0.009915	0.033870 0.007197	0.000000 0.000000	0.000000 0.000000	
2 10 3 1.770000	0.160951 0.004555	0.974092 0.001471	0.205495 0.009126	0.035066 0.009911	0.000000 0.000000	0.000000 0.000000	
2 10 3 1.780000	0.160277 0.008925	0.974301 0.002865	0.201734 0.009848	0.035654 0.007281	0.000000 0.000000	0.000000 0.000000	
2 10 3 1.790000	0.161434 0.005504	0.973935 0.001783	0.206585 0.008810	0.034010 0.009906	0.000000 0.000000	0.000000 0.000000	
2 10 3 1.800000	0.159929 0.008988	0.974413 0.002892	0.201532 0.009801	0.031477 0.006861	0.000000 0.000000	0.000000 0.000000	
2 10 3 1.810000	0.158567 0.005394	0.974852 0.001709	0.200581 0.009871	0.030645 0.009469	0.000000 0.000000	0.000000 0.000000	
2 10 3 1.820000	0.158173 0.004947	0.974978 0.001566	0.201057 0.009923	0.030627 0.002774	0.000000 0.000000	0.000000 0.000000	
2 10 3 1.830000	0.157250 0.007161	0.975265 0.002236	0.200321 0.009937	0.031710 0.009979	0.000000 0.000000	0.000000 0.000000	
2 10 3 1.840000	0.155735 0.009353	0.975733 0.002908	0.204569 0.009367	0.034520 0.009964	0.000000 0.000000	0.000000 0.000000	
2 10 3 1.850000	0.154106 0.006583	0.976247 0.002034	0.195509 0.009805	0.027830 0.009639	0.000000 0.000000	0.000000 0.000000	
2 10 3 1.860000	0.153194 0.007468	0.976524 0.002295	0.200485 0.009768	0.030867 0.009625	0.000000 0.000000	0.000000 0.000000	
2 10 3 1.870000	0.152459 0.009278	0.976746 0.002840	0.190500 0.009279	0.026420 0.008702	0.000000 0.000000	0.000000 0.000000	
2 10 3 1.880000	0.152286 0.009804	0.976797 0.002947	0.195797 0.009808	0.028989 0.004810	0.000000 0.000000	0.000000 0.000000	
2 10 3 1.890000	0.152601 0.004022	0.976711 0.001227	0.188307 0.008889	0.026195 0.009536	0.000000 0.000000	0.000000 0.000000	
2 10 3 1.900000	0.153294 0.008001	0.976494 0.002439	0.186019 0.009832	0.028806 0.009193	0.000000 0.000000	0.000000 0.000000	
2 10 3 1.910000	0.154497 0.005377	0.976127 0.001670	0.187740 0.009704	0.029745 0.005394	0.000000 0.000000	0.000000 0.000000	
2 10 3 1.920000	0.149718 0.004694	0.977581 0.001403	0.187167 0.009832	0.026108 0.009867	0.000000 0.000000	0.000000 0.000000	
2 10 3 1.930000	0.149257 0.003734	0.977721 0.001112	0.183641 0.009956	0.025026 0.004940	0.000000 0.000000	0.000000 0.000000	
2 10 3 1.940000	0.147069 0.005552	0.978366 0.001632	0.181140 0.009767	0.027313 0.009132	0.000000 0.000000	0.000000 0.000000	
2 10 3 1.950000	0.148653 0.008021	0.977894 0.002387	0.185847 0.009621	0.031179 0.005453	0.000000 0.000000	0.000000 0.000000	
2 10 3 1.960000	0.149577 0.005270	0.977623 0.001570	0.183313 0.009629	0.021938 0.009210	0.000494 0.002472	0.000000 0.000000	
2 10 3 1.970000	0.148269 0.006364	0.978012 0.001887	0.185622 0.009967	0.025827 0.006505	0.000000 0.000000	0.000000 0.000000	
2 10 3 1.980000	0.147205 0.005153	0.978327 0.001513	0.177774 0.007111	0.023754 0.009812	0.000000 0.000000	0.000000 0.000000	
2 10 3 1.990000	0.146353 0.007301	0.978574 0.002156	0.181017 0.009961	0.022574 0.008772	0.000000 0.000000	0.000000 0.000000	
2 10 3 2.000000	0.145823 0.009621	0.978726 0.002811	0.176455 0.005642	0.024034 0.005151	0.000771 0.003853	0.000000 0.000000	
2 10 3 2.010000	0.147170 0.009856	0.978330 0.002901	0.176712 0.009592	0.023816 0.007001	0.000000 0.000000	0.000000 0.000000	
2 10 3 2.020000	0.143378 0.008485	0.979434 0.002448	0.175979 0.007526	0.020722 0.009457	0.000000 0.000000	0.000000 0.000000	
2 10 3 2.030000	0.143259 0.007894	0.979469 0.002257	0.171124 0.009913	0.019402 0.009324	0.000000 0.000000	0.000000 0.000000	
2 10 3 2.040000	0.142828 0.003371	0.979599 0.000961	0.173347 0.009867	0.021898 0.008757	0.000000 0.000000	0.000000 0.000000	
2 10 3 2.050000	0.143364 0.008072	0.979437 0.002317	0.171438 0.007044	0.021888 0.009870	0.000000 0.000000	0.000000 0.000000	
2 10 3 2.060000	0.142205 0.003765	0.979775 0.001070	0.174825 0.009740	0.018216 0.007427	0.000000 0.000000	0.000000 0.000000	
2 10 3 2.070000	0.139689 0.001596	0.980487 0.000446	0.170020 0.009969	0.020543 0.009012	0.000000 0.000000	0.000000 0.000000	
2 10 3 2.080000	0.141158 0.002118	0.980074 0.000598	0.165925 0.009825	0.019333 0.009798	0.000000 0.000000	0.000000 0.000000	
2 10 3 2.090000	0.139268 0.009817	0.980594 0.002740	0.167147 0.009842	0.021240 0.008775	0.000000 0.000000	0.000000 0.000000	
2 10 3 2.100000	0.139637 0.005919	0.980497 0.001644	0.163419 0.009099	0.018029 0.009807	0.000000 0.000000	0.000000 0.000000	
2 10 3 2.110000	0.140885 0.003356	0.980150 0.000948	0.167198 0.003988	0.020450 0.009850	0.000000 0.000000	0.000000 0.000000	
2 10 3 2.120000	0.137462 0.007598	0.981097 0.002087	0.156149 0.009377	0.015185 0.008126	0.000000 0.000000	0.000000 0.000000	
2 10 3 2.130000	0.137929 0.004361	0.980973 0.001206	0.165893 0.008554	0.018136 0.009912	0.000000 0.000000	0.000000 0.000000	
2 10 3 2.140000	0.136693 0.008055	0.981308 0.002209	0.162458 0.009640	0.019373 0.008625	0.000000 0.000000	0.000000 0.000000	
2 10 3 2.150000	0.138140 0.004845	0.980914 0.001338	0.169249 0.009968	0.015433 0.009145	0.000000 0.000000	0.000000 0.000000	
2 10 3 2.160000	0.137291 0.003299	0.981150 0.000906	0.160170 0.009712	0.017486 0.008486	0.000000 0.000000	0.000000 0.000000	
2 10 3 2.170000	0.137063 0.005593	0.981210 0.001523	0.161279 0.009833	0.012172 0.006820	0.000000 0.000000	0.000000 0.000000	
2 10 3 2.180000	0.136258 0.003532	0.981432 0.000961	0.161443 0.009587	0.016032 0.009777	0.000000 0.000000	0.000000 0.000000	
2 10 3 2.190000	0.138610 0.007207	0.980777 0.001995	0.165118 0.009550	0.015507 0.008288	0.000000 0.000000	0.000000 0.000000	
2 10 3 2.200000	0.133748 0.009905	0.982100 0.002638	0.156915 0.007158	0.016244 0.007086	0.000000 0.000000	0.000000 0.000000	
2 10 3 2.210000	0.136349 0.009801	0.981399 0.002662	0.155135 0.007142	0.016718 0.007361	0.000000 0.000000	0.000000 0.000000	
2 10 3 2.220000	0.136437 0.004874	0.981381 0.001332	0.155752 0.009312	0.017804 0.009905	0.000000 0.000000	0.000000 0.000000	
2 10 3 2.230000	0.137104 0.009997	0.981188 0.002690	0.155503 0.008712	0.015239 0.007192	0.001082 0.005412	0.000000 0.000000	
2 10 3 2.240000	0.136098 0.004183	0.981475 0.001137	0.160014 0.009107	0.009978 0.009944	0.000000 0.000000	0.000000 0.000000	
2 10 3 2.250000	0.135597 0.007418	0.981606 0.002010	0.155915 0.009365	0.015348 0.007692	0.000000 0.000000	0.000000 0.000000	
2 10 3 2.260000	0.133235 0.006404	0.982244 0.001706	0.155335 0.009896	0.014452 0.008578	0.000000 0.000000	0.000000 0.000000	
2 10 3 2.270000	0.131902 0.007992	0.982592 0.002104	0.156487 0.009872	0.012950 0.007478	0.000223 0.001114	0.000000 0.000000	
2 10 3 2.280000	0.132553 0.004708	0.982427 0.001241	0.151256 0.009813	0.012021 0.009904	0.000000 0.000000	0.000000 0.000000	
2 10 3 2.290000	0.130838 0.005194	0.982877 0.001347	0.145457 0.009983	0.011990 0.009987	0.000000 0.000000	0.000000 0.000000	
2 10 3 2.300000	0.133685 0.008697	0.982118 0.002352	0.157648 0.009602	0.015188 0.002894	0.000000 0.000000	0.000000 0.000000	
2 10 3 2.310000	0.132935 0.006332	0.982321 0.001677	0.155254 0.008554	0.010710 0.008134	0.000000 0.000000	0.000000 0.000000	
2 10 3 2.320000	0.132430 0.004474	0.982460 0.001181	0.151701 0.009709	0.006736 0.006642	0.000000 0.000000	0.000000 0.000000	
2 10 3 2.330000	0.131084 0.006033	0.982811 0.001592	0.150442 0.005322	0.017327 0.009467	0.000000 0.000000	0.000000 0.000000	
2 10 3 2.340000	0.131599 0.009817	0.982671 0.002603	0.151667 0.009486	0.011553 0.008964	0.000000 0.000000	0.000000 0.000000	
2 10 3 2.350000	0.131203 0.004092	0.982783 0.001075	0.145306 0.009972	0.013743 0.006803	0.000000 0.000000	0.000000 0.000000	
2 10 3 2.360000	0.129337 0.002959	0.983271 0.000763	0.138237 0.008560	0.010513 0.009677	0.000000 0.000000	0.000000 0.000000	
2 10 3 2.370000	0.129408 0.004886	0.983251 0.001261	0.145055 0.009999	0.010321 0.006293	0.000000 0.000000	0.000000 0.000000	
2 10 3 2.380000	0.129788 0.003760	0.983153 0.000971	0.145661 0.009090	0.009403 0.009603	0.000000 0.000000	0.000000 0.000000	
2 10 3 2.390000	0.128525 0.003089	0.983480 0.000796	0.139981 0.007707	0.008699 0.008951	0.000000 0.000000	0.000000 0.000000	
2 10 3 2.400000	0.129399 0.003407	0.983254 0.000887	0.142557 0.009661	0.008227 0.008291	0.000000 0.000000	0.000000 0.000000	
2 10 3 2.410000	0.127231 0.006619	0.983806 0.001674	0.142803 0.009949	0.005613 0.008972	0.000000 0.000000	0.000000 0.000000	
2 10 3 2.420000	0.128473 0.005013	0.983491 0.001286	0.134582 0.009662	0.013901 0.009972	0.000000 0.000000	0.000000 0.000000	
2 10 3 2.430000	0.131549 0.009067	0.982682 0.002406	0.138728 0.006999	0.008431 0.009101	0.001827 0.009133	0.000000 0.000000	
2 10 3 2.440000	0.130294 0.004923	0.983020 0.001289	0.139518 0.009950	0.013149 0.005419	0.000000 0.000000	0.000000 0.000000	
2 10 3 2.450000	0.128434 0.004905	0.983502 0.001261	0.137888 0.009640	0.014252 0.006940	0.000000 0.000000	0.000000 0.000000	
2 10 3 2.460000	0.128305 0.004396	0.983535 0.001135	0.136070 0.008549	0.011392 0.009715	0.000000 0.000000	0.000000 0.000000	
2 10 3 2.470000	0.128108 0.004356	0.983586 0.001114	0.136357 0.009714	0.007948 0.009724	0.000000 0.000000	0.000000 0.000000	
2 10 3 2.480000	0.125161 0.007248	0.984328 0.001811	0.133518 0.009966	0.007695 0.005754	0.000000 0.000000	0.000000 0.000000	
2 10 3 2.490000	0.126803 0.002994	0.983920 0.000762	0.133873 0.009988	0.006652 0.009676	0.000000 0.000000	0.000000 0.000000	
2 10 3 2.500000	0.128813 0.009376	0.983394 0.002438	0.130127 0.009988	0.004604 0.009758	0.000081 0.000407	0.000000 0.000000	
2 10 3 2.510000	0.126819 0.005082	0.983914 0.001295	0.133355 0.009781	0.009802 0.009439	0.000000 0.000000	0.000000 0.000000	
2 10 3 2.520000	0.124502 0.009154	0.984488 0.002312	0.136067 0.009019	0.004865 0.008928	0.000000 0.000000	0.000000 0.000000	
2 10 3 2.530000	0.127136 0.006943	0.983830 0.001748	0.134908 0.007029	0.008608 0.009723	0.000000 0.000000	0.000000 0.000000	
2 10 3 2.540000	0.127657 0.008715	0.983694 0.002228	0.133658 0.009595	0.012973 0.009918	0.000000 0.000000	0.000000 0.000000	
2 10 3 2.550000	0.124417 0.002806	0.984519 0.000699	0.132611 0.009928	0.008413 0.004292	0.000000 0.000000	0.000000 0.000000	
2 10 3 2.560000	0.125416 0.004130	0.984269 0.001032	0.134178 0.007539	0.008829 0.009846	0.000000 0.000000	0.000000 0.000000	
2 10 3 2.570000	0.127109 0.005904	0.983839 0.001497	0.134312 0.007984	0.006280 0.009944	0.000000 0.000000	0.000000 0.000000	
2 10 3 2.580000	0.127215 0.008196	0.983805 0.002083	0.129038 0.006907	0.004404 0.009674	0.000000 0.000000	0.000000 0.000000	
2 10 3 2.590000	0.124291 0.009983	0.984537 0.002527	0.132749 0.009306	0.005837 0.009333	0.000000 0.000000	0.000876 0.004382	
2 10 3 2.600000	0.126289 0.008663	0.984042 0.002165	0.133267 0.009881	0.005906 0.008758	0.000000 0.000000	0.000000 0.000000	
2 10 3 2.610000	0.123495 0.005270	0.984745 0.001313	0.127987 0.009965	0.006454 0.006093	0.000000 0.000000	0.000000 0.000000	
2 10 3 2.620000	0.124688 0.005561	0.984448 0.001402	0.129954 0.009856	0.008835 0.009087	0.000000 0.000000	0.000000 0.000000	
2 10 3 2.630000	0.123918 0.007344	0.984637 0.001833	0.130026 0.007529	0.006202 0.009964	0.000000 0.000000	0.000000 0.000000	
2 10 3 2.640000	0.122401 0.003797	0.985016 0.000931	0.128452 0.004277	0.006671 0.009486	0.000000 0.000000	0.000000 0.000000	
2 10 3 2.650000	0.123243 0.005134	0.984808 0.001271	0.124834 0.007583	0.003860 0.009861	0.000000 0.000000	0.000000 0.000000	
2 10 3 2.660000	0.120426 0.002874	0.985496 0.000693	0.127064 0.008656	0.003544 0.007511	0.000000 0.000000	0.000000 0.000000	
2 10 3 2.670000	0.126033 0.005204	0.984112 0.001310	0.129003 0.009864	0.003438 0.009346	0.000000 0.000000	0.000000 0.000000	
2 10 3 2.680000	0.123912 0.006146	0.984641 0.001521	0.130164 0.009966	0.006164 0.008984	0.000000 0.000000	0.000000 0.000000	
2 10 3 2.690000	0.121767 0.009989	0.985161 0.002411	0.120657 0.007769	0.004124 0.009465	0.000000 0.000000	0.000000 0.000000	
2 10 3 2.700000	0.121627 0.003564	0.985205 0.000861	0.124210 0.009840	0.006083 0.009699	0.000341 0.001704	0.000000 0.000000	
2 10 3 2.710000	0.122115 0.004740	0.985085 0.001161	0.124284 0.009868	0.004645 0.009779	0.000000 0.000000	0.000000 0.000000	
2 10 3 2.720000	0.121164 0.002415	0.985319 0.000584	0.124844 0.009818	0.003340 0.008385	0.000000 0.000000	0.000000 0.000000	
2 10 3 2.730000	0.120845 0.008445	0.985385 0.002019	0.123683 0.009577	0.002790 0.007346	0.000000 0.000000	0.000000 0.000000	
2 10 3 2.740000	0.120492 0.005021	0.985478 0.001212	0.121596 0.005932	0.004666 0.009061	0.000000 0.000000	0.000000 0.000000	
2 10 3 2.750000	0.120751 0.006437	0.985414 0.001551	0.117396 0.009975	0.006111 0.003245	0.000000 0.000000	0.000000 0.000000	
2 10 3 2.760000	0.120147 0.008246	0.985557 0.001986	0.124156 0.009911	0.006702 0.006906	0.000000 0.000000	0.000000 0.000000	
2 10 3 2.770000	0.121567 0.006316	0.985217 0.001532	0.118557 0.002852	0.006245 0.009957	0.000000 0.000000	0.000000 0.000000	
2 10 3 2.780000	0.119012 0.006888	0.985830 0.001622	0.123693 0.009502	0.002658 0.007358	0.000000 0.000000	0.000000 0.000000	
2 10 3 2.790000	0.122169 0.005555	0.985070 0.001365	0.116553 0.009140	0.003864 0.009712	0.000000 0.000000	0.000000 0.000000	
2 10 3 2.800000	0.120471 0.005427	0.985483 0.001308	0.119216 0.009833	0.003138 0.007734	0.000000 0.000000	0.000000 0.000000	
2 10 3 2.810000	0.120881 0.007608	0.985381 0.001842	0.120064 0.008658	0.007150 0.009957	0.000000 0.000000	0.000000 0.000000	
2 10 3 2.820000	0.118918 0.008366	0.985849 0.001963	0.113450 0.008970	0.002546 0.008499	0.000000 0.000000	0.000000 0.000000	
2 10 3 2.830000	0.120106 0.005844	0.985570 0.001399	0.118725 0.007647	0.004539 0.009602	0.000000 0.000000	0.000000 0.000000	
2 10 3 2.840000	0.119452 0.004391	0.985728 0.001053	0.117569 0.009800	0.002253 0.004315	0.000000 0.000000	0.000000 0.000000	
2 10 3 2.850000	0.120990 0.006859	0.985355 0.001667	0.117279 0.009660	0.004865 0.009845	0.000000 0.000000	0.000000 0.000000	
2 10 3 2.860000	0.119253 0.003678	0.985777 0.000875	0.110834 0.009441	0.002144 0.004392	0.000000 0.000000	0.000000 0.000000	
2 10 3 2.870000	0.118873 0.009718	0.985856 0.002281	0.112850 0.005054	0.000691 0.003455	0.000000 0.000000	0.000000 0.000000	
2 10 3 2.880000	0.115417 0.009393	0.986667 0.002198	0.114610 0.004037	0.005435 0.009982	0.002119 0.004602	0.000217 0.001086	
2 10 3 2.890000	0.120623 0.008659	0.985440 0.002079	0.118377 0.009024	0.004775 0.007382	0.000000 0.000000	0.000000 0.000000	
2 10 3 2.900000	0.118823 0.008676	0.985871 0.002093	0.115797 0.009681	0.001900 0.009005	0.000000 0.000000	0.000000 0.000000	
2 10 3 2.910000	0.118364 0.004783	0.985987 0.001134	0.114879 0.009934	0.002423 0.007111	0.000000 0.000000	0.000000 0.000000	
2 10 3 2.920000	0.116837 0.009760	0.986336 0.002273	0.115409 0.006498	0.001750 0.008748	0.000000 0.000000	0.000041 0.000205	
2 10 3 2.930000	0.119955 0.005538	0.985607 0.001341	0.111092 0.009907	0.000675 0.002914	0.000000 0.000000	0.000000 0.000000	
2 10 3 2.940000	0.118077 0.005128	0.986053 0.001216	0.107060 0.007923	0.003860 0.009696	0.000000 0.000000	0.000000 0.000000	
2 10 3 2.950000	0.118229 0.004394	0.986019 0.001040	0.111900 0.009877	0.004220 0.008834	0.000000 0.000000	0.000000 0.000000	
2 10 3 2.960000	0.117485 0.009864	0.986185 0.002341	0.107810 0.009468	0.002715 0.005529	0.000360 0.001801	0.000000 0.000000	
2 10 3 2.970000	0.120700 0.008262	0.985422 0.002001	0.107164 0.008954	0.004192 0.008391	0.001423 0.007113	0.000000 0.000000	
2 10 3 2.980000	0.119070 0.005168	0.985819 0.001228	0.110649 0.009415	0.002845 0.007979	0.000000 0.000000	0.000000 0.000000	
2 10 3 2.990000	0.116871 0.004302	0.986339 0.001010	0.108104 0.009783	0.002480 0.008592	0.000000 0.000000	0.000000 0.000000	
2 10 3 3.000000	0.116179 0.007620	0.986495 0.001747	0.108588 0.005634	0.008037 0.009989	0.000000 0.000000	0.000000 0.000000	
2 10 3 3.010000	0.116769 0.005704	0.986360 0.001328	0.106959 0.007119	0.002982 0.009120	0.000442 0.002211	0.000000 0.000000	
2 10 3 3.020000	0.117031 0.006865	0.986297 0.001598	0.109803 0.009850	0.001721 0.005245	0.000000 0.000000	0.000000 0.000000	
2 10 3 3.030000	0.117464 0.003898	0.986199 0.000916	0.111034 0.009673	0.001034 0.003314	0.000246 0.001232	0.000000 0.000000	
2 10 3 3.040000	0.123187 0.007510	0.984817 0.001876	0.101279 0.007237	0.002258 0.006222	0.000000 0.000000	0.000000 0.000000	
2 10 3 3.050000	0.115571 0.005735	0.986637 0.001320	0.114839 0.008252	0.005319 0.009948	0.000000 0.000000	0.000000 0.000000	
2 10 3 3.060000	0.117301 0.006952	0.986235 0.001633	0.104521 0.007785	0.002197 0.009789	0.000000 0.000000	0.000000 0.000000	
2 10 3 3.070000	0.116030 0.004180	0.986535 0.000972	0.108854 0.009931	0.002363 0.007263	0.000000 0.000000	0.000000 0.000000	
2 10 3 3.080000	0.116710 0.007566	0.986372 0.001767	0.101603 0.009519	0.001712 0.006047	0.000000 0.000000	0.000000 0.000000	
2 10 3 3.090000	0.116241 0.005851	0.986483 0.001353	0.108090 0.009962	0.001271 0.002786	0.000000 0.000000	0.000000 0.000000	
2 10 3 3.100000	0.116437 0.006926	0.986437 0.001609	0.106811 0.009774	0.002375 0.008422	0.000000 0.000000	0.000000 0.000000	
2 10 3 3.110000	0.116167 0.004165	0.986503 0.000970	0.105147 0.009973	0.004116 0.005800	0.000000 0.000000	0.000000 0.000000	
2 10 3 3.120000	0.116458 0.003281	0.986436 0.000763	0.104601 0.009868	0.004053 0.008115	0.000000 0.000000	0.000000 0.000000	
2 10 3 3.130000	0.115034 0.009410	0.986755 0.002202	0.101420 0.007402	0.001798 0.008992	0.000000 0.000000	0.000000 0.000000	
2 10 3 3.140000	0.115778 0.009948	0.986578 0.002309	0.100228 0.006868	0.000000 0.000000	0.000000 0.000000	0.000950 0.004750	
2 10 3 3.150000	0.116573 0.007923	0.986402 0.001819	0.106104 0.009510	0.002256 0.004575	0.000000 0.000000	0.000000 0.000000	
2 10 3 3.160000	0.114722 0.005992	0.986834 0.001374	0.108402 0.009397	0.000876 0.004379	0.000000 0.000000	0.000000 0.000000	
2 10 3 3.170000	0.113959 0.006768	0.987008 0.001545	0.112503 0.009540	0.000000 0.000000	0.000391 0.001955	0.000000 0.000000	
2 10 3 3.180000	0.113666 0.009997	0.987067 0.002250	0.103340 0.008955	0.002113 0.007170	0.000000 0.000000	0.000000 0.000000	
2 10 3 3.190000	0.115084 0.005618	0.986752 0.001291	0.100972 0.009733	0.001848 0.004887	0.000000 0.000000	0.000000 0.000000	
2 10 3 3.200000	0.113980 0.002206	0.987008 0.000503	0.101220 0.009805	0.001706 0.004905	0.000000 0.000000	0.000000 0.000000	
2 10 3 3.210000	0.114650 0.004109	0.986853 0.000941	0.105531 0.009789	0.005548 0.009794	0.000000 0.000000	0.000000 0.000000	
2 10 3 3.220000	0.117009 0.006627	0.986303 0.001556	0.100243 0.009970	0.006496 0.009274	0.000000 0.000000	0.000000 0.000000	
2 10 3 3.230000	0.115375 0.007970	0.986681 0.001829	0.099893 0.009981	0.002193 0.003690	0.000000 0.000000	0.000000 0.000000	
2 10 3 3.240000	0.114395 0.008935	0.986905 0.002030	0.096521 0.009800	0.004507 0.009886	0.000000 0.000000	0.000000 0.000000	
2 10 3 3.250000	0.112884 0.008455	0.987247 0.001919	0.098090 0.009800	0.004030 0.009876	0.000000 0.000000	0.000000 0.000000	
2 10 3 3.260000	0.113049 0.006581	0.987213 0.001473	0.104038 0.006835	0.003437 0.009945	0.000000 0.000000	0.000000 0.000000	
2 10 3 3.270000	0.112926 0.005829	0.987244 0.001320	0.102901 0.009809	0.002564 0.008483	0.000000 0.000000	0.000000 0.000000	
2 10 3 3.280000	0.114405 0.005509	0.986906 0.001258	0.100632 0.008937	0.002551 0.007652	0.000000 0.000000	0.000885 0.004426	
2 10 3 3.290000	0.114517 0.009963	0.986876 0.002288	0.100367 0.009460	0.000883 0.003519	0.000000 0.000000	0.000000 0.000000	
2 10 3 3.300000	0.111875 0.005531	0.987479 0.001228	0.096837 0.009740	0.002636 0.005878	0.000000 0.000000	0.000000 0.000000	
2 10 3 3.310000	0.115157 0.005353	0.986735 0.001222	0.094504 0.009946	0.000000 0.000000	0.000000 0.000000	0.000582 0.002912	
2 10 3 3.320000	0.115038 0.006440	0.986761 0.001487	0.091759 0.009520	0.003090 0.003436	0.000000 0.000000	0.000000 0.000000	
2 10 3 3.330000	0.111558 0.009792	0.987542 0.002187	0.088044 0.007207	0.003806 0.007869	0.000000 0.000000	0.000000 0.000000	
2 10 3 3.340000	0.111122 0.007090	0.987645 0.001569	0.099684 0.009988	0.002163 0.008992	0.000000 0.000000	0.000000 0.000000	
2 10 3 3.350000	0.110995 0.003116	0.987679 0.000689	0.100495 0.007417	0.000000 0.000000	0.000000 0.000000	0.002994 0.009557	
2 10 3 3.360000	0.112782 0.008131	0.987272 0.001842	0.090875 0.009659	0.000000 0.000000	0.000000 0.000000	0.000000 0.000000	
2 10 3 3.370000	0.112001 0.003862	0.987454 0.000860	0.095340 0.009677	0.003878 0.008993	0.000000 0.000000	0.000000 0.000000	
2 10 3 3.380000	0.113039 0.008829	0.987213 0.002012	0.092391 0.008019	0.001948 0.009740	0.000000 0.000000	0.000000 0.000000	
2 10 3 3.390000	0.109280 0.009955	0.988046 0.002152	0.097136 0.008559	0.001383 0.006917	0.000000 0.000000	0.000000 0.000000	
2 10 3 3.400000	0.114884 0.005324	0.986797 0.001228	0.097242 0.009035	0.002288 0.006954	0.001676 0.008380	0.000000 0.000000	
2 10 3 3.410000	0.112393 0.006431	0.987363 0.001438	0.096714 0.009938	0.001768 0.007372	0.000980 0.004899	0.000000 0.000000	
2 10 3 3.420000	0.110419 0.006187	0.987802 0.001371	0.087133 0.009231	0.001236 0.006178	0.000000 0.000000	0.000000 0.000000	
2 10 3 3.430000	0.112249 0.009755	0.987388 0.002221	0.092754 0.009679	0.001783 0.008914	0.000042 0.000208	0.000000 0.000000	
2 10 3 3.440000	0.111366 0.008592	0.987587 0.001921	0.093539 0.009417	0.001321 0.006606	0.000000 0.000000	0.000000 0.000000	
2 10 3 3.450000	0.109736 0.008092	0.987948 0.001766	0.096547 0.009502	0.003678 0.008233	0.000000 0.000000	0.000000 0.000000	
2 10 3 3.460000	0.110767 0.006247	0.987726 0.001371	0.096142 0.009509	0.002601 0.007590	0.000000 0.000000	0.000000 0.000000	
2 10 3 3.470000	0.114181 0.008786	0.986952 0.002027	0.088824 0.009605	0.002535 0.006608	0.000000 0.000000	0.000487 0.002437	
2 10 3 3.480000	0.114054 0.009995	0.986976 0.002272	0.084306 0.009883	0.000255 0.001275	0.000000 0.000000	0.000000 0.000000	
2 10 3 3.490000	0.111691 0.005471	0.987522 0.001218	0.096148 0.009944	0.001114 0.005570	0.000000 0.000000	0.000000 0.000000	
2 10 3 3.500000	0.112664 0.005421	0.987302 0.001215	0.093130 0.009831	0.001424 0.004636	0.000000 0.000000	0.000000 0.000000	
2 10 3 3.510000	0.111382 0.005218	0.987591 0.001157	0.089947 0.009406	0.001805 0.009024	0.000000 0.000000	0.000000 0.000000	
2 10 3 3.520000	0.111072 0.005237	0.987659 0.001153	0.089276 0.009855	0.000692 0.003461	0.000000 0.000000	0.000000 0.000000	
2 10 3 3.530000	0.111142 0.008938	0.987637 0.002012	0.087440 0.009685	0.000189 0.000946	0.000000 0.000000	0.000000 0.000000	
2 10 3 3.540000	0.111467 0.009878	0.987561 0.002241	0.090680 0.008388	0.000802 0.004010	0.000678 0.003388	0.000000 0.000000	
2 10 3 3.550000	0.109129 0.009357	0.988080 0.002019	0.089082 0.009867	0.002460 0.008045	0.000239 0.001196	0.000000 0.000000	
2 10 3 3.560000	0.110122 0.009089	0.987862 0.002042	0.090780 0.009749	0.002819 0.007437	0.000000 0.000000	0.000000 0.000000	
2 10 3 3.570000	0.111711 0.009845	0.987507 0.002196	0.079312 0.007545	0.000453 0.002267	0.000000 0.000000	0.002042 0.009920	
2 10 3 3.580000	0.112987 0.008067	0.987223 0.001841	0.090028 0.009759	0.002511 0.005921	0.000000 0.000000	0.000000 0.000000	
2 10 3 3.590000	0.110236 0.007594	0.987841 0.001690	0.088350 0.009743	0.001422 0.007109	0.000000 0.000000	0.000000 0.000000	
2 10 3 3.600000	0.112246 0.005231	0.987398 0.001167	0.089146 0.009709	0.001434 0.006233	0.000000 0.000000	0.000000 0.000000	
2 10 3 3.610000	0.112191 0.008762	0.987402 0.001966	0.082773 0.009723	0.000794 0.003972	0.000000 0.000000	0.000000 0.000000	
2 10 3 3.620000	0.109873 0.005501	0.987924 0.001204	0.091539 0.009921	0.001040 0.001984	0.000000 0.000000	0.000000 0.000000	
2 10 3 3.630000	0.108911 0.009839	0.988126 0.002118	0.089893 0.009781	0.000000 0.000000	0.001633 0.008164	0.000000 0.000000	
2 10 3 3.640000	0.112444 0.010000	0.987346 0.002266	0.086106 0.009708	0.001068 0.003325	0.000000 0.000000	0.000000 0.000000	
2 10 3 3.650000	0.109993 0.009870	0.987890 0.002149	0.084299 0.009964	0.002291 0.007256	0.000000 0.000000	0.000029 0.000144	
2 10 3 3.660000	0.111416 0.006252	0.987581 0.001397	0.081882 0.009933	0.000073 0.000366	0.000000 0.000000	0.000000 0.000000	
2 10 3 3.670000	0.111755 0.009767	0.987500 0.002200	0.086308 0.007768	0.000226 0.001130	0.000000 0.000000	0.000126 0.000630	
2 10 3 3.680000	0.109181 0.006658	0.988073 0.001456	0.088173 0.009857	0.000384 0.001919	0.000000 0.000000	0.000000 0.000000	
2 10 3 3.690000	0.108002 0.008072	0.988328 0.001742	0.082647 0.009877	0.003654 0.009599	0.000383 0.001913	0.000000 0.000000	
2 10 3 3.700000	0.108805 0.007401	0.988154 0.001616	0.076594 0.009971	0.000000 0.000000	0.000000 0.000000	0.000000 0.000000	
2 10 3 3.710000	0.110372 0.003004	0.987817 0.000665	0.085978 0.009970	0.000640 0.002863	0.000000 0.000000	0.000000 0.000000	
2 10 3 3.720000	0.110466 0.002934	0.987796 0.000648	0.080395 0.009711	0.000105 0.000527	0.000000 0.000000	0.000000 0.000000	
2 10 3 3.730000	0.110091 0.006393	0.987873 0.001412	0.087553 0.009431	0.000503 0.002515	0.000000 0.000000	0.000000 0.000000	
2 10 3 3.740000	0.109444 0.009197	0.988009 0.002005	0.086816 0.009956	0.000000 0.000000	0.000000 0.000000	0.000000 0.000000	
2 10 3 3.750000	0.108937 0.005668	0.988128 0.001228	0.085696 0.009752	0.001507 0.003944	0.000000 0.000000	0.000000 0.000000	
2 10 3 3.760000	0.109396 0.009962	0.988020 0.002141	0.080229 0.004617	0.001739 0.008697	0.000000 0.000000	0.000000 0.000000	
2 10 3 3.770000	0.106519 0.006165	0.988648 0.001316	0.087348 0.009779	0.000000 0.000000	0.000000 0.000000	0.000000 0.000000	
2 10 3 3.780000	0.111306 0.005997	0.987606 0.001337	0.085092 0.009692	0.000887 0.004434	0.000000 0.000000	0.000000 0.000000	
2 10 3 3.790000	0.109103 0.009335	0.988084 0.002007	0.079836 0.009435	0.000319 0.001597	0.000270 0.001350	0.000000 0.000000	
2 10 3 3.800000	0.110237 0.003765	0.987846 0.000828	0.079305 0.009815	0.000000 0.000000	0.000000 0.000000	0.000000 0.000000	
2 10 3 3.810000	0.108392 0.005987	0.988247 0.001297	0.076157 0.009850	0.000968 0.003326	0.000000 0.000000	0.000000 0.000000	
2 10 3 3.820000	0.108938 0.007401	0.988125 0.001593	0.084393 0.009387	0.002513 0.007429	0.000000 0.000000	0.000000 0.000000	
2 10 3 3.830000	0.110047 0.006348	0.987885 0.001394	0.080892 0.009907	0.000533 0.001756	0.000000 0.000000	0.000000 0.000000	
2 10 3 3.840000	0.109234 0.009987	0.988051 0.002208	0.083075 0.008186	0.002443 0.008999	0.000000 0.000000	0.000000 0.000000	
2 10 3 3.850000	0.110297 0.009247	0.987822 0.002018	0.082741 0.009405	0.000776 0.003879	0.000000 0.000000	-0.000211 0.001057	
2 10 3 3.860000	0.108353 0.003753	0.988258 0.000813	0.079669 0.009731	0.000000 0.000000	0.000000 0.000000	0.000000 0.000000	
2 10 3 3.870000	0.108714 0.003336	0.988179 0.000726	0.081225 0.009964	0.001077 0.002908	0.000000 0.000000	0.000000 0.000000	
2 10 3 3.880000	0.106336 0.009437	0.988678 0.001972	0.082179 0.003239	0.001018 0.003695	0.000000 0.000000	0.000724 0.003622	
2 10 3 3.890000	0.108836 0.003682	0.988152 0.000804	0.084868 0.009938	0.000348 0.001000	0.000000 0.000000	0.000000 0.000000	
2 10 3 3.900000	0.107378 0.004028	0.988467 0.000864	0.081359 0.009687	0.000108 0.000541	0.000000 0.000000	0.000000 0.000000	
2 10 3 3.910000	0.108153 0.008246	0.988295 0.001786	0.081515 0.009832	0.000757 0.002095	0.000000 0.000000	0.000000 0.000000	
2 10 3 3.920000	0.105557 0.007293	0.988849 0.001543	0.077687 0.009736	0.002928 0.008141	0.000000 0.000000	0.000000 0.000000	
2 10 3 3.930000	0.108106 0.003435	0.988312 0.000747	0.077043 0.009798	0.002706 0.008788	0.000000 0.000000	0.000000 0.000000	
2 10 3 3.940000	0.110115 0.005036	0.987871 0.001114	0.078257 0.009893	0.002399 0.009082	0.000000 0.000000	0.000000 0.000000	
2 10 3 3.950000	0.107736 0.009979	0.988381 0.002158	0.075883 0.009351	0.001099 0.005494	0.000000 0.000000	0.000567 0.002837	
2 10 3 3.960000	0.110321 0.008653	0.987821 0.001911	0.077204 0.007846	0.001965 0.009823	0.000000 0.000000	0.000000 0.000000	
2 10 3 3.970000	0.108372 0.008587	0.988247 0.001848	0.079693 0.009929	0.002091 0.006520	0.000000 0.000000	0.000000 0.000000	
2 10 3 3.980000	0.105829 0.007605	0.988793 0.001602	0.079362 0.009955	0.000370 0.001849	0.000000 0.000000	0.000000 0.000000	
2 10 3 3.990000	0.109689 0.009118	0.987960 0.001995	0.079984 0.008222	0.000000 0.000000	0.000742 0.003711	0.000354 0.001772	
2 10 3 4.000000	0.109722 0.009130	0.987953 0.001992	0.086995 0.009568	0.003413 0.007901	0.000000 0.000000	0.000000 0.000000	
