2 24 5 0.000000	1.000000 0.000000	0.000000 0.000000	0.000000 0.000000	0.000000 0.000000	0.000000 0.000000	0.000000 0.000000	0.000000 0.000000	0.000000 0.000000	0.000000 0.000000	0.000000 0.000000	0.000000 0.000000	
2 24 5 0.010000	1.000000 0.000000	0.000000 0.000000	0.000000 0.000000	0.000000 0.000000	0.000000 0.000000	0.000000 0.000000	0.000000 0.000000	0.000000 0.000000	0.000000 0.000000	0.000000 0.000000	0.000000 0.000000	
2 24 5 0.020000	1.000000 0.000000	0.000000 0.000000	0.000000 0.000000	0.000000 0.000000	0.000000 0.000000	0.000000 0.000000	0.000000 0.000000	0.000000 0.000000	0.000000 0.000000	0.000000 0.000000	0.000000 0.000000	
2 24 5 0.030000	1.000000 0.000000	0.000000 0.000000	0.000000 0.000000	0.000000 0.000000	0.000000 0.000000	0.000000 0.000000	0.000000 0.000000	0.000000 0.000000	0.000000 0.000000	0.000000 0.000000	0.000000 0.000000	
2 24 5 0.040000	1.000000 0.000000	0.000000 0.000000	0.000000 0.000000	0.000000 0.000000	0.000000 0.000000	0.000000 0.000000	0.000000 0.000000	0.000000 0.000000	0.000000 0.000000	0.000000 0.000000	0.000000 0.000000	
2 24 5 0.050000	1.000000 0.000000	0.000000 0.000000	0.000000 0.000000	0.000000 0.000000	0.000000 0.000000	0.000000 0.000000	0.000000 0.000000	0.000000 0.000000	0.000000 0.000000	0.000000 0.000000	0.000000 0.000000	
2 24 5 0.060000	0.998989 0.004754	0.002017 0.009486	0.000000 0.000000	0.001463 0.007316	0.000000 0.000000	0.000000 0.000000	0.000000 0.000000	0.000000 0.000000	0.000000 0.000000	0.001029 0.005146	0.001029 0.005146	
2 24 5 0.070000	0.998989 0.004754	0.002017 0.009486	0.000000 0.000000	0.001463 0.007316	0.000000 0.000000	0.000000 0.000000	0.000000 0.000000	0.000000 0.000000	0.000000 0.000000	0.001029 0.005146	0.001029 0.005146	
2 24 5 0.080000	0.998989 0.004754	0.002017 0.009486	0.000000 0.000000	0.001463 0.007316	0.000000 0.000000	0.000000 0.000000	0.000000 0.000000	0.000000 0.000000	0.000000 0.000000	0.001029 0.005146	0.001029 0.005146	
2 24 5 0.090000	1.000000 0.000000	0.000000 0.000000	0.000000 0.000000	0.000000 0.000000	0.000000 0.000000	0.000000 0.000000	0.000000 0.000000	0.000000 0.000000	0.000000 0.000000	0.000000 0.000000	0.000000 0.000000	
2 24 5 0.100000	1.000000 0.000000	0.000000 0.000000	0.000000 0.000000	0.000000 0.000000	0.000000 0.000000	0.000000 0.000000	0.000000 0.000000	0.000000 0.000000	0.000000 0.000000	0.000000 0.000000	0.000000 0.000000	
2 24 5 0.110000	0.998774 0.004336	0.002448 0.008654	0.000000 0.000000	0.000000 0.000000	0.000863 0.004314	0.001731 0.008654	0.000000 0.000000	0.000000 0.000000	0.000000 0.000000	0.000000 0.000000	0.000863 0.004314	
2 24 5 0.120000	0.999749 0.001256	0.000502 0.002511	0.000502 0.002511	0.000502 0.002511	0.000155 0.000774	0.000502 0.002511	0.000155 0.000774	0.000285 0.001425	0.000155 0.000774	0.000502 0.002511	0.000000 0.000000	
2 24 5 0.130000	0.999760 0.001198	0.000479 0.002395	0.000000 0.000000	0.000000 0.000000	0.000000 0.000000	0.000000 0.000000	0.000000 0.000000	0.000000 0.000000	0.000000 0.000000	0.000000 0.000000	0.000000 0.000000	
2 24 5 0.140000	0.999760 0.001198	0.000479 0.002395	0.000000 0.000000	0.000000 0.000000	0.000000 0.000000	0.000000 0.000000	0.000000 0.000000	0.000000 0.000000	0.000000 0.000000	0.000000 0.000000	0.000479 0.002395	
2 24 5 0.150000	1.000000 0.000000	0.000000 0.000000	0.000000 0.000000	0.000000 0.000000	0.000000 0.000000	0.000000 0.000000	0.000000 0.000000	0.000000 0.000000	0.000000 0.000000	0.000000 0.000000	0.000000 0.000000	
2 24 5 0.160000	0.998553 0.004343	0.002888 0.008667	0.000000 0.000000	0.001155 0.005774	0.000000 0.000000	0.000786 0.003932	0.000602 0.003012	0.000000 0.000000	0.000602 0.003012	0.000000 0.000000	0.000000 0.000000	
2 24 5 0.170000	0.999372 0.003140	0.001254 0.006269	0.000000 0.000000	0.000820 0.004099	0.000000 0.000000	0.000000 0.000000	0.000000 0.000000	0.001254 0.006269	0.000000 0.000000	0.000000 0.000000	0.001254 0.006269	
2 24 5 0.180000	0.999155 0.002777	0.001687 0.005546	0.000241 0.001205	0.000000 0.000000	0.000578 0.002890	0.000578 0.002890	0.000000 0.000000	0.000000 0.000000	0.000578 0.002890	0.000000 0.000000	0.000578 0.002890	
2 24 5 0.190000	1.000000 0.000000	0.000000 0.000000	0.000000 0.000000	0.000000 0.000000	0.000000 0.000000	0.000000 0.000000	0.000000 0.000000	0.000000 0.000000	0.000000 0.000000	0.000000 0.000000	0.000000 0.000000	
2 24 5 0.200000	0.999163 0.004185	0.001670 0.008352	0.001670 0.008352	0.000000 0.000000	0.000000 0.000000	0.000000 0.000000	0.000000 0.000000	0.000000 0.000000	0.001323 0.006616	0.000000 0.000000	0.000585 0.002927	
2 24 5 0.210000	0.999232 0.003840	0.001533 0.007666	0.000000 0.000000	0.000000 0.000000	0.000000 0.000000	0.000000 0.000000	0.000000 0.000000	0.000000 0.000000	0.000000 0.000000	0.000000 0.000000	0.000000 0.000000	
2 24 5 0.220000	0.997419 0.005003	0.005151 0.009980	0.001254 0.006268	0.001254 0.006268	0.001254 0.006268	0.002114 0.006268	0.001254 0.006268	0.001254 0.006268	0.001254 0.006268	0.001254 0.006268	0.002635 0.006904	
2 24 5 0.230000	1.000000 0.000000	0.000000 0.000000	0.000000 0.000000	0.000000 0.000000	0.000000 0.000000	0.000000 0.000000	0.000000 0.000000	0.000000 0.000000	0.000000 0.000000	0.000000 0.000000	0.000000 0.000000	
2 24 5 0.240000	0.999791 0.001047	0.000418 0.002092	0.000418 0.002092	0.000418 0.002092	0.000245 0.001224	0.000245 0.001224	0.000418 0.002092	0.000245 0.001224	0.000000 0.000000	0.000418 0.002092	0.000245 0.001224	
2 24 5 0.250000	0.999042 0.002394	0.001913 0.004782	0.000000 0.000000	0.000956 0.004782	0.000088 0.000442	0.000956 0.004782	0.000000 0.000000	0.000000 0.000000	0.000000 0.000000	0.000956 0.004782	0.000956 0.004782	
2 24 5 0.260000	1.000000 0.000000	0.000000 0.000000	0.000000 0.000000	0.000000 0.000000	0.000000 0.000000	0.000000 0.000000	0.000000 0.000000	0.000000 0.000000	0.000000 0.000000	0.000000 0.000000	0.000000 0.000000	
2 24 5 0.270000	0.999527 0.002363	0.000944 0.004721	0.000000 0.000000	0.000000 0.000000	0.000000 0.000000	0.000000 0.000000	0.000000 0.000000	0.000000 0.000000	0.000000 0.000000	0.000000 0.000000	0.000000 0.000000	
2 24 5 0.280000	0.999079 0.004603	0.001837 0.009185	0.000000 0.000000	0.000795 0.003976	0.000969 0.004844	0.000000 0.000000	0.000000 0.000000	0.000000 0.000000	0.000000 0.000000	0.000969 0.004844	0.000795 0.003976	
2 24 5 0.290000	0.998628 0.004766	0.002738 0.009508	0.000258 0.001288	0.000663 0.003314	0.000547 0.002735	0.000000 0.000000	0.000000 0.000000	0.000663 0.003314	0.000547 0.002735	0.000836 0.004182	0.000489 0.002446	
2 24 5 0.300000	0.999214 0.003930	0.001569 0.007844	0.000577 0.002884	0.001569 0.007844	0.000434 0.002168	0.000167 0.000833	0.000434 0.002168	0.000329 0.001643	0.000000 0.000000	0.000000 0.000000	0.001321 0.006604	
2 24 5 0.310000	0.999602 0.001988	0.000794 0.003972	0.000000 0.000000	0.000000 0.000000	0.000000 0.000000	0.000000 0.000000	0.000000 0.000000	0.000000 0.000000	0.000000 0.000000	0.000000 0.000000	0.000216 0.001078	
2 24 5 0.320000	0.999003 0.003139	0.001991 0.006268	0.000000 0.000000	0.001702 0.004822	0.001254 0.006268	0.000964 0.004822	0.001123 0.003688	0.001123 0.003688	0.000000 0.000000	0.001412 0.003688	0.001412 0.003688	
2 24 5 0.330000	0.998657 0.003762	0.002682 0.007510	0.000941 0.004705	0.000240 0.001198	0.001181 0.004705	0.000240 0.001198	0.000073 0.000364	0.000312 0.001198	0.000240 0.001198	0.001502 0.007510	0.000941 0.004705	
2 24 5 0.340000	0.998879 0.004037	0.002239 0.008057	0.000503 0.002517	0.000000 0.000000	0.000000 0.000000	0.000000 0.000000	0.000627 0.003137	0.000000 0.000000	0.000000 0.000000	0.000503 0.002517	0.001611 0.008057	
2 24 5 0.350000	0.998744 0.003767	0.002507 0.007520	0.002290 0.007520	0.000786 0.003930	0.000347 0.001733	0.002160 0.005783	0.000000 0.000000	0.000983 0.004915	0.000569 0.002845	0.001118 0.005591	0.000000 0.000000	
2 24 5 0.360000	0.999132 0.002767	0.001733 0.005527	0.001105 0.005527	0.001105 0.005527	0.000338 0.001691	0.000628 0.003138	0.000628 0.003138	0.000628 0.003138	0.000338 0.001691	0.001105 0.005527	0.001444 0.005527	
2 24 5 0.370000	0.999601 0.001196	0.000797 0.002390	0.000478 0.002390	0.000000 0.000000	0.000508 0.001595	0.000000 0.000000	0.000334 0.000943	0.000189 0.000943	0.000000 0.000000	0.000000 0.000000	0.000000 0.000000	
2 24 5 0.380000	0.998250 0.003976	0.003496 0.007936	0.000000 0.000000	0.000000 0.000000	0.000479 0.002395	0.000783 0.002395	0.000909 0.002395	0.000479 0.002395	0.000000 0.000000	0.000560 0.002149	0.000479 0.002395	
2 24 5 0.390000	0.999151 0.003765	0.001695 0.007516	0.000732 0.003658	0.001174 0.004912	0.000828 0.004140	0.001000 0.004044	0.001116 0.004622	0.001116 0.004622	0.000192 0.000958	0.001116 0.004622	0.000635 0.003175	
2 24 5 0.400000	0.998915 0.002655	0.002167 0.005302	0.000000 0.000000	0.000473 0.001402	0.001341 0.005302	0.001514 0.005302	0.001060 0.005302	0.000473 0.001402	0.001060 0.005302	0.000000 0.000000	0.000280 0.001402	
2 24 5 0.410000	0.999820 0.000600	0.000360 0.001199	0.000000 0.000000	0.000120 0.000599	0.000120 0.000599	0.000000 0.000000	0.000360 0.001199	0.000000 0.000000	0.000240 0.001199	0.000000 0.000000	0.000186 0.000599	
2 24 5 0.420000	0.999059 0.004704	0.001877 0.009385	0.001325 0.006623	0.001877 0.009385	0.001325 0.006623	0.001167 0.005834	0.000000 0.000000	0.001246 0.006229	0.001246 0.006229	0.000000 0.000000	0.000000 0.000000	
2 24 5 0.430000	0.999045 0.004777	0.001906 0.009530	0.000170 0.000850	0.000170 0.000850	0.000000 0.000000	0.000000 0.000000	0.000000 0.000000	0.000000 0.000000	0.000000 0.000000	0.000000 0.000000	0.000000 0.000000	
2 24 5 0.440000	0.999112 0.004041	0.001773 0.008066	0.000106 0.000532	0.001613 0.008066	0.000160 0.000532	0.000000 0.000000	0.000000 0.000000	0.000106 0.000532	0.001288 0.006438	0.000106 0.000532	0.000106 0.000532	
2 24 5 0.450000	0.999036 0.001302	0.001926 0.002602	0.000789 0.002841	0.000048 0.000240	0.001222 0.002841	0.000520 0.002362	0.001082 0.002841	0.000681 0.002362	0.000568 0.002841	0.001438 0.002601	0.000466 0.002331	
2 24 5 0.460000	0.997617 0.002292	0.004759 0.004575	0.001090 0.005449	0.001667 0.004333	0.000489 0.002447	0.001377 0.004436	0.002360 0.004436	0.001231 0.005524	0.000481 0.002404	0.002149 0.005449	0.002552 0.004191	
2 24 5 0.470000	0.998011 0.004186	0.003971 0.008355	0.000000 0.000000	0.002949 0.005943	0.003072 0.008355	0.001865 0.005943	0.001514 0.003146	0.001158 0.004182	0.000998 0.002092	0.000836 0.004182	0.002009 0.005943	
2 24 5 0.480000	0.997765 0.004740	0.004461 0.009457	0.000000 0.000000	0.000418 0.002092	0.000000 0.000000	0.000000 0.000000	0.002221 0.005117	0.002309 0.009457	0.002020 0.005117	0.000418 0.002092	0.001107 0.003625	
2 24 5 0.490000	0.998946 0.004479	0.002104 0.008938	0.001112 0.003978	0.000000 0.000000	0.000179 0.000897	0.001643 0.007936	0.000397 0.001125	0.001967 0.008938	0.001099 0.004598	0.002104 0.008938	0.000000 0.000000	
2 24 5 0.500000	0.998243 0.004685	0.003507 0.009349	0.000497 0.002484	0.001734 0.005732	0.000080 0.000401	0.001568 0.005356	0.002265 0.005732	0.000664 0.002484	0.000000 0.000000	0.001882 0.007613	0.000727 0.002484	
2 24 5 0.510000	0.997643 0.003705	0.004705 0.007393	0.002969 0.006195	0.002003 0.005573	0.001935 0.007310	0.001640 0.004329	0.001553 0.006979	0.001287 0.006437	0.001787 0.004809	0.000195 0.001193	0.002610 0.006979	
2 24 5 0.520000	0.998333 0.003198	0.003330 0.006386	0.000831 0.002947	0.001567 0.004223	0.001054 0.003174	0.001682 0.005301	0.000338 0.001565	0.000544 0.002722	0.000960 0.003315	0.001408 0.002722	0.001376 0.005244	
2 24 5 0.530000	0.996288 0.004718	0.007408 0.009406	0.002161 0.005555	0.001651 0.004788	0.003286 0.006499	0.002050 0.005380	0.001235 0.004156	0.001136 0.004929	0.002305 0.005591	0.003391 0.005574	0.000197 0.000522	
2 24 5 0.540000	0.996338 0.004194	0.007309 0.008361	0.001859 0.006101	0.001940 0.004825	-0.000027 0.000136	0.005097 0.008424	0.000016 0.000393	0.001854 0.004184	0.003045 0.008569	0.001443 0.003152	0.002425 0.008207	
2 24 5 0.550000	0.995449 0.000900	0.009081 0.001791	0.001479 0.007396	0.003827 0.007506	0.003868 0.008843	0.004524 0.008455	0.000898 0.003364	0.000000 0.000000	-0.000066 0.000329	0.002624 0.005667	0.000956 0.002875	
2 24 5 0.560000	0.995448 0.004476	0.009081 0.008904	0.000873 0.004363	0.002983 0.007268	0.002052 0.003660	0.001137 0.005687	0.001842 0.004241	0.001254 0.003436	0.000889 0.002641	0.003083 0.007599	0.001484 0.004735	
2 24 5 0.570000	0.993211 0.003262	0.013530 0.006482	0.003297 0.007118	0.001459 0.004272	0.004496 0.009623	0.003020 0.007515	0.002132 0.005586	0.000899 0.004497	0.002940 0.008692	0.000271 0.001355	0.004067 0.009416	
2 24 5 0.580000	0.993747 0.004327	0.012465 0.008594	0.003448 0.006100	0.001621 0.005648	0.000241 0.001203	0.000154 0.000769	0.000000 0.000000	0.001230 0.004140	0.001198 0.004428	0.004312 0.009871	0.001651 0.004385	
2 24 5 0.590000	0.994184 0.004176	0.011595 0.008303	0.004014 0.004262	0.001690 0.008452	0.000188 0.000941	0.000027 0.000137	0.000208 0.001041	0.000806 0.004028	0.001340 0.006451	0.002617 0.007661	0.000186 0.000928	
2 24 5 0.600000	0.992532 0.004993	0.014875 0.009917	0.002144 0.009347	0.002168 0.007063	0.002383 0.004100	0.003048 0.009193	0.001309 0.004840	0.001378 0.006889	0.000130 0.000648	0.002774 0.005446	0.000495 0.001841	
2 24 5 0.610000	0.991936 0.004951	0.016060 0.009816	0.001221 0.004382	0.002234 0.005873	0.003162 0.008541	0.001317 0.006583	0.001375 0.006877	0.003021 0.007801	0.002777 0.005338	0.002258 0.003926	0.001174 0.004525	
2 24 5 0.620000	0.989361 0.003796	0.021163 0.007506	0.003500 0.007480	0.001436 0.006309	0.002424 0.009281	0.001973 0.007365	0.002493 0.005228	0.002817 0.008575	0.001706 0.008529	0.003903 0.009524	0.001982 0.008414	
2 24 5 0.630000	0.988039 0.004349	0.023776 0.008593	0.001614 0.009961	0.002062 0.006045	0.001299 0.006494	0.000510 0.002549	0.001357 0.006785	0.001521 0.004237	0.000214 0.001069	0.000842 0.003842	0.002438 0.009147	
2 24 5 0.640000	0.986952 0.004876	0.025922 0.009627	0.004002 0.007975	0.003404 0.006505	0.001688 0.006720	0.002612 0.007098	0.003716 0.007258	0.001643 0.004401	0.000093 0.000465	0.000867 0.004448	0.000554 0.002768	
2 24 5 0.650000	0.986309 0.004031	0.027192 0.007947	0.001307 0.006534	0.000255 0.001034	0.001066 0.002818	0.001402 0.006225	0.001361 0.006692	0.001618 0.005540	0.000000 0.000000	0.001132 0.003719	0.002561 0.008945	
2 24 5 0.660000	0.983384 0.005074	0.032951 0.009986	0.000801 0.002600	0.000167 0.000836	0.002582 0.007299	0.001624 0.005517	0.002855 0.006480	0.002224 0.007203	0.001614 0.005156	0.002082 0.005446	0.003759 0.008690	
2 24 5 0.670000	0.982284 0.002448	0.035118 0.004810	0.003511 0.008868	0.000476 0.001248	0.000651 0.003256	0.004146 0.009628	0.000344 0.001721	0.004695 0.009294	0.000891 0.004453	0.000356 0.001779	0.001089 0.003389	
2 24 5 0.680000	0.977546 0.004613	0.044400 0.009021	0.004465 0.008667	0.000616 0.001393	0.002891 0.006655	0.001632 0.007423	0.002115 0.004672	0.001978 0.007893	0.001576 0.007878	0.005094 0.008322	0.000426 0.002131	
2 24 5 0.690000	0.979651 0.005054	0.040281 0.009911	0.004562 0.006706	0.000549 0.002747	0.000473 0.001719	0.000000 0.000000	0.000000 0.000000	0.002452 0.004616	0.000599 0.002996	0.000852 0.002841	0.001478 0.005006	
2 24 5 0.700000	0.971938 0.003861	0.055334 0.007503	0.004279 0.007869	0.003366 0.006841	0.001931 0.005688	0.001435 0.003484	0.002019 0.005644	0.001155 0.005193	0.002183 0.006779	0.000961 0.002234	0.002805 0.009767	
2 24 5 0.710000	0.968537 0.004281	0.061933 0.008298	0.008695 0.009945	-0.000059 0.000294	0.000449 0.002246	0.002572 0.008504	0.002612 0.006942	0.003589 0.005422	0.001020 0.003089	0.000819 0.003176	0.000207 0.001036	
2 24 5 0.720000	0.969299 0.000877	0.060460 0.001699	0.006223 0.009782	0.002505 0.006072	0.001207 0.006035	0.000000 0.000000	0.000384 0.001365	0.000478 0.002389	0.000817 0.003301	0.001351 0.006024	0.000265 0.001325	
2 24 5 0.730000	0.968266 0.004642	0.062458 0.008991	0.007175 0.009994	0.001737 0.003522	0.001881 0.003847	0.000880 0.002053	0.001903 0.008015	0.001798 0.008990	0.002231 0.007510	0.000989 0.004946	-0.000014 0.000072	
2 24 5 0.740000	0.960041 0.005161	0.078319 0.009908	0.012096 0.008914	0.004289 0.009824	0.001372 0.002922	0.002042 0.006441	0.000415 0.002074	0.001860 0.009301	0.001228 0.005523	0.002030 0.003525	0.000577 0.002886	
2 24 5 0.750000	0.954521 0.005205	0.088885 0.009928	0.011560 0.009361	0.001950 0.004890	0.001532 0.006735	0.001460 0.007106	0.002039 0.006240	0.000621 0.002157	0.000814 0.004071	0.000162 0.000638	0.003444 0.008691	
2 24 5 0.760000	0.944614 0.005150	0.107700 0.009727	0.019055 0.005840	0.004689 0.005872	0.000771 0.003853	0.002314 0.007876	0.002458 0.007605	0.001986 0.009928	0.001705 0.004647	0.001847 0.006057	0.002562 0.005221	
2 24 5 0.770000	0.941512 0.004519	0.113553 0.008505	0.019071 0.009842	0.003670 0.007743	0.000615 0.003074	0.002507 0.008627	0.003204 0.009417	0.001135 0.005353	0.002771 0.008981	0.004164 0.006977	0.000883 0.002801	
2 24 5 0.780000	0.935015 0.005279	0.125742 0.009870	0.022197 0.004798	0.006105 0.005506	0.000744 0.003720	0.000971 0.003411	0.000000 0.000000	0.001160 0.002922	0.001008 0.003616	0.000830 0.002166	0.001431 0.003959	
2 24 5 0.790000	0.926050 0.005329	0.142425 0.009865	0.027670 0.003966	0.007741 0.003988	0.002981 0.007444	0.001513 0.006122	0.000993 0.004967	0.001909 0.004185	0.003375 0.009905	0.001934 0.005819	0.000470 0.002350	
2 24 5 0.800000	0.915272 0.005298	0.162274 0.009704	0.032081 0.009903	0.006583 0.007293	0.000978 0.002530	0.001332 0.004078	0.000000 0.000000	0.000000 0.000000	0.000282 0.001408	0.000000 0.000000	0.000434 0.002171	
2 24 5 0.810000	0.901612 0.005540	0.187091 0.009981	0.042343 0.006701	0.013047 0.003945	0.003914 0.005839	0.001424 0.003121	0.000324 0.001618	0.001723 0.004665	0.000410 0.001784	0.000344 0.001441	0.000000 0.000000	
2 24 5 0.820000	0.885573 0.005592	0.215755 0.009902	0.054294 0.004700	0.017728 0.006852	0.005565 0.003165	0.004514 0.007187	0.002334 0.006659	0.000519 0.002210	0.001954 0.005101	0.000030 0.000149	0.000000 0.000000	
2 24 5 0.830000	0.862610 0.005784	0.255900 0.009976	0.070847 0.005177	0.027207 0.004935	0.013370 0.004010	0.006824 0.002837	0.002893 0.006531	0.002398 0.003824	0.003059 0.008469	0.002494 0.009203	0.001607 0.003683	
2 24 5 0.840000	0.823678 0.006047	0.321550 0.009972	0.103434 0.007128	0.048106 0.005077	0.025494 0.001705	0.015132 0.006116	0.009525 0.002357	0.005664 0.008117	0.002882 0.009525	0.001445 0.006770	0.001406 0.006727	
2 24 5 0.850000	0.763732 0.006509	0.416709 0.009943	0.157740 0.007321	0.082104 0.005659	0.051307 0.004604	0.034665 0.003856	0.024793 0.002181	0.017569 0.002915	0.013997 0.001830	0.010763 0.002739	0.009013 0.003411	
2 24 5 0.860000	0.633288 0.007873	0.598940 0.009971	0.268430 0.008994	0.159993 0.007753	0.109488 0.005935	0.080265 0.004762	0.061217 0.005292	0.048081 0.003192	0.038268 0.002954	0.031436 0.004493	0.026559 0.002927	
2 24 5 0.870000	0.428636 0.009969	0.816253 0.008535	0.391659 0.005103	0.238041 0.004219	0.162698 0.004477	0.116292 0.003722	0.085484 0.004140	0.064600 0.004560	0.048415 0.004548	0.036548 0.005697	0.028839 0.007014	
2 24 5 0.880000	0.293181 0.009996	0.914026 0.005857	0.427412 0.003582	0.248239 0.001731	0.159282 0.002637	0.106678 0.002042	0.071990 0.001671	0.047590 0.001246	0.030197 0.002638	0.017263 0.002806	0.008332 0.002356	
2 24 5 0.890000	0.219947 0.009921	0.951608 0.004388	0.426841 0.006114	0.235486 0.004452	0.141741 0.004794	0.088901 0.004407	0.054132 0.006719	0.030985 0.002530	0.014492 0.008322	0.002152 0.005231	0.000000 0.000000	
2 24 5 0.900000	0.189724 0.009991	0.963986 0.003785	0.416616 0.006008	0.220902 0.007384	0.128491 0.007129	0.078443 0.006960	0.044391 0.005556	0.022406 0.003457	0.010183 0.005927	0.000000 0.000000	0.000000 0.000000	
2 24 5 0.910000	0.169264 0.009626	0.971334 0.003255	0.404221 0.005483	0.207345 0.005781	0.111509 0.004634	0.061979 0.007424	0.032466 0.005353	0.013976 0.005599	0.001593 0.002427	0.000000 0.000000	0.000000 0.000000	
2 24 5 0.920000	0.155155 0.006374	0.975921 0.001982	0.398552 0.008465	0.195457 0.009906	0.103841 0.008719	0.055773 0.009993	0.028923 0.005679	0.011336 0.009256	0.000117 0.000585	0.000000 0.000000	0.000000 0.000000	
2 24 5 0.930000	0.139343 0.008860	0.980574 0.002486	0.390857 0.009992	0.183614 0.008699	0.092882 0.005404	0.046671 0.003255	0.022037 0.002641	0.005508 0.003082	0.000197 0.000801	0.000000 0.000000	0.000000 0.000000	
2 24 5 0.940000	0.129432 0.007781	0.983239 0.002020	0.378927 0.006702	0.171320 0.009793	0.086315 0.003748	0.041226 0.004981	0.016647 0.004653	0.002447 0.004117	0.000000 0.000000	0.000000 0.000000	0.000000 0.000000	
2 24 5 0.950000	0.121636 0.009317	0.985193 0.002240	0.365342 0.005863	0.160866 0.009948	0.075136 0.004029	0.034120 0.004782	0.013882 0.003136	0.003176 0.004760	0.000000 0.000000	0.000000 0.000000	0.000000 0.000000	
2 24 5 0.960000	0.117176 0.009590	0.986257 0.002226	0.358561 0.009196	0.153495 0.009878	0.069126 0.004697	0.029372 0.007674	0.011207 0.005355	0.002507 0.006048	0.000000 0.000000	0.000000 0.000000	0.000000 0.000000	
2 24 5 0.970000	0.112613 0.006882	0.987312 0.001554	0.352055 0.008782	0.145568 0.009972	0.065383 0.005801	0.029048 0.006245	0.010267 0.003963	0.000000 0.000000	0.000000 0.000000	0.000000 0.000000	0.000000 0.000000	
2 24 5 0.980000	0.108070 0.004839	0.988318 0.001049	0.342447 0.009547	0.137372 0.009306	0.058444 0.009944	0.022139 0.005242	0.007116 0.009681	0.000000 0.000000	0.000000 0.000000	0.000000 0.000000	0.000000 0.000000	
2 24 5 0.990000	0.101021 0.007428	0.989787 0.001517	0.337586 0.008667	0.131505 0.008875	0.052119 0.009816	0.020635 0.006720	0.005122 0.005816	0.000246 0.001228	0.000000 0.000000	0.000000 0.000000	0.000000 0.000000	
2 24 5 1.000000	0.101244 0.009724	0.989736 0.001925	0.332750 0.006102	0.129648 0.009788	0.054455 0.006489	0.020207 0.006446	0.006670 0.009353	0.000000 0.000000	0.000000 0.000000	0.000000 0.000000	0.000000 0.000000	
2 24 5 1.010000	0.098110 0.009708	0.990362 0.001907	0.323628 0.008311	0.123756 0.007537	0.046491 0.009867	0.013822 0.007040	0.006342 0.006273	0.000000 0.000000	0.000000 0.000000	0.000000 0.000000	0.000000 0.000000	
2 24 5 1.020000	0.093371 0.005345	0.991277 0.001002	0.315926 0.009757	0.113689 0.009664	0.042571 0.001279	0.015476 0.003070	0.002143 0.004718	0.000000 0.000000	0.000000 0.000000	0.000000 0.000000	0.000000 0.000000	
2 24 5 1.030000	0.090427 0.003607	0.991821 0.000646	0.310813 0.008454	0.110321 0.009782	0.040335 0.008902	0.011185 0.003905	0.001272 0.003881	0.000151 0.000757	0.000000 0.000000	0.000000 0.000000	0.000000 0.000000	
2 24 5 1.040000	0.090340 0.009760	0.991825 0.001777	0.300834 0.007515	0.103112 0.006915	0.037557 0.008366	0.010194 0.007407	0.001115 0.005365	0.000000 0.000000	0.000096 0.000481	0.000000 0.000000	0.000000 0.000000	
2 24 5 1.050000	0.086243 0.008496	0.992553 0.001454	0.296389 0.008212	0.099306 0.009936	0.034191 0.006937	0.011217 0.009521	0.000889 0.004446	0.000000 0.000000	0.000000 0.000000	0.000000 0.000000	0.000000 0.000000	
2 24 5 1.060000	0.084383 0.003600	0.992877 0.000609	0.294568 0.004726	0.093027 0.009196	0.028670 0.009711	0.007403 0.005284	0.000295 0.001477	0.000000 0.000000	0.000000 0.000000	0.000000 0.000000	0.000119 0.000594	
2 24 5 1.070000	0.082690 0.006138	0.993157 0.001011	0.290029 0.008249	0.093882 0.009908	0.030486 0.009863	0.006029 0.004641	0.000028 0.000138	0.000000 0.000000	0.000000 0.000000	0.000000 0.000000	0.000000 0.000000	
2 24 5 1.080000	0.080987 0.005730	0.993435 0.000925	0.280994 0.008629	0.089112 0.005090	0.028594 0.008328	0.005444 0.009786	0.000318 0.001588	0.000091 0.000456	0.000000 0.000000	0.000000 0.000000	0.000000 0.000000	
2 24 5 1.090000	0.079997 0.009247	0.993587 0.001454	0.279682 0.005989	0.087013 0.009987	0.025910 0.004219	0.007212 0.002024	0.000514 0.002571	0.000000 0.000000	0.000000 0.000000	0.000000 0.000000	0.000000 0.000000	
2 24 5 1.100000	0.077266 0.009978	0.994013 0.001542	0.276060 0.007353	0.084333 0.007812	0.023091 0.004473	0.005535 0.006247	0.001093 0.005113	0.000000 0.000000	0.000000 0.000000	0.000000 0.000000	0.000000 0.000000	
2 24 5 1.110000	0.079164 0.005960	0.993729 0.000948	0.270831 0.009977	0.079528 0.004923	0.021512 0.007014	0.004164 0.004644	0.000000 0.000000	0.000000 0.000000	0.000000 0.000000	0.000000 0.000000	0.000000 0.000000	
2 24 5 1.120000	0.075139 0.009990	0.994343 0.001497	0.260763 0.004176	0.076298 0.008823	0.020193 0.005068	0.004147 0.007310	0.000000 0.000000	0.000000 0.000000	0.000000 0.000000	0.000000 0.000000	0.000000 0.000000	
2 24 5 1.130000	0.075155 0.004925	0.994349 0.000737	0.262025 0.009956	0.074584 0.008328	0.020029 0.006020	0.002622 0.006492	0.001310 0.006550	0.000000 0.000000	0.000000 0.000000	0.000000 0.000000	0.000000 0.000000	
2 24 5 1.140000	0.074015 0.006334	0.994516 0.000922	0.257240 0.009885	0.072478 0.001971	0.018184 0.004289	0.001938 0.005423	0.000022 0.000110	0.000151 0.000757	0.000000 0.000000	0.000000 0.000000	0.000023 0.000116	
2 24 5 1.150000	0.071444 0.006970	0.994890 0.001007	0.253762 0.007977	0.072877 0.009769	0.016419 0.007358	0.002341 0.006614	0.000000 0.000000	0.000000 0.000000	0.000000 0.000000	0.000000 0.000000	0.000000 0.000000	
2 24 5 1.160000	0.070223 0.005558	0.995065 0.000782	0.245761 0.009529	0.066823 0.009789	0.016544 0.009856	0.002087 0.005807	0.000000 0.000000	0.000118 0.000590	0.000472 0.002359	0.000566 0.002829	0.000000 0.000000	
2 24 5 1.170000	0.069787 0.004619	0.995128 0.000647	0.249582 0.008707	0.061503 0.009261	0.018783 0.006684	0.000352 0.001758	0.000000 0.000000	0.000000 0.000000	0.000000 0.000000	0.000000 0.000000	0.000000 0.000000	
2 24 5 1.180000	0.071149 0.002921	0.994937 0.000416	0.244232 0.005995	0.065242 0.009613	0.015739 0.004581	0.000899 0.001962	0.000881 0.004403	0.000281 0.001404	0.000000 0.000000	0.000000 0.000000	0.000000 0.000000	
2 24 5 1.190000	0.068384 0.006363	0.995318 0.000857	0.236813 0.009958	0.063571 0.007685	0.012178 0.006201	0.000238 0.001190	0.000088 0.000442	0.000000 0.000000	0.000000 0.000000	0.000000 0.000000	0.000000 0.000000	
2 24 5 1.200000	0.067134 0.004579	0.995490 0.000610	0.231830 0.009754	0.057805 0.007606	0.013681 0.007929	0.000725 0.002849	0.000000 0.000000	0.000000 0.000000	0.000168 0.000842	0.000000 0.000000	0.000000 0.000000	
2 24 5 1.210000	0.067202 0.003125	0.995482 0.000419	0.234991 0.008546	0.058459 0.009960	0.013680 0.009345	0.001716 0.004338	0.000524 0.002620	0.000000 0.000000	0.000000 0.000000	0.000000 0.000000	0.000000 0.000000	
2 24 5 1.220000	0.067010 0.004861	0.995506 0.000662	0.226444 0.008198	0.057506 0.009903	0.014203 0.006221	0.001982 0.004045	0.000000 0.000000	0.000000 0.000000	0.000000 0.000000	0.000000 0.000000	0.000000 0.000000	
2 24 5 1.230000	0.065322 0.008248	0.995725 0.001061	0.219449 0.008065	0.052383 0.009865	0.010447 0.004518	0.000744 0.002296	0.000337 0.001684	0.000000 0.000000	0.001129 0.005645	0.000973 0.004865	0.000000 0.000000	
2 24 5 1.240000	0.066498 0.003849	0.995576 0.000510	0.225117 0.009570	0.053641 0.004274	0.010857 0.009917	0.001395 0.004192	0.000000 0.000000	0.000000 0.000000	0.000429 0.002144	0.000000 0.000000	0.000000 0.000000	
2 24 5 1.250000	0.062985 0.004613	0.996030 0.000575	0.222080 0.009453	0.050798 0.008695	0.009987 0.009268	0.000734 0.003475	0.000566 0.002829	0.000000 0.000000	0.000000 0.000000	0.000000 0.000000	0.000000 0.000000	
2 24 5 1.260000	0.064385 0.003510	0.995853 0.000451	0.222316 0.009909	0.050907 0.008633	0.013030 0.007602	0.001308 0.005502	0.000000 0.000000	0.000000 0.000000	0.000000 0.000000	0.000000 0.000000	0.000000 0.000000	
2 24 5 1.270000	0.063579 0.004609	0.995955 0.000587	0.213301 0.008130	0.047397 0.009641	0.010342 0.004555	0.000103 0.000514	0.000219 0.001096	0.000867 0.004334	0.000854 0.004268	0.000000 0.000000	0.000135 0.000673	
2 24 5 1.280000	0.059425 0.004750	0.996466 0.000571	0.216968 0.009518	0.046935 0.009324	0.008573 0.008817	0.000768 0.003842	0.000000 0.000000	0.000000 0.000000	0.000685 0.003424	0.000000 0.000000	0.001084 0.005418	
2 24 5 1.290000	0.064245 0.009521	0.995859 0.001226	0.212059 0.006530	0.047761 0.008646	0.012264 0.003770	0.000000 0.000000	0.001958 0.009788	0.000000 0.000000	0.000000 0.000000	0.000000 0.000000	0.000000 0.000000	
2 24 5 1.300000	0.063362 0.008691	0.995971 0.001120	0.205023 0.007883	0.044655 0.006199	0.008517 0.009443	0.002029 0.006198	0.000741 0.003707	0.000000 0.000000	0.000000 0.000000	0.000574 0.002868	0.000000 0.000000	
2 24 5 1.310000	0.062361 0.007228	0.996105 0.000892	0.208965 0.009738	0.045185 0.008851	0.008864 0.008694	0.000315 0.000907	0.000000 0.000000	0.000000 0.000000	0.000000 0.000000	0.000000 0.000000	0.000000 0.000000	
2 24 5 1.320000	0.060152 0.001535	0.996381 0.000185	0.203956 0.009952	0.043100 0.007179	0.007871 0.007475	0.000116 0.000581	0.000000 0.000000	0.000000 0.000000	0.000766 0.003829	0.000000 0.000000	0.000000 0.000000	
2 24 5 1.330000	0.057085 0.009935	0.996725 0.001145	0.204310 0.009918	0.048218 0.009796	0.009279 0.009503	0.002636 0.008796	0.001554 0.005070	0.000000 0.000000	0.001348 0.004048	0.000000 0.000000	0.001014 0.002587	
2 24 5 1.340000	0.059684 0.008779	0.996424 0.001049	0.199213 0.008427	0.040478 0.007474	0.009432 0.009403	0.003639 0.007618	0.000000 0.000000	0.000000 0.000000	-0.000106 0.000531	0.001045 0.004321	0.000000 0.000000	
2 24 5 1.350000	0.059246 0.009592	0.996480 0.001146	0.196361 0.007826	0.040463 0.009939	0.007727 0.009891	0.000000 0.000000	0.000000 0.000000	0.000000 0.000000	0.000000 0.000000	0.000051 0.000253	0.000113 0.000565	
2 24 5 1.360000	0.058321 0.004427	0.996596 0.000510	0.194897 0.009791	0.042059 0.008237	0.007499 0.005205	0.003904 0.009841	0.002622 0.005079	0.000235 0.001177	0.000425 0.002127	0.001196 0.004738	0.000000 0.000000	
2 24 5 1.370000	0.059002 0.005658	0.996513 0.000665	0.193625 0.009367	0.037948 0.009666	0.006124 0.008183	0.001341 0.006079	0.000165 0.000827	0.000000 0.000000	0.000394 0.001969	0.000000 0.000000	0.000000 0.000000	
2 24 5 1.380000	0.059266 0.007071	0.996480 0.000834	0.190521 0.009914	0.035532 0.007589	0.005455 0.009168	0.000124 0.000620	0.000784 0.003205	0.000000 0.000000	0.000000 0.000000	0.001197 0.005518	0.000863 0.003573	
2 24 5 1.390000	0.059280 0.007889	0.996478 0.000955	0.189091 0.009470	0.036872 0.008306	0.003902 0.006272	0.001653 0.005054	0.000213 0.000817	0.000000 0.000000	0.000356 0.001779	0.000000 0.000000	0.000785 0.003926	
2 24 5 1.400000	0.060062 0.006585	0.996387 0.000790	0.187007 0.009843	0.039247 0.007542	0.007008 0.003828	0.000252 0.001258	0.000000 0.000000	0.000000 0.000000	0.000000 0.000000	0.000000 0.000000	0.000000 0.000000	
2 24 5 1.410000	0.061399 0.008143	0.996221 0.000989	0.186623 0.009586	0.033229 0.009682	0.002014 0.006011	0.001288 0.003242	0.000604 0.001959	0.002150 0.008314	0.000000 0.000000	0.001606 0.006354	0.000000 0.000000	
2 24 5 1.420000	0.059398 0.006356	0.996467 0.000747	0.184382 0.008656	0.036020 0.007048	0.006236 0.009860	0.000000 0.000000	0.000588 0.002605	0.000193 0.000965	0.000000 0.000000	0.000044 0.000221	0.000000 0.000000	
2 24 5 1.430000	0.060366 0.006990	0.996348 0.000848	0.182528 0.009386	0.034954 0.009840	0.005037 0.009470	0.000000 0.000000	0.000428 0.002140	0.000000 0.000000	0.000847 0.002955	0.000207 0.001037	0.000562 0.002809	
2 24 5 1.440000	0.059067 0.006824	0.996505 0.000802	0.178109 0.009668	0.032569 0.006851	0.001146 0.004230	0.000000 0.000000	0.000074 0.000371	0.000000 0.000000	0.000587 0.002937	0.000000 0.000000	0.000000 0.000000	
2 24 5 1.450000	0.057373 0.005163	0.996705 0.000595	0.171864 0.009463	0.030908 0.005631	0.003979 0.008563	0.000000 0.000000	0.000000 0.000000	0.000733 0.003667	0.000266 0.001329	0.000000 0.000000	0.000763 0.003813	
2 24 5 1.460000	0.057331 0.009744	0.996700 0.001076	0.172615 0.007318	0.030001 0.009058	0.001839 0.003922	0.000287 0.001437	0.000257 0.000893	0.000000 0.000000	0.000000 0.000000	0.000609 0.003046	0.000132 0.000662	
2 24 5 1.470000	0.055873 0.009021	0.996868 0.000997	0.178477 0.009683	0.028094 0.008132	0.005488 0.008146	0.000312 0.001558	0.000594 0.003181	0.001489 0.007445	0.000000 0.000000	0.000000 0.000000	0.001369 0.006845	
2 24 5 1.480000	0.058249 0.004738	0.996604 0.000551	0.174768 0.009290	0.027464 0.009247	0.002380 0.008327	0.000205 0.001023	0.001072 0.005362	0.000000 0.000000	0.001230 0.004000	0.000788 0.003940	0.000000 0.000000	
2 24 5 1.490000	0.056930 0.005511	0.996754 0.000636	0.175479 0.005270	0.026929 0.009937	0.003026 0.006896	0.000596 0.002978	0.000000 0.000000	0.000000 0.000000	0.000121 0.000603	0.000837 0.004186	0.000378 0.001892	
2 24 5 1.500000	0.053314 0.009398	0.997146 0.001036	0.164079 0.009913	0.030927 0.004515	0.003457 0.004634	0.000587 0.002292	0.000198 0.000991	0.000992 0.004961	0.001156 0.005779	0.000000 0.000000	0.001458 0.003194	
2 24 5 1.510000	0.055322 0.008463	0.996930 0.000911	0.168264 0.009777	0.025994 0.007445	0.001866 0.004127	0.000695 0.003473	0.000000 0.000000	0.000000 0.000000	0.000371 0.001853	0.002005 0.005607	0.000098 0.000491	
2 24 5 1.520000	0.055862 0.007699	0.996872 0.000861	0.169033 0.009887	0.028118 0.007825	0.003714 0.008953	0.000099 0.000497	0.000000 0.000000	0.000732 0.002113	-0.000000 0.000001	0.001683 0.004547	0.000000 0.000000	
2 24 5 1.530000	0.054177 0.009268	0.997052 0.001017	0.162396 0.009615	0.028846 0.007184	0.005151 0.008833	0.001063 0.004858	0.000000 0.000000	0.001383 0.005317	0.000591 0.002953	0.000147 0.000735	0.001104 0.005518	
2 24 5 1.540000	0.054990 0.005193	0.996973 0.000579	0.166133 0.009908	0.024403 0.007034	0.005301 0.005427	0.000968 0.004838	0.000755 0.003775	0.000000 0.000000	0.000000 0.000000	0.000072 0.000360	0.000793 0.003966	
2 24 5 1.550000	0.055968 0.006356	0.996862 0.000721	0.160697 0.009790	0.023491 0.006691	0.003251 0.006331	0.000398 0.001991	0.000054 0.000269	0.000060 0.000298	0.000000 0.000000	0.000415 0.002073	0.000000 0.000000	
2 24 5 1.560000	0.054772 0.003794	0.996997 0.000414	0.159168 0.009835	0.028563 0.003690	0.004371 0.008684	0.000227 0.001134	0.000580 0.002900	0.000104 0.000519	0.000241 0.001203	0.000000 0.000000	0.000740 0.003698	
2 24 5 1.570000	0.054130 0.005823	0.997066 0.000627	0.157511 0.009802	0.024288 0.005831	0.003286 0.004597	0.000000 0.000000	0.000000 0.000000	0.001017 0.003710	0.000000 0.000000	0.000804 0.004020	0.000000 0.000000	
2 24 5 1.580000	0.052656 0.005715	0.997223 0.000598	0.159166 0.008813	0.023531 0.003341	0.003291 0.009567	0.000698 0.003489	0.000000 0.000000	0.000654 0.003270	0.000009 0.000045	0.000612 0.001616	0.000767 0.002772	
2 24 5 1.590000	0.054827 0.009875	0.996981 0.001088	0.158327 0.009843	0.021138 0.008331	0.003701 0.009425	0.000374 0.001871	0.000303 0.001517	0.000195 0.000835	0.000000 0.000000	0.000000 0.000000	0.002368 0.006727	
2 24 5 1.600000	0.053174 0.005466	0.997169 0.000580	0.152705 0.009617	0.020187 0.007174	0.001550 0.004515	0.000955 0.004593	0.001682 0.005991	0.001257 0.006286	0.000000 0.000000	0.000826 0.004129	0.000972 0.003390	
2 24 5 1.610000	0.053526 0.005874	0.997130 0.000627	0.153827 0.009938	0.023217 0.009053	0.003015 0.009314	0.001761 0.003668	0.000000 0.000000	0.000000 0.000000	0.000000 0.000000	0.000406 0.002030	0.000212 0.001059	
2 24 5 1.620000	0.050747 0.006454	0.997419 0.000656	0.153985 0.009256	0.020966 0.004659	0.002676 0.007526	0.000506 0.002531	0.000812 0.003733	0.000526 0.002628	0.000175 0.000877	0.001002 0.002988	0.000143 0.000717	
2 24 5 1.630000	0.052509 0.005058	0.997239 0.000535	0.152151 0.005145	0.020208 0.009937	0.003766 0.003970	0.000000 0.000000	0.000176 0.000913	0.001136 0.004360	0.000609 0.001724	0.000000 0.000000	0.000000 0.000000	
2 24 5 1.640000	0.051841 0.002457	0.997311 0.000255	0.151813 0.007102	0.020444 0.008302	0.002731 0.009948	0.001389 0.005191	0.001001 0.005006	0.000459 0.002297	0.000000 0.000000	0.000000 0.000000	0.000364 0.001822	
2 24 5 1.650000	0.053963 0.005338	0.997084 0.000581	0.149185 0.009935	0.021970 0.003006	0.004516 0.008256	0.001386 0.004766	0.000640 0.002496	0.000870 0.002614	0.001243 0.006215	0.000850 0.004252	0.000246 0.000758	
2 24 5 1.660000	0.052557 0.003274	0.997237 0.000342	0.150268 0.009729	0.021530 0.002951	0.002409 0.004303	0.000464 0.002318	0.000091 0.000453	0.000000 0.000000	0.000377 0.001539	0.000000 0.000000	0.000805 0.004025	
2 24 5 1.670000	0.052310 0.005688	0.997260 0.000596	0.150100 0.009813	0.020449 0.004200	0.003191 0.004812	0.000799 0.003435	0.000327 0.001637	0.000261 0.001177	0.000000 0.000000	0.000057 0.000284	0.000074 0.000370	
2 24 5 1.680000	0.051394 0.003632	0.997357 0.000371	0.146520 0.009733	0.019231 0.004908	0.001943 0.007572	0.000304 0.001519	0.000317 0.001584	0.001352 0.004708	0.000278 0.001391	0.000000 0.000000	0.000000 0.000000	
2 24 5 1.690000	0.051231 0.006108	0.997371 0.000615	0.145410 0.009456	0.021076 0.007384	0.001189 0.005000	0.000182 0.000911	0.000101 0.000503	0.000800 0.003410	0.000050 0.000248	0.000395 0.001529	0.000038 0.000520	
2 24 5 1.700000	0.051444 0.006544	0.997346 0.000666	0.143475 0.009322	0.021068 0.004511	0.002612 0.008337	0.001566 0.007832	0.000754 0.002395	0.000215 0.001074	0.002145 0.009904	0.000229 0.001147	0.000000 0.000000	
2 24 5 1.710000	0.050087 0.003641	0.997489 0.000363	0.143852 0.009514	0.020106 0.006470	0.003635 0.008024	0.001642 0.006557	0.000125 0.000627	0.000000 0.000000	0.001206 0.006030	0.001163 0.005813	0.000454 0.002269	
2 24 5 1.720000	0.051908 0.001058	0.997305 0.000110	0.143579 0.009908	0.018270 0.009781	0.004139 0.009947	0.001199 0.003056	0.000000 0.000000	0.000000 0.000000	0.000000 0.000000	0.000000 0.000000	0.001247 0.006235	
2 24 5 1.730000	0.053542 0.010000	0.997123 0.001085	0.137283 0.006644	0.017008 0.007899	0.000931 0.004654	0.000554 0.001685	0.000000 0.000000	0.001474 0.004875	0.000450 0.002250	0.000000 0.000000	0.000146 0.000729	
2 24 5 1.740000	0.051138 0.002298	0.997384 0.000234	0.142184 0.006881	0.018981 0.009883	0.000104 0.000519	0.000000 0.000000	0.000000 0.000000	0.000000 0.000000	0.000780 0.002346	0.000251 0.001257	0.000000 0.000000	
2 24 5 1.750000	0.050160 0.006540	0.997479 0.000647	0.138717 0.009997	0.018238 0.009521	0.002810 0.006407	0.000000 0.000000	0.000000 0.000000	0.001340 0.003402	0.000000 0.000000	0.000497 0.002486	0.000770 0.003849	
2 24 5 1.760000	0.050084 0.008431	0.997482 0.000854	0.135232 0.005061	0.017803 0.008855	0.001242 0.006089	0.000752 0.003760	0.002343 0.006340	0.000000 0.000000	0.000000 0.000000	0.000000 0.000000	0.000934 0.002201	
2 24 5 1.770000	0.050495 0.006253	0.997444 0.000632	0.132910 0.006896	0.016588 0.008215	0.000695 0.002596	0.001770 0.008850	0.000000 0.000000	0.000000 0.000000	0.000000 0.000000	0.000958 0.003419	0.000000 0.000000	
2 24 5 1.780000	0.051569 0.007036	0.997335 0.000731	0.135347 0.007651	0.015618 0.009724	0.001179 0.005893	0.000000 0.000000	0.000000 0.000000	0.001068 0.003115	0.000000 0.000000	0.000000 0.000000	0.001837 0.009187	
2 24 5 1.790000	0.050340 0.007490	0.997459 0.000738	0.134258 0.009495	0.018107 0.007092	0.000740 0.001657	0.000000 0.000000	0.000000 0.000000	0.000000 0.000000	0.000000 0.000000	0.000550 0.002750	0.001300 0.006502	
2 24 5 1.800000	0.050648 0.009488	0.997421 0.000963	0.138423 0.009451	0.018978 0.003664	0.002322 0.006019	0.001350 0.003753	0.000164 0.000822	0.000000 0.000000	0.000000 0.000000	0.000000 0.000000	0.001322 0.006608	
2 24 5 1.810000	0.049379 0.007490	0.997556 0.000739	0.134966 0.009696	0.017968 0.008131	0.001867 0.005880	0.000478 0.001618	0.000000 0.000000	0.000746 0.003732	0.000000 0.000000	0.002782 0.005750	0.002832 0.009997	
2 24 5 1.820000	0.047826 0.006655	0.997707 0.000648	0.132597 0.009880	0.015348 0.009601	0.002561 0.005831	0.000000 0.000000	0.000635 0.003176	0.000081 0.000407	0.000598 0.002992	0.001054 0.003554	0.000199 0.000993	
2 24 5 1.830000	0.052541 0.007464	0.997234 0.000782	0.128719 0.009962	0.018881 0.005628	0.003105 0.007872	0.000000 0.000000	0.000000 0.000000	0.000187 0.000936	0.000156 0.000782	0.000197 0.000987	0.000000 0.000000	
2 24 5 1.840000	0.048466 0.003230	0.997650 0.000314	0.132095 0.009932	0.016998 0.003348	0.002086 0.008151	0.000000 0.000000	0.000252 0.000971	0.000500 0.001574	0.000087 0.000434	0.000000 0.000000	0.000339 0.001695	
2 24 5 1.850000	0.050519 0.005658	0.997443 0.000573	0.130026 0.008840	0.016281 0.006155	0.002051 0.005397	0.000000 0.000000	0.000000 0.000000	0.000000 0.000000	0.001094 0.002385	0.000817 0.004083	0.000822 0.001531	
2 24 5 1.860000	0.048921 0.007468	0.997599 0.000747	0.130979 0.008816	0.017603 0.006801	0.003333 0.008709	0.002248 0.004182	0.000818 0.004088	0.000000 0.000000	0.001256 0.003099	0.000469 0.002343	0.000556 0.002778	
2 24 5 1.870000	0.051230 0.006489	0.997370 0.000682	0.126068 0.009258	0.017047 0.005494	0.001531 0.003301	0.001157 0.003282	0.000000 0.000000	0.000000 0.000000	0.000000 0.000000	0.001555 0.007773	0.000000 0.000000	
2 24 5 1.880000	0.051479 0.009291	0.997339 0.000948	0.125213 0.009492	0.016493 0.009670	0.003128 0.009180	0.002161 0.008095	0.000603 0.003013	0.001416 0.007082	0.000414 0.002072	0.000375 0.001874	0.000000 0.000000	
2 24 5 1.890000	0.048764 0.003711	0.997619 0.000359	0.126549 0.008681	0.015243 0.005932	0.004041 0.009356	0.002386 0.005526	0.000466 0.001807	0.002224 0.006793	0.000542 0.001553	0.000000 0.000000	0.001158 0.003765	
2 24 5 1.900000	0.048652 0.009296	0.997624 0.000912	0.124668 0.005670	0.011631 0.009794	0.001151 0.002922	0.001261 0.004841	0.001309 0.005921	0.001085 0.002254	0.001478 0.006786	0.000000 0.000000	0.001274 0.006368	
2 24 5 1.910000	0.049216 0.004518	0.997575 0.000442	0.125043 0.007178	0.013614 0.009854	0.001433 0.006703	0.002103 0.009025	0.000551 0.001597	0.001446 0.007230	0.001451 0.003650	0.001161 0.005093	0.000110 0.000549	
2 24 5 1.920000	0.050667 0.004318	0.997430 0.000439	0.125485 0.009176	0.015238 0.009836	0.000000 0.000000	0.000275 0.001375	0.002799 0.008813	0.000000 0.000000	0.000708 0.003539	0.000291 0.001457	0.000203 0.001015	
2 24 5 1.930000	0.049481 0.009016	0.997543 0.000882	0.118993 0.008705	0.015135 0.009723	0.001330 0.003785	0.000000 0.000000	0.001053 0.005266	0.001779 0.006175	0.001052 0.005260	0.000000 0.000000	0.000160 0.000799	
2 24 5 1.940000	0.048158 0.009433	0.997668 0.000908	0.121415 0.009252	0.014903 0.007344	0.000970 0.004852	0.000622 0.002619	0.000498 0.002489	0.000861 0.001598	0.001268 0.006342	0.001323 0.005312	0.000965 0.002868	
2 24 5 1.950000	0.050167 0.006485	0.997479 0.000644	0.120654 0.007859	0.013798 0.009912	0.002290 0.006131	0.001216 0.005312	0.000236 0.001178	0.000764 0.003822	0.000000 0.000000	0.002628 0.008922	0.000000 0.000000	
2 24 5 1.960000	0.047547 0.007931	0.997731 0.000774	0.121566 0.008807	0.012252 0.009893	0.000925 0.002387	0.001050 0.005251	0.000543 0.002717	0.000686 0.003430	0.001021 0.005067	0.000349 0.001744	0.000000 0.000000	
2 24 5 1.970000	0.048554 0.006174	0.997639 0.000594	0.117123 0.004868	0.011961 0.005772	0.000510 0.002550	0.000149 0.000745	0.000000 0.000000	0.001973 0.009864	0.000095 0.000474	0.000904 0.004481	0.000488 0.001878	
2 24 5 1.980000	0.049682 0.005930	0.997527 0.000582	0.118526 0.008379	0.009395 0.009210	0.001935 0.005384	0.000946 0.004728	0.000446 0.002228	0.001258 0.005575	0.000000 0.000000	0.000467 0.001279	0.000309 0.001544	
2 24 5 1.990000	0.051451 0.009619	0.997343 0.000994	0.114051 0.009673	0.011338 0.009661	0.000023 0.000113	0.000000 0.000000	0.000384 0.001919	0.001292 0.002631	0.000087 0.000436	0.000000 0.000000	0.000166 0.000831	
2 24 5 2.000000	0.048596 0.006151	0.997633 0.000602	0.119157 0.009476	0.016176 0.006128	0.000398 0.001991	0.000804 0.002574	0.000198 0.000988	0.000908 0.002797	0.001473 0.006082	0.002053 0.006866	0.000395 0.001974	
2 24 5 2.010000	0.047541 0.004906	0.997737 0.000469	0.117242 0.009153	0.011832 0.008130	0.002644 0.007889	0.002345 0.004884	0.000603 0.003013	0.000000 0.000000	0.000000 0.000000	0.001975 0.009875	0.001844 0.009219	
2 24 5 2.020000	0.048474 0.005303	0.997646 0.000522	0.116726 0.009835	0.012647 0.005815	0.001337 0.006307	0.001087 0.005437	0.000000 0.000000	0.000000 0.000000	0.000000 0.000000	0.000754 0.003770	0.001163 0.005815	
2 24 5 2.030000	0.046698 0.005234	0.997815 0.000488	0.112740 0.009617	0.012562 0.004711	0.001526 0.004758	0.000114 0.000571	0.000378 0.001036	0.000443 0.001642	0.001862 0.009309	0.002475 0.006469	0.000790 0.002318	
2 24 5 2.040000	0.046044 0.006483	0.997874 0.000591	0.113680 0.009570	0.012757 0.005272	0.002193 0.006804	0.002451 0.004791	0.000695 0.003476	0.000185 0.000927	0.000388 0.001941	0.000000 0.000000	0.001556 0.005172	
2 24 5 2.050000	0.048327 0.007219	0.997656 0.000698	0.111912 0.009941	0.009088 0.007825	0.002008 0.005533	0.000000 0.000000	0.000039 0.000197	0.000720 0.003598	0.000123 0.000614	0.000000 0.000000	0.001531 0.005653	
2 24 5 2.060000	0.046768 0.009961	0.997801 0.000955	0.114626 0.006571	0.010879 0.009740	0.001213 0.002820	0.000899 0.002251	0.000747 0.003737	0.000948 0.003294	0.000254 0.001272	0.002120 0.008169	0.000435 0.002177	
2 24 5 2.070000	0.048483 0.004947	0.997646 0.000478	0.110634 0.007699	0.008053 0.009973	0.001936 0.006395	0.001116 0.004047	0.000323 0.000823	0.000220 0.001101	0.001815 0.005669	0.000292 0.000743	0.000300 0.001501	
2 24 5 2.080000	0.048385 0.009254	0.997648 0.000920	0.107847 0.006739	0.011622 0.007251	0.002292 0.004986	0.000000 0.000000	0.001752 0.008760	0.000214 0.000941	0.001081 0.003545	0.001836 0.004569	0.000000 0.000000	
2 24 5 2.090000	0.052263 0.008444	0.997255 0.000876	0.110084 0.009779	0.011264 0.009677	0.002625 0.005028	0.003076 0.009157	0.000278 0.001389	0.000000 0.000000	0.001210 0.003491	0.001562 0.007812	0.001284 0.006419	
2 24 5 2.100000	0.046707 0.005930	0.997813 0.000550	0.112817 0.009031	0.010007 0.008531	0.001278 0.006388	0.001331 0.003911	0.000301 0.001503	0.000000 0.000000	0.000931 0.004090	0.002696 0.008974	0.001724 0.008622	
2 24 5 2.110000	0.045846 0.009989	0.997885 0.000896	0.109584 0.005500	0.010811 0.007713	0.002401 0.008319	0.000000 0.000000	0.000121 0.000607	0.000050 0.000249	0.001093 0.002687	0.000032 0.000159	0.004386 0.009958	
2 24 5 2.120000	0.047798 0.005506	0.997712 0.000531	0.109561 0.009876	0.009813 0.007022	0.000066 0.000331	0.000984 0.002672	0.000509 0.002445	0.000326 0.001630	0.000181 0.000906	0.000185 0.000927	0.000106 0.000530	
2 24 5 2.130000	0.046627 0.008794	0.997817 0.000807	0.108690 0.009243	0.005469 0.006228	0.004102 0.009864	0.001430 0.003798	0.002067 0.006255	0.003224 0.007732	0.002170 0.008431	0.000000 0.000000	0.000000 0.000000	
2 24 5 2.140000	0.047136 0.005913	0.997774 0.000551	0.109445 0.008727	0.011310 0.009884	0.000361 0.002042	0.000265 0.001323	0.000261 0.001305	0.001007 0.003760	0.000350 0.001752	0.000337 0.001683	0.000000 0.000000	
2 24 5 2.150000	0.046916 0.005343	0.997795 0.000503	0.110220 0.009491	0.006917 0.008725	0.002549 0.009389	0.002087 0.005301	0.000000 0.000000	0.000603 0.003016	0.001221 0.003543	0.000419 0.002095	0.000565 0.002823	
2 24 5 2.160000	0.046312 0.004330	0.997853 0.000394	0.105595 0.009639	0.007751 0.007146	0.000000 0.000000	0.002637 0.009123	0.003862 0.009688	0.000000 0.000000	0.000839 0.004194	0.001529 0.004362	0.001717 0.006923	
2 24 5 2.170000	0.046275 0.006918	0.997853 0.000656	0.107696 0.009153	0.006499 0.005157	0.001183 0.005592	0.001305 0.004513	0.000058 0.000288	0.002697 0.008339	0.000501 0.002506	0.000442 0.001095	0.000000 0.000000	
2 24 5 2.180000	0.047251 0.008318	0.997759 0.000777	0.105484 0.009307	0.007463 0.003335	0.000276 0.001380	0.001033 0.005164	0.000000 0.000000	0.000806 0.004029	0.000000 0.000000	0.001564 0.007822	0.000317 0.001584	
2 24 5 2.190000	0.044861 0.008708	0.997978 0.000784	0.097748 0.008915	0.008169 0.009892	0.001392 0.004139	0.000855 0.004274	0.000432 0.002162	0.000000 0.000000	0.000000 0.000000	0.001898 0.004803	0.001013 0.003561	
2 24 5 2.200000	0.044859 0.008852	0.997978 0.000797	0.104251 0.007484	0.011542 0.009676	0.001086 0.004014	0.001074 0.005370	0.000313 0.001567	0.001576 0.005515	0.000235 0.001175	0.000565 0.002108	0.003280 0.008367	
2 24 5 2.210000	0.046788 0.008117	0.997804 0.000768	0.102677 0.006799	0.009387 0.009608	0.000000 0.000000	0.000424 0.002118	0.000598 0.002988	0.000617 0.002205	0.000000 0.000000	-0.000022 0.000110	0.000000 0.000000	
2 24 5 2.220000	0.046235 0.006223	0.997858 0.000579	0.099431 0.009685	0.010994 0.009522	0.000000 0.000000	0.000898 0.004489	0.002155 0.006912	0.000074 0.000371	0.000558 0.002788	0.000000 0.000000	0.000445 0.001823	
2 24 5 2.230000	0.045923 0.005564	0.997887 0.000518	0.100215 0.008862	0.007509 0.009428	0.001906 0.005642	0.000204 0.001021	0.001431 0.007155	0.000000 0.000000	0.000476 0.002379	0.000268 0.001487	0.002609 0.005754	
2 24 5 2.240000	0.047813 0.002739	0.997713 0.000261	0.100911 0.009588	0.008132 0.009519	0.000532 0.002660	0.000815 0.002939	0.000000 0.000000	0.000569 0.002173	0.000000 0.000000	0.000538 0.002691	0.001374 0.002983	
2 24 5 2.250000	0.047275 0.005277	0.997762 0.000501	0.102995 0.008722	0.009799 0.008392	0.000000 0.000000	0.000849 0.003021	0.000508 0.002538	0.000415 0.002075	0.000502 0.002054	0.001958 0.009791	0.000000 0.000000	
2 24 5 2.260000	0.047490 0.007903	0.997738 0.000759	0.100688 0.008701	0.009296 0.008239	0.000638 0.001970	0.000032 0.000236	0.002138 0.008530	0.001492 0.003802	0.000000 0.000000	0.001556 0.003713	0.001201 0.006554	
2 24 5 2.270000	0.045917 0.009150	0.997880 0.000853	0.103749 0.009127	0.008326 0.008846	0.002168 0.008095	0.001145 0.004643	0.001344 0.005665	0.000449 0.002243	0.000505 0.002527	0.000268 0.001342	0.000998 0.004335	
2 24 5 2.280000	0.047629 0.007285	0.997723 0.000684	0.100004 0.009308	0.010379 0.009710	0.000000 0.000000	0.000045 0.000227	0.002466 0.007617	0.000000 0.000000	0.001903 0.005964	0.001605 0.002350	0.000000 0.000000	
2 24 5 2.290000	0.044536 0.001790	0.998016 0.000161	0.102795 0.007118	0.011032 0.009541	0.000000 0.000000	0.000787 0.003028	0.001051 0.002749	0.000526 0.002632	0.000365 0.001825	0.001330 0.002751	0.000000 0.000000	
2 24 5 2.300000	0.044720 0.009816	0.997987 0.000882	0.099428 0.008209	0.006646 0.005315	-0.000057 0.000284	0.000000 0.000000	0.001384 0.006918	0.000000 0.000000	0.001249 0.006245	0.000980 0.003187	0.000000 0.000000	
2 24 5 2.310000	0.046637 0.008784	0.997815 0.000827	0.095765 0.006901	0.005120 0.009252	0.002192 0.005965	0.001485 0.005466	0.001673 0.004444	-0.000019 0.000093	0.001157 0.003997	0.002082 0.004361	0.003260 0.009563	
2 24 5 2.320000	0.046066 0.007653	0.997872 0.000707	0.099484 0.007515	0.007129 0.009375	0.000083 0.000413	0.000000 0.000000	0.001016 0.004062	0.000000 0.000000	0.000000 0.000000	0.002179 0.007125	0.000000 0.000000	
2 24 5 2.330000	0.046756 0.006818	0.997808 0.000639	0.099748 0.009747	0.008240 0.009140	0.000536 0.002680	0.001806 0.007170	0.001383 0.004786	0.001333 0.004331	0.001360 0.004516	0.000027 0.000137	0.000231 0.001154	
2 24 5 2.340000	0.046241 0.005189	0.997858 0.000477	0.097925 0.008998	0.008143 0.008782	0.000504 0.002522	0.000522 0.002608	0.000303 0.001080	0.000720 0.003599	0.000000 0.000000	0.000961 0.003354	0.000592 0.002961	
2 24 5 2.350000	0.044989 0.005872	0.997971 0.000538	0.095132 0.009900	0.008801 0.007903	0.000097 0.000484	0.000385 0.001923	0.000959 0.004218	0.000929 0.003323	0.000177 0.000883	0.000260 0.001298	0.000751 0.003754	
2 24 5 2.360000	0.046668 0.005645	0.997819 0.000532	0.095604 0.008849	0.009385 0.009579	0.000729 0.003211	0.001810 0.006596	0.000622 0.003108	0.002161 0.004722	0.000061 0.000304	0.001864 0.009319	0.000000 0.000000	
2 24 5 2.370000	0.045995 0.009772	0.997873 0.000877	0.096084 0.007191	0.008424 0.009532	0.000462 0.001725	0.000684 0.001720	0.000000 0.000000	0.002292 0.006818	0.000293 0.001466	0.000000 0.000000	0.000602 0.002368	
2 24 5 2.380000	0.045057 0.007923	0.997963 0.000704	0.093829 0.006064	0.004547 0.009642	0.003685 0.007543	0.001592 0.005936	0.001250 0.003988	0.001709 0.005756	0.000000 0.000000	0.000000 0.000000	0.000825 0.002872	
2 24 5 2.390000	0.046232 0.003438	0.997861 0.000316	0.097079 0.004322	0.007035 0.009886	0.000768 0.003841	0.000550 0.002751	0.000000 0.000000	0.000329 0.001550	0.001531 0.003461	0.000000 0.000000	0.000000 0.000000	
2 24 5 2.400000	0.044784 0.007650	0.997985 0.000678	0.094148 0.009188	0.003678 0.007186	0.001024 0.004577	0.000791 0.003956	0.000000 0.000000	0.002083 0.004921	0.000211 0.001054	0.002647 0.009432	0.001006 0.003477	
2 24 5 2.410000	0.044597 0.002141	0.998010 0.000191	0.095566 0.009963	0.007989 0.009843	0.000178 0.000891	0.000931 0.003004	0.000213 0.001065	0.000000 0.000000	0.000230 0.000816	0.000084 0.000420	0.000509 0.002547	
2 24 5 2.420000	0.046530 0.006876	0.997829 0.000621	0.091963 0.009562	0.007181 0.009592	0.002153 0.007613	0.001490 0.005238	0.001233 0.005213	0.001045 0.003141	0.001767 0.008835	0.000943 0.004714	0.000079 0.000394	
2 24 5 2.430000	0.046169 0.003371	0.997867 0.000313	0.091679 0.009850	0.006858 0.009819	0.000920 0.004599	0.000000 0.000000	0.002003 0.009143	0.000223 0.001113	0.001011 0.004496	0.001905 0.004864	0.001202 0.001838	
2 24 5 2.440000	0.043381 0.006011	0.998113 0.000529	0.089758 0.009028	0.008728 0.008593	0.000385 0.001802	0.001307 0.006303	0.000961 0.002436	0.001195 0.003499	0.000901 0.004507	0.000521 0.002604	0.000721 0.002362	
2 24 5 2.450000	0.046684 0.006571	0.997816 0.000624	0.097093 0.007454	0.008986 0.008316	0.002539 0.009767	0.003076 0.006008	0.001857 0.009284	0.000000 0.000000	0.000000 0.000000	0.001688 0.008441	0.001318 0.006590	
2 24 5 2.460000	0.042663 0.007536	0.998171 0.000632	0.093314 0.008750	0.006775 0.009600	0.003269 0.008247	0.001979 0.008611	0.001310 0.005457	0.000967 0.004050	0.000000 0.000000	0.000000 0.000000	0.000000 0.000000	
2 24 5 2.470000	0.046168 0.008422	0.997858 0.000769	0.090242 0.004592	0.003646 0.007625	0.003323 0.009406	0.001033 0.005163	0.000899 0.004496	0.000000 0.000000	0.002167 0.008873	0.001774 0.006405	0.002284 0.009175	
2 24 5 2.480000	0.047031 0.007914	0.997781 0.000734	0.089371 0.009631	0.004264 0.006278	0.001251 0.004661	0.000000 0.000000	0.001427 0.005606	0.000000 0.000000	0.001614 0.006981	0.003016 0.008510	0.002230 0.008133	
2 24 5 2.490000	0.046506 0.007757	0.997830 0.000727	0.089722 0.005319	0.008520 0.009334	0.000690 0.003448	0.000763 0.003816	0.001036 0.003307	0.001151 0.003042	0.002831 0.009889	0.000000 0.000000	0.001721 0.005687	
2 24 5 2.500000	0.046133 0.006533	0.997866 0.000609	0.089360 0.009901	0.004983 0.009600	0.001258 0.003715	0.000242 0.001210	0.000387 0.001666	0.000710 0.002811	0.001524 0.007093	0.000171 0.000856	0.001229 0.006146	
2 24 5 2.510000	0.046622 0.004262	0.997824 0.000397	0.091434 0.009444	0.005244 0.009985	0.000383 0.001914	0.000395 0.001976	0.003311 0.006598	0.000000 0.000000	0.000288 0.001441	0.000000 0.000000	0.000144 0.000722	
2 24 5 2.520000	0.045528 0.008074	0.997920 0.000738	0.088402 0.009909	0.010273 0.009505	0.001528 0.007638	0.001649 0.007033	0.002391 0.008924	0.000752 0.002782	0.001551 0.007757	0.002355 0.007092	0.000230 0.001152	
2 24 5 2.530000	0.047301 0.003049	0.997762 0.000288	0.085458 0.005612	0.006953 0.009971	0.000685 0.002043	0.001024 0.005120	0.001871 0.008492	0.001303 0.003673	0.001107 0.005536	0.004164 0.009614	0.001828 0.008400	
2 24 5 2.540000	0.045442 0.002674	0.997934 0.000243	0.088492 0.009373	0.005248 0.008939	0.000000 0.000000	0.002402 0.007953	0.000825 0.004127	0.000000 0.000000	0.001656 0.003890	0.001183 0.005913	0.000200 0.000998	
2 24 5 2.550000	0.044836 0.004026	0.997987 0.000360	0.083172 0.009364	0.010256 0.009145	0.000200 0.000998	0.000572 0.002153	0.000053 0.000263	0.000000 0.000000	0.000000 0.000000	0.000000 0.000000	0.000219 0.000650	
2 24 5 2.560000	0.044055 0.006202	0.998054 0.000557	0.087183 0.009571	0.009143 0.009810	0.000589 0.002947	0.000408 0.001368	0.000000 0.000000	0.001309 0.005537	0.000000 0.000000	0.000267 0.001337	0.000180 0.000902	
2 24 5 2.570000	0.044230 0.004461	0.998040 0.000395	0.084591 0.009933	0.005585 0.003165	0.000879 0.002316	0.000000 0.000000	0.001326 0.002767	0.000579 0.002896	0.000730 0.001912	0.000000 0.000000	0.000000 0.000000	
2 24 5 2.580000	0.043601 0.004917	0.998096 0.000432	0.090141 0.009569	0.008508 0.008633	0.001095 0.005477	0.000230 0.001151	0.000825 0.004123	0.000000 0.000000	0.000000 0.000000	0.000000 0.000000	0.000204 0.001019	
2 24 5 2.590000	0.043729 0.008662	0.998076 0.000736	0.084759 0.009892	0.002023 0.006233	0.002459 0.006638	0.000000 0.000000	0.002293 0.009052	0.000556 0.001676	0.000448 0.002241	0.000000 0.000000	0.002835 0.003584	
2 24 5 2.600000	0.044709 0.003432	0.997999 0.000305	0.085654 0.006204	0.002017 0.005694	0.000997 0.004985	0.000363 0.001814	0.001955 0.009775	0.003225 0.007145	0.002093 0.008328	0.002103 0.005012	0.000503 0.002513	
2 24 5 2.610000	0.045619 0.005865	0.997915 0.000527	0.085718 0.005966	0.004216 0.009820	0.000000 0.000000	0.000398 0.001988	0.000379 0.001895	0.000000 0.000000	0.000000 0.000000	0.000012 0.000059	0.000917 0.004584	
2 24 5 2.620000	0.045108 0.007114	0.997957 0.000640	0.086372 0.009966	0.006425 0.006006	0.000026 0.000152	0.000400 0.001625	0.000519 0.002594	0.000000 0.000000	0.000665 0.003325	0.000992 0.004473	0.000000 0.000000	
2 24 5 2.630000	0.045412 0.007137	0.997931 0.000644	0.085333 0.009256	0.007136 0.007532	0.002549 0.006658	0.000851 0.002312	0.000859 0.004296	0.001121 0.005603	0.000000 0.000000	0.001488 0.006779	0.000447 0.002233	
2 24 5 2.640000	0.044182 0.009803	0.998033 0.000874	0.080544 0.006500	0.004850 0.003963	0.002189 0.004365	0.001858 0.009288	0.001319 0.004677	0.001780 0.003583	0.000000 0.000000	0.002824 0.008000	0.000427 0.002137	
2 24 5 2.650000	0.043674 0.009793	0.998079 0.000879	0.083352 0.005754	0.006739 0.007504	0.000263 0.001313	0.000696 0.002039	0.001193 0.005963	0.000054 0.000268	0.000000 0.000000	0.001027 0.003986	0.000614 0.001428	
2 24 5 2.660000	0.045475 0.005165	0.997929 0.000462	0.084040 0.009695	0.005563 0.002582	0.000000 0.000000	0.000741 0.003142	0.001711 0.006111	0.002606 0.006437	0.001427 0.005542	0.000036 0.000181	0.000406 0.001822	
2 24 5 2.670000	0.042663 0.006731	0.998174 0.000584	0.084741 0.009911	0.003695 0.008943	0.000330 0.001651	-0.000178 0.000892	0.001121 0.005607	0.000483 0.002413	0.000000 0.000000	0.002191 0.005712	0.001468 0.005123	
2 24 5 2.680000	0.045548 0.005722	0.997920 0.000514	0.081629 0.009112	0.007376 0.003077	0.001367 0.005357	0.000000 0.000000	0.000958 0.003228	0.001918 0.009592	0.000000 0.000000	0.003157 0.007563	0.000336 0.001045	
2 24 5 2.690000	0.044382 0.005272	0.998027 0.000479	0.078850 0.005767	0.004628 0.008834	0.000488 0.002440	0.000000 0.000000	0.000291 0.001457	0.001060 0.005302	0.001876 0.006557	0.000924 0.003734	0.000000 0.000000	
2 24 5 2.700000	0.043329 0.006228	0.998117 0.000543	0.079631 0.009967	0.002542 0.007394	0.000681 0.002706	0.001268 0.004117	0.002207 0.004491	0.001464 0.007321	0.000208 0.001040	0.000568 0.002840	0.000671 0.003252	
2 24 5 2.710000	0.043959 0.005725	0.998063 0.000500	0.081158 0.008768	0.005526 0.009865	0.000279 0.001393	0.001662 0.005032	0.000121 0.000604	0.002393 0.007627	0.001513 0.003652	0.001713 0.008564	0.000902 0.004509	
2 24 5 2.720000	0.044427 0.006514	0.998020 0.000581	0.084910 0.009378	0.005075 0.006037	0.000560 0.002799	0.000431 0.002157	0.002086 0.005825	0.001270 0.005432	0.002458 0.007466	0.001899 0.004753	0.000655 0.003274	
2 24 5 2.730000	0.043202 0.004323	0.998131 0.000371	0.081541 0.009470	0.003939 0.009943	0.000519 0.002595	0.000000 0.000000	0.000609 0.003044	0.000767 0.003833	0.000000 0.000000	0.000323 0.001613	0.000000 0.000000	
2 24 5 2.740000	0.044277 0.009924	0.998028 0.000907	0.076287 0.009948	0.003020 0.005237	0.000000 0.000000	0.000268 0.001342	0.000668 0.001141	0.000389 0.001946	0.000000 0.000000	0.001540 0.006778	0.000153 0.000767	
2 24 5 2.750000	0.045286 0.004738	0.997946 0.000430	0.079329 0.009982	0.005534 0.003743	0.001120 0.003347	0.000000 0.000000	0.000325 0.001047	0.000308 0.001428	0.000000 0.000000	0.000086 0.000430	0.000224 0.001122	
2 24 5 2.760000	0.044360 0.009376	0.998019 0.000831	0.085732 0.008595	0.008538 0.007935	0.000980 0.004898	0.000708 0.003538	0.000000 0.000000	0.000000 0.000000	0.000104 0.000522	0.003082 0.007626	0.000000 0.000000	
2 24 5 2.770000	0.043066 0.005044	0.998142 0.000436	0.079686 0.008904	0.006627 0.009644	0.001477 0.005888	0.001491 0.007453	-0.000052 0.000259	0.000586 0.002928	0.003098 0.005282	0.000048 0.000238	0.000000 0.000000	
2 24 5 2.780000	0.044826 0.004054	0.997988 0.000364	0.080547 0.008409	0.004366 0.007531	0.000369 0.001844	0.000000 0.000000	0.003240 0.009664	0.000000 0.000000	0.001134 0.003850	0.000228 0.001141	0.000598 0.003015	
2 24 5 2.790000	0.045607 0.004879	0.997916 0.000448	0.080570 0.008849	0.003455 0.007225	0.002737 0.007630	0.002088 0.009879	0.000902 0.004509	0.001708 0.003689	0.001558 0.007790	0.000000 0.000000	0.001217 0.006087	
2 24 5 2.800000	0.044550 0.005047	0.998012 0.000444	0.076157 0.008061	0.003562 0.006974	0.000475 0.002377	0.000493 0.001469	0.001359 0.006795	0.000115 0.000575	0.001684 0.008420	0.003222 0.009906	0.000560 0.002800	
2 24 5 2.810000	0.045147 0.004814	0.997958 0.000426	0.079452 0.005961	0.006560 0.009698	0.001339 0.006696	0.000422 0.002112	0.000811 0.004057	0.000000 0.000000	0.000284 0.001419	0.001294 0.004160	0.000000 0.000000	
2 24 5 2.820000	0.042922 0.005475	0.998154 0.000476	0.079751 0.009432	0.002866 0.007174	0.002524 0.007788	0.000000 0.000000	0.000244 0.001221	0.000064 0.000320	0.001195 0.005977	0.000857 0.003638	0.000738 0.003081	
2 24 5 2.830000	0.046353 0.007139	0.997846 0.000674	0.077495 0.009816	0.003651 0.009868	0.000654 0.003268	0.002239 0.007115	0.002606 0.009301	0.000121 0.000604	0.000826 0.004130	0.000508 0.002249	0.001334 0.006668	
2 24 5 2.840000	0.045036 0.007111	0.997967 0.000645	0.079357 0.008887	0.002874 0.009777	0.000108 0.000538	0.000952 0.004760	0.001054 0.002415	0.001069 0.002663	0.001387 0.006937	0.001621 0.004072	0.000000 0.000000	
2 24 5 2.850000	0.043985 0.005256	0.998062 0.000464	0.077535 0.008152	0.006841 0.008577	0.001632 0.005087	0.000150 0.000752	0.001514 0.003885	0.001701 0.004538	0.000447 0.002235	0.000621 0.003104	0.000000 0.000000	
2 24 5 2.860000	0.045346 0.009807	0.997930 0.000896	0.077575 0.009942	0.004071 0.005034	0.001000 0.002722	0.001152 0.002972	0.003063 0.006420	0.001891 0.006845	0.000891 0.001831	0.000950 0.002598	0.000664 0.001918	
2 24 5 2.870000	0.043937 0.005762	0.998066 0.000505	0.073778 0.009321	0.004470 0.007566	0.001894 0.006200	0.000257 0.001283	0.000525 0.002536	0.000745 0.003564	0.000232 0.001161	0.001817 0.005403	0.000511 0.001463	
2 24 5 2.880000	0.043255 0.005235	0.998126 0.000449	0.078988 0.009975	0.004021 0.008241	0.001100 0.004801	0.000921 0.004604	0.001923 0.005391	0.000360 0.001101	0.000000 0.000000	0.000473 0.002364	0.000278 0.000798	
2 24 5 2.890000	0.043975 0.008352	0.998058 0.000733	0.077029 0.009751	0.003184 0.006656	0.000037 0.000184	0.000655 0.003050	0.000146 0.000381	0.000849 0.004243	0.000205 0.001023	0.001654 0.008271	0.000000 0.000000	
2 24 5 2.900000	0.043331 0.009022	0.998113 0.000761	0.070575 0.009447	0.001351 0.006141	0.003046 0.007829	0.000000 0.000000	0.000000 0.000000	0.000000 0.000000	0.001751 0.008753	0.001146 0.002868	0.001813 0.009066	
2 24 5 2.910000	0.043256 0.003390	0.998127 0.000292	0.074007 0.009285	0.003638 0.008316	0.001935 0.004253	0.000000 0.000000	0.000000 0.000000	0.000000 0.000000	0.000672 0.003360	0.002768 0.005731	0.000535 0.002677	
2 24 5 2.920000	0.045167 0.004866	0.997957 0.000444	0.071878 0.009791	0.005243 0.001735	0.000848 0.003746	0.001970 0.005995	0.000258 0.001288	0.001007 0.005037	0.000000 0.000000	0.000000 0.000000	0.000000 0.000000	
2 24 5 2.930000	0.044182 0.004616	0.998045 0.000404	0.073244 0.006345	0.005261 0.009675	0.001016 0.005081	0.001749 0.006286	0.000000 0.000000	0.000000 0.000000	0.000641 0.002002	0.000449 0.002246	0.000915 0.004574	
2 24 5 2.940000	0.043453 0.005137	0.998108 0.000453	0.074800 0.009574	0.004704 0.007638	0.002384 0.006403	0.002347 0.006720	0.000341 0.001704	0.000000 0.000000	0.001013 0.004560	0.001365 0.006780	0.000000 0.000000	
2 24 5 2.950000	0.045351 0.009621	0.997931 0.000896	0.073452 0.005301	0.004398 0.008454	0.002769 0.008345	0.001464 0.005864	0.001465 0.005939	0.000153 0.000765	0.001971 0.008391	0.000124 0.000621	0.000437 0.001887	
2 24 5 2.960000	0.043304 0.005096	0.998122 0.000440	0.070410 0.009085	0.003973 0.009581	0.000801 0.004004	0.000387 0.001937	0.000874 0.004370	0.000162 0.000811	0.002546 0.007761	0.000893 0.004465	0.000334 0.001668	
2 24 5 2.970000	0.043436 0.004739	0.998110 0.000422	0.078320 0.009838	0.005551 0.008985	0.000327 0.001637	0.000000 0.000000	0.000460 0.002302	0.001123 0.005613	0.000000 0.000000	0.000806 0.004028	0.000201 0.001006	
2 24 5 2.980000	0.044788 0.004432	0.997991 0.000394	0.071897 0.009584	0.003282 0.007584	0.001915 0.006482	0.000000 0.000000	0.002067 0.005780	0.000000 0.000000	0.001568 0.007571	0.003146 0.009972	0.000346 0.001732	
2 24 5 2.990000	0.043144 0.005699	0.998135 0.000488	0.067851 0.009691	0.005051 0.005524	0.001391 0.006953	0.000631 0.001873	0.002762 0.008354	0.000000 0.000000	0.000441 0.001208	0.000000 0.000000	0.000000 0.000000	
2 24 5 3.000000	0.043252 0.006329	0.998121 0.000550	0.070850 0.007821	0.007222 0.009880	0.001968 0.004718	0.001457 0.006144	0.003182 0.006198	0.000000 0.000000	0.002197 0.009196	0.001400 0.004322	0.000000 0.000000	
2 24 5 3.010000	0.043182 0.002250	0.998135 0.000195	0.069357 0.008589	0.005849 0.007433	0.003066 0.009908	0.000000 0.000000	0.000389 0.001946	0.000000 0.000000	0.000850 0.002174	0.000383 0.001914	0.003048 0.007904	
2 24 5 3.020000	0.044122 0.005976	0.998047 0.000522	0.072467 0.009398	0.005770 0.006473	0.000303 0.001513	0.001184 0.005918	0.000650 0.003251	0.000532 0.002660	0.000569 0.002843	0.002775 0.009964	0.002575 0.008769	
2 24 5 3.030000	0.040337 0.007398	0.998367 0.000588	0.074177 0.008388	0.005571 0.008759	0.000675 0.003374	0.001862 0.004789	0.002795 0.007647	0.000321 0.001604	0.001343 0.005708	0.000000 0.000000	0.000427 0.002136	
2 24 5 3.040000	0.042997 0.007136	0.998144 0.000629	0.076330 0.003653	0.007337 0.009265	0.002286 0.005927	0.001790 0.004449	0.000040 0.000200	0.000000 0.000000	0.001026 0.005130	0.001434 0.007171	0.000454 0.001238	
2 24 5 3.050000	0.042980 0.004281	0.998150 0.000374	0.074012 0.009944	0.006385 0.005966	0.001274 0.004234	0.000422 0.002109	0.003310 0.009743	0.000087 0.000436	0.000851 0.002894	0.001980 0.006758	0.001077 0.002759	
2 24 5 3.060000	0.042719 0.007404	0.998168 0.000626	0.074885 0.009728	0.004542 0.009320	0.002341 0.008587	0.000533 0.002665	0.000724 0.002918	0.000116 0.000582	0.001366 0.006042	0.000895 0.004477	0.000293 0.001280	
2 24 5 3.070000	0.044308 0.005728	0.998032 0.000515	0.071161 0.006468	0.001789 0.008943	0.002258 0.009502	0.002541 0.005539	0.001751 0.005396	0.000049 0.000244	0.000000 0.000000	0.000481 0.002407	0.000612 0.003058	
2 24 5 3.080000	0.045867 0.004790	0.997893 0.000445	0.074028 0.009422	0.004858 0.005184	0.000000 0.000000	0.000000 0.000000	0.001690 0.006743	0.000223 0.001116	0.000774 0.002428	0.000807 0.004033	0.000334 0.001669	
2 24 5 3.090000	0.046807 0.006766	0.997802 0.000639	0.070916 0.008937	0.002195 0.006444	0.000170 0.000849	0.003991 0.007735	0.004381 0.008584	-0.000026 0.000132	0.003238 0.008749	0.001506 0.006306	0.001671 0.008355	
2 24 5 3.100000	0.041860 0.008642	0.998237 0.000730	0.069924 0.008705	0.005865 0.009048	0.000173 0.000865	0.000000 0.000000	0.001690 0.007226	0.002380 0.005693	0.002054 0.007392	0.001317 0.006584	0.000480 0.002399	
2 24 5 3.110000	0.045057 0.008905	0.997961 0.000780	0.066112 0.009561	0.001567 0.007836	0.001787 0.008936	0.002616 0.009328	0.001415 0.007073	0.000138 0.000692	0.001675 0.008373	0.000986 0.002655	0.001349 0.003748	
2 24 5 3.120000	0.041154 0.005261	0.998303 0.000429	0.069591 0.009585	0.002115 0.004887	0.000484 0.002422	0.001158 0.003112	0.000076 0.000382	0.000000 0.000000	0.001295 0.006476	0.000294 0.001469	0.000081 0.000406	
2 24 5 3.130000	0.041612 0.006750	0.998263 0.000559	0.069621 0.009698	0.003074 0.007220	0.001767 0.008836	0.000661 0.002674	0.001605 0.008026	0.000000 0.000000	0.000492 0.002459	0.000000 0.000000	0.000000 0.000000	
2 24 5 3.140000	0.041578 0.006361	0.998265 0.000509	0.068524 0.009926	0.002924 0.006266	0.002160 0.005407	0.000000 0.000000	0.000335 0.001675	0.001081 0.005182	0.001132 0.004311	0.001509 0.004901	0.000076 0.000379	
2 24 5 3.150000	0.043200 0.009293	0.998123 0.000796	0.066857 0.009185	0.003540 0.007850	0.000152 0.000758	0.000548 0.002739	0.000761 0.003153	0.004158 0.009065	0.000684 0.003419	0.000000 0.000000	0.000395 0.002761	
2 24 5 3.160000	0.041286 0.007397	0.998288 0.000610	0.066972 0.006627	0.004244 0.009691	0.000616 0.003082	0.000388 0.001292	0.001132 0.003650	0.001560 0.004239	0.000000 0.000000	0.000642 0.003212	0.001197 0.005203	
2 24 5 3.170000	0.044524 0.009404	0.998005 0.000866	0.067509 0.009267	0.002653 0.009984	0.002029 0.009089	0.000215 0.001076	0.000428 0.002141	0.000252 0.001262	0.001547 0.006569	0.000441 0.002203	-0.000196 0.000539	
2 24 5 3.180000	0.042603 0.004123	0.998183 0.000355	0.068091 0.009671	0.002319 0.008509	0.001149 0.003743	0.000000 0.000000	0.000128 0.000640	0.000000 0.000000	0.002278 0.005848	0.000141 0.000681	0.001692 0.006796	
2 24 5 3.190000	0.044737 0.009397	0.997989 0.000836	0.066010 0.003310	0.004834 0.007721	0.000285 0.001425	0.002894 0.009798	0.001252 0.003939	0.000257 0.001285	0.000000 0.000000	0.002125 0.004310	0.000021 0.000105	
2 24 5 3.200000	0.043811 0.009955	0.998068 0.000890	0.070207 0.006966	0.003422 0.008503	0.001089 0.003200	0.000000 0.000000	0.000238 0.001190	0.000000 0.000000	0.002838 0.008127	0.001461 0.004061	0.000000 0.000000	
2 24 5 3.210000	0.042123 0.002285	0.998225 0.000195	0.064243 0.009078	0.004793 0.009476	0.000000 0.000000	0.000495 0.002477	0.004121 0.007410	0.001557 0.007198	0.000000 0.000000	0.000000 0.000000	0.000000 0.000000	
2 24 5 3.220000	0.043286 0.008474	0.998117 0.000740	0.069559 0.005081	0.003183 0.009838	0.000654 0.001862	0.000000 0.000000	0.000000 0.000000	0.000857 0.002633	0.001064 0.003502	0.001466 0.007332	0.000571 0.001707	
2 24 5 3.230000	0.043943 0.004670	0.998067 0.000413	0.067891 0.009990	0.002586 0.005835	0.000203 0.001014	0.001015 0.002679	0.000179 0.000894	0.000000 0.000000	0.000300 0.001502	0.001443 0.005113	-0.000044 0.000218	
2 24 5 3.240000	0.040962 0.004492	0.998320 0.000369	0.067087 0.009947	0.004268 0.008390	0.001686 0.005782	0.001927 0.006708	0.000956 0.003031	0.000000 0.000000	0.000854 0.004271	0.000164 0.000819	0.000143 0.000717	
2 24 5 3.250000	0.042353 0.007220	0.998201 0.000611	0.067053 0.009016	0.000383 0.001628	0.000898 0.004490	0.000000 0.000000	0.002705 0.008247	0.000000 0.000000	0.000000 0.000000	0.001320 0.006598	0.001729 0.008644	
2 24 5 3.260000	0.041397 0.002221	0.998286 0.000184	0.066948 0.009871	0.003330 0.003692	0.000986 0.004116	0.000594 0.002970	0.000617 0.003087	0.000489 0.002306	0.000722 0.001992	0.000276 0.001381	0.000000 0.000000	
2 24 5 3.270000	0.043588 0.003182	0.998099 0.000280	0.066055 0.009861	0.003429 0.009098	0.001730 0.003308	0.000336 0.001681	0.000000 0.000000	0.000000 0.000000	0.002192 0.006515	0.000666 0.003331	0.001010 0.004228	
2 24 5 3.280000	0.043782 0.005398	0.998080 0.000469	0.070806 0.009561	0.002871 0.009205	0.000431 0.002156	0.000278 0.001390	0.000729 0.002601	0.001838 0.005539	0.000361 0.001638	0.001071 0.004900	0.000000 0.000000	
2 24 5 3.290000	0.039844 0.003722	0.998410 0.000304	0.064884 0.004187	0.001189 0.004320	0.000000 0.000000	0.001517 0.007264	0.000719 0.003595	0.000397 0.001227	0.001451 0.007256	0.003015 0.009869	0.000000 0.000000	
2 24 5 3.300000	0.044543 0.004921	0.998012 0.000432	0.063685 0.008839	0.004575 0.004039	0.000339 0.001694	0.000980 0.004902	0.001120 0.003977	0.000000 0.000000	0.001977 0.009887	0.002002 0.009623	0.000000 0.000000	
2 24 5 3.310000	0.043521 0.006261	0.998101 0.000546	0.063583 0.009448	0.002899 0.007176	0.000000 0.000000	0.000729 0.003643	0.000000 0.000000	0.000404 0.002021	0.000192 0.000961	0.001449 0.003564	0.001744 0.008718	
2 24 5 3.320000	0.043238 0.003909	0.998128 0.000338	0.067328 0.005405	0.001219 0.003139	0.001109 0.003582	0.004897 0.009213	0.001587 0.005199	0.002502 0.009178	0.001371 0.005251	0.000442 0.001118	0.001358 0.006788	
2 24 5 3.330000	0.044049 0.004428	0.998057 0.000391	0.064411 0.009983	0.002869 0.005456	-0.000049 0.000244	0.000000 0.000000	0.000277 0.001387	0.000464 0.002320	0.000000 0.000000	0.000000 0.000000	0.001082 0.003462	
2 24 5 3.340000	0.042251 0.007631	0.998206 0.000648	0.065465 0.009029	0.005727 0.009906	0.000000 0.000000	0.001246 0.006232	0.000609 0.003047	0.000000 0.000000	0.001914 0.009568	0.002721 0.007881	0.000000 0.000000	
2 24 5 3.350000	0.043621 0.007746	0.998091 0.000673	0.065334 0.009511	0.003601 0.008367	0.001087 0.005436	0.000000 0.000000	0.001711 0.004849	0.000484 0.002158	0.001048 0.003373	0.000353 0.001707	0.003852 0.009938	
2 24 5 3.360000	0.042207 0.006753	0.998213 0.000551	0.062393 0.005520	0.003344 0.009969	0.000463 0.001917	0.001300 0.003900	0.001534 0.007473	0.000406 0.002032	0.000996 0.004209	0.000562 0.002808	0.003623 0.009507	
2 24 5 3.370000	0.040806 0.006352	0.998328 0.000520	0.062481 0.008373	0.003677 0.009640	0.002638 0.006149	0.003855 0.007160	0.000984 0.004922	0.002461 0.007556	0.000758 0.002863	0.001319 0.006281	0.002581 0.009326	
2 24 5 3.380000	0.044243 0.004196	0.998041 0.000369	0.060400 0.009777	0.004142 0.008843	0.000182 0.000915	0.001952 0.005016	0.000837 0.004184	0.000000 0.000000	0.000813 0.002782	0.000000 0.000000	0.001760 0.005821	
2 24 5 3.390000	0.044920 0.009772	0.997969 0.000838	0.061159 0.008529	0.003044 0.007717	0.000220 0.000882	0.000169 0.000846	0.002202 0.005347	0.001315 0.002808	0.000000 0.000000	0.000971 0.004857	0.000730 0.003650	
2 24 5 3.400000	0.042357 0.009962	0.998192 0.000871	0.065959 0.008497	0.000871 0.004356	0.000772 0.002433	0.001518 0.007591	0.000000 0.000000	0.000138 0.000688	0.000000 0.000000	0.001261 0.006303	0.000578 0.002892	
2 24 5 3.410000	0.041161 0.003303	0.998304 0.000271	0.056815 0.007079	0.009010 0.007864	0.001383 0.006914	0.001331 0.006155	0.000000 0.000000	0.000976 0.004878	0.001207 0.006036	0.000000 0.000000	0.001291 0.003639	
2 24 5 3.420000	0.042591 0.006954	0.998179 0.000599	0.062820 0.009804	0.002182 0.006889	0.000000 0.000000	0.001662 0.004232	0.000000 0.000000	0.000621 0.003104	0.000000 0.000000	0.001396 0.006978	0.000760 0.003798	
2 24 5 3.430000	0.043114 0.008245	0.998132 0.000701	0.062572 0.008711	0.001911 0.007668	0.001605 0.004886	0.000965 0.002772	0.000433 0.002163	0.001551 0.007753	0.002465 0.009889	0.000000 0.000000	0.000089 0.000446	
2 24 5 3.440000	0.041360 0.006923	0.998282 0.000576	0.064523 0.004709	0.004083 0.007828	0.003481 0.006789	0.001425 0.004472	0.000000 0.000000	0.000000 0.000000	0.002442 0.009568	0.000175 0.000876	0.000000 0.000000	
2 24 5 3.450000	0.042265 0.004794	0.998211 0.000401	0.061684 0.008797	0.003070 0.009443	0.000413 0.002063	0.000920 0.004598	0.000230 0.001151	0.001041 0.005203	0.000920 0.004314	0.000475 0.001158	0.001277 0.005694	
2 24 5 3.460000	0.041313 0.008038	0.998285 0.000667	0.064431 0.006772	0.002894 0.005664	0.000000 0.000000	0.000258 0.001291	0.000882 0.004412	0.000869 0.002254	-0.000035 0.000176	0.002649 0.008175	0.001438 0.004900	
2 24 5 3.470000	0.042754 0.006218	0.998167 0.000530	0.063597 0.002318	0.001670 0.003939	0.003443 0.009768	0.002661 0.008942	0.001999 0.008933	0.000290 0.001448	0.001136 0.004828	0.000593 0.002966	0.000623 0.003115	
2 24 5 3.480000	0.042326 0.005111	0.998206 0.000438	0.059350 0.009833	0.001181 0.003460	0.000000 0.000000	0.000351 0.001262	0.000828 0.004142	0.001430 0.003789	0.001197 0.006222	0.000905 0.002331	0.000000 0.000000	
2 24 5 3.490000	0.040200 0.007367	0.998376 0.000592	0.062488 0.008732	0.002459 0.005235	0.003761 0.009224	0.000417 0.001936	0.000000 0.000000	0.001952 0.009761	0.000069 0.000345	0.000000 0.000000	0.000830 0.003616	
2 24 5 3.500000	0.041892 0.003987	0.998242 0.000336	0.058773 0.009685	0.001352 0.004433	0.000289 0.001444	0.000999 0.003280	0.000889 0.004446	0.000495 0.001534	0.002250 0.008604	0.000025 0.000123	0.000116 0.000887	
2 24 5 3.510000	0.043138 0.003606	0.998138 0.000308	0.056229 0.007886	0.004261 0.007672	0.000132 0.000662	0.002406 0.006947	0.002709 0.008431	0.001089 0.002319	0.001896 0.009479	0.000000 0.000000	0.001135 0.005673	
2 24 5 3.520000	0.041226 0.009794	0.998287 0.000854	0.061010 0.008001	0.000877 0.003689	0.000555 0.002775	0.000000 0.000000	0.000437 0.002185	0.000732 0.002883	0.000528 0.002638	0.001731 0.006014	0.000601 0.002414	
2 24 5 3.530000	0.040054 0.004335	0.998394 0.000345	0.061649 0.009310	0.002963 0.008275	0.002331 0.009672	0.001165 0.005827	0.001345 0.005777	0.001158 0.003416	0.000261 0.001305	0.000755 0.004579	0.001217 0.005480	
2 24 5 3.540000	0.040895 0.004482	0.998325 0.000360	0.058190 0.007534	0.002002 0.009321	0.002264 0.005753	0.000894 0.004469	0.001131 0.005657	0.001927 0.009634	0.000462 0.001956	0.000572 0.002143	0.000915 0.002745	
2 24 5 3.550000	0.040801 0.009001	0.998325 0.000763	0.059137 0.009244	0.001894 0.009469	0.001434 0.004275	0.001014 0.003007	0.000641 0.003204	0.000000 0.000000	0.002873 0.005505	0.001751 0.003518	0.001636 0.005688	
2 24 5 3.560000	0.041974 0.003659	0.998236 0.000305	0.062357 0.009798	0.003343 0.007786	0.001259 0.003272	0.002363 0.008178	0.001715 0.005179	0.000103 0.000517	0.000000 0.000000	0.001395 0.006977	0.000968 0.004728	
2 24 5 3.570000	0.040708 0.007401	0.998337 0.000609	0.059900 0.009506	0.003547 0.008343	0.001070 0.003825	0.000000 0.000000	0.000045 0.000226	0.001571 0.005684	0.003170 0.008750	0.000000 0.000000	0.001002 0.003682	
2 24 5 3.580000	0.040807 0.008843	0.998325 0.000741	0.062498 0.006277	0.002369 0.005693	0.000488 0.002441	0.000879 0.004396	0.005145 0.009531	0.002834 0.007478	0.001042 0.004596	0.000874 0.004368	0.002182 0.008454	
2 24 5 3.590000	0.041178 0.007701	0.998297 0.000624	0.058018 0.009607	0.002786 0.009100	0.000857 0.004284	0.000615 0.003077	0.000904 0.004307	0.000628 0.003140	0.000000 0.000000	0.001096 0.004578	0.001027 0.003922	
2 24 5 3.600000	0.042323 0.004596	0.998206 0.000387	0.058467 0.009835	0.002079 0.007479	0.000939 0.002662	0.000942 0.002205	0.000464 0.001826	0.000000 0.000000	0.000000 0.000000	0.000000 0.000000	0.001268 0.002947	
2 24 5 3.610000	0.043411 0.009494	0.998102 0.000787	0.058725 0.005843	0.006341 0.009326	0.000831 0.004585	0.001743 0.004864	0.002480 0.006381	0.001512 0.004457	0.002544 0.009791	0.000337 0.001684	0.000607 0.002691	
2 24 5 3.620000	0.041956 0.005008	0.998237 0.000423	0.056358 0.008736	0.001436 0.003595	0.000571 0.003638	0.000371 0.001854	0.000000 0.000000	0.000000 0.000000	0.000978 0.004891	0.000495 0.002475	0.000000 0.000000	
2 24 5 3.630000	0.044392 0.008439	0.998021 0.000764	0.061857 0.009864	0.003500 0.008289	0.000462 0.002310	0.001378 0.005598	0.002719 0.006532	0.002012 0.007609	0.002755 0.009045	0.002507 0.005747	0.001881 0.009406	
2 24 5 3.640000	0.041975 0.007320	0.998232 0.000615	0.057311 0.009714	0.001961 0.005228	0.001797 0.008594	0.003633 0.006812	0.001421 0.007103	0.001540 0.004199	0.000883 0.004414	0.000000 0.000000	0.000315 0.001573	
2 24 5 3.650000	0.040571 0.008240	0.998345 0.000657	0.059718 0.009631	0.000853 0.002894	0.001592 0.007960	0.000588 0.002941	0.000000 0.000000	0.000000 0.000000	0.000000 0.000000	0.000391 0.001113	0.000467 0.002335	
2 24 5 3.660000	0.042755 0.009696	0.998159 0.000857	0.057120 0.007983	0.001704 0.007808	0.002655 0.009035	0.001155 0.005114	0.000000 0.000000	0.001188 0.005546	0.000183 0.000582	0.002043 0.008917	0.001142 0.004687	
2 24 5 3.670000	0.042716 0.002167	0.998175 0.000187	0.058120 0.008072	0.002968 0.008172	0.000904 0.004518	0.001975 0.005020	0.001188 0.005941	0.002747 0.009062	0.001734 0.004522	0.001471 0.006098	0.000000 0.000000	
2 24 5 3.680000	0.042319 0.008459	0.998199 0.000745	0.057436 0.009995	0.001658 0.008288	0.000000 0.000000	0.000773 0.003866	0.000000 0.000000	0.002184 0.008085	0.002315 0.008613	0.001159 0.003942	0.001875 0.008275	
2 24 5 3.690000	0.043363 0.008508	0.998109 0.000746	0.058602 0.008150	0.001989 0.008998	0.000303 0.001517	0.001894 0.009468	0.001445 0.005240	0.000000 0.000000	0.000874 0.003293	0.000000 0.000000	0.000418 0.002089	
2 24 5 3.700000	0.043590 0.007796	0.998091 0.000676	0.059331 0.009238	0.000793 0.002104	0.000124 0.000620	0.000263 0.001317	0.000000 0.000000	0.001935 0.009674	0.003904 0.008103	0.000000 0.000000	0.001224 0.004772	
2 24 5 3.710000	0.039417 0.005905	0.998442 0.000472	0.054810 0.008989	0.003827 0.008064	-0.000159 0.000795	0.001513 0.007567	0.000453 0.002266	0.004021 0.009910	0.001342 0.006077	0.000000 0.000000	0.001275 0.006375	
2 24 5 3.720000	0.041789 0.006389	0.998249 0.000533	0.057042 0.009200	0.002076 0.006467	0.001600 0.007542	0.001714 0.007682	0.000132 0.000660	0.003699 0.007982	0.000000 0.000000	0.000714 0.003233	0.002257 0.006620	
2 24 5 3.730000	0.040176 0.003843	0.998384 0.000308	0.059327 0.006385	0.001527 0.004027	0.000097 0.000484	0.001925 0.006380	0.001259 0.006293	0.001537 0.007683	0.001904 0.009522	0.001296 0.006478	0.002401 0.009800	
2 24 5 3.740000	0.040777 0.003739	0.998335 0.000302	0.062133 0.009501	0.002252 0.008817	0.000634 0.003169	0.000136 0.000680	0.001835 0.006226	0.000000 0.000000	0.000678 0.003390	0.000063 0.000316	0.002674 0.007233	
2 24 5 3.750000	0.042560 0.003263	0.998187 0.000275	0.057766 0.009610	0.000693 0.001560	0.002001 0.005793	0.001402 0.005559	0.000639 0.002094	0.000318 0.001980	0.001574 0.007871	0.002305 0.006528	0.001518 0.007588	
2 24 5 3.760000	0.041193 0.007551	0.998296 0.000613	0.058149 0.009450	0.004042 0.005748	0.000067 0.000336	0.002323 0.007859	0.001467 0.007335	0.000000 0.000000	0.001615 0.007780	0.000657 0.002503	0.003070 0.008541	
2 24 5 3.770000	0.041305 0.007108	0.998287 0.000596	0.052005 0.009222	0.002967 0.007461	0.000000 0.000000	0.002638 0.008240	0.000579 0.002894	0.000378 0.001119	0.000423 0.002115	0.000000 0.000000	0.002071 0.005826	
2 24 5 3.780000	0.042290 0.004871	0.998208 0.000405	0.057485 0.009861	0.003689 0.004716	0.000884 0.004419	0.001805 0.009024	0.000268 0.001342	0.000264 0.001319	0.000781 0.003907	0.000482 0.001721	0.000000 0.000000	
2 24 5 3.790000	0.038655 0.005997	0.998501 0.000457	0.059772 0.009018	0.001006 0.005028	0.001845 0.007776	0.000000 0.000000	0.001394 0.006971	0.002483 0.007488	0.000000 0.000000	0.000951 0.004496	0.000793 0.003965	
2 24 5 3.800000	0.041313 0.009198	0.998281 0.000773	0.057888 0.006871	0.000265 0.001327	0.002462 0.007567	0.001974 0.006899	0.000000 0.000000	0.001457 0.005264	-0.000239 0.001197	0.001541 0.007710	0.001244 0.003960	
2 24 5 3.810000	0.039504 0.006124	0.998435 0.000483	0.060280 0.009918	0.000521 0.001359	0.000893 0.004467	0.000331 0.001654	0.000000 0.000000	0.001739 0.007015	0.000889 0.002475	0.001034 0.005170	-0.000014 0.000068	
2 24 5 3.820000	0.041655 0.007147	0.998257 0.000611	0.054717 0.009405	0.005558 0.009575	0.000391 0.001953	0.000000 0.000000	0.000137 0.000685	0.001411 0.006042	0.000209 0.001047	0.002615 0.009949	0.000000 0.000000	
2 24 5 3.830000	0.042325 0.008369	0.998201 0.000708	0.056168 0.009457	0.003621 0.009103	0.001711 0.007004	0.002230 0.005492	0.001820 0.009102	0.001274 0.006372	0.000000 0.000000	0.002119 0.008468	0.000000 0.000000	
2 24 5 3.840000	0.042284 0.009489	0.998202 0.000797	0.051837 0.006300	0.002623 0.007682	0.001695 0.005771	0.000000 0.000000	0.002707 0.009360	0.000552 0.002762	0.002008 0.006852	0.000488 0.002440	0.003285 0.009235	
2 24 5 3.850000	0.039622 0.002399	0.998429 0.000190	0.054535 0.009455	0.001218 0.003120	0.000212 0.001059	0.000465 0.001391	0.000000 0.000000	0.000000 0.000000	0.002361 0.005986	0.000000 0.000000	0.001450 0.003715	
2 24 5 3.860000	0.041265 0.003186	0.998296 0.000263	0.052764 0.005434	0.003214 0.006532	0.002419 0.009769	0.000000 0.000000	0.000253 0.001266	0.000322 0.001610	0.001251 0.003461	0.000256 0.001281	0.001621 0.008105	
2 24 5 3.870000	0.043123 0.005579	0.998136 0.000468	0.057626 0.008564	0.004570 0.008748	0.002392 0.007316	0.000000 0.000000	0.000369 0.001474	0.000756 0.003778	0.001481 0.007407	0.002145 0.008961	0.001803 0.009015	
2 24 5 3.880000	0.041705 0.003130	0.998260 0.000261	0.053182 0.009593	0.002156 0.006286	0.001953 0.005825	0.000000 0.000000	0.000188 0.000940	0.000000 0.000000	0.000000 0.000000	0.000230 0.001150	0.000772 0.003862	
2 24 5 3.890000	0.039518 0.003540	0.998437 0.000281	0.056003 0.009988	0.004866 0.004040	0.000000 0.000000	0.000000 0.000000	0.000000 0.000000	0.001494 0.003609	0.001463 0.004623	0.001450 0.007252	0.001212 0.004290	
2 24 5 3.900000	0.040553 0.004500	0.998353 0.000371	0.049484 0.008908	0.002340 0.009909	0.000808 0.002490	0.000633 0.003166	0.001821 0.006044	0.001216 0.005374	0.001328 0.003642	0.000951 0.004753	0.000668 0.003341	
2 24 5 3.910000	0.041436 0.007418	0.998274 0.000603	0.050657 0.006038	0.003383 0.007363	0.003349 0.009623	0.004010 0.009216	0.002476 0.005248	0.000000 0.000000	0.001325 0.006856	0.000081 0.000403	0.001572 0.003895	
2 24 5 3.920000	0.042941 0.006339	0.998151 0.000559	0.055929 0.006814	0.002460 0.008979	0.000000 0.000000	0.000000 0.000000	0.000000 0.000000	0.004753 0.009545	0.003328 0.007933	0.001058 0.005288	0.000883 0.004417	
2 24 5 3.930000	0.039516 0.004979	0.998436 0.000395	0.054865 0.008964	0.001009 0.003859	0.001141 0.004021	0.002583 0.006924	0.002781 0.009502	0.000799 0.003995	0.000679 0.003393	0.001156 0.005779	0.001946 0.004260	
2 24 5 3.940000	0.043176 0.007764	0.998125 0.000669	0.056484 0.007869	0.001156 0.003984	0.000795 0.002745	0.000679 0.002981	0.002018 0.008066	0.002790 0.008803	0.001861 0.005231	0.003588 0.006910	0.001470 0.007349	
2 24 5 3.950000	0.039301 0.007275	0.998446 0.000574	0.054677 0.009524	0.001572 0.006282	0.001259 0.003446	0.001525 0.007625	0.001069 0.002720	0.000579 0.002893	0.001701 0.006377	0.000839 0.004196	0.001305 0.003780	
2 24 5 3.960000	0.041419 0.009653	0.998274 0.000789	0.057670 0.007510	0.004778 0.009553	0.004887 0.006332	0.001653 0.008265	0.002244 0.006047	0.001058 0.005288	0.001112 0.005562	0.001847 0.004687	0.000696 0.003479	
2 24 5 3.970000	0.041895 0.006495	0.998239 0.000557	0.050434 0.009798	0.002508 0.007713	0.001017 0.005084	0.001939 0.006619	0.000771 0.003204	0.000703 0.003513	0.000860 0.002101	0.000000 0.000000	0.000000 0.000000	
2 24 5 3.980000	0.040743 0.004716	0.998337 0.000393	0.050581 0.009781	-0.000005 0.000023	0.000461 0.002303	0.000899 0.004494	0.000395 0.001547	0.000000 0.000000	0.001586 0.004102	0.000084 0.000418	0.000000 0.000000	
2 24 5 3.990000	0.041590 0.002748	0.998269 0.000231	0.054852 0.009911	0.002851 0.008393	0.000255 0.001276	0.000283 0.001415	0.000525 0.002623	0.000000 0.000000	0.000292 0.001459	0.000000 0.000000	0.000000 0.000000	
2 24 5 4.000000	0.040187 0.008576	0.998373 0.000695	0.049753 0.009756	0.004101 0.007081	0.000491 0.001698	0.000000 0.000000	0.001771 0.004572	0.003268 0.007398	0.003127 0.009729	0.000167 0.001252	0.001930 0.008512	
