2 32 100 0.000000	0.996772 0.005002	0.006443 0.009972	0.001375 0.004910	0.000000 0.000000	0.000948 0.002183	0.000265 0.001327	0.001162 0.005245	0.000592 0.002960	0.000121 0.000605	0.001416 0.005091	0.000482 0.001234	
2 32 100 0.010000	0.996527 0.004998	0.006931 0.009960	0.002847 0.009988	0.000782 0.003911	0.000806 0.002053	0.000223 0.001113	0.000477 0.001332	0.000513 0.002564	0.000000 0.000000	0.002383 0.008522	0.000421 0.002105	
2 32 100 0.020000	0.996761 0.005017	0.006464 0.009994	0.002091 0.007975	0.001429 0.003597	0.001101 0.003843	0.000597 0.002984	0.000653 0.002223	0.000968 0.004839	0.001730 0.007668	0.001306 0.003553	0.002084 0.005500	
2 32 100 0.030000	0.997640 0.004956	0.004710 0.009876	0.001735 0.005172	0.000180 0.000901	0.000410 0.001499	0.000509 0.002100	0.000254 0.001272	0.000779 0.002583	0.000429 0.001515	0.000000 0.000000	0.002432 0.007311	
2 32 100 0.040000	0.998891 0.004971	0.002199 0.009919	0.001009 0.004753	0.000000 0.000000	0.001095 0.005186	0.000000 0.000000	0.000000 0.000000	0.000079 0.000397	0.000137 0.000527	0.000000 0.000000	0.000158 0.000788	
2 32 100 0.050000	0.997134 0.005009	0.005719 0.009977	0.001329 0.002414	0.000548 0.002742	0.000100 0.000498	0.000719 0.002097	0.000000 0.000000	0.000000 0.000000	0.000546 0.002732	0.000638 0.003189	0.001496 0.002724	
2 32 100 0.060000	0.995610 0.004978	0.008759 0.009908	0.003238 0.009936	0.001991 0.003579	0.001841 0.004113	0.000843 0.003160	0.000778 0.003891	0.000575 0.002877	0.000728 0.001958	0.000329 0.001646	0.000135 0.000677	
2 32 100 0.070000	0.988527 0.004351	0.022812 0.008599	0.007199 0.004556	0.003515 0.009830	0.002757 0.006103	0.001230 0.003746	0.003116 0.009407	0.003090 0.008707	0.001956 0.004918	0.003078 0.009131	0.004978 0.009437	
2 32 100 0.080000	0.997790 0.005014	0.004411 0.009998	0.001978 0.004087	0.000043 0.000217	0.000759 0.002751	0.000000 0.000000	0.000590 0.002950	0.000000 0.000000	0.000672 0.003360	0.001489 0.006322	0.001169 0.002794	
2 32 100 0.090000	0.998099 0.004985	0.003788 0.009975	0.001864 0.007386	0.000201 0.001007	0.000680 0.001919	0.001257 0.003944	0.000160 0.000801	0.000030 0.000149	0.000087 0.000436	0.001559 0.005885	0.001079 0.003164	
2 32 100 0.100000	0.996583 0.004798	0.006819 0.009564	0.002499 0.006729	0.001626 0.004409	0.001820 0.003982	0.001948 0.007306	0.000157 0.000787	0.001247 0.004261	0.000000 0.000000	0.000000 0.000000	0.000866 0.004328	
2 32 100 0.110000	0.993730 0.004772	0.012497 0.009484	0.001972 0.005150	0.001977 0.006321	0.004051 0.007799	0.000562 0.001877	0.000000 0.000000	0.002065 0.006976	0.000683 0.002168	0.001100 0.003914	0.000255 0.001277	
2 32 100 0.120000	0.995125 0.004985	0.009723 0.009922	0.000417 0.002086	0.002854 0.004271	0.000000 0.000000	0.002822 0.007961	0.000716 0.003116	0.000935 0.003222	0.000921 0.003615	0.000000 0.000000	0.000135 0.000673	
2 32 100 0.130000	0.996075 0.005010	0.007832 0.009982	0.000643 0.001363	0.000246 0.001230	0.002397 0.006817	0.000792 0.003962	0.001625 0.005976	0.001767 0.002210	0.000647 0.001798	0.000159 0.000795	0.002935 0.007815	
2 32 100 0.140000	0.998265 0.004964	0.003452 0.009904	0.001174 0.003512	0.000633 0.002799	0.000056 0.000281	0.000000 0.000000	0.000146 0.000728	0.000213 0.001064	0.000452 0.002260	0.001183 0.003780	0.000062 0.000308	
2 32 100 0.150000	0.992544 0.003943	0.014853 0.007826	0.002967 0.009992	0.000298 0.001488	0.000289 0.001263	0.001294 0.006470	0.001145 0.005724	0.001185 0.003188	0.002921 0.007608	0.004271 0.008112	0.002554 0.009228	
2 32 100 0.160000	0.996976 0.004987	0.006035 0.009936	0.001220 0.004464	0.001786 0.004635	0.000243 0.001214	0.000196 0.000982	0.001393 0.003159	0.001631 0.003850	0.000494 0.001189	0.000000 0.000000	0.000000 0.000000	
2 32 100 0.170000	0.997207 0.004986	0.005573 0.009940	0.002030 0.007282	0.000000 0.000000	0.001613 0.003819	0.002162 0.005181	0.000394 0.001344	0.001616 0.007439	0.000676 0.002390	0.000298 0.001268	0.000422 0.002111	
2 32 100 0.180000	0.997499 0.004936	0.004993 0.009843	0.001533 0.004078	0.000410 0.001851	0.000372 0.001167	0.001644 0.004635	0.000714 0.002440	0.001411 0.005640	0.001083 0.003163	0.001910 0.005444	0.003384 0.009049	
2 32 100 0.190000	0.996781 0.005008	0.006425 0.009976	0.001583 0.004353	0.002631 0.004972	0.000042 0.000208	0.000357 0.001785	0.000738 0.002408	0.001192 0.004346	0.000000 0.000000	0.001988 0.004379	0.002604 0.005300	
2 32 100 0.200000	0.996470 0.004980	0.007044 0.009919	0.001599 0.004695	0.000828 0.002063	0.000974 0.003820	0.000416 0.001359	0.001088 0.003332	0.000207 0.001037	0.001029 0.005146	0.000593 0.001080	0.000214 0.001071	
2 32 100 0.210000	0.997486 0.004991	0.005018 0.009955	0.001436 0.003661	0.001097 0.004233	0.001095 0.004913	0.001012 0.005058	0.001615 0.004690	0.000120 0.000599	0.000000 0.000000	0.001772 0.004346	0.001397 0.004229	
2 32 100 0.220000	0.998208 0.004936	0.003565 0.009910	0.000540 0.002699	0.000286 0.001302	0.001394 0.006113	0.000101 0.000504	0.000288 0.001438	0.001429 0.003671	0.000703 0.003516	0.000000 0.000000	0.000945 0.002829	
2 32 100 0.230000	0.997084 0.004949	0.005820 0.009871	0.000344 0.001721	0.001049 0.002128	0.001128 0.004331	0.000000 0.000000	0.001173 0.002891	0.000711 0.003554	0.001163 0.002178	0.000897 0.002768	0.000320 0.001601	
2 32 100 0.240000	0.994951 0.003091	0.010072 0.006152	0.000951 0.004133	0.002135 0.003819	0.001150 0.004738	0.002517 0.006549	0.002135 0.004165	0.002687 0.009849	0.000665 0.002799	0.002408 0.005972	0.001524 0.006531	
2 32 100 0.250000	0.998240 0.005007	0.003513 0.009984	0.000780 0.002171	0.000555 0.002058	0.000315 0.001245	0.000613 0.001476	0.001580 0.006499	0.001049 0.004491	0.000432 0.000994	0.000178 0.000890	0.001359 0.003938	
2 32 100 0.260000	0.995743 0.005013	0.008492 0.009976	0.002112 0.004888	0.000953 0.004764	0.001147 0.002752	0.000380 0.001899	0.002283 0.003471	0.002285 0.004115	0.001408 0.004869	0.001561 0.004937	0.000716 0.003582	
2 32 100 0.270000	0.996160 0.005011	0.007662 0.009982	0.002202 0.004625	0.000343 0.001713	0.000526 0.001696	0.001956 0.003535	0.000856 0.002145	0.000641 0.003205	0.001181 0.003403	0.000414 0.001155	0.001466 0.002279	
2 32 100 0.280000	0.997911 0.005002	0.004170 0.009976	0.001324 0.005716	0.000448 0.001715	0.000095 0.000474	0.000813 0.001928	0.000669 0.002351	0.000226 0.000684	0.000192 0.000555	0.000783 0.003212	0.001013 0.004141	
2 32 100 0.290000	0.998642 0.004987	0.002711 0.009948	0.000561 0.002193	0.000824 0.002666	0.000927 0.003940	0.000000 0.000000	0.000212 0.000745	0.000105 0.000324	0.000151 0.000458	0.000459 0.001430	0.000488 0.000910	
2 32 100 0.300000	0.996836 0.004986	0.006314 0.009942	0.002080 0.005932	0.001209 0.003336	0.000428 0.001756	0.001508 0.003551	0.000948 0.004084	0.001138 0.005066	0.000894 0.002436	0.000449 0.002246	0.001429 0.002726	
2 32 100 0.310000	0.998531 0.004928	0.002932 0.009831	0.000868 0.003547	0.000844 0.004218	0.000216 0.000898	0.000275 0.000876	0.000213 0.001065	0.000650 0.001602	0.000653 0.002017	0.000478 0.002219	0.000611 0.001779	
2 32 100 0.320000	0.997917 0.004979	0.004157 0.009930	0.000726 0.003629	0.001206 0.003635	0.000000 0.000000	0.000069 0.000347	0.000386 0.001423	0.000506 0.001976	0.000242 0.001208	0.001388 0.003389	0.002108 0.006165	
2 32 100 0.330000	0.998190 0.004946	0.003613 0.009864	0.001483 0.005437	0.000200 0.000503	0.000048 0.000242	0.000456 0.000962	0.000712 0.002252	0.000699 0.001398	0.000393 0.000880	0.001787 0.006542	0.000565 0.000998	
2 32 100 0.340000	0.996768 0.004979	0.006451 0.009926	0.001550 0.006084	0.000529 0.001797	0.000883 0.002718	0.000546 0.002046	0.001304 0.004769	0.001150 0.002989	0.001392 0.003814	0.000672 0.001696	0.000807 0.003188	
2 32 100 0.350000	0.997604 0.004984	0.004783 0.009936	0.000525 0.001666	0.001028 0.005141	0.000579 0.001872	0.001125 0.003825	0.001119 0.004434	0.001040 0.002634	0.000770 0.002083	0.000994 0.002431	0.000156 0.000782	
2 32 100 0.360000	0.997751 0.005015	0.004491 0.009997	0.000645 0.003067	0.001200 0.005622	0.000451 0.002034	0.000409 0.001258	0.000612 0.002290	0.001279 0.003742	0.000498 0.001588	0.000592 0.001140	0.000534 0.001338	
2 32 100 0.370000	0.995799 0.005001	0.008381 0.009949	0.001441 0.004580	0.001277 0.002395	0.000387 0.000875	0.000333 0.001664	0.000700 0.002113	0.000918 0.002708	0.000742 0.001858	0.000216 0.001079	0.001890 0.004181	
2 32 100 0.380000	0.995964 0.004999	0.008052 0.009948	0.000928 0.002442	0.000397 0.000800	0.000685 0.002236	0.000029 0.000147	0.001137 0.003772	0.000735 0.002471	0.001087 0.003634	0.000848 0.002484	0.000860 0.002591	
2 32 100 0.390000	0.994728 0.005025	0.010514 0.009992	0.001377 0.004145	0.000434 0.002170	0.000528 0.000897	0.001059 0.004171	0.001682 0.005686	0.001370 0.005257	0.001748 0.006383	0.001462 0.005081	0.000784 0.003135	
2 32 100 0.400000	0.040211 0.003678	0.998381 0.000299	0.134722 0.009907	0.024863 0.009356	0.005628 0.004832	0.001478 0.004096	0.000190 0.000950	0.000000 0.000000	0.000000 0.000000	0.000000 0.000000	0.000000 0.000000	
2 32 100 0.410000	0.038000 0.001535	0.998556 0.000116	0.112361 0.009541	0.017757 0.009034	0.001529 0.002592	0.000000 0.000000	0.000000 0.000000	0.000000 0.000000	0.000000 0.000000	0.000228 0.001139	0.000079 0.000391	
2 32 100 0.420000	0.035752 0.002849	0.998720 0.000204	0.105723 0.009862	0.013666 0.007265	0.001268 0.003937	0.000041 0.000205	0.000000 0.000000	0.000000 0.000000	0.000000 0.000000	0.000000 0.000000	0.000000 0.000000	
2 32 100 0.430000	0.035399 0.005925	0.998742 0.000422	0.104386 0.009993	0.009617 0.002236	0.000346 0.001055	0.000000 0.000000	0.000000 0.000000	0.000000 0.000000	0.000000 0.000000	0.000000 0.000000	0.000102 0.000510	
2 32 100 0.440000	0.034279 0.008775	0.998813 0.000622	0.084198 0.009144	0.007973 0.007284	0.000795 0.002087	0.000180 0.000900	0.000265 0.001325	0.000450 0.001364	0.000465 0.001455	0.000037 0.000185	0.000000 0.000000	
2 32 100 0.450000	0.034641 0.005843	0.998795 0.000403	0.080591 0.009590	0.006067 0.002381	0.000281 0.001045	0.000000 0.000000	0.000000 0.000000	0.000204 0.001018	0.000000 0.000000	0.000031 0.000154	0.000000 0.000000	
2 32 100 0.460000	0.032160 0.008144	0.998957 0.000495	0.077302 0.009511	0.004326 0.003908	0.000000 0.000000	0.000000 0.000000	0.000000 0.000000	0.000000 0.000000	0.000189 0.000945	0.000000 0.000000	0.000069 0.000345	
2 32 100 0.470000	0.033417 0.001833	0.998883 0.000122	0.072507 0.009776	0.004905 0.002811	0.000054 0.000272	0.000000 0.000000	0.000000 0.000000	0.000000 0.000000	0.000000 0.000000	0.000000 0.000000	0.000008 0.000038	
2 32 100 0.480000	0.032000 0.002577	0.998975 0.000166	0.068114 0.009896	0.004242 0.003946	0.000157 0.000784	0.000000 0.000000	0.000000 0.000000	0.000000 0.000000	0.000000 0.000000	0.000000 0.000000	0.000088 0.000439	
2 32 100 0.490000	0.030895 0.007578	0.999037 0.000479	0.066059 0.008555	0.003829 0.004746	0.000293 0.001464	0.000000 0.000000	0.000000 0.000000	-0.000000 0.000000	0.000000 0.000000	0.000000 0.000000	0.000090 0.000450	
2 32 100 0.500000	0.030929 0.006996	0.999037 0.000450	0.065327 0.009813	0.003509 0.002283	0.000000 0.000000	0.000280 0.001399	0.000000 0.000000	0.000000 0.000000	0.000000 0.000000	0.000000 0.000000	0.000000 0.000000	
2 32 100 0.510000	0.034357 0.009056	0.998809 0.000645	0.055028 0.005635	0.002780 0.002967	0.000040 0.000202	0.000448 0.002242	0.000000 0.000000	0.000361 0.001805	0.000000 0.000000	0.000000 0.000000	0.000339 0.000921	
2 32 100 0.520000	0.030311 0.005950	0.999078 0.000356	0.057851 0.009728	0.002308 0.006132	0.000000 0.000000	0.000000 0.000000	0.000359 0.001793	0.000324 0.001313	0.000246 0.001232	0.000000 0.000000	0.000000 0.000000	
2 32 100 0.530000	0.031511 0.009083	0.998998 0.000570	0.053354 0.009989	0.002494 0.001106	0.000000 0.000000	0.000000 0.000000	0.000000 0.000000	0.000471 0.001618	0.000120 0.000601	0.000000 0.000000	0.000197 0.000984	
2 32 100 0.540000	0.033634 0.009383	0.998856 0.000650	0.050214 0.003419	0.001336 0.004264	0.000000 0.000000	-0.000110 0.000552	0.000343 0.001717	0.000000 0.000000	0.000118 0.000472	0.000000 0.000000	0.000653 0.001834	
2 32 100 0.550000	0.027805 0.006517	0.999221 0.000370	0.052533 0.007048	0.003647 0.007000	0.000705 0.002615	0.001911 0.003129	0.002088 0.008279	0.000536 0.002270	0.001120 0.004397	0.000390 0.002052	0.000770 0.003595	
2 32 100 0.560000	0.028749 0.005802	0.999169 0.000340	0.049043 0.005697	0.001882 0.006118	0.000000 0.000000	0.000075 0.000376	0.000760 0.003801	0.000331 0.000896	0.000107 0.000534	0.000000 0.000000	0.001498 0.004780	
2 32 100 0.570000	0.031907 0.006174	0.998978 0.000390	0.041513 0.009525	0.000697 0.002159	0.000149 0.000746	0.000470 0.002349	0.000354 0.002492	0.000492 0.001409	0.000925 0.001908	0.000276 0.001382	0.000164 0.000822	
2 32 100 0.580000	0.031437 0.003357	0.999010 0.000211	0.042374 0.008073	0.000922 0.002981	0.000000 0.000000	-0.000009 0.000043	0.000000 0.000000	0.000000 0.000000	0.000000 0.000000	0.000120 0.000517	0.000000 0.000000	
2 32 100 0.590000	0.030723 0.006892	0.999049 0.000437	0.044856 0.009049	0.001440 0.005674	0.000413 0.001596	0.000350 0.001202	0.000184 0.000921	0.000052 0.000262	0.000000 0.000000	0.000608 0.001306	0.000000 0.000000	
2 32 100 0.600000	0.027015 0.004261	0.999268 0.000225	0.041716 0.009688	0.001090 0.003208	0.000000 0.000000	0.000000 0.000000	0.000000 0.000000	0.000074 0.000371	0.000357 0.001096	0.000000 0.000000	0.000000 0.000000	
2 32 100 0.610000	0.035367 0.007460	0.998740 0.000530	0.039835 0.009982	0.000668 0.002654	0.000000 0.000000	0.000029 0.000144	0.000445 0.001605	0.000137 0.000684	0.000035 0.000174	0.000130 0.000649	0.000151 0.000460	
2 32 100 0.620000	0.030665 0.009465	0.999044 0.000580	0.038076 0.008815	0.000536 0.001983	0.000465 0.002024	0.001073 0.002711	0.000000 0.000000	0.000233 0.001165	0.000000 0.000000	0.000055 0.000275	0.000000 0.000000	
2 32 100 0.630000	0.033372 0.008151	0.998877 0.000535	0.037026 0.009688	0.002100 0.005201	0.000000 0.000000	0.000140 0.001867	0.000286 0.001429	0.000000 0.000000	0.000185 0.000738	0.000141 0.000703	0.000398 0.001990	
2 32 100 0.640000	0.030258 0.006248	0.999077 0.000376	0.038588 0.008557	0.000445 0.002151	0.000319 0.000925	0.000000 0.000000	0.000000 0.000000	0.001585 0.004100	0.000000 0.000000	0.000218 0.001092	0.000225 0.001125	
2 32 100 0.650000	0.030385 0.008849	0.999067 0.000559	0.034284 0.009572	0.000606 0.001671	0.000040 0.000201	0.000000 0.000000	0.000239 0.001194	0.000000 0.000000	0.000790 0.001684	0.000145 0.000723	0.000000 0.000000	
2 32 100 0.660000	0.032785 0.005206	0.998921 0.000333	0.032675 0.009835	0.000000 0.000000	0.000000 0.000000	0.000204 0.001019	0.000521 0.002607	0.000001 0.000004	0.000000 0.000000	0.000000 0.000000	0.000037 0.000185	
2 32 100 0.670000	0.030832 0.008858	0.999039 0.000534	0.030131 0.009461	0.001361 0.004788	0.000000 0.000000	0.000375 0.001876	0.000000 0.000000	0.000000 0.000000	-0.000036 0.000144	0.000150 0.000749	0.000402 0.001705	
2 32 100 0.680000	0.030462 0.008798	0.999063 0.000528	0.032102 0.008942	0.000228 0.000588	0.000030 0.000151	0.000000 0.000000	0.000000 0.000000	0.000503 0.001869	0.000000 0.000000	0.000000 0.000000	0.000204 0.001018	
2 32 100 0.690000	0.028131 0.005760	0.999204 0.000322	0.030207 0.009448	0.000286 0.001432	0.000000 0.000000	0.000295 0.001546	0.000339 0.001697	0.000000 0.000000	0.000174 0.000482	0.000000 0.000000	0.000098 0.000491	
2 32 100 0.700000	0.031021 0.007970	0.999031 0.000496	0.028871 0.009654	0.000723 0.002148	0.000232 0.001161	0.000379 0.002177	0.000097 0.000485	0.000000 0.000000	0.000000 0.000000	0.000000 0.000000	0.000209 0.001045	
2 32 100 0.710000	0.025262 0.007702	0.999354 0.000406	0.028316 0.009761	0.000983 0.002612	0.000049 0.000244	0.000604 0.003021	0.000000 0.000000	0.000106 0.000528	0.000291 0.001456	0.000000 0.000000	0.000469 0.001343	
2 32 100 0.720000	0.025719 0.007559	0.999330 0.000378	0.028229 0.006246	0.000484 0.002419	0.000596 0.001779	0.000479 0.001601	0.000036 0.000182	0.000133 0.000440	0.000064 0.000320	0.000339 0.001697	0.000208 0.001039	
2 32 100 0.730000	0.027809 0.006705	0.999220 0.000383	0.028595 0.009076	0.000064 0.000321	0.001415 0.003094	0.000817 0.001664	0.000190 0.000949	0.000187 0.000934	0.000000 0.000000	0.001540 0.003734	0.000704 0.003520	
2 32 100 0.740000	0.029254 0.006206	0.999139 0.000360	0.025204 0.009241	0.000407 0.002180	0.000000 0.000000	0.000000 0.000000	0.000227 0.000820	0.000586 0.002930	0.000444 0.001395	0.000124 0.000618	0.000000 0.000000	
2 32 100 0.750000	0.035632 0.009410	0.998716 0.000697	0.026817 0.009705	0.000501 0.002505	0.000523 0.002615	0.000636 0.003179	0.000000 0.000000	0.000729 0.002664	-0.000075 0.000534	0.001381 0.003631	0.000579 0.002897	
2 32 100 0.760000	0.028757 0.007759	0.999164 0.000440	0.025725 0.006517	0.000315 0.001573	0.000098 0.000488	0.000000 0.000000	0.000290 0.001448	0.000178 0.000890	0.000000 0.000000	0.000693 0.002299	0.000000 0.000000	
2 32 100 0.770000	0.025124 0.009808	0.999358 0.000511	0.024685 0.002569	0.001017 0.002963	0.000265 0.001326	0.000017 0.000086	0.000000 0.000000	0.000229 0.001145	0.000083 0.000416	0.000000 0.000000	0.000000 0.000000	
2 32 100 0.780000	0.029269 0.008243	0.999134 0.000511	0.027443 0.009774	0.000378 0.001892	0.000137 0.000685	-0.000006 0.000029	0.000349 0.001744	0.000100 0.000356	0.000635 0.003291	0.000230 0.001148	0.000000 0.000000	
2 32 100 0.790000	0.025831 0.008369	0.999324 0.000454	0.024685 0.005303	0.000276 0.000756	0.001300 0.004439	0.000292 0.000865	0.000743 0.002658	0.000865 0.002380	0.000795 0.002132	0.000008 0.000040	0.000477 0.002384	
2 32 100 0.800000	0.028554 0.009572	0.999172 0.000538	0.021031 0.008106	0.000000 0.000000	0.000749 0.001291	0.000465 0.002324	0.000000 0.000000	0.000714 0.003570	0.000232 0.001271	0.000958 0.002425	0.000188 0.000938	
2 32 100 0.810000	0.029850 0.009032	0.999098 0.000532	0.022459 0.005795	0.000065 0.000325	0.000190 0.000882	0.000000 0.000000	0.000000 0.000000	0.000413 0.001202	0.000000 0.000000	0.000172 0.000582	0.000175 0.000654	
2 32 100 0.820000	0.024763 0.009081	0.999377 0.000471	0.023242 0.008805	0.001336 0.001905	0.000722 0.002632	0.000441 0.002206	0.000734 0.003044	0.000000 0.000000	0.000349 0.001743	0.000274 0.001368	-0.000024 0.000121	
2 32 100 0.830000	0.028500 0.009780	0.999177 0.000537	0.019416 0.008572	0.001260 0.004940	0.000240 0.001198	0.000461 0.001871	0.000000 0.000000	0.000226 0.001118	0.000449 0.001228	0.000439 0.001133	0.001236 0.003595	
2 32 100 0.840000	0.028791 0.004057	0.999169 0.000230	0.018056 0.008221	0.000356 0.001778	0.000726 0.003632	0.001051 0.004044	0.000163 0.000815	0.000000 0.000000	0.000382 0.001911	0.000075 0.000377	0.000130 0.000651	
2 32 100 0.850000	0.029965 0.005316	0.999099 0.000311	0.022034 0.009039	0.000335 0.001673	0.000113 0.000564	0.000491 0.002457	0.000313 0.001566	0.000167 0.000834	0.000291 0.001455	0.000097 0.000483	0.000000 0.000000	
2 32 100 0.860000	0.028890 0.009068	0.999152 0.000525	0.016277 0.008737	0.000129 0.000647	0.000000 0.000000	0.000461 0.002306	-0.000074 0.000916	0.001385 0.005186	0.000000 0.000000	0.002055 0.003959	0.001652 0.004209	
2 32 100 0.870000	0.029051 0.008837	0.999142 0.000514	0.020068 0.009430	0.000684 0.001197	0.000035 0.000177	0.000373 0.001866	0.000000 0.000000	0.000533 0.001354	0.000000 0.000000	0.000284 0.001418	-0.000015 0.000074	
2 32 100 0.880000	0.029186 0.008368	0.999139 0.000507	0.020360 0.008304	0.000000 0.000000	0.000201 0.000890	0.000537 0.001382	-0.000076 0.000380	0.000272 0.001358	0.000388 0.001942	0.000000 0.000000	0.000523 0.001003	
2 32 100 0.890000	0.028183 0.009347	0.999194 0.000549	0.020028 0.008849	0.000063 0.000196	0.000447 0.002236	-0.000018 0.000088	0.000000 0.000000	0.000311 0.001138	0.000974 0.002549	0.000000 0.000000	0.001014 0.005072	
2 32 100 0.900000	0.029587 0.009570	0.999110 0.000568	0.020349 0.006558	0.001038 0.003623	0.001035 0.002503	0.000888 0.002832	0.000178 0.001287	0.000432 0.002159	0.000000 0.000000	0.000081 0.000405	0.000140 0.000701	
2 32 100 0.910000	0.026075 0.006559	0.999314 0.000361	0.018519 0.007994	0.001939 0.003910	0.000000 0.000000	0.001259 0.002839	0.001767 0.006277	0.000000 0.000000	0.000698 0.004185	0.000358 0.001793	0.002364 0.005245	
2 32 100 0.920000	0.031936 0.009110	0.998969 0.000598	0.015436 0.008736	0.001262 0.003758	0.000000 0.000000	0.000685 0.003424	0.000000 0.000000	0.000915 0.003657	0.000716 0.003581	0.000424 0.002120	0.000167 0.000835	
2 32 100 0.930000	0.027032 0.009509	0.999256 0.000522	0.016472 0.006713	0.000301 0.000805	0.000000 0.000000	0.000640 0.001710	0.000737 0.003231	0.000000 0.000000	0.000037 0.000819	0.000502 0.001468	0.000000 0.000000	
2 32 100 0.940000	0.024573 0.007849	0.999390 0.000392	0.017155 0.005917	0.002156 0.005469	0.000696 0.002107	0.000487 0.002436	0.001150 0.004154	0.000319 0.001595	0.000000 0.000000	0.001131 0.003825	0.000897 0.002739	
2 32 100 0.950000	0.026695 0.008140	0.999280 0.000431	0.016286 0.008651	0.001497 0.003567	0.001600 0.003701	0.000013 0.000065	0.000493 0.001893	0.000000 0.000000	0.000000 0.000000	0.000923 0.004617	0.000062 0.000311	
2 32 100 0.960000	0.029037 0.008851	0.999145 0.000510	0.019663 0.009773	0.000000 0.000000	0.000000 0.000000	0.000077 0.000385	0.000429 0.001082	0.000047 0.000237	0.000000 0.000000	0.000130 0.000649	0.000540 0.001326	
2 32 100 0.970000	0.031025 0.003719	0.999036 0.000225	0.018493 0.009042	0.000159 0.000795	0.000568 0.002674	0.000057 0.000285	0.000000 0.000000	0.000000 0.000000	0.000717 0.002249	0.000344 0.001719	0.000914 0.003188	
2 32 100 0.980000	0.026938 0.006860	0.999266 0.000360	0.017495 0.009914	0.002843 0.007626	0.002464 0.003833	0.000077 0.000816	0.000509 0.002545	0.000000 0.000000	0.001265 0.005110	0.000173 0.000863	0.000171 0.000854	
2 32 100 0.990000	0.029144 0.007739	0.999143 0.000449	0.014019 0.008517	0.000000 0.000000	0.000000 0.000000	0.000185 0.000925	0.000811 0.003060	0.000816 0.002618	0.000538 0.002120	0.000037 0.000184	0.000311 0.001557	
2 32 100 1.000000	0.033387 0.008315	0.998877 0.000550	0.016396 0.009018	0.000382 0.001503	0.000954 0.002615	0.000479 0.001549	0.000000 0.000000	0.000409 0.001826	0.000183 0.000916	0.000070 0.000352	0.000375 0.001527	
2 32 100 1.010000	0.028843 0.006776	0.999163 0.000382	0.019996 0.009848	0.000082 0.000409	0.000805 0.004027	0.000126 0.000628	0.001274 0.003045	0.001306 0.004249	0.000411 0.002055	0.000109 0.000464	0.000250 0.001249	
2 32 100 1.020000	0.028698 0.008189	0.999168 0.000441	0.013469 0.009947	0.000234 0.001168	0.000980 0.002793	0.000817 0.004084	0.000668 0.003338	0.000312 0.001559	0.000204 0.001020	0.000000 0.000000	0.001647 0.004985	
2 32 100 1.030000	0.034753 0.009485	0.998782 0.000679	0.011315 0.007006	0.000000 0.000000	0.000741 0.003324	0.000340 0.001699	0.000416 0.001546	0.000083 0.000413	0.000118 0.000592	0.000000 0.000000	0.000000 0.000000	
2 32 100 1.040000	0.030414 0.008643	0.999065 0.000558	0.015218 0.006599	0.000148 0.000436	0.000000 0.000000	0.000000 0.000000	0.000531 0.002432	0.000636 0.002326	0.000185 0.000491	0.000000 0.000000	0.000492 0.001029	
2 32 100 1.050000	0.030868 0.009958	0.999036 0.000636	0.015435 0.003603	-0.000022 0.000108	0.000640 0.001782	0.000000 0.000000	0.000430 0.001419	0.000268 0.001125	0.000394 0.001668	0.000212 0.001061	0.000000 0.000000	
2 32 100 1.060000	0.028081 0.009958	0.999198 0.000603	0.014255 0.006641	0.000590 0.001589	0.000189 0.000493	0.000668 0.002935	0.000927 0.002576	0.000416 0.002082	0.000219 0.001096	0.000112 0.000558	0.000597 0.002983	
2 32 100 1.070000	0.028134 0.009281	0.999198 0.000513	0.014034 0.009353	0.001268 0.003771	0.000325 0.001087	0.000636 0.003179	0.001424 0.006544	0.000000 0.000000	0.000531 0.002244	0.001980 0.006611	0.001061 0.002019	
2 32 100 1.080000	0.029505 0.009138	0.999121 0.000540	0.013571 0.009603	0.001730 0.003448	0.000480 0.002277	-0.000003 0.000016	0.000948 0.004739	0.000372 0.001112	0.000708 0.002185	-0.000013 0.000971	0.000358 0.001789	
2 32 100 1.090000	0.026345 0.009614	0.999292 0.000466	0.014761 0.006748	0.000121 0.000606	0.000000 0.000000	0.000000 0.000000	0.000250 0.001250	0.000328 0.001052	0.000109 0.000547	0.000166 0.000831	0.000546 0.001099	
2 32 100 1.100000	0.029119 0.009081	0.999139 0.000504	0.015869 0.007262	0.001012 0.004134	0.000555 0.002266	0.000351 0.001756	0.002225 0.007953	0.000054 0.000269	-0.000054 0.000268	0.000000 0.000000	0.000207 0.001034	
2 32 100 1.110000	0.026938 0.004330	0.999272 0.000227	0.014765 0.007902	0.000000 0.000000	0.000000 0.000000	0.000585 0.002233	0.000714 0.003569	0.000487 0.002056	0.000075 0.000375	0.000155 0.001307	0.000229 0.001143	
2 32 100 1.120000	0.028814 0.003317	0.999168 0.000194	0.012626 0.005974	0.000593 0.002964	0.000049 0.000247	0.000243 0.000812	0.000000 0.000000	0.000358 0.001308	-0.000141 0.000705	0.000000 0.000000	0.000671 0.004242	
2 32 100 1.130000	0.028042 0.008865	0.999200 0.000494	0.014327 0.002903	0.000143 0.000563	0.000120 0.000602	0.000183 0.000914	0.000084 0.000687	0.000628 0.002150	0.000000 0.000000	0.000690 0.002384	0.001116 0.004312	
2 32 100 1.140000	0.027442 0.009331	0.999235 0.000514	0.013598 0.003705	0.000480 0.000843	0.000870 0.002512	0.000511 0.001493	0.000157 0.000783	0.000060 0.000299	0.000395 0.001973	0.000592 0.002089	0.000414 0.002071	
2 32 100 1.150000	0.031300 0.008660	0.999010 0.000554	0.010103 0.009130	0.001896 0.006043	0.000292 0.000859	0.001595 0.004410	0.001288 0.003046	0.001187 0.003272	0.001025 0.002576	0.000135 0.003690	0.000000 0.000000	
2 32 100 1.160000	0.029756 0.009274	0.999102 0.000540	0.015928 0.009995	0.000000 0.000000	0.000427 0.001370	0.000000 0.000000	0.000054 0.000269	0.000000 0.000000	0.000452 0.002261	0.000072 0.000361	0.000414 0.002070	
2 32 100 1.170000	0.031035 0.009287	0.999025 0.000591	0.011663 0.005038	0.000619 0.003095	0.000417 0.000953	0.000000 0.000000	0.000000 0.000000	0.000672 0.002378	0.000489 0.002444	0.000298 0.001489	0.000298 0.001489	
2 32 100 1.180000	0.025889 0.009093	0.999317 0.000490	0.011672 0.006505	0.000000 0.000000	0.000382 0.001908	0.000257 0.001285	0.000064 0.000697	0.000661 0.002551	0.000280 0.001401	0.001009 0.002736	0.000791 0.003208	
2 32 100 1.190000	0.026806 0.006227	0.999276 0.000322	0.012399 0.009701	0.000372 0.001219	0.000674 0.001713	0.000359 0.001794	0.000000 0.000000	0.000797 0.001520	0.000256 0.001279	0.000360 0.001417	0.000439 0.001737	
2 32 100 1.200000	0.029706 0.009544	0.999107 0.000595	0.009622 0.009908	0.000146 0.000729	0.000000 0.000000	0.000626 0.002238	0.000102 0.000510	0.000294 0.001205	0.000000 0.000000	0.000000 0.000000	0.000000 0.000000	
2 32 100 1.210000	0.029987 0.006469	0.999097 0.000391	0.011846 0.008477	0.000372 0.001860	0.000827 0.004136	0.000000 0.000000	0.000000 0.000000	0.000000 0.000000	0.000447 0.001476	0.000863 0.003307	0.001492 0.003410	
2 32 100 1.220000	0.027790 0.008554	0.999214 0.000475	0.010536 0.009008	0.000294 0.001468	0.000000 0.000000	0.000634 0.001699	0.001028 0.002632	0.000059 0.000296	0.000966 0.004898	0.000703 0.003516	0.000567 0.001799	
2 32 100 1.230000	0.027550 0.008125	0.999231 0.000481	0.012451 0.006488	0.000000 0.000000	0.001172 0.004061	0.000262 0.001312	0.000000 0.000000	-0.000062 0.000676	0.000158 0.000788	0.000000 0.000000	0.000354 0.001771	
2 32 100 1.240000	0.026963 0.009860	0.999261 0.000518	0.011216 0.006570	0.000325 0.001059	0.001375 0.003605	0.000193 0.000456	0.000000 0.000000	0.000544 0.002720	0.000151 0.000491	0.000255 0.000795	0.000341 0.000647	
2 32 100 1.250000	0.027434 0.009718	0.999235 0.000508	0.010303 0.007676	0.000255 0.001277	0.000000 0.000000	0.000436 0.001392	0.000000 0.000000	0.000670 0.002573	0.000000 0.000000	0.000669 0.002071	0.000185 0.000927	
2 32 100 1.260000	0.031353 0.009665	0.999003 0.000634	0.011358 0.007390	0.000115 0.000575	0.000912 0.002547	0.000791 0.002359	0.000516 0.002112	0.000262 0.001308	0.000737 0.003488	0.000204 0.000540	0.000795 0.003976	
2 32 100 1.270000	0.030854 0.008731	0.999036 0.000517	0.010649 0.006337	0.000307 0.001537	0.000182 0.000911	0.000000 0.000000	0.000075 0.000376	0.000211 0.000547	0.000000 0.000000	0.000768 0.002390	0.000000 0.000000	
2 32 100 1.280000	0.032214 0.006945	0.998955 0.000453	0.009597 0.006210	0.001104 0.004382	0.000235 0.001176	0.000087 0.000437	0.001624 0.004108	0.000000 0.000000	0.000002 0.000011	0.000143 0.000576	0.000740 0.001965	
2 32 100 1.290000	0.030130 0.005886	0.999088 0.000360	0.011793 0.002925	0.000678 0.002582	0.000000 0.000000	0.000194 0.000970	0.001048 0.004192	0.001723 0.005639	0.002512 0.007712	0.000753 0.003766	0.001041 0.005721	
2 32 100 1.300000	0.025171 0.009902	0.999351 0.000494	0.008942 0.006950	0.001038 0.002682	0.001499 0.004170	0.001246 0.003604	0.000000 0.000000	0.000895 0.002278	0.000000 0.000000	0.000001 0.000003	0.002016 0.004351	
2 32 100 1.310000	0.032924 0.008424	0.998907 0.000543	0.011296 0.008948	0.000000 0.000000	0.000634 0.001335	0.000000 0.000000	0.000154 0.002513	0.000092 0.000458	0.000059 0.000295	0.000589 0.002945	0.000368 0.001304	
2 32 100 1.320000	0.026589 0.009078	0.999279 0.000485	0.011854 0.005952	0.000004 0.000022	0.000243 0.001215	0.000000 0.000000	0.000241 0.000857	0.000000 0.000000	0.000102 0.000511	0.000000 0.000000	0.000000 0.000000	
2 32 100 1.330000	0.026398 0.008045	0.999291 0.000422	0.010339 0.008959	0.000249 0.001244	0.001067 0.004696	0.000000 0.000000	0.000531 0.002653	0.000176 0.001605	0.000841 0.004203	0.000193 0.000966	0.001003 0.003710	
2 32 100 1.340000	0.027425 0.007627	0.999240 0.000424	0.008029 0.006462	0.000791 0.003956	0.000256 0.000687	0.000345 0.001724	0.000064 0.001609	0.000186 0.002026	0.001449 0.004665	0.000255 0.001130	0.000408 0.001504	
2 32 100 1.350000	0.025621 0.007674	0.999334 0.000385	0.008790 0.009705	0.000468 0.002157	0.000591 0.002953	0.000513 0.002565	0.000767 0.003012	0.000000 0.000000	0.001284 0.002642	0.001461 0.004174	0.000115 0.000573	
2 32 100 1.360000	0.029717 0.006072	0.999111 0.000352	0.008432 0.009963	0.000871 0.004353	0.000596 0.002686	0.000000 0.000000	0.001993 0.005274	0.001450 0.007329	0.001422 0.003931	0.001458 0.007289	0.000450 0.001875	
2 32 100 1.370000	0.027160 0.007687	0.999255 0.000431	0.009788 0.009250	0.000316 0.001582	-0.000040 0.001646	0.000421 0.002105	0.000000 0.000000	0.000000 0.000000	0.000391 0.001500	0.000111 0.000557	0.000000 0.000000	
2 32 100 1.380000	0.030729 0.009840	0.999041 0.000600	0.009149 0.008109	0.000000 0.000000	0.000373 0.001864	0.000000 0.000000	0.000618 0.003088	0.000311 0.001072	0.000000 0.000000	0.000346 0.001728	0.000813 0.003867	
2 32 100 1.390000	0.026302 0.009902	0.999287 0.000541	0.011939 0.009526	0.000252 0.000953	0.000185 0.000925	0.000748 0.002891	0.000934 0.001694	0.000139 0.000694	0.000000 0.000000	0.000000 0.000000	0.000225 0.001126	
2 32 100 1.400000	0.026592 0.009031	0.999283 0.000460	0.012330 0.009971	0.000850 0.003629	0.000000 0.000000	0.000352 0.001495	0.000900 0.004167	0.000960 0.003863	0.000073 0.000366	0.001539 0.003940	0.000000 0.000000	
2 32 100 1.410000	0.025542 0.006341	0.999342 0.000311	0.009601 0.003428	0.000801 0.003496	0.000138 0.000690	0.000883 0.002989	0.000594 0.002972	0.000000 0.000000	0.000340 0.001681	0.002282 0.005513	0.001298 0.004229	
2 32 100 1.420000	0.022282 0.009106	0.999493 0.000411	0.011389 0.008762	0.000282 0.001412	0.001015 0.003269	0.000542 0.001789	0.000506 0.002532	0.002534 0.006479	0.000000 0.000000	0.000259 0.001296	0.000858 0.004289	
2 32 100 1.430000	0.025836 0.008569	0.999323 0.000455	0.009448 0.008926	0.000000 0.000000	0.000235 0.000758	0.000592 0.001805	0.000404 0.000761	0.000274 0.001372	0.000576 0.002073	0.001082 0.005411	0.000136 0.000681	
2 32 100 1.440000	0.026414 0.009605	0.999285 0.000502	0.010119 0.003120	0.000538 0.001990	0.000298 0.001491	0.000482 0.001930	0.000089 0.001825	0.000833 0.002648	0.000360 0.001099	0.000268 0.001272	0.000549 0.002193	
2 32 100 1.450000	0.029262 0.009269	0.999131 0.000533	0.009241 0.009250	0.000344 0.001718	0.000998 0.004931	0.000256 0.000703	0.001220 0.007485	0.000257 0.003906	0.001858 0.007104	0.001389 0.002799	0.001385 0.003333	
2 32 100 1.460000	0.030810 0.009309	0.999038 0.000570	0.011488 0.008685	0.000305 0.001525	0.000269 0.000968	0.000000 0.000000	0.000285 0.001427	0.000522 0.001446	0.000426 0.001320	0.000055 0.000276	0.001254 0.003286	
2 32 100 1.470000	0.026263 0.007672	0.999303 0.000411	0.006831 0.003452	0.000000 0.000000	0.000002 0.000010	0.000488 0.002442	0.000852 0.004262	0.000548 0.002740	0.001496 0.002786	0.000572 0.001866	0.000723 0.003615	
2 32 100 1.480000	0.028511 0.008304	0.999174 0.000469	0.009951 0.006394	0.000000 0.000000	0.000359 0.001795	0.000778 0.002752	0.000000 0.000000	0.000632 0.002072	0.000014 0.000070	0.000175 0.000873	0.000528 0.001946	
2 32 100 1.490000	0.026501 0.009245	0.999285 0.000496	0.010312 0.009989	0.000754 0.004097	0.000037 0.000186	0.000776 0.003880	0.000365 0.000975	0.000754 0.003191	0.000579 0.001638	0.000000 0.000000	0.001582 0.004201	
2 32 100 1.500000	0.026938 0.005796	0.999270 0.000324	0.008108 0.009801	0.000080 0.000398	0.001414 0.005495	0.000098 0.000492	0.000876 0.004378	0.000448 0.002239	0.000748 0.003739	0.000000 0.000000	0.000924 0.002668	
2 32 100 1.510000	0.027183 0.009906	0.999245 0.000539	0.008067 0.009734	0.000000 0.000000	0.000239 0.001195	0.000267 0.001335	0.000310 0.001552	0.000422 0.002111	0.000380 0.001899	0.000000 0.000000	0.000699 0.003497	
2 32 100 1.520000	0.026684 0.009235	0.999274 0.000500	0.008230 0.007825	0.000000 0.000000	0.001162 0.004392	0.000082 0.000408	0.000502 0.001627	0.000000 0.000000	0.000278 0.001390	0.001268 0.003385	0.001197 0.003363	
2 32 100 1.530000	0.029975 0.009871	0.999089 0.000583	0.011535 0.009956	0.001114 0.005572	0.000226 0.000819	0.001402 0.002416	0.000128 0.000639	0.000000 0.000000	0.001002 0.002372	0.001922 0.007343	0.001373 0.003112	
2 32 100 1.540000	0.028630 0.008391	0.999170 0.000496	0.009328 0.006530	0.000151 0.000754	0.000212 0.001044	0.000000 0.000000	0.000019 0.000097	0.000059 0.000294	0.000261 0.000710	0.000822 0.002945	0.000255 0.001276	
2 32 100 1.550000	0.029803 0.009504	0.999098 0.000561	0.009239 0.004049	0.000588 0.001290	0.000204 0.000532	0.000319 0.001595	0.000625 0.001602	0.000000 0.000000	0.000000 0.000000	-0.000043 0.000215	0.000256 0.001278	
2 32 100 1.560000	0.029715 0.009380	0.999105 0.000596	0.006299 0.004999	0.000002 0.000010	0.000384 0.001540	0.000237 0.001186	0.000000 0.000000	0.000000 0.000000	0.000465 0.001720	0.000554 0.002772	0.000110 0.000549	
2 32 100 1.570000	0.029387 0.003700	0.999135 0.000222	0.005645 0.005176	-0.000127 0.000634	0.001448 0.005848	0.000000 0.000000	0.000000 0.000000	0.000000 0.000000	0.000144 0.000722	0.002051 0.005654	0.001548 0.004890	
2 32 100 1.580000	0.027442 0.008074	0.999238 0.000432	0.008376 0.006135	0.000130 0.000650	0.000717 0.003587	0.000207 0.001034	0.000185 0.000816	0.001020 0.003018	0.000000 0.000000	0.000947 0.004733	0.000000 0.000000	
2 32 100 1.590000	0.031290 0.003581	0.999019 0.000226	0.008478 0.008673	0.000000 0.000000	0.000448 0.002241	0.000000 0.000000	0.000000 0.000000	0.000617 0.002444	0.000436 0.002180	0.000934 0.003949	0.000000 0.000000	
2 32 100 1.600000	0.027794 0.007619	0.999221 0.000439	0.005443 0.003534	0.001758 0.005253	0.000945 0.002163	0.000313 0.001566	0.000980 0.004794	0.000013 0.000065	0.000089 0.000931	0.000511 0.002556	0.001771 0.005967	
2 32 100 1.610000	0.030304 0.005945	0.999077 0.000359	0.007485 0.008034	0.000266 0.000991	0.000000 0.000000	0.000220 0.001098	0.000218 0.001089	0.000928 0.002735	0.000000 0.000000	0.000333 0.001665	0.001019 0.005096	
2 32 100 1.620000	0.022347 0.008531	0.999489 0.000402	0.009619 0.008587	0.001537 0.007064	0.002009 0.005552	0.001128 0.004908	0.000587 0.002935	0.000784 0.003922	0.000154 0.000772	0.000466 0.002329	0.000371 0.001853	
2 32 100 1.630000	0.024101 0.001032	0.999419 0.000050	0.011522 0.008106	0.000056 0.000278	0.000465 0.001169	0.000891 0.004457	0.000522 0.001434	0.000429 0.001169	0.000594 0.002968	0.000000 0.000000	0.000542 0.002709	
2 32 100 1.640000	0.027690 0.007534	0.999227 0.000406	0.008169 0.004762	0.000131 0.000409	0.000428 0.001198	0.000000 0.000000	0.000246 0.001112	0.001426 0.003039	0.000106 0.000528	0.000386 0.001930	0.000096 0.000480	
2 32 100 1.650000	0.025309 0.007875	0.999353 0.000403	0.006504 0.007047	-0.000060 0.000298	0.000397 0.001986	0.000890 0.002191	0.000000 0.000000	0.000000 0.000000	0.001890 0.003941	0.000000 0.000000	0.001373 0.002972	
2 32 100 1.660000	0.026960 0.009492	0.999259 0.000512	0.006580 0.008622	0.000564 0.002820	0.000896 0.002340	0.000053 0.002716	-0.000058 0.000511	-0.000603 0.003015	0.000000 0.000000	0.000474 0.002369	0.001820 0.005158	
2 32 100 1.670000	0.031423 0.007623	0.999004 0.000479	0.008819 0.009009	0.000203 0.001493	0.000257 0.001114	0.000401 0.001394	0.000359 0.001252	0.000580 0.002901	0.000230 0.001151	0.000000 0.000000	0.000000 0.000000	
2 32 100 1.680000	0.026654 0.004677	0.999287 0.000248	0.008283 0.008765	0.002055 0.006030	0.000395 0.001074	0.000427 0.002136	0.000215 0.001074	0.001382 0.003046	0.000000 0.000000	-0.000017 0.000086	0.000444 0.002222	
2 32 100 1.690000	0.024208 0.007361	0.999404 0.000367	0.009733 0.006624	0.000805 0.003396	0.000581 0.001816	0.000307 0.001536	0.000583 0.002916	0.000100 0.000498	0.000553 0.001120	0.000000 0.000000	0.000355 0.001776	
2 32 100 1.700000	0.031927 0.007451	0.998973 0.000462	0.002785 0.007033	0.001536 0.005614	0.000000 0.000000	0.000000 0.000000	0.000000 0.000000	0.000000 0.000000	0.000435 0.002177	0.000348 0.001507	-0.000037 0.000186	
2 32 100 1.710000	0.026763 0.009574	0.999270 0.000503	0.006469 0.006951	0.000018 0.000090	0.000510 0.002552	0.001178 0.003098	0.000181 0.000903	0.000069 0.000345	0.000017 0.000247	0.000255 0.001275	0.000511 0.001765	
2 32 100 1.720000	0.024486 0.008993	0.999387 0.000426	0.005911 0.007623	0.000863 0.002072	0.000000 0.000000	0.000000 0.000000	0.000000 0.000000	-0.000041 0.000204	0.000189 0.000710	0.000897 0.003249	0.000654 0.001933	
2 32 100 1.730000	0.025524 0.008473	0.999341 0.000439	0.008057 0.006639	0.000000 0.000000	0.000213 0.001064	0.000169 0.000843	0.000227 0.001137	0.000000 0.000000	0.000904 0.004519	0.001087 0.002536	0.000382 0.001910	
2 32 100 1.740000	0.028530 0.009011	0.999176 0.000543	0.006506 0.005686	0.000717 0.002550	0.000000 0.000000	0.000504 0.001150	0.000172 0.000861	0.000000 0.000000	0.000000 0.000000	0.000386 0.001777	0.000550 0.001670	
2 32 100 1.750000	0.029351 0.009513	0.999124 0.000564	0.007891 0.007956	0.000671 0.002456	0.000000 0.000000	0.000383 0.001786	0.000511 0.002554	0.000860 0.004770	0.000915 0.004574	0.000675 0.001963	0.000746 0.001994	
2 32 100 1.760000	0.029692 0.007382	0.999110 0.000448	0.007446 0.008669	0.000000 0.000000	0.000938 0.004472	-0.000016 0.000078	0.000509 0.001274	0.000000 0.000000	0.000248 0.001239	0.000565 0.001456	0.000231 0.000631	
2 32 100 1.770000	0.029253 0.009207	0.999133 0.000508	0.006975 0.003879	0.000000 0.000000	0.000079 0.000220	0.000832 0.002259	0.000900 0.003362	0.000938 0.004691	0.000031 0.000155	0.000000 0.000000	0.000000 0.000000	
2 32 100 1.780000	0.032759 0.009998	0.998916 0.000666	0.005124 0.006840	0.000078 0.000803	0.002028 0.005906	0.000448 0.002242	0.000961 0.003697	0.001372 0.007198	0.001395 0.006042	0.000360 0.001799	0.000713 0.003563	
2 32 100 1.790000	0.027633 0.009343	0.999226 0.000486	0.008596 0.007194	0.000178 0.000794	0.000321 0.001606	0.000692 0.001583	-0.000004 0.000022	0.000124 0.000622	0.000122 0.000612	0.000809 0.001856	0.000290 0.001451	
2 32 100 1.800000	0.029647 0.009433	0.999104 0.000561	0.006242 0.004822	0.000221 0.001104	-0.000017 0.000084	0.000000 0.000000	0.000000 0.000000	0.000726 0.001582	0.000053 0.000267	0.000000 0.000000	0.000202 0.001010	
2 32 100 1.810000	0.028641 0.003316	0.999178 0.000192	0.003943 0.006913	0.000854 0.002967	0.000511 0.002553	0.000462 0.002309	0.000248 0.001241	0.000704 0.003522	0.000524 0.002619	0.000951 0.004545	0.000728 0.002309	
2 32 100 1.820000	0.025356 0.006906	0.999350 0.000360	0.007859 0.006879	-0.000103 0.000517	0.000233 0.001163	0.000823 0.003690	0.000546 0.001692	0.000574 0.001988	0.000398 0.001991	0.000393 0.001163	0.000453 0.003022	
2 32 100 1.830000	0.028357 0.004775	0.999192 0.000266	0.006516 0.009256	0.000674 0.003370	0.000035 0.000176	0.000033 0.000166	0.000025 0.000125	0.000486 0.002329	0.000510 0.001304	0.000875 0.002164	0.001324 0.002401	
2 32 100 1.840000	0.023161 0.006500	0.999458 0.000315	0.005179 0.008181	0.001410 0.004668	0.000317 0.001586	0.001256 0.006279	0.000859 0.002875	0.001060 0.002740	0.000734 0.003668	0.002563 0.007609	0.001163 0.002559	
2 32 100 1.850000	0.025899 0.007239	0.999324 0.000366	0.004047 0.005235	0.000756 0.003782	0.002103 0.006633	0.001887 0.006983	0.000988 0.002335	0.000130 0.000649	0.004083 0.006194	0.001077 0.005384	0.000493 0.001854	
2 32 100 1.860000	0.029204 0.008040	0.999137 0.000450	0.008720 0.001440	0.000684 0.001601	0.000418 0.001275	0.000372 0.001047	0.000000 0.000000	0.000274 0.001064	0.000000 0.000000	0.000477 0.002384	0.000000 0.000000	
2 32 100 1.870000	0.029036 0.009141	0.999147 0.000554	0.007196 0.008985	0.000478 0.002390	0.000000 0.000000	0.000319 0.001867	0.001026 0.003570	0.000735 0.002801	0.001098 0.002689	0.001019 0.004414	0.000000 0.000000	
2 32 100 1.880000	0.031164 0.008961	0.999017 0.000597	0.006062 0.005324	0.000147 0.000735	0.000085 0.000199	0.000392 0.001583	0.000000 0.000000	0.000297 0.001483	0.000335 0.001673	0.000093 0.000466	0.000000 0.000000	
2 32 100 1.890000	0.031827 0.008045	0.998976 0.000512	0.005115 0.004727	0.000000 0.000000	0.000157 0.000783	0.000030 0.000151	0.000000 0.000000	0.000409 0.001148	0.000000 0.000000	0.000486 0.001488	0.000295 0.001477	
2 32 100 1.900000	0.026583 0.008101	0.999285 0.000414	0.005125 0.003799	0.000427 0.001274	0.000649 0.003247	0.002697 0.006926	0.002568 0.007686	0.000691 0.003397	0.000070 0.000350	0.000123 0.000617	0.000202 0.001008	
2 32 100 1.910000	0.025771 0.009334	0.999325 0.000496	0.004653 0.003387	0.000559 0.001993	0.000000 0.000000	0.000282 0.000707	0.000000 0.000000	0.000105 0.000527	0.000980 0.003719	0.000000 0.000000	0.000040 0.000199	
2 32 100 1.920000	0.025547 0.006542	0.999341 0.000327	0.003501 0.008539	0.000084 0.000418	0.000595 0.002273	-0.000044 0.000219	0.000180 0.001569	0.000592 0.001145	0.000000 0.000000	0.000000 0.000000	0.001149 0.005091	
2 32 100 1.930000	0.026832 0.008783	0.999270 0.000450	0.006617 0.005930	0.000034 0.000172	0.000358 0.001789	0.000533 0.002665	-0.000094 0.000470	0.000302 0.001603	0.001892 0.004582	0.000000 0.000000	0.000542 0.001563	
2 32 100 1.940000	0.024690 0.009676	0.999378 0.000437	0.005933 0.008361	0.001560 0.006025	0.001118 0.001949	0.000249 0.000985	0.003045 0.005367	0.000376 0.001422	0.000755 0.002351	0.001686 0.005367	0.000000 0.000000	
2 32 100 1.950000	0.027005 0.009545	0.999257 0.000531	0.007773 0.004129	0.000000 0.000000	0.000536 0.002679	0.000175 0.000831	0.000504 0.002520	0.000453 0.001194	0.001386 0.002551	0.000219 0.001093	0.000115 0.000575	
2 32 100 1.960000	0.024325 0.008322	0.999397 0.000401	0.004375 0.005108	0.000645 0.001735	0.000000 0.000000	0.000000 0.000000	0.000426 0.001931	-0.000127 0.000633	0.000628 0.002260	0.000000 0.000000	0.000000 0.000000	
2 32 100 1.970000	0.021564 0.008542	0.999526 0.000392	0.007724 0.008941	0.000598 0.002051	0.001020 0.005102	0.002075 0.003756	0.000966 0.003234	0.001954 0.006702	0.000544 0.000867	0.001856 0.009280	0.001016 0.003142	
2 32 100 1.980000	0.027726 0.006806	0.999226 0.000384	0.004104 0.008629	0.000588 0.004096	0.001360 0.006969	0.000411 0.002053	0.000783 0.002860	0.001392 0.006787	0.001161 0.005067	0.001068 0.005341	0.002246 0.004683	
2 32 100 1.990000	0.029964 0.007632	0.999093 0.000466	0.006671 0.006515	0.000659 0.003297	0.000000 0.000000	0.000440 0.002199	0.000000 0.000000	0.002157 0.007665	0.000262 0.001311	0.000000 0.000000	0.000000 0.000000	
2 32 100 2.000000	0.023242 0.009504	0.999449 0.000425	0.005723 0.008514	0.001738 0.003715	0.000160 0.000690	0.000123 0.000670	0.000650 0.001823	0.000365 0.001823	0.001919 0.005371	0.000709 0.001742	0.002491 0.007344	
2 32 100 2.010000	0.028211 0.008604	0.999195 0.000474	0.004417 0.004672	-0.000012 0.000062	0.000034 0.000171	0.000214 0.001070	0.001048 0.003486	0.000134 0.000670	0.000000 0.000000	0.000375 0.001874	0.000661 0.001905	
2 32 100 2.020000	0.030976 0.008258	0.999032 0.000523	0.003902 0.005292	0.000451 0.002257	0.000000 0.000000	0.000000 0.000000	0.000285 0.000975	0.000135 0.000674	0.000248 0.000752	0.000038 0.000189	0.000281 0.001406	
2 32 100 2.030000	0.028467 0.009599	0.999179 0.000551	0.005122 0.002048	0.000262 0.001311	0.000000 0.000000	0.000295 0.001474	0.000000 0.000000	0.000805 0.002433	0.001703 0.004467	0.000000 0.000000	0.000964 0.002790	
2 32 100 2.040000	0.027501 0.008658	0.999234 0.000456	0.005688 0.009248	0.000110 0.000551	0.000201 0.001085	0.000006 0.000690	0.000364 0.001822	0.000865 0.004046	0.001716 0.005927	0.001647 0.004569	0.001205 0.002524	
2 32 100 2.050000	0.032028 0.009996	0.998958 0.000616	0.002810 0.007312	0.000644 0.001755	0.000000 0.000000	0.000973 0.004864	0.000440 0.002198	0.000818 0.004091	0.000507 0.001356	0.000968 0.001913	0.000320 0.001399	
2 32 100 2.060000	0.024969 0.008593	0.999368 0.000412	0.003472 0.008271	0.001828 0.005541	0.000075 0.000424	0.000322 0.001791	0.000067 0.000335	0.000457 0.002285	0.000836 0.002884	0.000497 0.002487	0.000434 0.002172	
2 32 100 2.070000	0.029678 0.009093	0.999109 0.000532	0.004777 0.003991	-0.000097 0.000483	0.000660 0.002732	0.000410 0.001517	0.000233 0.000863	0.001125 0.002171	0.000324 0.001619	0.000506 0.002046	0.000339 0.001697	
2 32 100 2.080000	0.027770 0.008025	0.999218 0.000446	0.007351 0.008233	0.000489 0.001982	0.000040 0.000199	-0.000033 0.000166	0.000000 0.000000	0.000000 0.000000	0.000827 0.002424	0.000629 0.003145	0.000344 0.001868	
2 32 100 2.090000	0.024921 0.009675	0.999369 0.000486	0.005495 0.003696	0.001256 0.004143	0.000035 0.000177	0.001688 0.005258	-0.000066 0.000330	0.000681 0.002568	0.001481 0.004109	0.000568 0.002841	0.000607 0.001982	
2 32 100 2.100000	0.024558 0.008960	0.999388 0.000431	0.006655 0.002016	0.000252 0.001261	0.000476 0.002379	0.001226 0.003225	0.000449 0.001682	0.000273 0.001364	0.001425 0.003554	0.000336 0.000884	0.000362 0.001809	
2 32 100 2.110000	0.026202 0.009983	0.999300 0.000509	0.004341 0.006250	0.000438 0.002192	0.001027 0.003450	0.000000 0.000000	0.000932 0.003867	0.000772 0.001773	0.000364 0.003408	0.000581 0.001881	-0.000090 0.000451	
2 32 100 2.120000	0.030283 0.009872	0.999069 0.000617	0.004503 0.006098	-0.000038 0.000190	0.000361 0.001263	0.001242 0.003681	0.000601 0.003006	0.000000 0.000000	0.000000 0.000000	0.000150 0.000752	0.000688 0.003442	
2 32 100 2.130000	0.028371 0.009540	0.999183 0.000574	0.004368 0.007467	0.000748 0.002529	0.000500 0.002492	0.000000 0.000000	0.000680 0.002194	0.001676 0.003479	0.000000 0.000000	0.001463 0.004821	0.001128 0.002969	
2 32 100 2.140000	0.027883 0.009934	0.999209 0.000573	0.006018 0.004299	0.000254 0.001269	0.000000 0.000000	0.000129 0.000643	0.001086 0.003842	0.000613 0.001625	0.000028 0.000142	0.000502 0.002396	0.000000 0.000000	
2 32 100 2.150000	0.025949 0.008441	0.999316 0.000463	0.004068 0.003202	0.000362 0.001810	0.000212 0.001058	0.001189 0.005488	0.000370 0.001851	0.000477 0.001878	0.000478 0.001199	0.000125 0.000874	0.000051 0.000254	
2 32 100 2.160000	0.022898 0.008706	0.999467 0.000385	0.003594 0.009697	0.000371 0.001856	0.000561 0.001988	0.000973 0.003829	0.001497 0.003887	0.000805 0.002382	0.001982 0.005555	0.000000 0.000000	-0.000234 0.001169	
2 32 100 2.170000	0.028372 0.008041	0.999186 0.000486	0.005401 0.005636	0.001253 0.002757	0.000568 0.002030	0.000050 0.000248	0.000000 0.000000	0.000629 0.003145	0.000110 0.000549	0.000000 0.000000	0.001328 0.006640	
2 32 100 2.180000	0.030104 0.009198	0.999085 0.000554	0.005037 0.007441	0.000373 0.001864	0.000000 0.000000	0.000000 0.000000	0.001050 0.005250	0.000000 0.000000	0.000501 0.001324	0.000000 0.000000	0.000796 0.003978	
2 32 100 2.190000	0.029488 0.008492	0.999121 0.000472	0.006533 0.008470	0.000429 0.002145	0.000537 0.002683	0.000667 0.001845	0.000682 0.001965	0.000088 0.000441	0.000778 0.002851	0.000666 0.004292	0.000434 0.002168	
2 32 100 2.200000	0.028514 0.007832	0.999179 0.000441	0.005537 0.006825	0.000149 0.001557	0.000000 0.000000	0.000393 0.001694	0.000519 0.001584	0.000000 0.000000	0.000561 0.002803	0.000716 0.001804	0.000000 0.000000	
2 32 100 2.210000	0.031078 0.008385	0.999025 0.000542	0.005121 0.003533	0.000904 0.001699	0.000473 0.001443	0.000636 0.003178	0.000000 0.000000	0.000995 0.003795	0.000509 0.001930	0.000325 0.001625	0.000000 0.000000	
2 32 100 2.220000	0.024532 0.008821	0.999388 0.000411	0.004538 0.007508	-0.000083 0.000414	0.000238 0.000995	0.000792 0.003959	0.000000 0.000000	0.001198 0.005990	0.002116 0.004976	0.000350 0.001026	0.001296 0.006295	
2 32 100 2.230000	0.023282 0.009333	0.999445 0.000417	0.005631 0.005529	0.000505 0.001424	0.001507 0.004280	0.001074 0.002547	0.000816 0.002410	0.000905 0.004524	0.000045 0.000225	0.000520 0.001349	0.000512 0.001987	
2 32 100 2.240000	0.030830 0.006802	0.999043 0.000398	0.003572 0.007381	0.000000 0.000000	0.000000 0.000000	0.000323 0.001615	0.000279 0.001396	0.000638 0.003190	0.000000 0.000000	0.000000 0.000000	-0.000039 0.000196	
2 32 100 2.250000	0.024108 0.007143	0.999412 0.000346	0.001096 0.002626	0.000385 0.001184	0.001184 0.005919	0.002017 0.007229	0.001536 0.003864	0.001728 0.004911	0.000000 0.000000	0.001905 0.003678	0.000876 0.006230	
2 32 100 2.260000	0.025959 0.009671	0.999312 0.000516	0.003094 0.005773	0.000261 0.001306	0.000886 0.001968	0.000324 0.001621	0.000332 0.001194	0.000457 0.001158	0.000281 0.001405	0.000789 0.003789	0.000691 0.001746	
2 32 100 2.270000	0.026291 0.003538	0.999307 0.000184	0.004773 0.008403	-0.000038 0.000397	0.000387 0.001936	0.000719 0.003120	0.000748 0.003087	0.000150 0.000751	0.001318 0.003064	0.000200 0.000861	0.000219 0.001094	
2 32 100 2.280000	0.027242 0.009703	0.999242 0.000512	0.005094 0.006131	0.000245 0.001224	0.000504 0.001532	0.000170 0.000849	0.000419 0.001214	0.000385 0.001923	0.000069 0.000343	0.000440 0.002199	0.000156 0.000778	
2 32 100 2.290000	0.029405 0.009771	0.999123 0.000574	0.003477 0.008228	0.000238 0.001190	0.001228 0.003211	0.001046 0.005228	0.000129 0.000646	0.000060 0.000300	-0.000039 0.000195	0.000277 0.000846	0.000890 0.004072	
2 32 100 2.300000	0.028774 0.006857	0.999166 0.000388	0.002875 0.007649	0.000792 0.002946	0.000000 0.000000	0.002501 0.008431	0.000658 0.003288	0.000618 0.003092	0.000146 0.000731	0.000000 0.000000	0.001026 0.002946	
2 32 100 2.310000	0.025336 0.007014	0.999350 0.000355	0.006449 0.006966	0.000503 0.001262	0.000038 0.000192	0.001768 0.008842	0.000524 0.001474	0.000000 0.000000	0.000059 0.000203	0.000714 0.001967	0.000172 0.000860	
2 32 100 2.320000	0.023718 0.008060	0.999429 0.000394	0.003918 0.006863	0.000560 0.002799	0.000176 0.000602	0.000174 0.000871	0.001096 0.005482	0.000433 0.001153	0.000284 0.001765	0.000801 0.004003	0.001709 0.007238	
2 32 100 2.330000	0.028576 0.009778	0.999172 0.000526	0.003433 0.007303	0.000263 0.001314	0.000227 0.001134	0.000489 0.002446	0.000519 0.002205	0.000000 0.000000	0.000000 0.000000	0.001436 0.004635	0.000231 0.000583	
2 32 100 2.340000	0.028538 0.009744	0.999175 0.000550	0.002608 0.006677	0.000615 0.003076	0.001712 0.005857	0.000744 0.002898	0.001511 0.005967	0.001203 0.002819	0.001397 0.006986	0.000000 0.000000	0.000164 0.000821	
2 32 100 2.350000	0.023919 0.008663	0.999414 0.000425	0.007071 0.002398	0.000000 0.000000	0.000953 0.004109	0.000524 0.001062	0.000105 0.000527	0.000000 0.000000	0.000585 0.002926	0.000386 0.001391	0.000634 0.002294	
2 32 100 2.360000	0.023405 0.008508	0.999441 0.000396	0.003383 0.005144	0.000670 0.003348	0.002967 0.009712	0.001420 0.007098	0.000994 0.004969	0.000529 0.002643	0.000000 0.000000	0.001488 0.006260	0.000000 0.000000	
2 32 100 2.370000	0.026908 0.007826	0.999267 0.000443	0.005111 0.006308	0.000368 0.001141	0.000000 0.000001	0.000347 0.001733	0.000708 0.002539	0.001000 0.003094	0.000405 0.001377	0.000789 0.002858	0.000884 0.003104	
2 32 100 2.380000	0.028581 0.008143	0.999175 0.000476	0.003535 0.003575	0.000900 0.003398	0.000000 0.000000	0.000476 0.002382	0.000785 0.003924	0.000963 0.003398	0.000000 0.000000	0.000164 0.000820	0.001997 0.005012	
2 32 100 2.390000	0.027746 0.006869	0.999225 0.000375	0.002311 0.004723	0.000238 0.001790	0.000000 0.000000	0.001310 0.002925	0.000736 0.001883	0.000075 0.000377	0.000635 0.003176	0.000644 0.002052	0.000296 0.002377	
2 32 100 2.400000	0.029533 0.008308	0.999118 0.000480	0.006184 0.006719	0.000000 0.000000	0.000185 0.000926	0.001229 0.003773	0.000038 0.000189	0.000442 0.002128	0.000290 0.001739	0.001347 0.002356	0.000129 0.000645	
2 32 100 2.410000	0.030627 0.008440	0.999051 0.000525	0.005118 0.004418	0.000423 0.002117	0.000279 0.000744	0.000158 0.000790	0.000000 0.000000	0.000461 0.001199	0.000000 0.000000	0.000314 0.000888	0.000000 0.000000	
2 32 100 2.420000	0.023071 0.007166	0.999462 0.000323	0.006538 0.005714	0.000332 0.001659	0.000571 0.002857	0.000000 0.000000	0.000541 0.002706	0.001000 0.003100	0.000643 0.003215	0.001544 0.005987	0.000602 0.001626	
2 32 100 2.430000	0.025560 0.009699	0.999335 0.000530	0.004830 0.005761	0.000107 0.000535	0.000176 0.000882	-0.000017 0.000085	-0.000024 0.000121	0.000351 0.002186	0.000000 0.000000	0.000290 0.001449	0.000684 0.001909	
2 32 100 2.440000	0.021334 0.008094	0.999536 0.000351	0.002456 0.005005	0.001817 0.006665	0.001167 0.004527	0.002906 0.008683	0.000117 0.000585	0.000969 0.006507	0.001949 0.005188	-0.000051 0.000352	0.000000 0.000000	
2 32 100 2.450000	0.030593 0.007316	0.999056 0.000453	0.002547 0.006099	0.000197 0.000987	0.000239 0.001197	0.000198 0.000990	0.000239 0.000866	0.000588 0.002938	0.000307 0.001536	0.000678 0.001867	0.000000 0.000000	
2 32 100 2.460000	0.025628 0.009876	0.999331 0.000505	0.002585 0.003766	0.000536 0.001601	0.000986 0.006259	0.000292 0.001462	0.000530 0.000933	0.000399 0.002103	0.000281 0.001746	0.000775 0.003873	0.000134 0.000669	
2 32 100 2.470000	0.026739 0.009210	0.999276 0.000485	0.005416 0.009424	0.000686 0.001603	0.000864 0.002225	0.000000 0.000000	0.000000 0.000000	0.000000 0.000000	0.000353 0.001765	0.000000 0.000000	0.000802 0.003153	
2 32 100 2.480000	0.028107 0.009237	0.999200 0.000498	0.003614 0.006860	0.000644 0.002525	0.002434 0.008838	0.000550 0.002750	0.000653 0.002017	0.000271 0.001355	0.001101 0.003245	0.000430 0.001331	0.001853 0.005091	
2 32 100 2.490000	0.023756 0.008838	0.999428 0.000422	0.004005 0.006501	0.000790 0.003345	0.000020 0.000099	0.000486 0.001966	0.000628 0.001923	0.000099 0.000495	0.000630 0.001950	0.000372 0.001861	0.000983 0.003779	
2 32 100 2.500000	0.032745 0.007807	0.998920 0.000531	0.002450 0.005155	0.000702 0.002194	0.000346 0.001361	0.000000 0.000000	0.000000 0.000000	0.000000 0.000000	0.000000 0.000000	0.000058 0.000291	-0.000012 0.000061	
2 32 100 2.510000	0.032844 0.009035	0.998911 0.000622	0.004149 0.005179	0.000629 0.001828	0.000407 0.002036	0.000000 0.000000	0.000000 0.000000	0.000088 0.000220	0.000435 0.001116	0.000087 0.000436	0.000288 0.001438	
2 32 100 2.520000	0.027337 0.009158	0.999240 0.000498	0.003906 0.005337	0.000144 0.000722	0.000092 0.000461	0.000305 0.001524	0.000421 0.002104	0.000390 0.001949	0.000469 0.002344	0.000107 0.000533	0.000448 0.002242	
2 32 100 2.530000	0.028149 0.009005	0.999198 0.000534	0.006396 0.005454	0.000000 0.000000	0.000917 0.002994	0.000245 0.001227	0.000000 0.000000	-0.000130 0.000650	0.000000 0.000000	0.000666 0.002758	0.000671 0.002137	
2 32 100 2.540000	0.028600 0.007084	0.999175 0.000402	0.002116 0.003749	-0.000004 0.000018	-0.000029 0.000145	0.000022 0.000110	0.000000 0.000000	0.000092 0.000461	0.000233 0.001163	0.000924 0.004621	0.000000 0.000000	
2 32 100 2.550000	0.026908 0.009531	0.999265 0.000508	0.007186 0.004621	0.000989 0.004808	0.000150 0.000749	0.000000 0.000000	0.000000 0.000000	0.000000 0.000000	0.000539 0.002127	0.001097 0.005484	0.000000 0.000000	
2 32 100 2.560000	0.026994 0.008375	0.999260 0.000445	0.004305 0.001495	0.000000 0.000000	0.000103 0.000517	0.000254 0.001268	0.000000 0.000000	0.000000 0.000000	0.000000 0.000000	0.000000 0.000000	0.000087 0.000368	
2 32 100 2.570000	0.028367 0.008713	0.999185 0.000527	0.004297 0.005864	0.000000 0.000000	0.000333 0.001666	0.000904 0.004519	0.000214 0.000671	0.001621 0.006703	0.000000 0.000000	0.000127 0.000636	0.000382 0.001912	
2 32 100 2.580000	0.030514 0.007393	0.999062 0.000446	0.004112 0.006844	0.000000 0.000000	0.000178 0.000891	0.000155 0.000591	0.000416 0.002081	-0.000042 0.000211	0.000855 0.002810	0.000000 0.000000	0.000721 0.002461	
2 32 100 2.590000	0.027011 0.008829	0.999261 0.000458	0.003684 0.005912	0.000255 0.001274	0.000787 0.003646	0.000000 0.000000	0.000930 0.003378	0.000573 0.002119	0.000000 0.000000	0.000000 0.000000	0.000194 0.000970	
2 32 100 2.600000	0.026820 0.009478	0.999268 0.000514	0.007144 0.006037	0.001014 0.004781	0.000970 0.002130	0.000000 0.000000	0.000000 0.000000	0.000398 0.001992	0.000692 0.003458	0.000460 0.002299	0.000265 0.002138	
2 32 100 2.610000	0.026588 0.009211	0.999284 0.000498	0.004196 0.003106	0.000312 0.000980	0.000338 0.001848	0.000354 0.002011	0.000121 0.000604	0.000179 0.001032	0.000897 0.002465	0.000247 0.001236	0.000115 0.000575	
2 32 100 2.620000	0.024488 0.009524	0.999388 0.000479	0.002910 0.005371	0.000861 0.004307	0.000785 0.002814	0.001153 0.003229	0.000000 0.000000	0.001074 0.004129	0.000000 0.000000	0.000000 0.000000	0.000000 0.000000	
2 32 100 2.630000	0.028412 0.009350	0.999183 0.000505	0.005937 0.008764	0.001491 0.002797	0.000000 0.000000	0.000178 0.000888	0.001428 0.003358	-0.000012 0.000058	0.000594 0.002862	0.000107 0.000360	0.000669 0.002458	
2 32 100 2.640000	0.027334 0.009256	0.999241 0.000548	0.004191 0.005761	0.000051 0.000257	0.000742 0.002462	0.000306 0.000846	0.000466 0.001956	0.001426 0.003758	0.000395 0.001354	0.000271 0.001353	-0.000024 0.000118	
2 32 100 2.650000	0.030000 0.009175	0.999091 0.000563	0.002296 0.008093	0.000513 0.003085	0.000310 0.004238	0.001017 0.001840	0.001585 0.004799	0.001691 0.004439	0.001172 0.003029	0.000000 0.000000	0.003104 0.008745	
2 32 100 2.660000	0.032218 0.009767	0.998950 0.000654	0.004238 0.008729	0.000000 0.000000	0.000438 0.001578	0.000238 0.001189	0.000446 0.001312	-0.000165 0.000825	0.000838 0.003332	0.000828 0.002236	0.000468 0.002340	
2 32 100 2.670000	0.019140 0.007336	0.999627 0.000282	0.007282 0.009760	0.000584 0.007960	0.000978 0.003466	0.000285 0.001425	0.003204 0.007412	0.000300 0.007823	0.000000 0.000000	0.002490 0.009266	0.002437 0.007343	
2 32 100 2.680000	0.023963 0.009691	0.999412 0.000479	0.004032 0.005621	0.001697 0.003315	0.001121 0.004542	0.000640 0.002515	0.000030 0.000148	0.001926 0.009628	0.000924 0.004620	0.001670 0.005895	0.000154 0.000768	
2 32 100 2.690000	0.031894 0.009235	0.998971 0.000619	0.002877 0.008791	0.001269 0.003224	0.000434 0.002172	-0.000133 0.000776	0.000377 0.001886	0.000000 0.000000	0.001021 0.007253	0.000319 0.001596	0.000958 0.004789	
2 32 100 2.700000	0.028463 0.008686	0.999175 0.000491	0.003350 0.001977	0.000396 0.001395	0.001439 0.006330	0.000639 0.002951	0.000173 0.000866	0.000000 0.000000	0.000671 0.002932	0.000441 0.002207	0.000303 0.001513	
2 32 100 2.710000	0.023517 0.006869	0.999441 0.000318	0.001494 0.002238	0.000000 0.000000	0.000325 0.001627	0.000611 0.003055	0.000485 0.002681	-0.000076 0.000379	0.000181 0.000907	0.000260 0.001302	0.001530 0.004198	
2 32 100 2.720000	0.027282 0.009509	0.999246 0.000520	0.005365 0.007549	0.000030 0.000150	0.000071 0.000282	0.000269 0.001346	0.000000 0.000000	0.000614 0.003072	0.000941 0.002467	0.000306 0.001529	0.000000 0.000000	
2 32 100 2.730000	0.027399 0.007041	0.999240 0.000387	0.004201 0.008204	0.001300 0.005925	0.000366 0.001057	0.000165 0.000539	-0.000050 0.000248	0.000728 0.003639	0.000715 0.003573	0.000409 0.001267	0.001017 0.002747	
2 32 100 2.740000	0.028374 0.006436	0.999190 0.000371	0.002128 0.006285	0.000276 0.001382	0.001346 0.002681	0.000000 0.000000	0.000572 0.002862	0.001048 0.003052	0.000000 0.000000	0.000895 0.004026	0.001086 0.001941	
2 32 100 2.750000	0.025378 0.008875	0.999343 0.000432	0.001822 0.003481	0.000000 0.000000	0.000352 0.001759	0.000616 0.002693	0.000189 0.000946	0.000000 0.000000	0.000303 0.001032	0.000832 0.002524	0.000388 0.001941	
2 32 100 2.760000	0.025311 0.008850	0.999346 0.000454	0.003483 0.007465	0.001128 0.004777	-0.000149 0.000747	0.000889 0.003492	0.002196 0.007065	0.000540 0.002185	0.001224 0.004573	0.001396 0.009264	-0.000138 0.000689	
2 32 100 2.770000	0.026731 0.007169	0.999280 0.000388	0.005476 0.005539	0.000000 0.000000	0.000000 0.000000	0.001155 0.003159	0.000683 0.002967	0.000762 0.002764	0.000309 0.001545	0.000651 0.003096	0.000000 0.000002	
2 32 100 2.780000	0.028688 0.008336	0.999169 0.000488	0.003449 0.005130	0.000169 0.000846	0.001919 0.003590	0.000000 0.000000	0.000000 0.000000	0.001364 0.005133	0.000000 0.000000	0.000682 0.003408	0.000248 0.001010	
2 32 100 2.790000	0.031102 0.008927	0.999019 0.000564	0.001613 0.002922	0.000070 0.000351	0.000200 0.001002	0.000088 0.000438	0.000761 0.002411	0.001624 0.005152	0.000000 0.000000	0.000244 0.001221	0.000449 0.001448	
2 32 100 2.800000	0.029269 0.009615	0.999133 0.000587	0.003525 0.003246	0.000690 0.002894	0.000236 0.001182	0.000717 0.002446	0.000000 0.000000	0.000547 0.001480	0.000165 0.000827	0.000151 0.000754	0.000388 0.001240	
2 32 100 2.810000	0.034283 0.006806	0.998819 0.000466	0.003492 0.006631	0.000502 0.002510	0.000485 0.000932	0.000683 0.003415	-0.000002 0.000011	0.000495 0.002475	0.000303 0.001754	0.000000 0.000000	0.001297 0.003316	
2 32 100 2.820000	0.032432 0.009320	0.998934 0.000631	0.003920 0.008058	0.000752 0.002312	0.000482 0.002411	0.000986 0.001678	0.001130 0.004830	0.000000 0.000000	0.000559 0.002795	0.000171 0.002044	0.001152 0.003516	
2 32 100 2.830000	0.024316 0.005708	0.999404 0.000277	0.003070 0.004990	0.000556 0.002519	0.000486 0.003221	0.000000 0.000000	0.000254 0.001268	0.000876 0.002323	0.001322 0.003551	0.001920 0.007197	0.000220 0.001099	
2 32 100 2.840000	0.031409 0.004979	0.999010 0.000316	0.001877 0.005289	0.001480 0.007399	0.001160 0.003163	0.000909 0.002110	0.000684 0.002540	0.001113 0.002796	0.001401 0.005223	0.001323 0.005793	0.000555 0.001979	
2 32 100 2.850000	0.030476 0.008237	0.999064 0.000491	0.002029 0.005096	0.000307 0.001533	0.001077 0.002455	0.000000 0.000000	0.000000 0.000000	-0.000045 0.000224	0.000000 0.000000	0.000990 0.003875	0.000524 0.001256	
2 32 100 2.860000	0.027111 0.009447	0.999254 0.000479	0.005189 0.004496	0.000000 0.000000	0.000181 0.000494	0.000592 0.002279	0.000376 0.001878	0.000000 0.000000	0.000232 0.001052	-0.000035 0.000088	0.001314 0.002796	
2 32 100 2.870000	0.027224 0.005809	0.999254 0.000308	0.001792 0.004137	-0.000172 0.001289	0.000120 0.000601	0.000593 0.002965	0.000909 0.004546	0.001201 0.003151	0.000297 0.001486	0.000403 0.002017	0.000437 0.002185	
2 32 100 2.880000	0.032050 0.008116	0.998963 0.000510	0.002964 0.008878	0.000906 0.004528	-0.000061 0.000304	0.000099 0.000669	0.003193 0.008473	0.000000 0.000000	0.000437 0.001427	0.000310 0.001550	0.001347 0.006404	
2 32 100 2.890000	0.028028 0.009101	0.999204 0.000522	0.002474 0.005838	0.000296 0.001261	0.000697 0.002659	0.000927 0.002467	0.000090 0.000449	0.000686 0.003152	-0.000051 0.000256	0.000923 0.003079	0.000118 0.000590	
2 32 100 2.900000	0.028153 0.009929	0.999193 0.000550	0.003439 0.009349	0.000948 0.003192	0.000907 0.004536	0.000000 0.000000	0.001314 0.004034	0.000963 0.003134	0.000482 0.002410	0.000244 0.001219	0.000107 0.000536	
2 32 100 2.910000	0.030841 0.009027	0.999040 0.000547	0.003005 0.004068	0.000490 0.002448	0.000263 0.001314	0.000634 0.003152	0.000005 0.000024	0.000000 0.000000	0.000030 0.000148	0.000506 0.001414	0.000000 0.000000	
2 32 100 2.920000	0.030727 0.008892	0.999045 0.000538	0.003020 0.007745	0.000563 0.002813	-0.000005 0.001587	0.000000 0.000000	0.001069 0.003167	0.000000 0.000000	0.000477 0.002387	0.000434 0.002168	0.000931 0.003408	
2 32 100 2.930000	0.029887 0.008686	0.999097 0.000524	0.003768 0.003963	0.000000 0.000000	0.000000 0.000000	0.000759 0.002869	0.000330 0.001305	0.000370 0.001448	0.000183 0.000916	0.001234 0.002441	0.000000 0.000000	
2 32 100 2.940000	0.031711 0.009453	0.998982 0.000596	0.001911 0.004651	0.000441 0.002203	0.000000 0.000000	0.000321 0.001607	0.000518 0.001403	-0.000047 0.000234	0.000683 0.002488	0.000069 0.000346	0.000362 0.001808	
2 32 100 2.950000	0.027887 0.008996	0.999210 0.000474	0.004209 0.009337	0.000130 0.000537	0.001299 0.004448	0.000551 0.002757	0.000486 0.002428	0.000498 0.002366	-0.000238 0.001189	0.000862 0.004238	0.000023 0.000116	
2 32 100 2.960000	0.028882 0.009910	0.999152 0.000589	0.003086 0.004874	0.000277 0.001385	0.000172 0.000859	0.000339 0.001693	0.000075 0.000377	0.000000 0.000000	0.000116 0.000580	0.000550 0.002752	0.000317 0.001586	
2 32 100 2.970000	0.032120 0.009899	0.998955 0.000669	0.000994 0.003910	0.000653 0.003097	0.000665 0.002006	0.000000 0.000000	0.000146 0.000730	0.000000 0.000000	0.000258 0.001289	0.000343 0.001505	0.001254 0.003181	
2 32 100 2.980000	0.021161 0.007507	0.999544 0.000315	0.002888 0.007788	0.001752 0.004476	0.001692 0.003842	0.000379 0.001150	0.000967 0.002137	0.002130 0.006920	0.000604 0.003020	0.001997 0.008015	0.000530 0.001934	
2 32 100 2.990000	0.021161 0.007507	0.999544 0.000315	0.002888 0.007788	0.001752 0.004476	0.001692 0.003842	0.000379 0.001150	0.000967 0.002137	0.002130 0.006920	0.000604 0.003020	0.001997 0.008015	0.000530 0.001934	
2 32 100 3.000000	0.030615 0.009041	0.999053 0.000528	0.001736 0.005183	0.000540 0.002699	0.002018 0.003504	0.001132 0.005659	0.000742 0.002114	0.000468 0.002255	-0.000290 0.001448	-0.000128 0.004066	0.000533 0.003435	
2 32 100 3.010000	0.027468 0.009424	0.999235 0.000541	0.001284 0.003087	0.001113 0.002876	0.000000 0.000000	0.000000 0.000000	0.000000 0.000000	0.000489 0.002838	-0.000022 0.000109	0.001798 0.004543	0.000742 0.002148	
2 32 100 3.020000	0.027011 0.007362	0.999264 0.000393	0.002611 0.004333	0.000406 0.002028	-0.000022 0.000109	0.000000 0.000000	0.000081 0.001131	0.000648 0.002426	0.000382 0.001351	0.001627 0.004275	0.000657 0.003283	
2 32 100 3.030000	0.024975 0.009480	0.999363 0.000455	0.005948 0.004912	0.001148 0.002380	0.000000 0.000000	0.000289 0.001447	0.000000 0.000000	0.000867 0.002882	0.000398 0.001988	0.001083 0.003023	0.000155 0.000774	
2 32 100 3.040000	0.023897 0.008820	0.999415 0.000424	0.001611 0.002929	0.000000 0.000000	0.000436 0.001648	0.001593 0.004310	0.000537 0.002519	0.000740 0.003702	0.000408 0.002042	0.000876 0.004215	0.000000 0.000000	
2 32 100 3.050000	0.028395 0.009472	0.999180 0.000533	0.002797 0.005922	0.000645 0.001915	0.001862 0.003888	0.000853 0.004264	0.001567 0.007833	0.000000 0.000000	0.000407 0.003767	0.000108 0.002897	0.001159 0.003120	
2 32 100 3.060000	0.030078 0.008790	0.999084 0.000514	0.001302 0.002475	0.000274 0.001369	0.000075 0.000373	0.000585 0.002641	0.000881 0.003561	0.000566 0.002224	0.000487 0.002434	0.000000 0.000000	0.000000 0.000000	
2 32 100 3.070000	0.032766 0.008344	0.998916 0.000541	0.001412 0.003966	0.001631 0.005244	0.001036 0.005182	0.001465 0.007324	0.000650 0.003249	0.000637 0.002811	0.000000 0.000000	-0.000057 0.000287	0.000512 0.001916	
2 32 100 3.080000	0.027198 0.009052	0.999247 0.000497	0.002594 0.003454	0.000464 0.001297	0.000902 0.003645	0.000000 0.000000	0.000022 0.000596	-0.000002 0.000011	0.000207 0.001506	0.000000 0.000000	0.001139 0.004707	
2 32 100 3.090000	0.030054 0.009904	0.999087 0.000601	0.003387 0.003738	0.000000 0.000000	0.000062 0.000311	0.000493 0.002463	0.000000 0.000000	0.000000 0.000000	0.000000 0.000000	0.000000 0.000000	0.000204 0.001022	
2 32 100 3.100000	0.029046 0.006166	0.999149 0.000362	0.002756 0.006682	0.001589 0.003700	0.000000 0.000000	0.000313 0.002113	0.001264 0.006320	-0.000051 0.001666	0.001608 0.004361	0.000000 0.000000	0.000531 0.002656	
2 32 100 3.110000	0.028750 0.009951	0.999160 0.000578	0.002563 0.006746	0.000000 0.000000	0.000795 0.002233	0.000144 0.000720	0.000693 0.001953	0.000231 0.001156	0.000257 0.001587	0.000000 0.000000	0.001012 0.003428	
2 32 100 3.120000	0.028462 0.005495	0.999186 0.000310	0.003355 0.005764	0.000110 0.000548	0.000495 0.001781	0.000000 0.000000	0.000000 0.000000	0.000106 0.000531	0.000510 0.001392	0.000000 0.000000	0.000775 0.002931	
2 32 100 3.130000	0.028901 0.008303	0.999157 0.000498	0.003167 0.007074	0.001712 0.006306	0.001926 0.005296	0.000894 0.004306	0.001566 0.003555	0.000211 0.003100	0.000000 0.000000	0.000148 0.000740	0.000190 0.000951	
2 32 100 3.140000	0.028881 0.009040	0.999155 0.000549	0.002607 0.003649	0.000000 0.000000	0.001384 0.004590	0.000000 0.000000	0.000301 0.001507	0.001248 0.003227	0.000280 0.001398	0.000463 0.002315	0.000433 0.002166	
2 32 100 3.150000	0.024962 0.007574	0.999371 0.000378	0.004311 0.007488	0.001203 0.004176	0.000221 0.001107	0.000432 0.001468	0.000239 0.001193	0.001070 0.003805	0.000419 0.002094	0.000153 0.001342	0.000874 0.002846	
2 32 100 3.160000	0.028638 0.008010	0.999170 0.000479	0.001810 0.004315	0.001387 0.005377	0.001105 0.002637	0.000333 0.001065	0.000538 0.002690	0.000000 0.000000	0.000196 0.000981	0.000000 0.000000	0.000147 0.000734	
2 32 100 3.170000	0.028886 0.008908	0.999155 0.000535	0.002203 0.004715	0.000182 0.001382	0.000404 0.002022	0.000000 0.000000	0.001288 0.003572	0.000000 0.000000	0.001153 0.003767	0.000706 0.003565	0.000159 0.000794	
2 32 100 3.180000	0.026345 0.009550	0.999290 0.000518	0.003696 0.008550	0.001465 0.003211	0.000821 0.002405	0.000000 0.000000	0.000007 0.000037	0.000156 0.000782	0.000292 0.001460	0.000121 0.000604	-0.000059 0.000297	
2 32 100 3.190000	0.033235 0.009944	0.998882 0.000683	0.002729 0.006767	0.000329 0.001875	0.001369 0.003897	0.000403 0.001105	0.001242 0.003591	0.000443 0.001342	0.000048 0.000238	0.000056 0.000282	0.000197 0.000874	
2 32 100 3.200000	0.030752 0.008188	0.999042 0.000494	0.002166 0.005661	0.001848 0.003484	0.000640 0.002537	0.000000 0.000000	0.000000 0.000000	0.002491 0.006505	0.001243 0.002636	-0.000080 0.000400	0.001138 0.003193	
2 32 100 3.210000	0.029706 0.009106	0.999106 0.000548	0.002578 0.005688	0.001010 0.002158	0.000638 0.002510	0.000000 0.000000	0.000000 0.000000	0.002289 0.005964	0.001835 0.005480	0.000175 0.000877	0.001032 0.002268	
2 32 100 3.220000	0.030298 0.008372	0.999074 0.000523	0.003020 0.006647	0.000258 0.001005	0.000348 0.001739	0.000371 0.001399	0.000000 0.000000	0.000135 0.000676	0.000574 0.001794	0.000000 0.000000	0.000000 0.000000	
2 32 100 3.230000	0.030331 0.008212	0.999069 0.000500	0.004182 0.007909	0.000406 0.002030	-0.000017 0.000084	0.000000 0.000000	0.000898 0.004489	0.000650 0.003770	0.000000 0.000000	0.000117 0.000585	0.000870 0.003766	
2 32 100 3.240000	0.028558 0.008778	0.999174 0.000485	0.003752 0.006282	0.000144 0.000722	0.000548 0.001690	0.000146 0.000731	0.000000 0.000000	0.000000 0.000000	0.000000 0.000000	0.000739 0.002009	0.000307 0.001534	
2 32 100 3.250000	0.028021 0.008888	0.999205 0.000485	0.001743 0.003786	-0.000012 0.001850	0.000000 0.000000	0.000218 0.001603	0.000000 0.000000	-0.000054 0.000270	0.001320 0.006600	0.001155 0.004584	0.000372 0.001886	
2 32 100 3.260000	0.024992 0.009658	0.999365 0.000476	0.002996 0.003993	0.000000 0.000000	0.000568 0.002841	0.000000 0.000000	0.000000 0.000000	0.001675 0.004361	0.000384 0.003793	0.000240 0.001198	0.000000 0.000000	
2 32 100 3.270000	0.026839 0.009885	0.999269 0.000519	0.000960 0.002739	0.002551 0.007858	0.000388 0.001939	0.000152 0.000762	0.000765 0.002161	0.001244 0.002457	0.001068 0.004899	0.000504 0.001480	0.000505 0.002525	
2 32 100 3.280000	0.028580 0.008651	0.999172 0.000519	0.002566 0.003200	0.000674 0.003369	0.000000 0.000000	0.000345 0.001725	0.000440 0.001230	0.000493 0.003050	-0.000114 0.000572	0.000000 0.000000	0.000089 0.000443	
2 32 100 3.290000	0.027592 0.009231	0.999224 0.000520	0.003233 0.005340	0.000667 0.002592	0.000000 0.000000	0.000179 0.000897	0.001562 0.005452	0.000592 0.001977	0.000597 0.002028	0.000250 0.001147	0.001197 0.005989	
2 32 100 3.300000	0.025692 0.006024	0.999334 0.000311	0.004438 0.006519	0.001339 0.004063	0.001687 0.004852	0.001026 0.005195	0.000189 0.000946	0.000652 0.002316	0.000457 0.003926	0.001465 0.005449	0.000490 0.002448	
2 32 100 3.310000	0.026953 0.008287	0.999265 0.000437	0.002631 0.004437	0.000000 0.000000	0.000448 0.001439	0.000518 0.001940	0.000119 0.000595	0.000070 0.000820	0.000759 0.003795	0.000000 0.000000	0.000000 0.000000	
2 32 100 3.320000	0.026530 0.009602	0.999286 0.000512	0.001093 0.002017	0.000375 0.001505	0.000189 0.000947	0.000479 0.001700	0.000094 0.000469	0.000923 0.002119	0.000712 0.003560	0.000144 0.000720	0.000115 0.000576	
2 32 100 3.330000	0.031387 0.006225	0.999010 0.000405	0.001814 0.003787	0.000345 0.001724	0.000405 0.001812	0.000297 0.001485	0.000000 0.000000	0.000000 0.000000	0.000181 0.000906	0.000000 0.000000	0.000000 0.000000	
2 32 100 3.340000	0.030130 0.007104	0.999082 0.000429	0.002001 0.004077	0.000198 0.000990	0.001958 0.005208	0.000747 0.003665	0.000908 0.004542	0.001084 0.005418	0.000339 0.001272	0.000905 0.003928	0.001688 0.003549	
2 32 100 3.350000	0.022732 0.006385	0.999478 0.000292	0.006212 0.008623	0.000263 0.005328	0.001315 0.003322	0.001395 0.006976	0.002272 0.006318	0.001783 0.004570	0.001178 0.004539	-0.000300 0.001499	0.000000 0.000000	
2 32 100 3.360000	0.032637 0.009616	0.998922 0.000632	0.003323 0.002908	0.000051 0.000253	0.000000 0.000000	0.000000 0.000000	0.000876 0.002295	0.000712 0.002569	0.000000 0.000000	0.000093 0.000464	0.000000 0.000000	
2 32 100 3.370000	0.025616 0.009795	0.999330 0.000521	0.002625 0.004648	0.001411 0.004297	0.001010 0.005048	0.000964 0.004818	0.000662 0.003309	0.000306 0.000985	0.000937 0.003596	0.000820 0.003573	0.000000 0.000000	
2 32 100 3.380000	0.027761 0.009743	0.999217 0.000557	0.002894 0.003578	0.000216 0.001080	0.000376 0.001882	0.000000 0.000000	0.000043 0.000215	0.000471 0.001520	0.000000 0.000000	0.000000 0.000000	0.000641 0.002019	
2 32 100 3.390000	0.028043 0.009033	0.999203 0.000477	0.002360 0.004574	0.000000 0.000000	0.000059 0.001231	0.000617 0.003085	0.000018 0.000091	0.000112 0.000561	0.000484 0.002418	0.000000 0.000000	0.000308 0.001538	
2 32 100 3.400000	0.026910 0.009114	0.999265 0.000478	0.002087 0.004562	0.000104 0.000394	0.000729 0.002261	0.001688 0.004767	0.000000 0.000000	0.001185 0.003482	0.000637 0.004298	0.000553 0.002451	0.000552 0.002762	
2 32 100 3.410000	0.028935 0.008210	0.999153 0.000463	0.000566 0.001901	0.000000 0.000000	0.000713 0.002296	0.000564 0.001695	-0.000069 0.000345	0.000000 0.000000	0.000000 0.000000	0.000078 0.000390	0.000601 0.003006	
2 32 100 3.420000	0.028168 0.008470	0.999198 0.000482	0.001222 0.003461	0.000610 0.002138	0.000000 0.000000	0.000073 0.000366	0.000046 0.000230	0.000199 0.000995	0.000066 0.000240	0.000000 0.000000	0.000993 0.004965	
2 32 100 3.430000	0.025322 0.006188	0.999352 0.000306	0.001803 0.004518	0.001076 0.002392	0.002162 0.007349	0.001276 0.005899	-0.000004 0.000019	0.001619 0.004913	0.000000 0.000000	0.002109 0.007127	0.002218 0.006900	
2 32 100 3.440000	0.023112 0.007362	0.999460 0.000337	0.001220 0.003440	0.000277 0.001387	0.000015 0.000076	0.000554 0.001759	0.000708 0.003540	0.001178 0.003933	0.000128 0.000629	0.001121 0.003594	0.002002 0.006768	
2 32 100 3.450000	0.024649 0.008031	0.999385 0.000379	0.000343 0.001831	0.001128 0.002946	0.000293 0.000994	0.000855 0.002924	0.000355 0.000973	0.000850 0.003992	0.000341 0.001377	0.000355 0.001774	0.000477 0.003626	
2 32 100 3.460000	0.025434 0.007302	0.999345 0.000379	0.002515 0.009157	0.002082 0.008628	0.000367 0.001836	0.000966 0.002658	0.000116 0.000581	0.000830 0.004148	0.000000 0.000000	0.002504 0.006119	0.000859 0.004842	
2 32 100 3.470000	0.025434 0.007302	0.999345 0.000379	0.002515 0.009157	0.002082 0.008628	0.000367 0.001836	0.000966 0.002658	0.000116 0.000581	0.000830 0.004148	0.000000 0.000000	0.002504 0.006119	0.000859 0.004842	
2 32 100 3.480000	0.025254 0.008830	0.999352 0.000435	0.005159 0.008671	0.000876 0.003236	0.000237 0.001224	0.001013 0.002439	0.000502 0.002511	0.001165 0.003084	0.000285 0.001480	0.000211 0.001057	0.000044 0.000219	
2 32 100 3.490000	0.024157 0.008210	0.999404 0.000396	0.005031 0.006619	0.000401 0.001336	0.001265 0.003591	0.000070 0.000350	0.001363 0.005917	0.000042 0.000209	0.000736 0.002738	0.000897 0.002369	0.000000 0.000000	
2 32 100 3.500000	0.029632 0.004760	0.999119 0.000280	0.003867 0.005358	-0.000032 0.000463	0.000113 0.000566	0.000764 0.002125	0.000565 0.001569	0.000129 0.000996	0.000000 0.000000	0.000000 0.000000	0.000490 0.002299	
2 32 100 3.510000	0.021712 0.008779	0.999520 0.000375	0.005044 0.007758	0.000637 0.003183	0.001904 0.005283	0.001582 0.004792	0.001751 0.004889	0.000896 0.003704	0.001254 0.006270	0.004262 0.008114	0.000851 0.003047	
2 32 100 3.520000	0.030439 0.008580	0.999062 0.000513	0.002491 0.002916	0.000384 0.001921	0.000142 0.000712	0.000000 0.000000	0.000000 0.000000	0.000000 0.000000	0.000166 0.000828	0.000261 0.001304	0.000261 0.000830	
2 32 100 3.530000	0.026103 0.003490	0.999317 0.000181	0.004571 0.006136	0.000111 0.000557	0.000961 0.003616	0.000230 0.001150	0.000649 0.003245	0.000481 0.002407	0.000453 0.001709	0.000047 0.000237	0.000757 0.003632	
2 32 100 3.540000	0.030089 0.005047	0.999091 0.000306	0.003561 0.007990	0.000151 0.000756	0.001617 0.004251	0.000880 0.004401	0.000409 0.001387	0.001931 0.005566	0.000771 0.003853	0.001053 0.003715	0.001024 0.005122	
2 32 100 3.550000	0.027371 0.008938	0.999234 0.000476	0.002672 0.005840	0.000513 0.001485	0.000000 0.000000	0.000238 0.001190	0.000156 0.000780	0.000081 0.000353	0.000037 0.000185	0.000352 0.001761	0.000360 0.001223	
2 32 100 3.560000	0.028515 0.009179	0.999175 0.000537	0.003000 0.006935	0.000558 0.002792	0.000000 0.000000	0.000575 0.001857	0.000000 0.000000	0.000620 0.003099	0.000000 0.000000	0.000240 0.001956	0.000146 0.000732	
2 32 100 3.570000	0.023951 0.006856	0.999419 0.000332	0.002264 0.006236	0.000876 0.004032	0.000589 0.002945	0.001536 0.007680	0.000419 0.002093	0.000000 0.000000	0.000261 0.001304	0.001338 0.005740	0.000816 0.001732	
2 32 100 3.580000	0.026479 0.009018	0.999288 0.000454	0.003315 0.006363	0.000000 0.000000	0.000620 0.001997	0.000328 0.001642	0.000378 0.001892	0.000884 0.003955	0.000130 0.000651	0.000903 0.003085	0.000747 0.003733	
2 32 100 3.590000	0.034331 0.006997	0.998815 0.000473	0.002639 0.004819	0.000329 0.000885	0.000415 0.002075	0.000559 0.001530	0.000542 0.002710	0.000000 0.000000	0.000411 0.002057	0.000000 0.000000	0.000293 0.001465	
2 32 100 3.600000	0.028057 0.009880	0.999199 0.000602	0.003059 0.002841	0.000000 0.000000	0.000305 0.001523	0.000576 0.002176	0.001100 0.003198	0.000431 0.001085	0.000217 0.001085	0.000175 0.002288	0.000547 0.001650	
2 32 100 3.610000	0.028764 0.006562	0.999166 0.000390	0.003761 0.004110	0.000217 0.001039	0.000000 0.000000	0.001063 0.004002	0.000104 0.000518	0.000342 0.001712	0.000135 0.000676	0.000000 0.000000	0.000104 0.000518	
2 32 100 3.620000	0.028065 0.007807	0.999206 0.000442	0.001209 0.002122	0.000515 0.002576	0.000732 0.003885	0.000000 0.000000	0.000261 0.001304	0.000146 0.000765	0.000257 0.001394	0.000000 0.000000	0.000398 0.002338	
2 32 100 3.630000	0.025384 0.008886	0.999346 0.000450	0.002220 0.004336	0.001230 0.006149	0.000296 0.002108	0.001340 0.003190	0.000449 0.001216	0.000456 0.001464	0.000810 0.003009	0.000730 0.002186	0.000000 0.000000	
2 32 100 3.640000	0.025384 0.008886	0.999346 0.000450	0.002220 0.004336	0.001230 0.006149	0.000296 0.002108	0.001340 0.003190	0.000449 0.001216	0.000456 0.001464	0.000810 0.003009	0.000730 0.002186	0.000000 0.000000	
2 32 100 3.650000	0.026925 0.005488	0.999271 0.000294	0.006334 0.008003	0.000446 0.002231	0.000000 0.000000	0.000501 0.003835	0.000008 0.000041	0.002960 0.008754	0.000271 0.001356	0.000468 0.001198	0.000285 0.001426	
2 32 100 3.660000	0.030327 0.009084	0.999070 0.000531	0.001397 0.001956	0.000000 0.000000	0.000846 0.002796	0.000095 0.000476	0.000147 0.000737	0.000000 0.000000	0.000033 0.000167	0.000419 0.002094	0.000097 0.000485	
2 32 100 3.670000	0.025761 0.007070	0.999330 0.000380	0.002579 0.005830	0.000174 0.000868	0.000907 0.004536	0.000508 0.001333	0.000000 0.000000	0.000971 0.004156	0.000799 0.003993	0.000379 0.001468	0.000000 0.000000	
2 32 100 3.680000	0.024504 0.008415	0.999391 0.000399	0.002710 0.005693	0.003722 0.009103	0.000342 0.003552	0.000797 0.002039	0.000000 0.000000	0.000074 0.000370	0.001584 0.007920	0.000000 0.000000	0.001197 0.005985	
2 32 100 3.690000	0.026052 0.009256	0.999312 0.000493	0.002185 0.007466	0.000000 0.000000	0.000152 0.000758	0.000095 0.001918	0.000714 0.002292	0.000152 0.000758	0.000805 0.002379	0.000152 0.000758	0.000132 0.000659	
2 32 100 3.700000	0.025810 0.009342	0.999322 0.000495	0.002192 0.003898	0.001638 0.006094	0.000040 0.000200	0.000281 0.001407	0.000083 0.000414	0.000936 0.002724	0.000686 0.004723	0.000000 0.000000	0.000096 0.000482	
2 32 100 3.710000	0.024764 0.009628	0.999376 0.000496	0.002221 0.004136	0.001194 0.002459	0.001137 0.003329	0.000570 0.001585	0.000000 0.000000	0.000863 0.002481	0.000123 0.000613	0.000700 0.003344	0.000000 0.000000	
2 32 100 3.720000	0.030153 0.008552	0.999082 0.000539	0.002351 0.002127	0.000000 0.000000	0.000312 0.001319	0.000180 0.000902	0.000000 0.000000	0.000051 0.000255	0.001230 0.002393	0.000476 0.002381	0.000253 0.001267	
2 32 100 3.730000	0.028464 0.009344	0.999180 0.000552	0.003520 0.003725	0.000350 0.001248	0.000000 0.000000	0.000111 0.000537	0.000223 0.001116	0.000058 0.000289	0.000240 0.001199	0.000203 0.000790	0.000000 0.000000	
2 32 100 3.740000	0.028069 0.009506	0.999202 0.000559	0.003840 0.003964	0.000533 0.002664	0.000246 0.001228	0.000303 0.001129	0.001196 0.004012	0.000470 0.002105	-0.000017 0.000087	0.000923 0.003411	0.000866 0.004331	
2 32 100 3.750000	0.026700 0.008811	0.999274 0.000471	0.005798 0.009697	0.001908 0.006358	0.000379 0.001895	0.000037 0.002510	0.001261 0.006030	0.000687 0.002225	0.001855 0.003883	0.000844 0.004221	0.000601 0.003004	
2 32 100 3.760000	0.021637 0.004057	0.999530 0.000174	0.002450 0.007258	0.000652 0.007116	0.001179 0.005189	0.000627 0.001243	0.001306 0.003334	0.001933 0.005133	0.000254 0.001268	0.002870 0.007140	-0.000540 0.002702	
2 32 100 3.770000	0.024604 0.008890	0.999377 0.000450	0.003444 0.006454	0.000528 0.002641	0.000076 0.000378	0.000258 0.001288	0.000117 0.000584	0.000565 0.002824	0.000000 0.000000	0.001177 0.002645	0.000314 0.001570	
2 32 100 3.780000	0.029211 0.007780	0.999140 0.000457	0.001907 0.002148	0.000478 0.001288	0.000477 0.001578	0.001382 0.002535	0.000291 0.000806	0.000000 0.000000	0.000090 0.000400	0.002373 0.004752	0.000437 0.002187	
2 32 100 3.790000	0.029619 0.009924	0.999106 0.000577	0.002804 0.004115	0.001257 0.003411	0.001049 0.003090	0.000000 0.000000	0.000233 0.001167	0.001307 0.006537	0.002091 0.003994	0.000332 0.001662	0.001317 0.005429	
2 32 100 3.800000	0.020483 0.009914	0.999563 0.000410	0.003501 0.005933	0.000273 0.000831	0.000305 0.000817	0.000577 0.002226	0.000676 0.001956	-0.000061 0.000202	0.001105 0.002830	0.001911 0.003728	0.000804 0.002039	
2 32 100 3.810000	0.028369 0.007999	0.999183 0.000469	0.004375 0.003130	-0.000075 0.000375	0.000232 0.001159	0.001435 0.005127	0.000472 0.001753	0.001040 0.002624	0.000095 0.000474	0.000856 0.002853	0.000744 0.003720	
2 32 100 3.820000	0.029381 0.006824	0.999130 0.000392	0.003134 0.008602	0.001157 0.005784	0.001035 0.003219	0.003215 0.006771	0.000983 0.004916	0.001255 0.003219	0.001255 0.004521	0.000363 0.001759	0.000000 0.000000	
2 32 100 3.830000	0.029381 0.006824	0.999130 0.000392	0.003134 0.008602	0.001157 0.005784	0.001035 0.003219	0.003215 0.006771	0.000983 0.004916	0.001255 0.003219	0.001255 0.004521	0.000363 0.001759	0.000000 0.000000	
2 32 100 3.840000	0.028286 0.008253	0.999190 0.000435	0.002508 0.007224	0.000993 0.002427	0.000000 0.000000	0.000359 0.001795	0.000840 0.004202	0.000055 0.000276	0.001239 0.005978	0.000715 0.002823	-0.000045 0.000226	
2 32 100 3.850000	0.019420 0.006550	0.999618 0.000264	0.003243 0.008499	0.000869 0.004345	0.000896 0.002190	0.001962 0.006329	0.001079 0.005397	0.001359 0.006449	0.003706 0.009293	0.000965 0.005969	0.000279 0.001397	
2 32 100 3.860000	0.029509 0.007742	0.999120 0.000455	0.002505 0.006075	0.000794 0.003969	0.000741 0.002159	0.000404 0.002018	0.000000 0.000000	0.000133 0.000663	0.000258 0.001288	0.000660 0.002299	0.000554 0.002772	
2 32 100 3.870000	0.029652 0.006324	0.999116 0.000379	0.002015 0.003473	0.000000 0.000000	0.000173 0.000867	0.001039 0.001915	0.000117 0.000525	0.000415 0.002075	0.000527 0.002635	0.000419 0.002095	0.000130 0.000649	
2 32 100 3.880000	0.029872 0.006354	0.999103 0.000381	0.002101 0.003429	0.000000 0.000000	0.000173 0.000864	0.000985 0.001912	0.000104 0.000522	0.000477 0.002386	0.000325 0.001624	0.000418 0.002092	0.000275 0.000727	
2 32 100 3.890000	0.028485 0.006266	0.999183 0.000357	0.002143 0.001438	0.000856 0.001847	0.000259 0.001293	0.000210 0.000677	0.000175 0.000875	0.001038 0.005190	0.000000 0.000000	0.000000 0.000000	0.000000 0.000000	
2 32 100 3.900000	0.023321 0.006724	0.999451 0.000302	0.001703 0.007290	0.000624 0.003121	0.000000 0.000000	0.000935 0.004677	0.000420 0.002101	0.000048 0.000238	0.002337 0.005657	0.000819 0.002406	0.000077 0.000385	
2 32 100 3.910000	0.028598 0.009271	0.999167 0.000521	0.003121 0.005974	0.000000 0.000000	0.002691 0.005131	0.000115 0.005084	0.000665 0.002267	0.000793 0.001979	0.000553 0.002763	-0.000155 0.001808	0.001556 0.005455	
2 32 100 3.920000	0.028664 0.002407	0.999178 0.000136	0.000445 0.002202	0.000700 0.003500	0.000257 0.001228	0.000126 0.000632	0.001004 0.002893	0.000874 0.002893	0.000046 0.000229	0.000103 0.000515	0.000354 0.001768	
2 32 100 3.930000	0.028961 0.009715	0.999150 0.000558	0.003156 0.003840	0.000705 0.002372	0.001244 0.003451	0.000000 0.000000	0.000439 0.002196	0.001215 0.003378	0.000616 0.001906	0.000439 0.001167	0.000210 0.001051	
2 32 100 3.940000	0.029180 0.008581	0.999138 0.000501	0.000450 0.001310	0.000021 0.000104	0.000000 0.000000	0.000000 0.000000	0.001410 0.002508	0.000695 0.003475	0.000000 0.000000	0.000000 0.000000	0.000201 0.000759	
2 32 100 3.950000	0.025761 0.003167	0.999335 0.000163	0.000874 0.004372	0.000140 0.000698	-0.000040 0.000202	0.000000 0.000000	0.000000 0.000000	0.001268 0.002371	0.000000 0.000000	0.000313 0.001169	0.000583 0.001981	
2 32 100 3.960000	0.025782 0.006205	0.999330 0.000303	0.003641 0.008481	-0.000416 0.001388	-0.000001 0.000007	0.000235 0.000984	0.002757 0.007201	0.000393 0.001965	0.002127 0.008384	0.001486 0.005228	0.000608 0.003041	
2 32 100 3.970000	0.025782 0.006205	0.999330 0.000303	0.003641 0.008481	-0.000416 0.001388	-0.000001 0.000007	0.000235 0.000984	0.002757 0.007201	0.000393 0.001965	0.002127 0.008384	0.001486 0.005228	0.000608 0.003041	
2 32 100 3.980000	0.032584 0.008383	0.998929 0.000535	0.001425 0.003570	0.000517 0.002584	0.000000 0.000000	0.000768 0.003532	0.001725 0.007402	0.000000 0.000000	0.000000 0.000000	0.000341 0.001707	0.000708 0.001795	
2 32 100 3.990000	0.022885 0.009053	0.999467 0.000436	0.000557 0.001576	-0.000321 0.001605	0.000356 0.004313	0.000254 0.001269	0.000500 0.002502	0.000955 0.002580	0.000240 0.000772	0.000000 0.000000	0.001504 0.005810	
2 32 100 4.000000	0.029326 0.009892	0.999130 0.000592	0.002633 0.007427	0.000921 0.002310	0.001271 0.006356	0.000455 0.002273	0.000810 0.003974	-0.000214 0.001072	0.000877 0.004383	0.000680 0.003400	0.000000 0.000000	
