2 10 5 0.000000	1.000000 0.000000	0.000000 0.000000	0.000000 0.000000	0.000000 0.000000	0.000000 0.000000	0.000000 0.000000	
2 10 5 0.010000	1.000000 0.000000	0.000000 0.000000	0.000000 0.000000	0.000000 0.000000	0.000000 0.000000	0.000000 0.000000	
2 10 5 0.020000	1.000000 0.000000	0.000000 0.000000	0.000000 0.000000	0.000000 0.000000	0.000000 0.000000	0.000000 0.000000	
2 10 5 0.030000	1.000000 0.000000	0.000000 0.000000	0.000000 0.000000	0.000000 0.000000	0.000000 0.000000	0.000000 0.000000	
2 10 5 0.040000	1.000000 0.000000	0.000000 0.000000	0.000000 0.000000	0.000000 0.000000	0.000000 0.000000	0.000000 0.000000	
2 10 5 0.050000	1.000000 0.000000	0.000000 0.000000	0.000000 0.000000	0.000000 0.000000	0.000000 0.000000	0.000000 0.000000	
2 10 5 0.060000	1.000000 0.000000	0.000000 0.000000	0.000000 0.000000	0.000000 0.000000	0.000000 0.000000	0.000000 0.000000	
2 10 5 0.070000	1.000000 0.000000	0.000000 0.000000	0.000000 0.000000	0.000000 0.000000	0.000000 0.000000	0.000000 0.000000	
2 10 5 0.080000	1.000000 0.000000	0.000000 0.000000	0.000000 0.000000	0.000000 0.000000	0.000000 0.000000	0.000000 0.000000	
2 10 5 0.090000	1.000000 0.000000	0.000000 0.000000	0.000000 0.000000	0.000000 0.000000	0.000000 0.000000	0.000000 0.000000	
2 10 5 0.100000	1.000000 0.000000	0.000000 0.000000	0.000000 0.000000	0.000000 0.000000	0.000000 0.000000	0.000000 0.000000	
2 10 5 0.110000	1.000000 0.000000	0.000000 0.000000	0.000000 0.000000	0.000000 0.000000	0.000000 0.000000	0.000000 0.000000	
2 10 5 0.120000	1.000000 0.000000	0.000000 0.000000	0.000000 0.000000	0.000000 0.000000	0.000000 0.000000	0.000000 0.000000	
2 10 5 0.130000	1.000000 0.000000	0.000000 0.000000	0.000000 0.000000	0.000000 0.000000	0.000000 0.000000	0.000000 0.000000	
2 10 5 0.140000	1.000000 0.000000	0.000000 0.000000	0.000000 0.000000	0.000000 0.000000	0.000000 0.000000	0.000000 0.000000	
2 10 5 0.150000	1.000000 0.000000	0.000000 0.000000	0.000000 0.000000	0.000000 0.000000	0.000000 0.000000	0.000000 0.000000	
2 10 5 0.160000	1.000000 0.000000	0.000000 0.000000	0.000000 0.000000	0.000000 0.000000	0.000000 0.000000	0.000000 0.000000	
2 10 5 0.170000	0.999314 0.003432	0.001371 0.006853	0.001371 0.006853	0.001371 0.006853	0.001371 0.006853	0.001371 0.006853	
2 10 5 0.180000	0.999314 0.003432	0.001371 0.006853	0.001371 0.006853	0.001371 0.006853	0.001371 0.006853	0.001371 0.006853	
2 10 5 0.190000	1.000000 0.000000	0.000000 0.000000	0.000000 0.000000	0.000000 0.000000	0.000000 0.000000	0.000000 0.000000	
2 10 5 0.200000	0.999455 0.002727	0.001089 0.005447	0.000000 0.000000	0.000000 0.000000	0.000000 0.000000	0.000000 0.000000	
2 10 5 0.210000	1.000000 0.000000	0.000000 0.000000	0.000000 0.000000	0.000000 0.000000	0.000000 0.000000	0.000000 0.000000	
2 10 5 0.220000	1.000000 0.000000	0.000000 0.000000	0.000000 0.000000	0.000000 0.000000	0.000000 0.000000	0.000000 0.000000	
2 10 5 0.230000	1.000000 0.000000	0.000000 0.000000	0.000000 0.000000	0.000000 0.000000	0.000000 0.000000	0.000000 0.000000	
2 10 5 0.240000	1.000000 0.000000	0.000000 0.000000	0.000000 0.000000	0.000000 0.000000	0.000000 0.000000	0.000000 0.000000	
2 10 5 0.250000	1.000000 0.000000	0.000000 0.000000	0.000000 0.000000	0.000000 0.000000	0.000000 0.000000	0.000000 0.000000	
2 10 5 0.260000	1.000000 0.000000	0.000000 0.000000	0.000000 0.000000	0.000000 0.000000	0.000000 0.000000	0.000000 0.000000	
2 10 5 0.270000	0.999314 0.003432	0.001371 0.006853	0.001371 0.006853	0.000000 0.000000	0.001371 0.006853	0.000000 0.000000	
2 10 5 0.280000	1.000000 0.000000	0.000000 0.000000	0.000000 0.000000	0.000000 0.000000	0.000000 0.000000	0.000000 0.000000	
2 10 5 0.290000	0.999085 0.004576	0.001826 0.009131	0.001826 0.009131	0.001826 0.009131	0.001826 0.009131	0.000000 0.000000	
2 10 5 0.300000	1.000000 0.000000	0.000000 0.000000	0.000000 0.000000	0.000000 0.000000	0.000000 0.000000	0.000000 0.000000	
2 10 5 0.310000	1.000000 0.000000	0.000000 0.000000	0.000000 0.000000	0.000000 0.000000	0.000000 0.000000	0.000000 0.000000	
2 10 5 0.320000	1.000000 0.000000	0.000000 0.000000	0.000000 0.000000	0.000000 0.000000	0.000000 0.000000	0.000000 0.000000	
2 10 5 0.330000	1.000000 0.000000	0.000000 0.000000	0.000000 0.000000	0.000000 0.000000	0.000000 0.000000	0.000000 0.000000	
2 10 5 0.340000	1.000000 0.000000	0.000000 0.000000	0.000000 0.000000	0.000000 0.000000	0.000000 0.000000	0.000000 0.000000	
2 10 5 0.350000	1.000000 0.000000	0.000000 0.000000	0.000000 0.000000	0.000000 0.000000	0.000000 0.000000	0.000000 0.000000	
2 10 5 0.360000	1.000000 0.000000	0.000000 0.000000	0.000000 0.000000	0.000000 0.000000	0.000000 0.000000	0.000000 0.000000	
2 10 5 0.370000	0.999657 0.001716	0.000686 0.003429	0.000686 0.003429	0.000000 0.000000	0.000686 0.003429	0.000000 0.000000	
2 10 5 0.380000	1.000000 0.000000	0.000000 0.000000	0.000000 0.000000	0.000000 0.000000	0.000000 0.000000	0.000000 0.000000	
2 10 5 0.390000	0.998633 0.004545	0.002728 0.009070	0.001814 0.009070	0.000914 0.004571	0.000000 0.000000	0.000000 0.000000	
2 10 5 0.400000	0.999314 0.003432	0.001371 0.006853	0.000000 0.000000	0.001371 0.006853	0.000000 0.000000	0.000000 0.000000	
2 10 5 0.410000	1.000000 0.000000	0.000000 0.000000	0.000000 0.000000	0.000000 0.000000	0.000000 0.000000	0.000000 0.000000	
2 10 5 0.420000	1.000000 0.000000	0.000000 0.000000	0.000000 0.000000	0.000000 0.000000	0.000000 0.000000	0.000000 0.000000	
2 10 5 0.430000	0.999085 0.004576	0.001826 0.009131	0.001826 0.009131	0.001826 0.009131	0.000000 0.000000	0.001826 0.009131	
2 10 5 0.440000	1.000000 0.000000	0.000000 0.000000	0.000000 0.000000	0.000000 0.000000	0.000000 0.000000	0.000000 0.000000	
2 10 5 0.450000	1.000000 0.000000	0.000000 0.000000	0.000000 0.000000	0.000000 0.000000	0.000000 0.000000	0.000000 0.000000	
2 10 5 0.460000	0.999176 0.004119	0.001644 0.008220	0.001644 0.008220	0.000000 0.000000	0.001644 0.008220	0.000000 0.000000	
2 10 5 0.470000	0.999542 0.002288	0.000914 0.004571	0.000914 0.004571	0.000914 0.004571	0.000000 0.000000	0.000914 0.004571	
2 10 5 0.480000	0.999205 0.003975	0.001587 0.007934	0.000476 0.002379	0.000000 0.000000	0.000000 0.000000	0.000158 0.000792	
2 10 5 0.490000	1.000000 0.000000	0.000000 0.000000	0.000000 0.000000	0.000000 0.000000	0.000000 0.000000	0.000000 0.000000	
2 10 5 0.500000	0.999542 0.002288	0.000914 0.004571	0.000000 0.000000	0.000914 0.004571	0.000914 0.004571	0.000914 0.004571	
2 10 5 0.510000	0.997741 0.004518	0.004509 0.009016	0.001803 0.009016	0.000903 0.004513	0.004509 0.009016	0.002706 0.009016	
2 10 5 0.520000	0.999035 0.004826	0.001926 0.009628	0.001926 0.009628	0.000926 0.004628	0.000000 0.000000	0.000259 0.001295	
2 10 5 0.530000	1.000000 0.000000	0.000000 0.000000	0.000000 0.000000	0.000000 0.000000	0.000000 0.000000	0.000000 0.000000	
2 10 5 0.540000	1.000000 0.000000	0.000000 0.000000	0.000000 0.000000	0.000000 0.000000	0.000000 0.000000	0.000000 0.000000	
2 10 5 0.550000	0.999288 0.003562	0.001422 0.007112	0.000708 0.003541	0.000000 0.000000	0.001422 0.007112	0.000000 0.000000	
2 10 5 0.560000	0.998724 0.003615	0.002547 0.007216	0.001443 0.007216	0.001443 0.007216	0.002547 0.007216	0.002547 0.007216	
2 10 5 0.570000	0.998691 0.004778	0.002613 0.009533	0.001507 0.007533	0.000000 0.000000	0.002228 0.007610	0.000835 0.004176	
2 10 5 0.580000	1.000000 0.000000	0.000000 0.000000	0.000000 0.000000	0.000000 0.000000	0.000000 0.000000	0.000000 0.000000	
2 10 5 0.590000	0.997408 0.003588	0.005175 0.007160	0.001803 0.005278	0.001800 0.004134	0.001088 0.004333	0.001605 0.003736	
2 10 5 0.600000	0.994866 0.004931	0.010239 0.009813	0.002296 0.008852	0.001054 0.005269	0.001714 0.007038	0.000000 0.000000	
2 10 5 0.610000	0.993847 0.004548	0.012266 0.009038	0.001678 0.004708	0.002791 0.009928	0.002310 0.004275	0.002269 0.004918	
2 10 5 0.620000	0.994802 0.004479	0.010366 0.008902	0.003541 0.004257	0.002133 0.007909	0.001162 0.006799	0.002339 0.007349	
2 10 5 0.630000	0.992086 0.004082	0.015762 0.008102	0.002587 0.008966	0.003038 0.005575	0.002497 0.009714	0.002407 0.006377	
2 10 5 0.640000	0.991949 0.003768	0.016035 0.007477	0.003591 0.006053	0.001758 0.003900	0.002645 0.006305	0.003018 0.009205	
2 10 5 0.650000	0.989782 0.003373	0.020330 0.006680	0.002379 0.009252	0.000000 0.000000	0.000000 0.000000	0.001294 0.004410	
2 10 5 0.660000	0.986347 0.004539	0.027118 0.008957	0.004154 0.009972	0.002505 0.006015	0.003411 0.008339	0.001716 0.005659	
2 10 5 0.670000	0.987503 0.005006	0.024834 0.009882	0.002148 0.005566	0.000723 0.003615	0.000699 0.002721	0.000000 0.000000	
2 10 5 0.680000	0.982755 0.004869	0.034190 0.009570	0.002360 0.007893	0.001028 0.004668	0.002468 0.006462	0.004289 0.009984	
2 10 5 0.690000	0.981021 0.005067	0.037592 0.009940	0.003074 0.008011	0.001534 0.006604	0.001553 0.005754	0.003446 0.009892	
2 10 5 0.700000	0.977393 0.005093	0.044700 0.009951	0.003633 0.009464	0.001610 0.004822	0.000618 0.002034	0.002508 0.008156	
2 10 5 0.710000	0.976398 0.005118	0.046644 0.009996	0.005474 0.006096	0.002431 0.007850	0.000617 0.003085	0.001584 0.004055	
2 10 5 0.720000	0.970948 0.005088	0.057257 0.009880	0.009731 0.008503	0.000507 0.002078	0.000428 0.001293	0.002745 0.007180	
2 10 5 0.730000	0.965979 0.005142	0.066882 0.009931	0.008779 0.007601	0.001126 0.003145	0.002029 0.003776	0.000359 0.001351	
2 10 5 0.740000	0.963016 0.005153	0.072597 0.009924	0.007975 0.003616	0.001999 0.006259	0.002004 0.007296	0.001504 0.003390	
2 10 5 0.750000	0.956138 0.005136	0.085796 0.009818	0.011039 0.008298	0.003167 0.005886	0.002692 0.009912	0.002296 0.006078	
2 10 5 0.760000	0.952374 0.004436	0.092980 0.008441	0.010903 0.009797	0.002279 0.008112	0.003073 0.007208	0.000082 0.000409	
2 10 5 0.770000	0.944949 0.005202	0.107068 0.009823	0.017977 0.007086	0.002599 0.004158	0.000277 0.001386	0.000377 0.001887	
2 10 5 0.780000	0.938206 0.005243	0.119767 0.009839	0.018925 0.002459	0.002429 0.004830	0.001715 0.006063	0.001281 0.006405	
2 10 5 0.790000	0.929425 0.005347	0.136166 0.009939	0.026554 0.006960	0.006781 0.004703	0.003199 0.003274	0.003653 0.008424	
2 10 5 0.800000	0.918597 0.003284	0.156179 0.006034	0.029949 0.004680	0.007819 0.009936	0.001785 0.008923	0.001284 0.003403	
2 10 5 0.810000	0.907657 0.005494	0.176155 0.009967	0.037338 0.007736	0.010290 0.003495	0.006452 0.008605	0.001999 0.004245	
2 10 5 0.820000	0.895742 0.005562	0.197642 0.009973	0.044287 0.006708	0.014971 0.005340	0.003412 0.007352	0.002314 0.009800	
2 10 5 0.830000	0.871610 0.005658	0.240291 0.009863	0.061099 0.006491	0.021125 0.008222	0.004936 0.008163	0.004193 0.008972	
2 10 5 0.840000	0.857920 0.005068	0.263971 0.008694	0.072262 0.009019	0.026168 0.004976	0.010706 0.004141	0.006594 0.009821	
2 10 5 0.850000	0.826284 0.006042	0.317250 0.009995	0.095721 0.002413	0.037205 0.006252	0.018338 0.004357	0.008407 0.005517	
2 10 5 0.860000	0.794522 0.006285	0.368729 0.009997	0.117533 0.004193	0.049356 0.006574	0.024219 0.006658	0.012456 0.006493	
2 10 5 0.870000	0.747500 0.006684	0.441237 0.009998	0.152183 0.006556	0.067974 0.003777	0.035137 0.003008	0.019424 0.003148	
2 10 5 0.880000	0.697045 0.007185	0.514120 0.009997	0.184448 0.006343	0.084741 0.004221	0.042839 0.002242	0.025007 0.002561	
2 10 5 0.890000	0.645143 0.007706	0.583780 0.009933	0.217530 0.008482	0.098418 0.007333	0.050298 0.002656	0.028395 0.006140	
2 10 5 0.900000	0.585393 0.008548	0.657302 0.009999	0.245911 0.007919	0.111032 0.007520	0.056740 0.004737	0.029046 0.006453	
2 10 5 0.910000	0.527136 0.007757	0.722120 0.008170	0.271326 0.009987	0.117779 0.004192	0.051724 0.006370	0.023742 0.009268	
2 10 5 0.920000	0.479033 0.009968	0.770510 0.009546	0.284400 0.004901	0.123085 0.004144	0.052799 0.008386	0.022451 0.005763	
2 10 5 0.930000	0.437088 0.008634	0.808944 0.007579	0.294014 0.004942	0.123040 0.006443	0.046274 0.009845	0.010893 0.003881	
2 10 5 0.940000	0.395665 0.009952	0.843436 0.007905	0.301554 0.006347	0.117809 0.009068	0.041269 0.008167	0.008997 0.003921	
2 10 5 0.950000	0.366371 0.009981	0.865753 0.007305	0.302508 0.003852	0.115450 0.004164	0.037794 0.005188	0.003571 0.007081	
2 10 5 0.960000	0.342565 0.009999	0.882634 0.006836	0.299711 0.003873	0.110078 0.001892	0.033405 0.002832	0.000000 0.000000	
2 10 5 0.970000	0.317410 0.009986	0.899232 0.006347	0.299978 0.005718	0.104650 0.004386	0.027319 0.002872	0.000000 0.000000	
2 10 5 0.980000	0.298848 0.005958	0.910686 0.003560	0.297293 0.009969	0.099096 0.005478	0.022672 0.006777	0.000000 0.000000	
2 10 5 0.990000	0.286899 0.009966	0.917673 0.005726	0.294877 0.006781	0.099081 0.004899	0.021023 0.005935	0.000000 0.000000	
2 10 5 1.000000	0.267885 0.009823	0.928226 0.005275	0.292802 0.009992	0.090071 0.004699	0.018603 0.006750	0.000000 0.000000	
2 10 5 1.010000	0.262141 0.009954	0.931268 0.005209	0.283961 0.008688	0.086672 0.003553	0.017043 0.009491	0.000000 0.000000	
2 10 5 1.020000	0.249443 0.006405	0.937773 0.003189	0.281243 0.009912	0.086088 0.008357	0.009189 0.006366	0.000000 0.000000	
2 10 5 1.030000	0.244950 0.008447	0.939986 0.004129	0.272947 0.007314	0.079759 0.009980	0.008824 0.008721	0.000000 0.000000	
2 10 5 1.040000	0.235108 0.009962	0.944713 0.004694	0.270876 0.009684	0.076179 0.004221	0.006232 0.002901	0.000000 0.000000	
2 10 5 1.050000	0.225045 0.005647	0.949350 0.002541	0.270851 0.009373	0.076128 0.009518	0.004390 0.009954	0.000000 0.000000	
2 10 5 1.060000	0.219337 0.009966	0.951879 0.004361	0.265844 0.002889	0.071730 0.004701	0.007117 0.006549	0.000000 0.000000	
2 10 5 1.070000	0.215250 0.004724	0.953665 0.002033	0.264823 0.009820	0.067830 0.008857	0.003660 0.004957	0.000000 0.000000	
2 10 5 1.080000	0.209882 0.009953	0.955935 0.004202	0.262839 0.009486	0.068484 0.004145	0.000752 0.003070	0.000000 0.000000	
2 10 5 1.090000	0.208466 0.007074	0.956533 0.002964	0.255183 0.009863	0.062393 0.009048	0.005098 0.005871	0.000000 0.000000	
2 10 5 1.100000	0.200959 0.006314	0.959610 0.002528	0.250378 0.009986	0.061708 0.007785	0.000641 0.001480	0.000000 0.000000	
2 10 5 1.110000	0.196870 0.002210	0.961241 0.000870	0.249560 0.007917	0.059158 0.009884	0.001460 0.007301	0.000000 0.000000	
2 10 5 1.120000	0.196617 0.004872	0.961339 0.001920	0.249052 0.009836	0.051543 0.009879	0.000608 0.002356	0.000000 0.000000	
2 10 5 1.130000	0.190233 0.007454	0.963804 0.002855	0.241146 0.009932	0.055084 0.009462	0.000729 0.003644	0.000000 0.000000	
2 10 5 1.140000	0.189782 0.009959	0.963970 0.003815	0.232306 0.008623	0.050942 0.005179	0.000369 0.001843	0.000000 0.000000	
2 10 5 1.150000	0.184218 0.007384	0.966057 0.002707	0.233015 0.009982	0.050634 0.009137	0.000065 0.000325	0.000000 0.000000	
2 10 5 1.160000	0.180180 0.007041	0.967529 0.002534	0.231518 0.009919	0.048761 0.009864	0.000000 0.000000	0.000000 0.000000	
2 10 5 1.170000	0.179097 0.009997	0.967911 0.003568	0.227507 0.009533	0.046767 0.002042	0.000000 0.000000	0.000000 0.000000	
2 10 5 1.180000	0.177209 0.005459	0.968593 0.001926	0.225617 0.009857	0.045634 0.005808	0.000000 0.000000	0.000000 0.000000	
2 10 5 1.190000	0.174291 0.009867	0.969608 0.003454	0.224571 0.008597	0.045694 0.009776	0.000000 0.000000	0.000000 0.000000	
2 10 5 1.200000	0.171282 0.006913	0.970655 0.002376	0.219333 0.009919	0.042168 0.005338	0.000000 0.000000	0.000000 0.000000	
2 10 5 1.210000	0.167917 0.009123	0.971795 0.003064	0.221127 0.009120	0.041397 0.009990	0.000000 0.000000	0.000000 0.000000	
2 10 5 1.220000	0.165762 0.009100	0.972510 0.003022	0.218562 0.009898	0.036701 0.008733	0.000000 0.000000	0.000000 0.000000	
2 10 5 1.230000	0.170779 0.009884	0.970820 0.003426	0.209784 0.009648	0.036885 0.009210	0.000404 0.002020	0.000000 0.000000	
2 10 5 1.240000	0.165512 0.009168	0.972596 0.003050	0.212412 0.009851	0.039446 0.005318	0.000000 0.000000	0.000000 0.000000	
2 10 5 1.250000	0.163702 0.002100	0.973201 0.000687	0.208444 0.009509	0.037326 0.009980	0.000000 0.000000	0.000000 0.000000	
2 10 5 1.260000	0.160080 0.009149	0.974364 0.002937	0.204609 0.009593	0.033376 0.007882	0.000000 0.000000	0.000000 0.000000	
2 10 5 1.270000	0.160927 0.007272	0.974093 0.002331	0.196719 0.009677	0.036838 0.009872	0.000000 0.000000	0.000000 0.000000	
2 10 5 1.280000	0.158192 0.006760	0.974966 0.002145	0.196737 0.009976	0.031704 0.009872	0.000000 0.000000	0.000000 0.000000	
2 10 5 1.290000	0.153690 0.009810	0.976366 0.003015	0.195415 0.009117	0.029185 0.009833	0.000073 0.000367	0.000000 0.000000	
2 10 5 1.300000	0.155857 0.009213	0.975699 0.002845	0.191041 0.009871	0.030257 0.004823	0.000000 0.000000	0.000000 0.000000	
2 10 5 1.310000	0.151603 0.009928	0.977002 0.003025	0.190302 0.007022	0.027721 0.004860	0.000000 0.000000	0.000000 0.000000	
2 10 5 1.320000	0.150033 0.009022	0.977480 0.002712	0.192227 0.009874	0.026188 0.009741	0.000000 0.000000	0.000000 0.000000	
2 10 5 1.330000	0.147531 0.002740	0.978234 0.000809	0.185889 0.009943	0.028102 0.009097	0.000000 0.000000	0.000000 0.000000	
2 10 5 1.340000	0.150277 0.005837	0.977413 0.001746	0.185181 0.009449	0.027611 0.003396	0.000000 0.000000	0.000000 0.000000	
2 10 5 1.350000	0.150491 0.007858	0.977344 0.002349	0.187296 0.009905	0.023174 0.005425	0.000000 0.000000	0.000000 0.000000	
2 10 5 1.360000	0.149095 0.007676	0.977763 0.002281	0.182922 0.009979	0.026555 0.005579	0.000000 0.000000	0.000000 0.000000	
2 10 5 1.370000	0.146694 0.007255	0.978475 0.002143	0.181906 0.007680	0.024255 0.009962	0.000000 0.000000	0.000000 0.000000	
2 10 5 1.380000	0.146294 0.004374	0.978595 0.001281	0.172539 0.009792	0.024218 0.009802	0.000000 0.000000	0.000000 0.000000	
2 10 5 1.390000	0.143933 0.005227	0.979281 0.001506	0.180031 0.009761	0.023070 0.009259	0.000000 0.000000	0.000000 0.000000	
2 10 5 1.400000	0.144516 0.003781	0.979113 0.001099	0.171596 0.007410	0.019082 0.009730	0.000000 0.000000	0.000000 0.000000	
2 10 5 1.410000	0.143433 0.008767	0.979417 0.002488	0.177329 0.009305	0.022809 0.009629	0.000000 0.000000	0.000000 0.000000	
2 10 5 1.420000	0.144165 0.002852	0.979215 0.000824	0.172534 0.009938	0.021965 0.008970	0.000000 0.000000	0.000000 0.000000	
2 10 5 1.430000	0.141144 0.007058	0.980071 0.002004	0.164364 0.009900	0.018723 0.007040	0.000000 0.000000	0.000000 0.000000	
2 10 5 1.440000	0.143050 0.009512	0.979524 0.002736	0.168301 0.009794	0.019903 0.001775	0.000000 0.000000	0.000000 0.000000	
2 10 5 1.450000	0.141000 0.007246	0.980109 0.002042	0.167590 0.004222	0.018752 0.009955	0.000000 0.000000	0.000000 0.000000	
2 10 5 1.460000	0.135890 0.007581	0.981527 0.002046	0.162916 0.009576	0.018884 0.009824	0.000000 0.000000	0.000000 0.000000	
2 10 5 1.470000	0.137539 0.007942	0.981076 0.002188	0.165429 0.009903	0.018887 0.005938	0.000000 0.000000	0.000000 0.000000	
2 10 5 1.480000	0.137990 0.005899	0.980955 0.001620	0.164548 0.009940	0.016342 0.007921	0.000000 0.000000	0.000000 0.000000	
2 10 5 1.490000	0.136610 0.005561	0.981334 0.001519	0.160530 0.009647	0.016447 0.009689	0.000000 0.000000	0.000000 0.000000	
2 10 5 1.500000	0.136748 0.008101	0.981292 0.002236	0.162285 0.009655	0.014713 0.009630	0.000000 0.000000	0.000000 0.000000	
2 10 5 1.510000	0.138548 0.006079	0.980800 0.001689	0.153056 0.009957	0.013988 0.008441	0.000000 0.000000	0.000000 0.000000	
2 10 5 1.520000	0.135439 0.004048	0.981653 0.001095	0.154736 0.009782	0.013482 0.009857	0.000000 0.000000	0.000000 0.000000	
2 10 5 1.530000	0.134607 0.003898	0.981879 0.001049	0.150942 0.009622	0.017878 0.009520	0.000000 0.000000	0.000000 0.000000	
2 10 5 1.540000	0.134766 0.006922	0.981831 0.001880	0.152800 0.009944	0.013893 0.006877	0.000000 0.000000	0.000000 0.000000	
2 10 5 1.550000	0.132840 0.008782	0.982343 0.002358	0.152377 0.009848	0.014270 0.007972	0.000000 0.000000	0.000000 0.000000	
2 10 5 1.560000	0.133757 0.007689	0.982101 0.002035	0.150003 0.008088	0.012205 0.009992	0.000000 0.000000	0.000000 0.000000	
2 10 5 1.570000	0.135096 0.008035	0.981741 0.002151	0.142171 0.009814	0.014404 0.006417	0.000000 0.000000	0.000000 0.000000	
2 10 5 1.580000	0.129196 0.005770	0.983304 0.001494	0.144759 0.007023	0.013837 0.009988	0.000000 0.000000	0.000000 0.000000	
2 10 5 1.590000	0.129763 0.009038	0.983151 0.002333	0.142853 0.006977	0.009639 0.009915	0.000000 0.000000	0.000000 0.000000	
2 10 5 1.600000	0.130773 0.007564	0.982892 0.001977	0.145240 0.009881	0.011997 0.004703	0.000000 0.000000	0.000000 0.000000	
2 10 5 1.610000	0.131491 0.009230	0.982700 0.002417	0.147116 0.009701	0.010775 0.003980	0.000000 0.000000	0.000000 0.000000	
2 10 5 1.620000	0.130666 0.007473	0.982920 0.001957	0.144904 0.009444	0.016930 0.009695	0.000000 0.000000	0.000000 0.000000	
2 10 5 1.630000	0.127505 0.009069	0.983731 0.002318	0.143731 0.009251	0.007799 0.006603	0.000000 0.000000	0.000000 0.000000	
2 10 5 1.640000	0.127779 0.005193	0.983669 0.001319	0.139750 0.009892	0.010270 0.007811	0.000000 0.000000	0.000000 0.000000	
2 10 5 1.650000	0.129020 0.005883	0.983350 0.001520	0.142613 0.009486	0.008088 0.008673	0.000000 0.000000	0.000000 0.000000	
2 10 5 1.660000	0.129251 0.008814	0.983285 0.002289	0.140009 0.009987	0.010709 0.009357	0.000000 0.000000	0.000000 0.000000	
2 10 5 1.670000	0.129518 0.009923	0.983212 0.002602	0.140805 0.009388	0.008017 0.009501	0.000000 0.000000	0.000000 0.000000	
2 10 5 1.680000	0.123335 0.009846	0.984778 0.002425	0.130684 0.007297	0.007575 0.005917	0.000000 0.000000	0.000000 0.000000	
2 10 5 1.690000	0.125680 0.008050	0.984196 0.002028	0.134044 0.009942	0.009870 0.009931	0.000000 0.000000	0.000000 0.000000	
2 10 5 1.700000	0.126620 0.005841	0.983963 0.001477	0.138795 0.009717	0.006187 0.009214	0.000000 0.000000	0.000000 0.000000	
2 10 5 1.710000	0.127567 0.002821	0.983726 0.000719	0.135379 0.008410	0.006114 0.009528	0.000000 0.000000	0.000000 0.000000	
2 10 5 1.720000	0.123536 0.007444	0.984733 0.001847	0.134334 0.009886	0.009279 0.009596	0.000000 0.000000	0.000000 0.000000	
2 10 5 1.730000	0.125175 0.005415	0.984328 0.001360	0.128180 0.009943	0.007257 0.007548	0.000637 0.003185	0.000000 0.000000	
2 10 5 1.740000	0.123505 0.007755	0.984738 0.001903	0.129555 0.007846	0.006576 0.009542	0.000000 0.000000	0.000000 0.000000	
2 10 5 1.750000	0.124257 0.006670	0.984554 0.001672	0.129757 0.006516	0.006231 0.009886	0.000000 0.000000	0.000000 0.000000	
2 10 5 1.760000	0.123442 0.004512	0.984760 0.001116	0.128389 0.009850	0.004649 0.007256	0.000000 0.000000	0.000000 0.000000	
2 10 5 1.770000	0.123723 0.006251	0.984688 0.001553	0.126040 0.009968	0.004915 0.002734	0.000000 0.000000	0.000000 0.000000	
2 10 5 1.780000	0.122973 0.008177	0.984868 0.002023	0.124961 0.009932	0.006893 0.008977	0.000000 0.000000	0.000000 0.000000	
2 10 5 1.790000	0.122529 0.009990	0.984975 0.002424	0.129309 0.007709	0.006802 0.005232	0.000000 0.000000	0.000000 0.000000	
2 10 5 1.800000	0.121544 0.008113	0.985217 0.001948	0.123869 0.008988	0.002831 0.006605	0.000000 0.000000	0.000000 0.000000	
2 10 5 1.810000	0.122163 0.008442	0.985066 0.002080	0.119787 0.009893	0.008372 0.006752	0.000000 0.000000	0.000000 0.000000	
2 10 5 1.820000	0.123432 0.009702	0.984754 0.002376	0.124324 0.009703	0.002713 0.006221	0.000000 0.000000	0.000000 0.000000	
2 10 5 1.830000	0.121219 0.001723	0.985306 0.000417	0.120841 0.009851	0.004690 0.008661	0.000000 0.000000	0.000000 0.000000	
2 10 5 1.840000	0.122613 0.007104	0.984961 0.001748	0.125530 0.007722	0.004635 0.009938	0.000000 0.000000	0.000000 0.000000	
2 10 5 1.850000	0.122771 0.003372	0.984926 0.000832	0.123598 0.009802	0.002951 0.008042	0.000000 0.000000	0.000000 0.000000	
2 10 5 1.860000	0.121985 0.009738	0.985106 0.002355	0.125792 0.008725	0.000308 0.001538	0.000000 0.000000	0.000000 0.000000	
2 10 5 1.870000	0.120589 0.009828	0.985448 0.002378	0.123284 0.008330	0.003293 0.006371	0.000000 0.000000	0.000000 0.000000	
2 10 5 1.880000	0.118877 0.007107	0.985862 0.001679	0.120692 0.009894	0.003460 0.007879	0.000000 0.000000	0.000000 0.000000	
2 10 5 1.890000	0.119898 0.006807	0.985619 0.001627	0.117148 0.009988	0.003882 0.006881	0.000000 0.000000	0.000000 0.000000	
2 10 5 1.900000	0.119614 0.009697	0.985677 0.002323	0.116458 0.008933	0.002495 0.007222	0.000000 0.000000	0.000822 0.004110	
2 10 5 1.910000	0.117772 0.003165	0.986128 0.000746	0.116868 0.009824	0.004353 0.009942	0.000000 0.000000	0.000000 0.000000	
2 10 5 1.920000	0.120098 0.006219	0.985571 0.001498	0.107791 0.005474	0.003567 0.009781	0.000000 0.000000	0.000000 0.000000	
2 10 5 1.930000	0.119436 0.004724	0.985731 0.001134	0.114218 0.009585	0.002506 0.006243	0.000000 0.000000	0.000000 0.000000	
2 10 5 1.940000	0.114799 0.009207	0.986812 0.002124	0.116913 0.009843	0.001721 0.004787	0.000000 0.000000	0.000000 0.000000	
2 10 5 1.950000	0.118538 0.009922	0.985938 0.002367	0.110566 0.009873	0.001844 0.008132	0.000000 0.000000	0.000000 0.000000	
2 10 5 1.960000	0.116705 0.009908	0.986364 0.002312	0.105828 0.009910	0.001554 0.005693	0.000000 0.000000	0.000000 0.000000	
2 10 5 1.970000	0.118176 0.005732	0.986029 0.001360	0.109653 0.009775	0.003622 0.009982	0.000000 0.000000	0.000000 0.000000	
2 10 5 1.980000	0.120025 0.008131	0.985585 0.001955	0.117122 0.009067	0.003458 0.009798	0.000000 0.000000	0.000000 0.000000	
2 10 5 1.990000	0.117499 0.006488	0.986188 0.001517	0.108278 0.009769	0.002608 0.005948	0.000000 0.000000	0.000000 0.000000	
2 10 5 2.000000	0.117427 0.009875	0.986197 0.002324	0.106299 0.009534	0.004295 0.009936	0.000000 0.000000	0.000000 0.000000	
2 10 5 2.010000	0.117737 0.005610	0.986134 0.001324	0.111078 0.009560	0.001344 0.006721	0.000000 0.000000	0.000000 0.000000	
2 10 5 2.020000	0.116801 0.009565	0.986346 0.002204	0.102170 0.009917	0.001696 0.008480	0.000000 0.000000	0.000000 0.000000	
2 10 5 2.030000	0.118932 0.008832	0.985847 0.002109	0.109263 0.009473	0.004396 0.009262	0.000000 0.000000	0.000000 0.000000	
2 10 5 2.040000	0.115518 0.009935	0.986642 0.002295	0.106873 0.008750	0.002308 0.005123	0.000000 0.000000	0.000000 0.000000	
2 10 5 2.050000	0.118398 0.005219	0.985979 0.001235	0.105201 0.008703	0.002965 0.007987	0.000000 0.000000	0.000343 0.001717	
2 10 5 2.060000	0.114622 0.008026	0.986853 0.001853	0.103874 0.008425	0.003498 0.008841	0.000000 0.000000	0.000000 0.000000	
2 10 5 2.070000	0.118668 0.007430	0.985911 0.001770	0.104789 0.009610	0.003006 0.007849	0.000000 0.000000	0.000000 0.000000	
2 10 5 2.080000	0.114656 0.008644	0.986844 0.001994	0.104637 0.009806	0.000275 0.001376	0.000000 0.000000	0.000000 0.000000	
2 10 5 2.090000	0.115201 0.009569	0.986714 0.002202	0.109428 0.009620	0.000000 0.000000	0.001856 0.009278	0.000000 0.000000	
2 10 5 2.100000	0.113394 0.004941	0.987139 0.001113	0.100233 0.009206	0.000000 0.000000	0.000000 0.000000	0.000000 0.000000	
2 10 5 2.110000	0.114305 0.005224	0.986931 0.001200	0.094057 0.009682	0.000125 0.000625	0.001438 0.007191	0.000000 0.000000	
2 10 5 2.120000	0.115954 0.007492	0.986546 0.001738	0.097346 0.008439	0.002615 0.009765	0.000000 0.000000	0.000000 0.000000	
2 10 5 2.130000	0.117657 0.005076	0.986153 0.001204	0.096402 0.008938	0.000000 0.000000	0.000000 0.000000	0.000000 0.000000	
2 10 5 2.140000	0.112327 0.005924	0.987379 0.001333	0.098370 0.009988	0.002447 0.006284	0.000000 0.000000	0.000000 0.000000	
2 10 5 2.150000	0.114761 0.005890	0.986825 0.001357	0.104295 0.009595	0.002270 0.009450	0.000000 0.000000	0.000000 0.000000	
2 10 5 2.160000	0.113159 0.009084	0.987179 0.002065	0.101714 0.009071	0.004712 0.009813	0.000000 0.000000	0.000000 0.000000	
2 10 5 2.170000	0.115042 0.002015	0.986765 0.000464	0.097929 0.009690	0.000000 0.000000	0.000000 0.000000	0.000000 0.000000	
2 10 5 2.180000	0.112646 0.009301	0.987298 0.002087	0.097792 0.009794	0.000000 0.000000	0.000000 0.000000	0.000000 0.000000	
2 10 5 2.190000	0.114952 0.009751	0.986768 0.002249	0.096585 0.009751	0.002374 0.007719	0.000436 0.002181	0.000000 0.000000	
2 10 5 2.200000	0.109364 0.009838	0.988023 0.002144	0.093067 0.007959	0.002872 0.009142	0.000000 0.000000	0.000000 0.000000	
2 10 5 2.210000	0.113820 0.004409	0.987042 0.001008	0.096697 0.009842	0.000000 0.000000	0.000000 0.000000	0.000000 0.000000	
2 10 5 2.220000	0.114838 0.005302	0.986808 0.001228	0.094358 0.009950	0.000355 0.001777	0.000000 0.000000	0.000000 0.000000	
2 10 5 2.230000	0.113134 0.009482	0.987187 0.002159	0.090833 0.009901	0.001295 0.005371	0.000000 0.000000	0.000000 0.000000	
2 10 5 2.240000	0.113978 0.006263	0.987003 0.001417	0.094559 0.009788	0.002728 0.005282	0.000000 0.000000	0.000000 0.000000	
2 10 5 2.250000	0.112024 0.009669	0.987434 0.002177	0.093244 0.008471	0.000957 0.004785	0.000000 0.000000	0.000000 0.000000	
2 10 5 2.260000	0.112593 0.008453	0.987314 0.001925	0.094091 0.009811	0.000594 0.002969	0.000000 0.000000	0.000000 0.000000	
2 10 5 2.270000	0.111309 0.009992	0.987597 0.002218	0.090804 0.008215	0.000000 0.000000	0.000000 0.000000	0.000000 0.000000	
2 10 5 2.280000	0.111595 0.006584	0.987541 0.001465	0.093729 0.009657	0.000938 0.004690	0.000000 0.000000	0.000000 0.000000	
2 10 5 2.290000	0.112272 0.001346	0.987395 0.000302	0.093378 0.009747	0.000150 0.000751	0.000000 0.000000	0.000000 0.000000	
2 10 5 2.300000	0.111273 0.009658	0.987607 0.002168	0.093596 0.009154	0.003573 0.008013	0.000000 0.000000	0.000000 0.000000	
2 10 5 2.310000	0.112889 0.004323	0.987253 0.000977	0.091086 0.009615	0.000000 0.000000	0.000000 0.000000	0.000000 0.000000	
2 10 5 2.320000	0.112914 0.007053	0.987243 0.001588	0.089710 0.009615	0.001307 0.006535	0.000000 0.000000	0.000000 0.000000	
2 10 5 2.330000	0.111224 0.004870	0.987626 0.001089	0.094345 0.009263	0.000339 0.001697	0.000000 0.000000	0.000000 0.000000	
2 10 5 2.340000	0.111192 0.003011	0.987635 0.000671	0.091123 0.009008	0.000361 0.001807	0.000000 0.000000	0.000000 0.000000	
2 10 5 2.350000	0.112340 0.006095	0.987375 0.001366	0.084844 0.009599	0.001631 0.007662	0.000000 0.000000	0.000000 0.000000	
2 10 5 2.360000	0.110751 0.006906	0.987729 0.001520	0.089435 0.009959	0.000121 0.000603	0.000000 0.000000	0.000000 0.000000	
2 10 5 2.370000	0.110558 0.008045	0.987766 0.001783	0.086134 0.009725	0.000969 0.004846	0.000000 0.000000	0.000000 0.000000	
2 10 5 2.380000	0.110562 0.009846	0.987762 0.002158	0.086016 0.009882	0.001423 0.005776	0.000000 0.000000	0.000000 0.000000	
2 10 5 2.390000	0.111283 0.009231	0.987606 0.002070	0.089502 0.007971	0.000893 0.002514	0.000000 0.000000	0.000000 0.000000	
2 10 5 2.400000	0.109378 0.005187	0.988033 0.001121	0.085244 0.009909	0.000352 0.001762	0.000000 0.000000	0.000000 0.000000	
2 10 5 2.410000	0.112594 0.009395	0.987313 0.002109	0.081848 0.009758	0.002008 0.005930	0.000000 0.000000	0.000000 0.000000	
2 10 5 2.420000	0.109292 0.002901	0.988054 0.000637	0.085435 0.009730	0.000591 0.002956	0.000000 0.000000	0.000000 0.000000	
2 10 5 2.430000	0.110454 0.008206	0.987791 0.001834	0.081452 0.009829	0.001667 0.008334	0.000000 0.000000	0.000627 0.003136	
2 10 5 2.440000	0.109415 0.006937	0.988021 0.001527	0.076354 0.008077	0.000884 0.004422	0.000969 0.004845	0.000000 0.000000	
2 10 5 2.450000	0.112014 0.007762	0.987445 0.001734	0.081912 0.009905	0.000000 0.000000	0.000000 0.000000	0.000000 0.000000	
2 10 5 2.460000	0.107043 0.009625	0.988528 0.002069	0.083262 0.008706	0.001362 0.005716	0.000000 0.000000	0.000036 0.000182	
2 10 5 2.470000	0.110683 0.009929	0.987730 0.002216	0.086063 0.009126	0.000000 0.000000	0.000000 0.000000	0.000000 0.000000	
2 10 5 2.480000	0.108207 0.004311	0.988289 0.000933	0.082076 0.009802	0.000677 0.003385	0.000000 0.000000	0.000000 0.000000	
2 10 5 2.490000	0.112566 0.009122	0.987318 0.002062	0.081000 0.009681	0.000229 0.001143	0.000000 0.000000	0.000000 0.000000	
2 10 5 2.500000	0.112627 0.005977	0.987310 0.001354	0.080286 0.009620	0.000000 0.000000	0.000000 0.000000	0.000000 0.000000	
2 10 5 2.510000	0.108969 0.004376	0.988124 0.000949	0.083090 0.009940	0.000044 0.000219	0.000000 0.000000	0.000000 0.000000	
2 10 5 2.520000	0.107028 0.006348	0.988540 0.001376	0.081116 0.009739	-0.000046 0.000229	0.000000 0.000000	0.000314 0.001570	
2 10 5 2.530000	0.106565 0.008269	0.988632 0.001768	0.081309 0.009164	0.000837 0.004185	0.000000 0.000000	0.000000 0.000000	
2 10 5 2.540000	0.110835 0.009908	0.987702 0.002154	0.080974 0.007089	0.000000 0.000000	0.000000 0.000000	0.000000 0.000000	
2 10 5 2.550000	0.106228 0.009934	0.988702 0.002123	0.076034 0.009563	0.000813 0.004066	0.000000 0.000000	0.000986 0.004929	
2 10 5 2.560000	0.108958 0.009234	0.988117 0.002033	0.080774 0.008547	0.002581 0.006750	0.000000 0.000000	0.000000 0.000000	
2 10 5 2.570000	0.110215 0.004863	0.987850 0.001065	0.079138 0.008818	0.000152 0.000760	0.001608 0.008040	0.000000 0.000000	
2 10 5 2.580000	0.109044 0.007259	0.988104 0.001585	0.082534 0.007386	0.001908 0.009538	0.000000 0.000000	0.001354 0.006769	
2 10 5 2.590000	0.110065 0.008591	0.987877 0.001882	0.085605 0.009381	0.000290 0.001451	0.000000 0.000000	0.000000 0.000000	
2 10 5 2.600000	0.109902 0.006009	0.987917 0.001322	0.075315 0.008811	0.003189 0.009097	0.000000 0.000000	0.000000 0.000000	
2 10 5 2.610000	0.103143 0.008995	0.989350 0.001839	0.075343 0.009082	-0.000037 0.000183	-0.000045 0.000224	0.000000 0.000000	
2 10 5 2.620000	0.108214 0.009610	0.988277 0.002099	0.075117 0.009155	0.002104 0.008698	0.000257 0.001287	0.000000 0.000000	
2 10 5 2.630000	0.108503 0.007482	0.988221 0.001627	0.071887 0.009752	0.000328 0.001638	0.000000 0.000000	0.000000 0.000000	
2 10 5 2.640000	0.106845 0.004535	0.988582 0.000970	0.077420 0.009946	0.000000 0.000000	0.000000 0.000000	0.000000 0.000000	
2 10 5 2.650000	0.106048 0.009827	0.988742 0.002086	0.078304 0.008088	0.002587 0.006710	0.000000 0.000000	0.000000 0.000000	
2 10 5 2.660000	0.109096 0.003653	0.988096 0.000798	0.073751 0.009798	0.000000 0.000000	0.000204 0.001019	0.000000 0.000000	
2 10 5 2.670000	0.107927 0.005084	0.988348 0.001107	0.076870 0.009038	0.000000 0.000000	0.000000 0.000000	0.000000 0.000000	
2 10 5 2.680000	0.107532 0.003480	0.988435 0.000744	0.071992 0.009508	0.000459 0.002154	0.000000 0.000000	0.000000 0.000000	
2 10 5 2.690000	0.106409 0.007985	0.988669 0.001688	0.071387 0.007216	0.001328 0.006638	0.000000 0.000000	0.000704 0.003518	
2 10 5 2.700000	0.107954 0.007365	0.988335 0.001597	0.079817 0.009619	0.000000 0.000000	0.000154 0.000770	0.000000 0.000000	
2 10 5 2.710000	0.109540 0.009985	0.987987 0.002190	0.070479 0.009666	0.000000 0.000000	0.000000 0.000000	0.000000 0.000000	
2 10 5 2.720000	0.104029 0.009619	0.989165 0.002049	0.068955 0.009840	0.001919 0.009594	0.000000 0.000000	0.000000 0.000000	
2 10 5 2.730000	0.107640 0.004584	0.988411 0.000987	0.073092 0.009822	0.000000 0.000000	0.000000 0.000000	0.000000 0.000000	
2 10 5 2.740000	0.109258 0.009397	0.988052 0.002035	0.074437 0.009573	0.001619 0.008095	0.000218 0.001091	0.000274 0.001368	
2 10 5 2.750000	0.105245 0.007421	0.988917 0.001567	0.070319 0.009579	0.000904 0.004520	0.000000 0.000000	0.000000 0.000000	
2 10 5 2.760000	0.106479 0.008016	0.988651 0.001719	0.073205 0.009852	0.000517 0.001363	0.000000 0.000000	0.000000 0.000000	
2 10 5 2.770000	0.106177 0.005584	0.988721 0.001191	0.070697 0.009819	0.000000 0.000000	0.000000 0.000000	0.000000 0.000000	
2 10 5 2.780000	0.104639 0.006953	0.989041 0.001456	0.063923 0.009601	0.000000 0.000000	0.000000 0.000000	0.000000 0.000000	
2 10 5 2.790000	0.107348 0.008957	0.988466 0.001918	0.075855 0.009755	0.002144 0.006601	0.000000 0.000000	0.000000 0.000000	
2 10 5 2.800000	0.107273 0.004605	0.988490 0.000993	0.072395 0.009612	0.000501 0.002505	0.000000 0.000000	0.000000 0.000000	
2 10 5 2.810000	0.110841 0.008466	0.987705 0.001864	0.067995 0.009799	0.003683 0.008107	0.000000 0.000000	0.000000 0.000000	
2 10 5 2.820000	0.105709 0.009129	0.988810 0.001946	0.069534 0.009167	0.001353 0.006765	0.000000 0.000000	0.000000 0.000000	
2 10 5 2.830000	0.105277 0.006086	0.988911 0.001292	0.069767 0.008960	0.000081 0.000407	0.002818 0.009973	0.000000 0.000000	
2 10 5 2.840000	0.103326 0.009234	0.989308 0.001916	0.077156 0.007734	0.000000 0.000000	0.001031 0.005154	0.000000 0.000000	
2 10 5 2.850000	0.109857 0.006346	0.987926 0.001390	0.075188 0.009543	0.002237 0.009944	0.000000 0.000000	0.000000 0.000000	
2 10 5 2.860000	0.103768 0.003869	0.989231 0.000807	0.072326 0.009846	0.001115 0.005576	0.000000 0.000000	0.000000 0.000000	
2 10 5 2.870000	0.102953 0.009788	0.989389 0.002048	0.062724 0.002902	0.001500 0.007499	0.000000 0.000000	0.001174 0.005869	
2 10 5 2.880000	0.106294 0.007458	0.988695 0.001594	0.068290 0.006069	0.000000 0.000000	0.000000 0.000000	0.001991 0.009954	
2 10 5 2.890000	0.105211 0.001698	0.988930 0.000357	0.066954 0.009951	0.000000 0.000000	0.000000 0.000000	0.000132 0.000660	
2 10 5 2.900000	0.109369 0.002235	0.988038 0.000490	0.069970 0.009050	0.000000 0.000000	0.000000 0.000000	0.000000 0.000000	
2 10 5 2.910000	0.106590 0.009796	0.988626 0.002072	0.069151 0.008543	0.001717 0.008585	0.000000 0.000000	0.000000 0.000000	
2 10 5 2.920000	0.100290 0.008702	0.989932 0.001743	0.073190 0.009943	0.000917 0.004587	0.000000 0.000000	0.000000 0.000000	
2 10 5 2.930000	0.106172 0.008784	0.988718 0.001880	0.064198 0.009907	0.000599 0.002997	0.000000 0.000000	0.000572 0.002860	
2 10 5 2.940000	0.107610 0.009184	0.988405 0.001977	0.070002 0.008635	0.000860 0.002145	0.000000 0.000000	0.000000 0.000000	
2 10 5 2.950000	0.104760 0.009948	0.989013 0.002088	0.068201 0.008329	0.000000 0.000000	0.000809 0.004043	0.000382 0.001910	
2 10 5 2.960000	0.105742 0.005801	0.988814 0.001232	0.068114 0.009943	0.001772 0.008860	0.000000 0.000000	0.000000 0.000000	
2 10 5 2.970000	0.106584 0.006010	0.988635 0.001270	0.063769 0.009474	0.000000 0.000000	0.000000 0.000000	0.000000 0.000000	
2 10 5 2.980000	0.103256 0.009570	0.989324 0.001968	0.062494 0.007921	0.000799 0.003994	0.000661 0.003305	0.000000 0.000000	
2 10 5 2.990000	0.105234 0.004675	0.988923 0.000985	0.060867 0.009513	0.000773 0.003866	0.000000 0.000000	0.000000 0.000000	
2 10 5 3.000000	0.103963 0.009069	0.989183 0.001881	0.067471 0.008779	0.000000 0.000000	0.000000 0.000000	0.000000 0.000000	
2 10 5 3.010000	0.101674 0.004642	0.989659 0.000944	0.065763 0.009602	0.000000 0.000000	0.000000 0.000000	0.000000 0.000000	
2 10 5 3.020000	0.105573 0.009638	0.988841 0.002077	0.062565 0.009903	0.000000 0.000000	0.000000 0.000000	0.000000 0.000000	
2 10 5 3.030000	0.102270 0.008933	0.989529 0.001833	0.066794 0.009903	0.000000 0.000000	0.000000 0.000000	0.000000 0.000000	
2 10 5 3.040000	0.103926 0.001276	0.989199 0.000265	0.064255 0.009694	0.000000 0.000000	0.000237 0.001185	0.000000 0.000000	
2 10 5 3.050000	0.107368 0.009080	0.988460 0.001939	0.058794 0.009237	0.000000 0.000000	0.000000 0.000000	0.000000 0.000000	
2 10 5 3.060000	0.105241 0.009475	0.988911 0.002014	0.058779 0.009137	0.000776 0.003878	0.000000 0.000000	0.000000 0.000000	
2 10 5 3.070000	0.105294 0.004978	0.988910 0.001053	0.065902 0.009784	0.000221 0.001106	0.000000 0.000000	0.000000 0.000000	
2 10 5 3.080000	0.101754 0.009539	0.989634 0.001949	0.058745 0.009002	0.000000 0.000000	0.000000 0.000000	0.000000 0.000000	
2 10 5 3.090000	0.103214 0.005003	0.989344 0.001037	0.060993 0.009890	0.000000 0.000000	0.000000 0.000000	0.000000 0.000000	
2 10 5 3.100000	0.103628 0.009943	0.989250 0.002050	0.060105 0.008500	0.000267 0.001333	0.000000 0.000000	0.000000 0.000000	
2 10 5 3.110000	0.101820 0.004578	0.989630 0.000932	0.063951 0.009540	0.000000 0.000000	0.000000 0.000000	0.000000 0.000000	
2 10 5 3.120000	0.104079 0.008494	0.989156 0.001787	0.059658 0.009476	0.001252 0.003928	0.000000 0.000000	0.000000 0.000000	
2 10 5 3.130000	0.103945 0.007103	0.989188 0.001498	0.054143 0.009918	0.000000 0.000000	0.000000 0.000000	0.000000 0.000000	
2 10 5 3.140000	0.105575 0.007303	0.988847 0.001542	0.056599 0.009998	0.000553 0.002767	0.000214 0.001068	0.000000 0.000000	
2 10 5 3.150000	0.105931 0.009990	0.988765 0.002146	0.055985 0.009300	0.000465 0.002323	0.000000 0.000000	0.000000 0.000000	
2 10 5 3.160000	0.103358 0.008132	0.989310 0.001667	0.058815 0.009657	0.000000 0.000000	0.000000 0.000000	0.001201 0.006007	
2 10 5 3.170000	0.104165 0.004971	0.989147 0.001038	0.061314 0.009537	0.001189 0.005946	0.000000 0.000000	0.000232 0.001161	
2 10 5 3.180000	0.104840 0.009198	0.988996 0.001929	0.065406 0.009924	0.002030 0.007894	0.000000 0.000000	0.000681 0.003404	
2 10 5 3.190000	0.104704 0.007814	0.989028 0.001623	0.059421 0.009728	0.001126 0.005632	0.000000 0.000000	0.000000 0.000000	
2 10 5 3.200000	0.103642 0.009965	0.989242 0.002086	0.058441 0.004827	0.000000 0.000000	0.000000 0.000000	0.000000 0.000000	
2 10 5 3.210000	0.103631 0.009621	0.989247 0.001952	0.061902 0.009273	0.000000 0.000000	0.000855 0.004276	0.000000 0.000000	
2 10 5 3.220000	0.102903 0.005201	0.989408 0.001074	0.053684 0.009111	0.000891 0.001828	0.000000 0.000000	0.000000 0.000000	
2 10 5 3.230000	0.103916 0.007373	0.989194 0.001516	0.059763 0.009515	0.000000 0.000000	0.000000 0.000000	0.000000 0.000000	
2 10 5 3.240000	0.103661 0.003941	0.989252 0.000814	0.053964 0.009791	0.000000 0.000000	0.000000 0.000000	0.000000 0.000000	
2 10 5 3.250000	0.101950 0.006002	0.989601 0.001214	0.063009 0.009906	0.000000 0.000000	0.000000 0.000000	0.000000 0.000000	
2 10 5 3.260000	0.102538 0.004386	0.989484 0.000901	0.057588 0.009708	0.000057 0.000287	0.000000 0.000000	0.000000 0.000000	
2 10 5 3.270000	0.100015 0.007963	0.989988 0.001591	0.063144 0.009959	0.000000 0.000000	0.000000 0.000000	0.000000 0.000000	
2 10 5 3.280000	0.099954 0.009789	0.989995 0.001986	0.062748 0.009102	0.000000 0.000000	0.000000 0.000000	0.000000 0.000000	
2 10 5 3.290000	0.101922 0.009844	0.989594 0.001998	0.060445 0.008891	0.000544 0.001840	0.000000 0.000000	0.000000 0.000000	
2 10 5 3.300000	0.103765 0.004464	0.989229 0.000926	0.058591 0.009937	0.000000 0.000000	0.000000 0.000000	0.000000 0.000000	
2 10 5 3.310000	0.100245 0.009952	0.989939 0.002020	0.055313 0.009944	0.000000 0.000000	0.000000 0.000000	0.000000 0.000000	
2 10 5 3.320000	0.102832 0.003400	0.989424 0.000696	0.057740 0.009888	0.000000 0.000000	0.000000 0.000000	0.000000 0.000000	
2 10 5 3.330000	0.102466 0.002373	0.989500 0.000487	0.057233 0.009774	0.000364 0.001819	0.000000 0.000000	0.000000 0.000000	
2 10 5 3.340000	0.102551 0.002889	0.989482 0.000594	0.056565 0.009856	0.000000 0.000000	0.000000 0.000000	0.000000 0.000000	
2 10 5 3.350000	0.102975 0.007135	0.989390 0.001474	0.058990 0.009939	0.000606 0.003029	0.000000 0.000000	0.000000 0.000000	
2 10 5 3.360000	0.100447 0.009487	0.989898 0.001914	0.058066 0.009760	0.000432 0.001150	0.000000 0.000000	0.000000 0.000000	
2 10 5 3.370000	0.103514 0.003795	0.989282 0.000788	0.055852 0.009695	0.000000 0.000000	0.000000 0.000000	0.000743 0.003717	
2 10 5 3.380000	0.100721 0.002409	0.989854 0.000486	0.055462 0.009278	0.000142 0.000712	0.000000 0.000000	0.000000 0.000000	
2 10 5 3.390000	0.103555 0.004929	0.989274 0.001014	0.054193 0.009280	0.001239 0.006197	0.000000 0.000000	0.000000 0.000000	
2 10 5 3.400000	0.101657 0.009809	0.989653 0.002030	0.059175 0.009750	0.000000 0.000000	0.000000 0.000000	0.000651 0.003255	
2 10 5 3.410000	0.105871 0.006895	0.988785 0.001468	0.047399 0.008507	0.000228 0.001142	0.000000 0.000000	0.000000 0.000000	
2 10 5 3.420000	0.103055 0.005465	0.989376 0.001126	0.051110 0.009388	0.000000 0.000000	0.000000 0.000000	0.000000 0.000000	
2 10 5 3.430000	0.105850 0.007296	0.988788 0.001539	0.059994 0.009776	0.000000 0.000000	0.000000 0.000000	0.000000 0.000000	
2 10 5 3.440000	0.101672 0.004386	0.989660 0.000897	0.056855 0.009946	0.000000 0.000000	0.000000 0.000000	0.000000 0.000000	
2 10 5 3.450000	0.103605 0.007348	0.989257 0.001516	0.054342 0.009475	0.000000 0.000000	0.000000 0.000000	0.000000 0.000000	
2 10 5 3.460000	0.102512 0.009801	0.989479 0.002026	0.053877 0.007108	0.001955 0.009774	0.000000 0.000000	0.000000 0.000000	
2 10 5 3.470000	0.103185 0.008812	0.989343 0.001793	0.054709 0.009507	0.000000 0.000000	0.000000 0.000000	0.001425 0.006526	
2 10 5 3.480000	0.102469 0.008724	0.989490 0.001814	0.057243 0.009996	0.000229 0.001145	0.000000 0.000000	0.000839 0.004194	
2 10 5 3.490000	0.104106 0.009623	0.989152 0.002010	0.051602 0.009791	0.000627 0.003133	0.000000 0.000000	0.000000 0.000000	
2 10 5 3.500000	0.101728 0.006503	0.989644 0.001328	0.056736 0.009984	0.000000 0.000000	0.000469 0.002344	0.000000 0.000000	
2 10 5 3.510000	0.104560 0.009557	0.989055 0.001968	0.055899 0.007829	0.000413 0.002064	0.000000 0.000000	0.000000 0.000000	
2 10 5 3.520000	0.098119 0.009191	0.990362 0.001804	0.054606 0.009865	0.000000 0.000000	0.000701 0.003505	0.000000 0.000000	
2 10 5 3.530000	0.103341 0.009442	0.989310 0.001925	0.050600 0.009438	0.000333 0.001665	-0.000069 0.000345	0.000000 0.000000	
2 10 5 3.540000	0.101998 0.005198	0.989594 0.001063	0.052433 0.009765	0.000000 0.000000	0.000000 0.000000	0.000000 0.000000	
2 10 5 3.550000	0.101043 0.006767	0.989785 0.001363	0.053779 0.009919	0.000128 0.000639	0.000000 0.000000	0.000000 0.000000	
2 10 5 3.560000	0.100520 0.009287	0.989885 0.001854	0.053411 0.009602	0.000000 0.000000	0.000000 0.000000	0.000000 0.000000	
2 10 5 3.570000	0.102273 0.006468	0.989536 0.001318	0.056529 0.009369	0.000556 0.002778	0.000000 0.000000	0.000000 0.000000	
2 10 5 3.580000	0.101294 0.009582	0.989729 0.001929	0.049988 0.009171	0.000000 0.000000	0.000000 0.000000	0.000000 0.000000	
2 10 5 3.590000	0.102413 0.001641	0.989511 0.000337	0.052421 0.009834	0.000000 0.000000	0.000000 0.000000	0.000000 0.000000	
2 10 5 3.600000	0.104173 0.008836	0.989138 0.001861	0.052246 0.009919	0.000571 0.002854	0.000000 0.000000	0.000000 0.000000	
2 10 5 3.610000	0.099541 0.008296	0.990083 0.001656	0.049699 0.009361	0.000000 0.000000	0.000000 0.000000	0.003542 0.009064	
2 10 5 3.620000	0.101407 0.007360	0.989709 0.001513	0.054649 0.009410	0.000000 0.000000	0.000000 0.000000	0.000000 0.000000	
2 10 5 3.630000	0.099816 0.007365	0.990029 0.001480	0.051224 0.009597	0.000000 0.000000	0.000632 0.003161	0.000000 0.000000	
2 10 5 3.640000	0.101645 0.009798	0.989654 0.002005	0.052357 0.007784	0.000000 0.000000	0.000000 0.000000	0.000000 0.000000	
2 10 5 3.650000	0.104410 0.008734	0.989088 0.001853	0.051424 0.009783	0.000374 0.001871	0.000000 0.000000	0.000647 0.003235	
2 10 5 3.660000	0.100740 0.008571	0.989842 0.001710	0.050295 0.009413	0.000223 0.001114	0.000000 0.000000	0.000000 0.000000	
2 10 5 3.670000	0.101417 0.009494	0.989704 0.001925	0.052907 0.009792	0.000804 0.004019	0.000000 0.000000	0.000000 0.000000	
2 10 5 3.680000	0.101740 0.009834	0.989638 0.001991	0.045991 0.009870	0.000000 0.000000	0.000000 0.000000	0.000000 0.000000	
2 10 5 3.690000	0.101844 0.007895	0.989620 0.001617	0.050392 0.009950	0.000000 0.000000	0.000000 0.000000	0.000000 0.000000	
2 10 5 3.700000	0.096686 0.009050	0.990640 0.001765	0.044055 0.005588	0.000887 0.004435	0.000000 0.000000	0.000000 0.000000	
2 10 5 3.710000	0.098502 0.009830	0.990286 0.001947	0.050815 0.009654	0.000000 0.000000	0.000000 0.000000	0.000000 0.000000	
2 10 5 3.720000	0.103295 0.009458	0.989313 0.001941	0.049372 0.009430	0.000000 0.000000	0.000000 0.000000	0.000000 0.000000	
2 10 5 3.730000	0.100629 0.008765	0.989864 0.001772	0.044622 0.008918	0.003898 0.009949	0.000545 0.002726	0.000000 0.000000	
2 10 5 3.740000	0.100823 0.004480	0.989833 0.000904	0.048112 0.009798	0.000000 0.000000	0.000000 0.000000	0.000000 0.000000	
2 10 5 3.750000	0.098886 0.009886	0.990207 0.001920	0.054214 0.007505	0.000314 0.001568	0.000048 0.000239	0.000000 0.000000	
2 10 5 3.760000	0.102432 0.009285	0.989495 0.001890	0.044492 0.008984	0.000546 0.002731	0.000000 0.000000	0.000000 0.000000	
2 10 5 3.770000	0.098885 0.006607	0.990216 0.001316	0.043370 0.009820	0.002930 0.007433	0.000000 0.000000	0.000000 0.000000	
2 10 5 3.780000	0.100606 0.004611	0.989876 0.000926	0.045255 0.009973	0.000000 0.000000	0.000000 0.000000	0.000000 0.000000	
2 10 5 3.790000	0.101093 0.008898	0.989766 0.001795	0.049776 0.009491	0.000000 0.000000	0.000000 0.000000	0.000000 0.000000	
2 10 5 3.800000	0.101193 0.008944	0.989749 0.001808	0.046666 0.009534	0.000005 0.000024	0.000000 0.000000	0.000000 0.000000	
2 10 5 3.810000	0.096916 0.005961	0.990603 0.001140	0.047798 0.009775	0.000799 0.003853	0.001067 0.005336	0.000000 0.000000	
2 10 5 3.820000	0.099248 0.005176	0.990145 0.001030	0.047270 0.009879	0.000000 0.000000	0.000000 0.000000	0.000000 0.000000	
2 10 5 3.830000	0.099902 0.008881	0.990007 0.001768	0.048564 0.008755	0.001896 0.009477	0.000000 0.000000	0.000000 0.000000	
2 10 5 3.840000	0.098568 0.009318	0.990275 0.001852	0.048779 0.008908	0.001763 0.008816	0.000248 0.001238	0.001703 0.008517	
2 10 5 3.850000	0.097337 0.003946	0.990524 0.000770	0.045486 0.009553	0.000000 0.000000	0.000118 0.000590	0.000000 0.000000	
2 10 5 3.860000	0.100198 0.009893	0.989948 0.001946	0.047465 0.009125	0.000000 0.000000	0.000000 0.000000	0.000482 0.002411	
2 10 5 3.870000	0.099683 0.009941	0.990053 0.001978	0.044491 0.006005	0.000000 0.000000	0.000000 0.000000	0.000400 0.001999	
2 10 5 3.880000	0.100809 0.009878	0.989825 0.001968	0.050536 0.006422	0.000023 0.000115	0.000000 0.000000	0.000364 0.001763	
2 10 5 3.890000	0.101163 0.007335	0.989759 0.001500	0.046608 0.009216	0.000871 0.002336	0.000000 0.000000	0.000000 0.000000	
2 10 5 3.900000	0.097735 0.009960	0.990437 0.001936	0.047072 0.009870	0.000000 0.000000	0.000000 0.000000	0.000000 0.000000	
2 10 5 3.910000	0.102100 0.007735	0.989568 0.001574	0.044439 0.009506	0.000000 0.000000	0.000000 0.000000	0.000000 0.000000	
2 10 5 3.920000	0.101768 0.005911	0.989638 0.001201	0.047340 0.009918	0.000000 0.000000	0.000000 0.000000	0.000139 0.000694	
2 10 5 3.930000	0.098621 0.007758	0.990266 0.001509	0.046653 0.009989	0.000000 0.000000	0.000000 0.000000	0.001240 0.006202	
2 10 5 3.940000	0.100562 0.003302	0.989886 0.000662	0.048856 0.009566	0.000000 0.000000	0.000000 0.000000	0.000000 0.000000	
2 10 5 3.950000	0.099578 0.009360	0.990073 0.001856	0.047725 0.009788	0.000000 0.000000	0.000000 0.000000	0.000000 0.000000	
2 10 5 3.960000	0.098414 0.009750	0.990303 0.001951	0.049511 0.008943	0.000254 0.001269	0.000000 0.000000	0.000000 0.000000	
2 10 5 3.970000	0.100844 0.006980	0.989823 0.001406	0.041559 0.009827	0.000000 0.000000	0.000286 0.001432	0.000000 0.000000	
2 10 5 3.980000	0.104108 0.008429	0.989153 0.001747	0.041958 0.009919	0.000000 0.000000	0.000000 0.000000	0.000000 0.000000	
2 10 5 3.990000	0.098608 0.008571	0.990261 0.001681	0.039523 0.008829	0.000000 0.000000	0.000000 0.000000	-0.000027 0.000135	
2 10 5 4.000000	0.102315 0.009867	0.989518 0.002052	0.045005 0.009921	0.001074 0.005370	0.000000 0.000000	0.000000 0.000000	
