2 100 3 0.000000	0.999970 0.000150	0.000060 0.000300	0.000060 0.000300	0.000000 0.000000	0.000000 0.000000	0.000000 0.000000	0.000000 0.000000	0.000060 0.000300	0.000000 0.000000	0.000060 0.000300	0.000000 0.000000	
2 100 3 0.010000	0.999970 0.000150	0.000060 0.000300	0.000060 0.000300	0.000000 0.000000	0.000000 0.000000	0.000000 0.000000	0.000000 0.000000	0.000060 0.000300	0.000000 0.000000	0.000060 0.000300	0.000000 0.000000	
2 100 3 0.020000	0.999940 0.000300	0.000120 0.000600	0.000000 0.000000	0.000000 0.000000	0.000000 0.000000	0.000120 0.000600	0.000120 0.000600	0.000000 0.000000	0.000120 0.000600	0.000000 0.000000	0.000000 0.000000	
2 100 3 0.030000	0.999730 0.001050	0.000540 0.002099	0.000000 0.000000	0.000120 0.000300	0.000000 0.000000	0.000120 0.000300	0.000330 0.001349	0.000120 0.000300	0.000120 0.000300	0.000480 0.002099	0.000120 0.000599	
2 100 3 0.040000	0.999356 0.003222	0.001287 0.006433	0.000000 0.000000	0.000000 0.000000	0.000000 0.000000	0.000000 0.000000	0.000000 0.000000	0.000000 0.000000	0.000000 0.000000	0.000000 0.000000	0.000000 0.000000	
2 100 3 0.050000	0.999820 0.000900	0.000360 0.001799	0.000000 0.000000	0.000000 0.000000	0.000000 0.000000	0.000000 0.000000	0.000000 0.000000	0.000000 0.000000	0.000000 0.000000	0.000000 0.000000	0.000000 0.000000	
2 100 3 0.060000	0.999820 0.000900	0.000360 0.001799	0.000000 0.000000	0.000000 0.000000	0.000000 0.000000	0.000000 0.000000	0.000000 0.000000	0.000000 0.000000	0.000000 0.000000	0.000000 0.000000	0.000000 0.000000	
2 100 3 0.070000	0.999640 0.000900	0.000720 0.001799	0.000120 0.000300	0.000120 0.000300	0.000420 0.001799	0.000060 0.000300	0.000120 0.000300	0.000060 0.000300	0.000120 0.000300	0.000420 0.001799	0.000360 0.001499	
2 100 3 0.080000	0.999970 0.000100	0.000040 0.000200	0.000000 0.000000	0.000000 0.000000	0.000000 0.000000	0.000000 0.000000	0.000000 0.000000	0.000000 0.000000	0.000000 0.000000	0.000000 0.000000	0.000040 0.000200	
2 100 3 0.090000	0.999041 0.004044	0.001914 0.008073	0.000150 0.000750	0.000150 0.000750	0.000150 0.000750	0.000250 0.000750	0.000100 0.000500	0.000000 0.000000	0.001014 0.004323	0.001064 0.004573	0.000100 0.000500	
2 100 3 0.100000	0.999100 0.002399	0.001798 0.004792	0.000958 0.004042	0.000150 0.000749	0.000000 0.000000	0.000150 0.000749	0.000390 0.001948	0.000748 0.002542	0.000150 0.000749	0.000208 0.000749	0.000508 0.001792	
2 100 3 0.110000	0.999880 0.000600	0.000240 0.001200	0.000000 0.000000	0.000000 0.000000	0.000000 0.000000	0.000000 0.000000	0.000000 0.000000	0.000000 0.000000	0.000240 0.001200	0.000240 0.001200	0.000000 0.000000	
2 100 3 0.120000	0.999955 0.000225	0.000090 0.000450	0.000000 0.000000	0.000000 0.000000	0.000000 0.000000	0.000000 0.000000	0.000090 0.000450	0.000000 0.000000	0.000000 0.000000	0.000000 0.000000	0.000000 0.000000	
2 100 3 0.130000	0.998591 0.003448	0.002815 0.006884	0.001135 0.004634	0.000627 0.003134	0.000030 0.000149	0.000030 0.000149	0.000027 0.000134	0.000865 0.002384	0.000715 0.001792	0.000835 0.003884	0.000180 0.000899	
2 100 3 0.140000	0.999430 0.002699	0.001138 0.005390	0.000000 0.000000	0.000000 0.000000	0.000000 0.000000	0.000060 0.000300	0.000628 0.003140	0.000478 0.002390	0.000388 0.001640	0.000778 0.003890	0.000000 0.000000	
2 100 3 0.150000	0.999820 0.000750	0.000360 0.001499	0.000060 0.000300	0.000210 0.000749	0.000000 0.000000	0.000210 0.000749	0.000060 0.000300	0.000060 0.000300	0.000060 0.000300	0.000060 0.000300	0.000060 0.000300	
2 100 3 0.160000	0.999310 0.001200	0.001379 0.002398	0.000479 0.001198	0.000240 0.000900	0.000329 0.001198	0.000449 0.000900	0.001079 0.001949	0.000270 0.000900	0.000449 0.001198	0.000540 0.000900	0.000659 0.001948	
2 100 3 0.170000	0.999910 0.000150	0.000180 0.000300	0.000000 0.000000	0.000000 0.000000	0.000000 0.000000	0.000120 0.000300	0.000060 0.000300	0.000060 0.000300	0.000000 0.000000	0.000000 0.000000	0.000000 0.000000	
2 100 3 0.180000	0.999431 0.002772	0.001137 0.005537	0.000637 0.003037	0.000837 0.004037	0.000030 0.000150	0.000030 0.000150	0.000407 0.002037	0.000030 0.000150	0.000687 0.003287	0.000030 0.000150	0.000030 0.000150	
2 100 3 0.190000	0.999790 0.000600	0.000420 0.001200	0.000120 0.000600	0.000060 0.000300	0.000120 0.000600	0.000000 0.000000	0.000120 0.000600	0.000000 0.000000	0.000000 0.000000	0.000000 0.000000	0.000000 0.000000	
2 100 3 0.200000	0.999295 0.003523	0.001407 0.007034	0.000000 0.000000	0.000000 0.000000	0.000000 0.000000	0.000000 0.000000	0.000000 0.000000	0.000000 0.000000	0.000000 0.000000	0.000000 0.000000	0.000000 0.000000	
2 100 3 0.210000	0.999430 0.002250	0.001139 0.004495	0.000000 0.000000	0.000000 0.000000	0.000000 0.000000	0.000090 0.000450	0.000000 0.000000	0.000299 0.001495	0.000000 0.000000	0.000839 0.003745	0.000000 0.000000	
2 100 3 0.220000	0.999790 0.001050	0.000420 0.002099	0.000000 0.000000	0.000000 0.000000	0.000000 0.000000	0.000000 0.000000	0.000000 0.000000	0.000000 0.000000	0.000000 0.000000	0.000000 0.000000	0.000000 0.000000	
2 100 3 0.230000	0.999130 0.002849	0.001737 0.005690	0.000088 0.000440	0.000688 0.003440	0.000238 0.001190	0.000088 0.000440	0.000000 0.000000	0.000000 0.000000	0.000088 0.000440	0.000538 0.002690	0.000000 0.000000	
2 100 3 0.240000	0.998951 0.003748	0.002096 0.007481	0.000330 0.001648	0.000716 0.002981	0.000150 0.000600	0.000600 0.002398	0.000120 0.000600	0.000746 0.002981	0.000866 0.003731	0.000266 0.000731	0.001196 0.003731	
2 100 3 0.250000	0.998981 0.003896	0.002035 0.007777	0.001085 0.004027	0.000935 0.004527	0.001085 0.003277	0.000030 0.000150	0.000030 0.000150	0.000030 0.000150	0.000555 0.002777	0.000330 0.001499	0.000885 0.003027	
2 100 3 0.260000	1.000000 0.000000	0.000000 0.000000	0.000000 0.000000	0.000000 0.000000	0.000000 0.000000	0.000000 0.000000	0.000000 0.000000	0.000000 0.000000	0.000000 0.000000	0.000000 0.000000	0.000000 0.000000	
2 100 3 0.270000	0.999176 0.004046	0.001645 0.008075	0.000030 0.000150	0.000030 0.000150	0.000000 0.000000	0.000000 0.000000	0.000030 0.000150	0.000000 0.000000	0.000030 0.000150	0.000000 0.000000	0.000000 0.000000	
2 100 3 0.280000	0.999340 0.003299	0.001318 0.006588	0.000000 0.000000	0.000000 0.000000	0.000000 0.000000	0.000000 0.000000	0.000000 0.000000	0.000000 0.000000	0.000000 0.000000	0.000000 0.000000	0.000000 0.000000	
2 100 3 0.290000	0.999280 0.001500	0.001439 0.002997	0.000240 0.000900	0.000059 0.000297	0.000090 0.000300	0.000060 0.000300	0.000240 0.000900	0.000060 0.000300	0.000180 0.000900	0.000090 0.000300	0.000599 0.001797	
2 100 3 0.300000	0.998860 0.002999	0.002276 0.005989	0.000000 0.000000	0.000000 0.000000	0.000000 0.000000	0.000000 0.000000	0.000000 0.000000	0.000000 0.000000	0.000000 0.000000	0.000000 0.000000	0.000000 0.000000	
2 100 3 0.310000	0.999326 0.002772	0.001347 0.005537	0.000507 0.002537	0.000060 0.000300	0.000000 0.000000	0.000000 0.000000	0.000240 0.000900	0.000060 0.000300	0.000060 0.000300	0.000240 0.000900	0.000060 0.000300	
2 100 3 0.320000	1.000000 0.000000	0.000000 0.000000	0.000000 0.000000	0.000000 0.000000	0.000000 0.000000	0.000000 0.000000	0.000000 0.000000	0.000000 0.000000	0.000000 0.000000	0.000000 0.000000	0.000000 0.000000	
2 100 3 0.330000	0.999730 0.001200	0.000540 0.002398	0.000480 0.002398	0.000030 0.000148	0.000000 0.000000	0.000000 0.000000	0.000090 0.000300	0.000060 0.000300	0.000480 0.002398	0.000000 0.000000	0.000000 0.000000	
2 100 3 0.340000	0.998681 0.004048	0.002635 0.008079	0.000000 0.000000	0.000716 0.002829	0.000716 0.003579	0.000985 0.002829	0.000266 0.001329	0.000000 0.000000	0.000416 0.002079	0.000865 0.002829	0.000030 0.000150	
2 100 3 0.350000	0.998771 0.002848	0.002456 0.005688	0.000867 0.003438	0.000000 0.000000	0.000538 0.002688	0.000000 0.000000	0.000313 0.001563	0.000000 0.000000	0.000000 0.000000	0.000000 0.000000	0.000000 0.000000	
2 100 3 0.360000	0.999865 0.000525	0.000270 0.001050	0.000030 0.000150	0.000000 0.000000	0.000030 0.000150	0.000000 0.000000	0.000060 0.000150	0.000000 0.000000	0.000140 0.000550	0.000030 0.000150	0.000110 0.000550	
2 100 3 0.370000	0.999280 0.002998	0.001437 0.005986	0.000627 0.002386	0.000120 0.000450	0.000000 0.000000	0.000030 0.000150	0.000000 0.000000	0.000497 0.001886	0.000437 0.001886	0.000100 0.000200	0.000060 0.000150	
2 100 3 0.380000	0.996641 0.003299	0.006706 0.006577	0.001966 0.004775	0.001340 0.003275	0.001466 0.006131	0.002121 0.005381	0.001606 0.004047	0.001611 0.004631	0.001340 0.004025	0.000982 0.002084	0.001222 0.003275	
2 100 3 0.390000	0.997976 0.003296	0.004042 0.006579	0.002622 0.005029	0.001484 0.004029	0.000518 0.002240	0.002002 0.003779	0.000120 0.000600	0.000688 0.002390	0.001024 0.002779	0.000988 0.004490	0.000568 0.002490	
2 100 3 0.400000	0.999700 0.000525	0.000600 0.001049	0.000160 0.000450	0.000120 0.000300	0.000150 0.000450	0.000490 0.001349	0.000020 0.000100	0.000330 0.000599	0.000120 0.000300	0.000120 0.000600	0.000420 0.001349	
2 100 3 0.410000	0.999640 0.000825	0.000720 0.001649	0.000240 0.000599	0.000255 0.000974	0.000325 0.000974	0.000000 0.000000	0.000130 0.000649	0.000330 0.001349	0.000330 0.001349	0.000000 0.000000	0.000000 0.000000	
2 100 3 0.420000	0.997631 0.004049	0.004730 0.008080	0.000449 0.001645	0.000000 0.000000	0.000000 0.000000	0.000509 0.002398	0.000479 0.002395	0.000295 0.001328	0.000179 0.000895	0.000779 0.003895	0.000449 0.001645	
2 100 3 0.430000	0.997622 0.004694	0.004748 0.009361	0.000339 0.000946	0.000882 0.002761	0.001077 0.003987	0.000090 0.000450	0.001829 0.006061	0.000000 0.000000	0.001197 0.005161	0.001001 0.003511	0.000432 0.002161	
2 100 3 0.440000	0.998371 0.003946	0.003253 0.007873	0.000400 0.001000	0.001363 0.002773	0.000117 0.000586	0.000570 0.001149	0.000559 0.001393	0.000175 0.000550	0.000505 0.001823	0.000000 0.000000	0.000140 0.000700	
2 100 3 0.450000	0.999240 0.001450	0.001519 0.002897	0.000210 0.000600	0.000000 0.000000	0.000050 0.000250	0.000200 0.000500	0.000062 0.000312	0.000210 0.001050	0.000000 0.000000	0.000405 0.000925	0.000460 0.001050	
2 100 3 0.460000	0.999390 0.000350	0.001220 0.000700	0.000200 0.000999	0.000110 0.000550	0.000090 0.000449	0.000177 0.000649	0.000420 0.001050	0.000210 0.000749	0.000205 0.000425	0.000140 0.000700	0.000000 0.000000	
2 100 3 0.470000	0.998502 0.004072	0.002992 0.008124	0.000197 0.000687	0.001042 0.004524	0.000625 0.003489	0.000139 0.000379	0.000612 0.002274	0.000235 0.000655	0.000937 0.004441	0.000350 0.000879	0.000180 0.000566	
2 100 3 0.480000	0.998328 0.004833	0.003337 0.009638	0.001196 0.005251	0.000195 0.000674	0.000780 0.004351	0.000180 0.000900	0.000375 0.001876	0.000205 0.000525	0.000523 0.001110	0.000827 0.002063	0.001644 0.004163	
2 100 3 0.490000	0.998800 0.000825	0.002398 0.001648	0.000390 0.001049	0.000277 0.001236	0.000202 0.001012	0.000205 0.000574	0.000202 0.001011	0.000534 0.001611	0.000000 0.000000	0.000090 0.000449	0.000451 0.001074	
2 100 3 0.500000	0.997172 0.004540	0.005645 0.009045	0.001926 0.006945	0.001716 0.005142	0.001297 0.006046	0.001328 0.005442	0.001298 0.005592	0.001326 0.004842	0.001448 0.005292	0.002150 0.005442	0.000629 0.001947	
2 100 3 0.510000	0.996322 0.004847	0.007338 0.009661	0.001343 0.004918	0.001825 0.004560	0.000080 0.000399	0.001014 0.005068	0.000500 0.001799	0.000290 0.001449	0.002376 0.007260	0.000762 0.003113	0.001152 0.005760	
2 100 3 0.520000	0.996745 0.003975	0.006496 0.007920	0.000861 0.004287	0.003300 0.006867	0.000609 0.003046	0.000707 0.003537	0.000344 0.001497	0.001253 0.004617	0.000138 0.000692	0.000503 0.002513	0.001331 0.005367	
2 100 3 0.530000	0.998020 0.001275	0.003956 0.002545	0.000761 0.002811	0.000196 0.000981	0.000201 0.001006	0.000480 0.001455	0.000581 0.002723	0.000937 0.003347	0.000771 0.002195	0.001336 0.002506	0.000112 0.000561	
2 100 3 0.540000	0.996790 0.003900	0.006407 0.007768	0.000079 0.000395	0.000129 0.000643	0.001213 0.006063	0.000000 0.000000	0.000598 0.001595	0.000000 0.000000	0.000000 0.000000	0.000000 0.000000	0.000200 0.000605	
2 100 3 0.550000	0.996640 0.001350	0.006708 0.002691	0.000297 0.001487	0.000347 0.001737	0.000447 0.002237	0.001163 0.002985	0.000267 0.001336	0.000287 0.001436	0.001785 0.002919	0.000397 0.001985	0.000795 0.003237	
2 100 3 0.560000	0.996311 0.004545	0.007361 0.009053	0.000688 0.001947	0.001484 0.002724	0.000000 0.000000	0.000449 0.001999	0.000699 0.001999	0.000795 0.003974	0.000757 0.002543	0.000237 0.001103	0.000000 0.000000	
2 100 3 0.570000	0.996730 0.001550	0.006529 0.003089	0.000468 0.002341	0.000196 0.000842	0.000288 0.001441	0.000515 0.001951	0.000656 0.001691	0.000427 0.001542	0.000368 0.001841	0.000296 0.002297	0.000368 0.001842	
2 100 3 0.580000	0.995111 0.003447	0.009752 0.006862	0.002067 0.008208	0.000655 0.002740	0.001317 0.004230	0.000920 0.003565	0.001232 0.003286	0.003047 0.008358	0.000087 0.000436	0.000027 0.000136	0.001400 0.004390	
2 100 3 0.590000	0.995450 0.003600	0.009077 0.007162	0.000904 0.002732	0.000000 0.000000	0.000636 0.001697	0.000723 0.001884	0.000000 0.000000	0.000137 0.000684	0.001263 0.002800	0.000302 0.001509	0.000227 0.001134	
2 100 3 0.600000	0.993601 0.004297	0.012755 0.008535	0.003171 0.008615	0.000986 0.003829	0.000736 0.001865	0.001986 0.006365	0.001111 0.002162	0.000573 0.002865	0.000478 0.003003	0.001386 0.005365	0.000000 0.000000	
2 100 3 0.610000	0.993808 0.004320	0.012343 0.008577	0.000433 0.002163	0.000386 0.001438	0.000126 0.000753	0.000745 0.003724	0.000566 0.002831	0.001068 0.003474	0.000984 0.002828	0.000371 0.001855	0.001101 0.003900	
2 100 3 0.620000	0.992606 0.004836	0.014731 0.009597	0.000881 0.003462	0.000338 0.001692	0.000114 0.000572	0.001051 0.003676	0.000790 0.003952	0.002339 0.008069	-0.000142 0.000708	0.001700 0.006559	0.002018 0.006954	
2 100 3 0.630000	0.993088 0.003928	0.013773 0.007797	0.000836 0.003441	0.001053 0.004207	0.001128 0.003819	0.000595 0.001890	0.001369 0.003497	0.000338 0.002307	-0.000040 0.000792	0.000970 0.003443	0.001290 0.005226	
2 100 3 0.640000	0.991788 0.002699	0.016356 0.005352	0.001028 0.004050	0.000468 0.002340	0.000903 0.002715	0.000000 0.000000	0.000160 0.000800	0.000445 0.002223	0.000745 0.003723	0.002058 0.005514	0.000414 0.002072	
2 100 3 0.650000	0.990342 0.005018	0.019220 0.009928	0.001246 0.003394	0.001548 0.006141	0.000839 0.004197	0.000635 0.003177	0.002221 0.005936	0.000306 0.001531	0.000966 0.004832	0.000000 0.000000	0.000531 0.002656	
2 100 3 0.660000	0.989156 0.004683	0.021567 0.009257	0.001674 0.005343	0.000000 0.000000	0.000096 0.000482	0.000000 0.000000	0.002423 0.009354	0.000000 0.000000	0.000499 0.001443	0.001417 0.003802	0.001294 0.006469	
2 100 3 0.670000	0.990490 0.003025	0.018928 0.005991	0.001655 0.005615	-0.000034 0.000168	0.002435 0.006990	0.000223 0.001115	0.000000 0.000000	0.000555 0.002198	0.000591 0.002957	0.000682 0.001781	0.000998 0.004988	
2 100 3 0.680000	0.988589 0.004687	0.022688 0.009258	0.001402 0.006665	0.000642 0.002607	0.000881 0.002020	0.000913 0.002630	0.001345 0.005557	0.000697 0.001850	0.000222 0.000765	0.000700 0.002098	0.000314 0.001569	
2 100 3 0.690000	0.987025 0.004678	0.025779 0.009225	0.002870 0.005654	0.001372 0.005570	0.000944 0.004130	0.000465 0.002327	0.000315 0.000976	0.000000 0.000000	0.000239 0.001194	0.000000 0.000000	0.000827 0.002353	
2 100 3 0.700000	0.983966 0.005062	0.031807 0.009956	0.001687 0.004240	0.001287 0.004884	0.000000 0.000000	0.000000 0.000000	0.001924 0.004696	0.000939 0.004696	0.001123 0.005614	0.000616 0.003080	0.000000 0.000000	
2 100 3 0.710000	0.984506 0.004223	0.030745 0.008305	0.001876 0.004812	0.001315 0.003919	0.000275 0.001375	0.001963 0.005026	0.000498 0.002489	0.001261 0.006307	0.000411 0.002055	0.001844 0.004937	0.001295 0.005937	
2 100 3 0.720000	0.982163 0.005091	0.035353 0.009988	0.003503 0.003988	0.002561 0.006567	0.001831 0.006638	0.000128 0.000642	0.000000 0.000000	0.000637 0.003183	0.000411 0.001153	0.002348 0.007638	0.001535 0.004138	
2 100 3 0.730000	0.980873 0.004497	0.037885 0.008817	0.004111 0.004328	0.000759 0.003478	0.000603 0.003016	0.001247 0.004040	0.001193 0.005966	0.000479 0.002259	0.000443 0.002216	0.000940 0.002969	0.001104 0.005302	
2 100 3 0.740000	0.979478 0.001965	0.040623 0.003848	0.005353 0.009462	0.002660 0.007462	0.000595 0.001869	0.002447 0.007369	0.001115 0.001920	0.000692 0.003459	0.001038 0.006402	0.000266 0.001328	0.001407 0.003962	
2 100 3 0.750000	0.977111 0.002900	0.045253 0.005669	0.007259 0.009993	0.001027 0.002090	0.000395 0.001976	0.000000 0.000000	0.000943 0.004715	0.000222 0.001112	0.000287 0.001436	0.000574 0.002872	0.000000 0.000000	
2 100 3 0.760000	0.973672 0.003523	0.051962 0.006858	0.007049 0.009421	0.000688 0.003440	0.001893 0.005115	0.000449 0.006200	0.001578 0.007890	0.000745 0.003723	0.000000 0.000000	0.001440 0.005008	0.000813 0.004617	
2 100 3 0.770000	0.973614 0.005083	0.052072 0.009891	0.007622 0.008436	0.000305 0.001525	0.000322 0.001608	0.001360 0.006802	0.000665 0.003323	0.001404 0.002872	0.000047 0.000234	0.000922 0.003430	0.000432 0.002160	
2 100 3 0.780000	0.970523 0.005040	0.058081 0.009787	0.009961 0.007581	0.001309 0.003962	0.001550 0.006257	0.001069 0.003527	0.002001 0.004158	0.001821 0.005846	0.000648 0.001721	0.001294 0.004346	0.000000 0.000000	
2 100 3 0.790000	0.968182 0.003577	0.062622 0.006922	0.006972 0.009286	0.000000 0.000000	0.001533 0.007665	0.000002 0.000011	0.001570 0.004894	0.000707 0.003653	0.000638 0.003191	0.001786 0.003642	0.000591 0.002954	
2 100 3 0.800000	0.965914 0.004383	0.067008 0.008471	0.008391 0.007280	0.001081 0.005404	0.001659 0.006671	0.000407 0.002034	-0.000108 0.000541	0.001797 0.006743	0.001090 0.003229	0.000492 0.002459	0.001708 0.005049	
2 100 3 0.810000	0.961538 0.004733	0.075442 0.009096	0.012825 0.004805	0.000693 0.002976	0.001944 0.006823	0.001955 0.009773	0.001064 0.006076	0.000786 0.002186	0.001088 0.003769	0.000121 0.000606	0.000215 0.001077	
2 100 3 0.820000	0.957484 0.004837	0.083222 0.009259	0.013968 0.003780	0.003247 0.008227	0.001493 0.002635	0.001720 0.005244	0.001869 0.009346	0.001436 0.004749	0.000916 0.003266	0.001354 0.003384	0.000281 0.000749	
2 100 3 0.830000	0.953971 0.004776	0.089936 0.009115	0.015986 0.006777	0.002211 0.005039	0.002860 0.005378	0.000724 0.001873	-0.000024 0.000122	0.001750 0.003717	0.002991 0.007096	0.000815 0.002912	0.000478 0.002391	
2 100 3 0.840000	0.949362 0.004473	0.098709 0.008485	0.019901 0.008671	0.001913 0.005719	0.002108 0.007867	0.002133 0.007975	0.000887 0.004436	0.001847 0.009235	0.001846 0.005574	0.000526 0.002630	0.000351 0.001671	
2 100 3 0.850000	0.945757 0.004568	0.105541 0.008641	0.016280 0.003081	0.003171 0.006100	0.002505 0.005836	0.000669 0.003251	0.000609 0.003043	0.001338 0.003139	0.000645 0.003144	0.002233 0.009760	0.001572 0.007021	
2 100 3 0.860000	0.941618 0.003994	0.113354 0.007526	0.022481 0.004601	0.007771 0.007732	0.000459 0.001731	0.000369 0.002976	0.002760 0.004874	0.000661 0.005165	0.001836 0.005352	0.000333 0.001666	0.001182 0.004555	
2 100 3 0.870000	0.934888 0.004799	0.125980 0.008966	0.023513 0.005174	0.006666 0.009163	0.002542 0.007179	0.001032 0.005162	0.000000 0.000000	0.000000 0.000000	0.001776 0.008879	0.000661 0.003619	0.000893 0.004044	
2 100 3 0.880000	0.929518 0.004604	0.135994 0.008557	0.029824 0.009532	0.005161 0.004164	0.002214 0.005222	0.001897 0.006745	0.000000 0.000000	0.000626 0.002436	0.001060 0.003054	0.000453 0.001289	0.000539 0.002693	
2 100 3 0.890000	0.922962 0.004750	0.148138 0.008768	0.031515 0.002642	0.007791 0.009867	0.003823 0.004003	0.000790 0.002673	0.000834 0.003194	-0.000007 0.000035	0.000939 0.003251	0.000111 0.000556	0.000000 0.000000	
2 100 3 0.900000	0.915473 0.004741	0.161907 0.008679	0.037829 0.005094	0.011049 0.008184	0.006057 0.009824	0.000301 0.000592	0.002166 0.007724	0.000525 0.002625	0.000317 0.001835	0.000499 0.002344	0.000690 0.002743	
2 100 3 0.910000	0.905967 0.005493	0.179220 0.009963	0.043705 0.008703	0.013369 0.008986	0.003464 0.006917	0.002462 0.004812	0.000844 0.002295	0.003024 0.007507	0.001837 0.005248	0.000579 0.002502	0.002687 0.006960	
2 100 3 0.920000	0.896044 0.002835	0.197103 0.005081	0.047951 0.007433	0.016211 0.007173	0.005908 0.003339	0.005466 0.009490	0.001994 0.004616	0.001399 0.004286	0.001572 0.005921	0.001017 0.005085	0.002837 0.006888	
2 100 3 0.930000	0.882461 0.004622	0.221260 0.008159	0.059145 0.008010	0.023889 0.008084	0.008914 0.009074	0.008404 0.007337	0.004145 0.005734	0.002271 0.006921	0.002790 0.007211	0.003456 0.009149	0.003090 0.008076	
2 100 3 0.940000	0.872036 0.005533	0.239549 0.009650	0.067598 0.005598	0.027266 0.006260	0.010177 0.005054	0.005575 0.007134	0.003633 0.007038	0.001677 0.004063	0.000799 0.002214	0.000608 0.001550	0.002046 0.005917	
2 100 3 0.950000	0.853237 0.005810	0.271981 0.009913	0.083390 0.005446	0.035244 0.007552	0.017254 0.007298	0.009629 0.002750	0.007560 0.002608	0.003736 0.005287	0.002926 0.004792	0.002453 0.007277	0.001076 0.004333	
2 100 3 0.960000	0.828347 0.005328	0.313837 0.008832	0.104845 0.003581	0.048278 0.008993	0.025117 0.009366	0.015281 0.007573	0.010462 0.007684	0.006254 0.007782	0.005597 0.009195	0.003124 0.006923	0.001686 0.004397	
2 100 3 0.970000	0.806001 0.005829	0.350357 0.009387	0.127010 0.009619	0.061404 0.009225	0.035365 0.007517	0.022252 0.003614	0.013961 0.004292	0.009374 0.007373	0.006851 0.009716	0.004736 0.005163	0.004440 0.008156	
2 100 3 0.980000	0.763208 0.006459	0.417508 0.009868	0.169909 0.004263	0.092313 0.007365	0.057165 0.003431	0.040061 0.004689	0.028139 0.001974	0.020905 0.004059	0.015757 0.002489	0.011978 0.003314	0.010087 0.005225	
2 100 3 0.990000	0.682476 0.007305	0.534221 0.009978	0.253061 0.008274	0.156645 0.006801	0.111694 0.008784	0.084628 0.006622	0.068074 0.007305	0.055591 0.005784	0.046487 0.005434	0.039401 0.007198	0.033552 0.004293	
2 100 3 1.000000	0.462775 0.009882	0.785827 0.009170	0.454612 0.009373	0.329706 0.008551	0.264864 0.006477	0.222800 0.005344	0.193127 0.005817	0.169742 0.003901	0.151759 0.003420	0.136048 0.002724	0.123650 0.004541	
2 100 3 1.010000	0.208358 0.009930	0.956570 0.004117	0.577458 0.004565	0.424891 0.004498	0.341032 0.003606	0.286439 0.001358	0.245380 0.004598	0.213577 0.003695	0.187409 0.005424	0.166626 0.005354	0.149155 0.004014	
2 100 3 1.020000	0.127631 0.009895	0.983697 0.002561	0.576582 0.005869	0.409944 0.002714	0.317887 0.003676	0.256725 0.003757	0.213179 0.006967	0.180607 0.007173	0.154410 0.008054	0.132556 0.007602	0.113671 0.007125	
2 100 3 1.030000	0.100978 0.007858	0.989795 0.001594	0.562140 0.008714	0.387384 0.009334	0.292259 0.005423	0.231496 0.009776	0.185634 0.008463	0.153734 0.003078	0.127784 0.005624	0.106389 0.008681	0.089466 0.005714	
2 100 3 1.040000	0.078262 0.004397	0.993873 0.000686	0.546119 0.009987	0.364034 0.007271	0.266348 0.006744	0.202893 0.006571	0.158570 0.005266	0.127351 0.007052	0.102637 0.003984	0.082618 0.005949	0.067131 0.002734	
2 100 3 1.050000	0.067746 0.006605	0.995404 0.000878	0.535021 0.009264	0.345814 0.009954	0.247121 0.008182	0.183827 0.004364	0.139812 0.008530	0.110116 0.006472	0.087571 0.005590	0.068955 0.006854	0.053938 0.004381	
2 100 3 1.060000	0.062101 0.009052	0.996134 0.001124	0.518469 0.005240	0.328399 0.009407	0.225757 0.006958	0.163223 0.003107	0.122022 0.009398	0.092523 0.009070	0.071077 0.007923	0.053916 0.002442	0.041619 0.003656	
2 100 3 1.070000	0.059116 0.004777	0.996502 0.000567	0.506753 0.009725	0.308717 0.005293	0.208411 0.006309	0.146956 0.003844	0.107910 0.006371	0.079865 0.009446	0.058861 0.004773	0.043832 0.004534	0.032052 0.006596	
2 100 3 1.080000	0.051385 0.008019	0.997353 0.000823	0.495237 0.005328	0.295429 0.008376	0.195593 0.009901	0.134389 0.004629	0.096117 0.009105	0.068422 0.005895	0.052655 0.004038	0.037753 0.002462	0.027502 0.003775	
2 100 3 1.090000	0.047126 0.004749	0.997776 0.000446	0.485156 0.005384	0.282412 0.009931	0.182322 0.007015	0.123491 0.005974	0.085476 0.006257	0.060030 0.007508	0.042803 0.008126	0.028333 0.006058	0.021686 0.004131	
2 100 3 1.100000	0.044616 0.002149	0.998009 0.000191	0.475627 0.007751	0.268920 0.006705	0.169313 0.009381	0.111441 0.008043	0.075853 0.007076	0.053143 0.004061	0.036790 0.004336	0.025591 0.006024	0.017963 0.002547	
2 100 3 1.110000	0.042742 0.002458	0.998172 0.000208	0.465790 0.009790	0.260569 0.007065	0.159850 0.008908	0.102339 0.007768	0.067374 0.006919	0.045816 0.005404	0.032312 0.001888	0.020814 0.005745	0.015190 0.006279	
2 100 3 1.120000	0.039377 0.009410	0.998440 0.000731	0.458641 0.009982	0.250083 0.009657	0.147552 0.006156	0.095771 0.005464	0.059729 0.005265	0.041261 0.007538	0.026973 0.005736	0.019266 0.008080	0.011846 0.006539	
2 100 3 1.130000	0.035337 0.005523	0.998747 0.000383	0.446197 0.009917	0.238725 0.006444	0.139773 0.008675	0.086562 0.008954	0.055349 0.009770	0.035820 0.008607	0.023089 0.007347	0.014828 0.006163	0.009615 0.008321	
2 100 3 1.140000	0.036799 0.004488	0.998643 0.000331	0.440139 0.009740	0.228217 0.007094	0.129423 0.004019	0.080281 0.008430	0.049489 0.007439	0.031728 0.009257	0.020957 0.007861	0.016084 0.007113	0.011309 0.005162	
2 100 3 1.150000	0.036892 0.005224	0.998636 0.000385	0.431697 0.009999	0.221214 0.007355	0.125922 0.006355	0.074305 0.006922	0.044497 0.007120	0.027229 0.003879	0.016122 0.002401	0.011156 0.004005	0.006134 0.005258	
2 100 3 1.160000	0.034340 0.001849	0.998820 0.000128	0.424855 0.005621	0.214963 0.009560	0.118694 0.007102	0.070920 0.005943	0.041076 0.004781	0.024373 0.008482	0.016842 0.005942	0.010412 0.003609	0.005968 0.006855	
2 100 3 1.170000	0.030946 0.004696	0.999040 0.000294	0.414316 0.006714	0.205684 0.009935	0.113152 0.008762	0.062740 0.004978	0.035656 0.009503	0.020494 0.007236	0.013395 0.008284	0.007529 0.007329	0.004254 0.007791	
2 100 3 1.180000	0.030770 0.003194	0.999052 0.000195	0.411536 0.007880	0.197948 0.009426	0.104853 0.002757	0.059242 0.005619	0.032830 0.004845	0.019457 0.006046	0.011480 0.003934	0.007371 0.003974	0.004472 0.001173	
2 100 3 1.190000	0.030523 0.005520	0.999065 0.000334	0.400204 0.008694	0.192020 0.006017	0.098979 0.009831	0.054623 0.009272	0.031345 0.005059	0.020867 0.006953	0.011206 0.005515	0.005838 0.008713	0.004095 0.007410	
2 100 3 1.200000	0.028932 0.005785	0.999159 0.000331	0.398693 0.003930	0.188838 0.004446	0.094636 0.007754	0.050146 0.008920	0.029405 0.008468	0.015948 0.004824	0.007889 0.006502	0.005552 0.009935	0.001537 0.005401	
2 100 3 1.210000	0.028671 0.008734	0.999170 0.000492	0.394524 0.009189	0.183224 0.009820	0.091507 0.006620	0.048635 0.008250	0.025737 0.003840	0.015294 0.002809	0.007376 0.004565	0.002248 0.005875	0.003265 0.006717	
2 100 3 1.220000	0.027149 0.003747	0.999261 0.000199	0.388064 0.007384	0.177017 0.006235	0.090062 0.007549	0.044590 0.005538	0.025244 0.004179	0.013996 0.009992	0.007828 0.005933	0.005485 0.008640	0.002102 0.003654	
2 100 3 1.230000	0.027927 0.008137	0.999210 0.000457	0.379976 0.009447	0.170741 0.005180	0.078868 0.006917	0.040560 0.003642	0.023523 0.003939	0.010509 0.007419	0.003619 0.004327	0.004115 0.009250	0.002051 0.006457	
2 100 3 1.240000	0.028031 0.006151	0.999207 0.000348	0.376754 0.009302	0.162953 0.008251	0.077640 0.009101	0.040215 0.004668	0.021165 0.006317	0.010525 0.006556	0.005291 0.004181	0.003835 0.007547	0.002326 0.007962	
2 100 3 1.250000	0.026316 0.008652	0.999300 0.000454	0.369177 0.008315	0.157736 0.009512	0.076746 0.009448	0.037237 0.005688	0.019966 0.004643	0.009925 0.008300	0.005287 0.005765	0.002386 0.003839	0.002506 0.005451	
2 100 3 1.260000	0.025624 0.006764	0.999338 0.000339	0.366687 0.009823	0.152415 0.004052	0.074125 0.009828	0.034594 0.008475	0.016868 0.006922	0.008450 0.005096	0.004375 0.008814	0.001227 0.002700	0.001600 0.007999	
2 100 3 1.270000	0.024962 0.001437	0.999377 0.000072	0.357124 0.009799	0.151904 0.006322	0.068968 0.009467	0.036295 0.009371	0.017620 0.007241	0.007818 0.004674	0.001907 0.007394	0.002499 0.005866	0.002021 0.005622	
2 100 3 1.280000	0.024773 0.003854	0.999385 0.000192	0.353008 0.006794	0.145058 0.007401	0.064662 0.009557	0.028800 0.007433	0.017017 0.008643	0.006313 0.007630	0.004338 0.007186	0.001324 0.005206	0.000682 0.003411	
2 100 3 1.290000	0.025068 0.003069	0.999370 0.000154	0.351218 0.009059	0.139810 0.009423	0.061545 0.006452	0.028630 0.003410	0.011823 0.005609	0.008454 0.008145	0.005087 0.008686	0.002504 0.006271	0.000860 0.002560	
2 100 3 1.300000	0.022605 0.003895	0.999487 0.000174	0.345937 0.008997	0.134527 0.008181	0.059139 0.007343	0.027211 0.009871	0.015839 0.006823	0.003265 0.006363	0.003875 0.006728	0.001512 0.005019	0.002455 0.003925	
2 100 3 1.310000	0.023023 0.004606	0.999466 0.000214	0.342130 0.003171	0.136953 0.009456	0.058036 0.008202	0.026335 0.009462	0.011660 0.006008	0.006923 0.004164	0.004119 0.007077	0.002876 0.003062	0.001785 0.004612	
2 100 3 1.320000	0.022230 0.000594	0.999506 0.000026	0.337769 0.009916	0.132003 0.004616	0.055247 0.006553	0.027476 0.006123	0.010578 0.003594	0.004997 0.003753	0.004450 0.004055	0.000824 0.002075	0.000697 0.003483	
2 100 3 1.330000	0.023247 0.004723	0.999456 0.000207	0.336772 0.009636	0.127938 0.009893	0.055035 0.004910	0.023494 0.005218	0.009351 0.006494	0.003317 0.005439	0.001905 0.004871	0.001333 0.006663	0.001615 0.002733	
2 100 3 1.340000	0.022910 0.003083	0.999473 0.000139	0.327489 0.007989	0.127989 0.007261	0.048591 0.006405	0.023359 0.009804	0.009484 0.006265	0.004000 0.003375	0.002722 0.008125	0.002483 0.003977	0.002195 0.006968	
2 100 3 1.350000	0.020926 0.005554	0.999558 0.000238	0.326635 0.009224	0.121471 0.008300	0.051411 0.006681	0.020995 0.009636	0.005340 0.004802	0.004075 0.004989	0.002584 0.007321	0.000190 0.000949	0.001932 0.005758	
2 100 3 1.360000	0.022995 0.004833	0.999468 0.000222	0.322364 0.008443	0.117646 0.007642	0.042714 0.009683	0.021029 0.009859	0.009424 0.003785	0.004287 0.008297	0.002752 0.005710	0.002496 0.003807	0.001403 0.004295	
2 100 3 1.370000	0.021786 0.003420	0.999524 0.000155	0.318248 0.007293	0.114794 0.009577	0.045644 0.003808	0.018296 0.009992	0.010606 0.008329	0.007140 0.009771	0.003389 0.005152	0.000498 0.002489	0.001893 0.006099	
2 100 3 1.380000	0.020409 0.003694	0.999582 0.000151	0.315432 0.006670	0.113590 0.005527	0.045320 0.003285	0.017192 0.008830	0.005469 0.006919	0.003789 0.003100	0.001694 0.003664	0.000958 0.004193	0.001170 0.003973	
2 100 3 1.390000	0.021858 0.003010	0.999521 0.000131	0.310312 0.009463	0.112668 0.003674	0.043859 0.008747	0.018518 0.006827	0.007454 0.007486	0.003817 0.004920	0.002140 0.006624	0.000831 0.004156	0.000133 0.000664	
2 100 3 1.400000	0.019440 0.003776	0.999620 0.000150	0.307370 0.009676	0.105648 0.002357	0.041223 0.009445	0.014679 0.007787	0.005064 0.008631	0.002525 0.005728	0.001601 0.004426	0.000365 0.001824	0.000503 0.001638	
2 100 3 1.410000	0.020148 0.002846	0.999593 0.000115	0.305133 0.009959	0.105243 0.005364	0.040089 0.006118	0.014817 0.009008	0.006294 0.003086	0.001585 0.005554	0.000962 0.002713	0.000555 0.002340	0.001071 0.005187	
2 100 3 1.420000	0.020510 0.003211	0.999577 0.000132	0.302950 0.008637	0.102581 0.004072	0.039104 0.007993	0.013690 0.001930	0.007701 0.001381	0.002272 0.004832	0.001934 0.005806	0.001131 0.002658	0.000775 0.002152	
2 100 3 1.430000	0.019692 0.002690	0.999611 0.000103	0.300348 0.007721	0.100958 0.009455	0.037150 0.006145	0.013120 0.004263	0.005563 0.009971	0.001090 0.003051	0.001503 0.004678	0.000829 0.004144	0.001346 0.005024	
2 100 3 1.440000	0.018664 0.003121	0.999651 0.000116	0.298561 0.004383	0.097152 0.008371	0.035926 0.009110	0.011638 0.005288	0.006827 0.007325	0.004446 0.009337	0.000723 0.003303	0.000473 0.001906	0.001024 0.003296	
2 100 3 1.450000	0.020240 0.006206	0.999585 0.000260	0.294557 0.009366	0.099664 0.008175	0.034943 0.009262	0.011564 0.009792	0.007278 0.006732	0.000794 0.001818	0.003015 0.009831	0.001936 0.005039	0.000940 0.004699	
2 100 3 1.460000	0.018306 0.003611	0.999663 0.000131	0.291048 0.005879	0.096009 0.006295	0.033847 0.009531	0.011979 0.003468	0.004850 0.009491	0.000811 0.001897	0.002314 0.005954	0.000664 0.003322	0.000487 0.002436	
2 100 3 1.470000	0.020280 0.002723	0.999588 0.000109	0.290846 0.008539	0.094177 0.002937	0.033206 0.009868	0.011006 0.007505	0.004402 0.009031	0.002407 0.003632	0.000677 0.002998	-0.000055 0.000275	0.001743 0.003662	
2 100 3 1.480000	0.017741 0.003998	0.999682 0.000140	0.283659 0.005945	0.089618 0.009305	0.030422 0.008530	0.013739 0.009952	0.002308 0.006475	0.001806 0.005806	0.002775 0.005357	0.000376 0.001489	0.000700 0.002488	
2 100 3 1.490000	0.018937 0.003202	0.999640 0.000124	0.284480 0.007957	0.089382 0.008189	0.031461 0.006165	0.011887 0.005747	0.002721 0.005877	0.002003 0.008015	0.001476 0.004470	0.000541 0.001575	0.000019 0.000093	
2 100 3 1.500000	0.018134 0.001294	0.999671 0.000047	0.278904 0.009951	0.086112 0.007836	0.027099 0.007514	0.009858 0.002389	0.003780 0.006316	0.002012 0.004476	0.000544 0.001081	0.001211 0.004308	0.000936 0.003012	
2 100 3 1.510000	0.019037 0.003479	0.999636 0.000134	0.277657 0.009187	0.084155 0.006455	0.028302 0.006702	0.009099 0.004244	0.003133 0.002898	0.002874 0.009785	0.001193 0.005967	0.002818 0.008534	0.001515 0.005343	
2 100 3 1.520000	0.017747 0.003018	0.999684 0.000107	0.275661 0.004202	0.085820 0.006088	0.027620 0.006013	0.011344 0.009973	0.002639 0.006157	0.001293 0.004084	0.001237 0.005113	0.001545 0.005623	0.002425 0.008473	
2 100 3 1.530000	0.017751 0.002923	0.999684 0.000106	0.271698 0.007795	0.084123 0.009957	0.027110 0.002002	0.007098 0.007285	0.003371 0.006886	0.001920 0.003671	-0.000023 0.000113	0.000746 0.003732	0.000000 0.000000	
2 100 3 1.540000	0.016781 0.004731	0.999715 0.000162	0.264874 0.004851	0.082757 0.005593	0.027195 0.007949	0.010378 0.008800	0.002380 0.005556	0.001515 0.004889	0.001825 0.005062	0.000608 0.002544	0.004282 0.009996	
2 100 3 1.550000	0.016800 0.003503	0.999716 0.000118	0.268495 0.009028	0.079253 0.009670	0.024745 0.008537	0.007612 0.005715	0.003678 0.005312	0.002123 0.007004	0.001573 0.003188	0.000544 0.002722	0.000181 0.000905	
2 100 3 1.560000	0.016814 0.004230	0.999715 0.000140	0.260955 0.004001	0.076465 0.008960	0.025382 0.006868	0.005307 0.008397	0.001309 0.004910	0.000856 0.002528	0.001102 0.005132	0.000095 0.000724	0.000136 0.000681	
2 100 3 1.570000	0.017553 0.004086	0.999690 0.000138	0.261948 0.002936	0.075484 0.007835	0.022009 0.006958	0.008092 0.009519	0.003490 0.008301	0.002412 0.004920	0.000000 0.000000	0.001270 0.005697	0.001006 0.005032	
2 100 3 1.580000	0.017919 0.001953	0.999678 0.000070	0.259623 0.008182	0.072836 0.004020	0.023526 0.006754	0.007363 0.009315	0.002362 0.004432	0.001415 0.003576	0.001249 0.003703	0.000116 0.000348	0.000190 0.000950	
2 100 3 1.590000	0.016565 0.003223	0.999725 0.000106	0.256896 0.009771	0.072542 0.008524	0.023037 0.006614	0.006377 0.006364	0.000812 0.002867	0.000296 0.001479	0.000305 0.001527	0.003607 0.004267	0.003049 0.007164	
2 100 3 1.600000	0.016101 0.002650	0.999740 0.000088	0.256325 0.009326	0.072965 0.004166	0.022076 0.008829	0.010611 0.007351	0.001052 0.002358	0.000338 0.001114	0.002303 0.007265	0.000256 0.001282	0.000218 0.001091	
2 100 3 1.610000	0.016723 0.002817	0.999719 0.000093	0.255109 0.009404	0.070567 0.002277	0.020144 0.009295	0.004491 0.003442	0.002420 0.005017	0.000171 0.000514	0.002067 0.003835	0.002244 0.005124	0.002044 0.005931	
2 100 3 1.620000	0.016854 0.002795	0.999715 0.000092	0.249844 0.007860	0.068622 0.009643	0.018469 0.007980	0.003520 0.007095	0.000192 0.000960	0.001560 0.003979	0.000958 0.004792	0.000759 0.002539	0.000747 0.002733	
2 100 3 1.630000	0.017563 0.002846	0.999691 0.000100	0.251001 0.007915	0.069389 0.008894	0.016766 0.007501	0.007027 0.005571	0.002583 0.005126	0.002395 0.005752	0.001034 0.003093	0.001605 0.004231	0.002473 0.007271	
2 100 3 1.640000	0.016629 0.007005	0.999717 0.000232	0.246259 0.002682	0.065264 0.006918	0.020548 0.008849	0.006088 0.009167	0.002552 0.004899	-0.000000 0.000002	0.000386 0.001547	0.002729 0.009491	0.000964 0.002999	
2 100 3 1.650000	0.016472 0.003876	0.999727 0.000129	0.247843 0.008981	0.063474 0.006698	0.020757 0.007344	0.007298 0.004026	0.001345 0.004103	0.003453 0.009915	0.001077 0.002155	0.001627 0.004008	0.002494 0.005367	
2 100 3 1.660000	0.015458 0.002113	0.999760 0.000065	0.245375 0.005951	0.064952 0.007628	0.019881 0.007802	0.006644 0.003942	0.004484 0.009927	0.001188 0.005940	0.001636 0.005533	0.002672 0.009208	0.001671 0.006409	
2 100 3 1.670000	0.016879 0.004171	0.999713 0.000137	0.242532 0.009916	0.063277 0.007597	0.018080 0.008762	0.003732 0.005051	0.003834 0.008582	0.000665 0.002483	0.001546 0.004150	0.002090 0.004340	0.002477 0.005496	
2 100 3 1.680000	0.016669 0.002403	0.999721 0.000081	0.239441 0.008315	0.060914 0.006694	0.016007 0.009329	0.004335 0.007238	0.002804 0.002538	0.004097 0.007508	0.000615 0.002441	0.003249 0.008158	0.000184 0.000634	
2 100 3 1.690000	0.016034 0.005926	0.999739 0.000196	0.234086 0.009029	0.060315 0.005004	0.015053 0.009103	0.005207 0.009213	0.000571 0.002856	0.000418 0.001586	0.003574 0.009534	0.001664 0.008321	0.003457 0.005549	
2 100 3 1.700000	0.014995 0.005052	0.999773 0.000152	0.234844 0.006643	0.057373 0.004888	0.016155 0.009857	0.007334 0.003191	0.001398 0.003301	-0.000031 0.000156	0.000366 0.001026	0.000000 0.000000	0.000529 0.001990	
2 100 3 1.710000	0.015670 0.003625	0.999753 0.000116	0.235246 0.009971	0.059306 0.004899	0.015006 0.005716	0.004160 0.007676	0.002276 0.004792	0.003553 0.008254	0.000948 0.004738	0.000926 0.004629	0.001878 0.005287	
2 100 3 1.720000	0.016768 0.004543	0.999716 0.000152	0.231911 0.005928	0.056736 0.006487	0.015333 0.009569	0.003288 0.004680	0.002977 0.004042	0.000252 0.001258	0.001234 0.003071	0.000793 0.003965	0.002567 0.005820	
2 100 3 1.730000	0.014706 0.005611	0.999778 0.000158	0.230542 0.009554	0.056288 0.009145	0.016585 0.009963	0.005061 0.008621	0.001187 0.003072	0.000695 0.001740	0.000574 0.002871	0.000911 0.004554	0.000549 0.001644	
2 100 3 1.740000	0.017741 0.007437	0.999677 0.000252	0.227544 0.005934	0.057344 0.009974	0.012485 0.009238	0.001974 0.009868	0.001626 0.007917	0.002423 0.006624	0.000000 0.000000	0.001610 0.006539	0.001011 0.005219	
2 100 3 1.750000	0.015615 0.003913	0.999754 0.000115	0.225032 0.009481	0.053055 0.008674	0.014329 0.004649	0.002267 0.004129	0.001398 0.002999	0.002856 0.008804	0.005284 0.008651	0.002340 0.007131	0.000484 0.002420	
2 100 3 1.760000	0.015784 0.006244	0.999745 0.000195	0.227265 0.007843	0.058815 0.008643	0.020115 0.006176	0.004680 0.006444	0.001762 0.006151	0.001928 0.005696	0.000874 0.004341	0.002095 0.008303	0.000330 0.001649	
2 100 3 1.770000	0.016956 0.004190	0.999710 0.000142	0.224257 0.009785	0.053862 0.008331	0.018364 0.006704	0.002683 0.004833	0.003440 0.006671	0.001466 0.004181	0.002029 0.005492	0.002322 0.008751	0.001186 0.005005	
2 100 3 1.780000	0.015440 0.004911	0.999759 0.000149	0.221800 0.009771	0.053154 0.007959	0.011491 0.004209	0.002173 0.008936	0.000693 0.002897	0.001057 0.004409	0.000866 0.003061	0.000275 0.001225	0.000539 0.001963	
2 100 3 1.790000	0.014967 0.004811	0.999773 0.000152	0.218707 0.009666	0.051339 0.006317	0.011308 0.006502	0.003920 0.007773	0.001365 0.002916	0.000523 0.002615	0.000373 0.001864	-0.000184 0.000713	0.000130 0.000651	
2 100 3 1.800000	0.015575 0.002753	0.999756 0.000086	0.219006 0.006463	0.053198 0.007945	0.010063 0.003882	0.002751 0.006577	0.000806 0.001710	0.001544 0.004432	0.000420 0.001536	0.001260 0.005091	0.000756 0.003778	
2 100 3 1.810000	0.015816 0.001956	0.999749 0.000064	0.218306 0.009969	0.049551 0.009788	0.012534 0.003845	0.002437 0.001912	0.002906 0.005062	0.001306 0.005561	0.001442 0.004463	0.000323 0.001616	0.000000 0.000000	
2 100 3 1.820000	0.014281 0.003377	0.999794 0.000097	0.217258 0.008193	0.049780 0.006210	0.012910 0.005979	0.001974 0.004692	0.001289 0.003474	0.001015 0.003208	0.002296 0.004965	0.000480 0.001023	0.001439 0.003812	
2 100 3 1.830000	0.014977 0.003207	0.999774 0.000098	0.213748 0.007408	0.050913 0.004533	0.012919 0.009401	0.002280 0.004886	0.001267 0.004217	0.001295 0.004516	0.002735 0.009767	0.000797 0.001616	0.001213 0.006064	
2 100 3 1.840000	0.014926 0.004543	0.999774 0.000128	0.209394 0.003980	0.051219 0.009827	0.012852 0.006968	0.001938 0.006436	0.002473 0.007274	0.001754 0.004482	0.000960 0.004028	0.001335 0.006328	0.001045 0.003197	
2 100 3 1.850000	0.015226 0.005843	0.999764 0.000177	0.209364 0.007122	0.047214 0.004945	0.012816 0.009653	0.004115 0.007003	0.002067 0.004070	0.001288 0.006442	0.000764 0.003139	0.001796 0.007953	0.002669 0.005223	
2 100 3 1.860000	0.014422 0.002674	0.999791 0.000077	0.209311 0.008680	0.045655 0.008179	0.011932 0.009870	0.003319 0.006418	0.003409 0.009002	0.003462 0.007326	0.000000 0.000000	0.001392 0.004815	0.000805 0.002326	
2 100 3 1.870000	0.014915 0.002668	0.999777 0.000081	0.208304 0.007166	0.044023 0.009828	0.010085 0.009646	0.002569 0.007710	0.000912 0.004762	0.001044 0.004214	0.000661 0.002979	0.000433 0.002196	0.000833 0.002371	
2 100 3 1.880000	0.015287 0.004385	0.999764 0.000138	0.206452 0.009271	0.047469 0.003032	0.012997 0.005632	0.002688 0.004664	0.002080 0.005009	0.001057 0.002880	0.003359 0.005739	0.002177 0.006558	0.000280 0.000723	
2 100 3 1.890000	0.013544 0.003634	0.999815 0.000101	0.207069 0.008968	0.046771 0.009466	0.006719 0.006107	0.001149 0.003300	0.000226 0.000602	0.002056 0.003985	0.002760 0.008461	0.000621 0.003104	0.000000 0.000000	
2 100 3 1.900000	0.013809 0.004440	0.999807 0.000117	0.201221 0.009223	0.046956 0.006736	0.008141 0.005420	0.003870 0.008450	0.001290 0.003552	0.001536 0.005375	0.002527 0.007732	0.000833 0.002668	0.001301 0.005285	
2 100 3 1.910000	0.014322 0.003959	0.999792 0.000114	0.204657 0.009082	0.042698 0.009084	0.009817 0.008163	0.002814 0.007508	0.001973 0.004137	0.001505 0.004533	0.002015 0.004825	0.001668 0.003105	0.000913 0.002557	
2 100 3 1.920000	0.015180 0.002864	0.999768 0.000090	0.201051 0.007555	0.043555 0.005897	0.009503 0.009037	0.001794 0.003947	0.000956 0.003774	0.001811 0.006068	0.000000 0.000000	0.001219 0.003631	0.001907 0.004567	
2 100 3 1.930000	0.014795 0.002680	0.999780 0.000079	0.201864 0.008602	0.042786 0.008023	0.008602 0.008886	0.002385 0.005234	0.000379 0.001781	0.001455 0.004393	0.001306 0.003089	0.001599 0.005989	0.001545 0.005883	
2 100 3 1.940000	0.013962 0.004497	0.999803 0.000123	0.200405 0.008034	0.043098 0.008906	0.012429 0.004333	0.001632 0.004615	0.000669 0.002848	0.001882 0.009411	0.002185 0.005296	0.000110 0.000548	0.000625 0.002847	
2 100 3 1.950000	0.013472 0.007023	0.999813 0.000194	0.199740 0.006891	0.045998 0.005226	0.007764 0.007782	0.000281 0.001054	0.000598 0.002990	0.001352 0.004986	0.001172 0.005860	0.000999 0.004994	0.000097 0.003579	
2 100 3 1.960000	0.014375 0.003100	0.999792 0.000086	0.194592 0.009703	0.036816 0.008472	0.009807 0.006500	0.003950 0.007879	0.002699 0.007179	0.000332 0.001169	0.001912 0.006128	0.000505 0.002525	0.000000 0.000000	
2 100 3 1.970000	0.012900 0.001705	0.999833 0.000045	0.192074 0.006565	0.038597 0.006997	0.007680 0.009946	0.001795 0.008713	0.001317 0.005040	0.002619 0.008668	0.000158 0.000792	0.001607 0.003387	0.000000 0.000000	
2 100 3 1.980000	0.014379 0.003387	0.999792 0.000097	0.197051 0.005712	0.040861 0.005127	0.008601 0.005972	0.005909 0.008124	0.000957 0.004784	0.001426 0.004017	0.001281 0.007099	0.003026 0.008744	0.001449 0.003897	
2 100 3 1.990000	0.013509 0.003788	0.999816 0.000097	0.193054 0.006606	0.039314 0.008849	0.004907 0.007507	0.001579 0.003881	0.000433 0.002165	0.000148 0.000742	0.001380 0.003497	0.000970 0.003407	0.001297 0.006483	
2 100 3 2.000000	0.014231 0.004618	0.999795 0.000133	0.190887 0.009141	0.040003 0.008098	0.007631 0.009698	0.003034 0.007816	0.000854 0.003419	0.000862 0.005128	0.000512 0.002559	0.000286 0.001430	0.000645 0.003227	
2 100 3 2.010000	0.015298 0.001518	0.999766 0.000045	0.190277 0.008901	0.037611 0.004968	0.008880 0.004302	0.003023 0.004375	0.000000 0.000000	0.002052 0.006637	0.000345 0.000863	0.001936 0.003945	0.001953 0.005614	
2 100 3 2.020000	0.015050 0.001084	0.999773 0.000033	0.193720 0.007985	0.039789 0.009416	0.007832 0.004155	0.002569 0.004238	0.002103 0.009857	0.000366 0.001832	0.000454 0.002271	0.000814 0.004068	0.000255 0.001273	
2 100 3 2.030000	0.014562 0.004536	0.999785 0.000129	0.189073 0.005225	0.038123 0.007414	0.008498 0.009358	0.002143 0.005602	0.003558 0.009940	0.002282 0.005712	0.001187 0.003010	0.000866 0.003364	0.001464 0.007318	
2 100 3 2.040000	0.013456 0.001783	0.999818 0.000049	0.185824 0.009930	0.038043 0.002562	0.007957 0.005239	0.002260 0.004793	0.000159 0.000797	0.000000 0.000000	0.000707 0.002326	0.000992 0.004161	0.000000 0.000000	
2 100 3 2.050000	0.014249 0.006195	0.999793 0.000176	0.186819 0.008831	0.033493 0.005529	0.006568 0.007139	0.002585 0.008378	0.000857 0.002280	0.002122 0.005634	0.002526 0.007850	0.002114 0.008159	0.002024 0.004696	
2 100 3 2.060000	0.014494 0.002433	0.999789 0.000071	0.185578 0.008778	0.035503 0.006701	0.005416 0.006467	0.002115 0.006541	0.002450 0.007933	0.001948 0.009740	0.001396 0.003968	0.000000 0.000000	0.001429 0.005487	
2 100 3 2.070000	0.013229 0.003519	0.999822 0.000091	0.185314 0.009369	0.039871 0.009806	0.009532 0.007759	0.002096 0.007045	0.001358 0.006790	0.001346 0.005380	0.000000 0.000000	0.001891 0.005505	0.000743 0.002014	
2 100 3 2.080000	0.013682 0.001987	0.999812 0.000055	0.181517 0.005433	0.038315 0.009830	0.007165 0.007150	0.001312 0.005635	0.001721 0.006987	0.000570 0.002851	0.002361 0.007102	0.001301 0.005937	0.002235 0.009610	
2 100 3 2.090000	0.013737 0.002450	0.999810 0.000067	0.179994 0.009491	0.035277 0.008754	0.006184 0.005896	0.000000 0.000000	0.002168 0.006722	0.001150 0.004798	0.000487 0.001295	0.001335 0.004631	0.002991 0.007974	
2 100 3 2.100000	0.012395 0.002010	0.999846 0.000049	0.179617 0.006448	0.031982 0.004422	0.005746 0.009020	0.001000 0.002605	0.001146 0.005516	0.001845 0.005727	0.000972 0.002444	0.000000 0.000000	0.000226 0.001090	
2 100 3 2.110000	0.013125 0.003782	0.999826 0.000104	0.181603 0.005920	0.035262 0.009603	0.005969 0.004372	0.003426 0.007109	0.003595 0.006964	0.002151 0.006624	0.000821 0.002992	0.002241 0.006784	0.002298 0.003484	
2 100 3 2.120000	0.012756 0.001230	0.999837 0.000032	0.181644 0.004516	0.033505 0.005722	0.006794 0.008246	0.002512 0.003877	0.000688 0.002152	0.001876 0.009378	0.000829 0.004144	0.000128 0.000642	0.000900 0.004498	
2 100 3 2.130000	0.014284 0.002733	0.999795 0.000081	0.179392 0.007952	0.031462 0.009512	0.007386 0.008397	0.002137 0.007202	0.001364 0.006818	0.000000 0.000000	0.000000 0.000000	0.002578 0.007737	0.002654 0.006136	
2 100 3 2.140000	0.013340 0.004561	0.999820 0.000120	0.174045 0.008073	0.032827 0.009508	0.006066 0.009141	0.002117 0.006157	0.000000 0.000000	0.002642 0.006915	0.001883 0.006096	0.003665 0.008268	0.001464 0.004511	
2 100 3 2.150000	0.012930 0.003402	0.999831 0.000089	0.179061 0.006193	0.036156 0.008620	0.005184 0.006105	0.000000 0.000000	0.000614 0.002587	0.001620 0.005403	0.001728 0.007770	0.001857 0.006120	0.002407 0.006183	
2 100 3 2.160000	0.013072 0.002367	0.999828 0.000063	0.176571 0.009444	0.033586 0.006400	0.008178 0.006110	0.000920 0.002630	0.000998 0.004313	0.000043 0.000215	0.000128 0.000640	0.000286 0.000756	0.000109 0.000545	
2 100 3 2.170000	0.012741 0.003641	0.999836 0.000091	0.176880 0.008882	0.032346 0.005213	0.004168 0.008351	0.002510 0.005761	0.001232 0.003993	0.001682 0.003849	0.000634 0.002815	0.002447 0.005436	0.003260 0.008783	
2 100 3 2.180000	0.014070 0.003419	0.999801 0.000096	0.174868 0.009392	0.026623 0.006343	0.005764 0.008758	0.000786 0.002265	0.000861 0.004303	0.001772 0.007114	0.000134 0.000670	0.000920 0.002432	0.000358 0.001790	
2 100 3 2.190000	0.013331 0.003636	0.999821 0.000099	0.173928 0.009531	0.029444 0.007215	0.007468 0.004096	0.002607 0.008011	0.001346 0.003561	0.000332 0.001662	0.002489 0.009327	0.001843 0.005349	0.000553 0.004408	
2 100 3 2.200000	0.012454 0.008141	0.999838 0.000213	0.168900 0.009410	0.028850 0.003903	0.002914 0.009768	0.001859 0.008269	0.003360 0.007942	0.000332 0.001661	-0.000021 0.000104	0.001258 0.006288	0.000962 0.002207	
2 100 3 2.210000	0.012518 0.007024	0.999837 0.000179	0.170410 0.006942	0.030465 0.009134	0.005219 0.008211	0.004170 0.009326	0.000370 0.002710	0.000000 0.000000	0.000039 0.001189	0.000562 0.002046	0.000033 0.000167	
2 100 3 2.220000	0.012597 0.005850	0.999835 0.000151	0.166558 0.007223	0.031763 0.005573	0.004578 0.004282	0.003334 0.008524	0.000000 0.000000	0.001501 0.005678	0.001061 0.005304	0.000777 0.002175	0.001627 0.004446	
2 100 3 2.230000	0.013686 0.002991	0.999812 0.000082	0.166931 0.004667	0.030785 0.009113	0.003233 0.009942	0.001330 0.006650	0.000949 0.002029	0.000878 0.002576	0.000657 0.003286	0.001776 0.003524	0.000258 0.001290	
2 100 3 2.240000	0.013432 0.005738	0.999816 0.000151	0.170566 0.004577	0.028857 0.007923	0.009923 0.008998	0.004487 0.008347	0.000512 0.002558	0.001160 0.004700	0.000655 0.003406	0.001487 0.005764	0.003415 0.009922	
2 100 3 2.250000	0.013518 0.002459	0.999817 0.000068	0.165994 0.003632	0.032826 0.006988	0.002605 0.005464	0.003390 0.009433	0.003385 0.006693	0.001284 0.002485	0.002568 0.008146	0.002702 0.006804	0.000398 0.002514	
2 100 3 2.260000	0.013468 0.002429	0.999818 0.000063	0.165712 0.008697	0.030618 0.008183	0.003219 0.005182	0.001018 0.002831	0.000972 0.003916	0.002003 0.005394	0.001636 0.004082	0.003012 0.005899	0.000000 0.000000	
2 100 3 2.270000	0.013635 0.001375	0.999814 0.000038	0.163261 0.008771	0.029761 0.006765	0.007279 0.006815	0.000967 0.003570	0.001737 0.004627	0.003043 0.006367	0.002042 0.006265	0.000685 0.003135	0.001927 0.005609	
2 100 3 2.280000	0.014251 0.002278	0.999796 0.000064	0.164305 0.006707	0.027046 0.009588	0.000811 0.003241	0.001651 0.009815	0.000626 0.001604	0.001406 0.003090	0.000229 0.001146	0.001112 0.005559	0.001462 0.004402	
2 100 3 2.290000	0.013574 0.000896	0.999816 0.000024	0.163365 0.006996	0.027727 0.008908	0.004681 0.007133	0.000259 0.001587	0.000975 0.003127	0.001241 0.003530	0.000000 0.000000	0.000698 0.003492	0.000564 0.002065	
2 100 3 2.300000	0.013531 0.002934	0.999816 0.000079	0.162414 0.008531	0.029400 0.009985	0.006641 0.006209	0.000811 0.002501	0.001101 0.005286	0.002461 0.006033	0.001542 0.002490	0.000000 0.000000	0.000487 0.002433	
2 100 3 2.310000	0.012978 0.005407	0.999828 0.000150	0.164235 0.008762	0.026680 0.009290	0.007144 0.009186	0.003165 0.008272	0.000671 0.001950	0.004315 0.008700	0.001815 0.007759	0.001341 0.003292	0.001375 0.006875	
2 100 3 2.320000	0.013281 0.002326	0.999823 0.000061	0.161787 0.009351	0.028568 0.009791	0.004687 0.008724	0.001401 0.003603	0.000617 0.002267	0.002157 0.006912	0.001597 0.005159	0.001352 0.006027	0.000442 0.003013	
2 100 3 2.330000	0.013000 0.002880	0.999830 0.000076	0.161242 0.007575	0.027368 0.008938	0.005579 0.009378	0.000384 0.001918	0.000000 0.000000	0.001566 0.003261	0.000829 0.003708	0.000000 0.000000	0.000904 0.004518	
2 100 3 2.340000	0.012781 0.005497	0.999833 0.000141	0.157033 0.007701	0.026866 0.007404	0.001850 0.004003	0.001449 0.007245	0.001173 0.007456	0.001165 0.003154	0.002925 0.009773	0.002319 0.007679	0.002134 0.004199	
2 100 3 2.350000	0.013160 0.002143	0.999826 0.000057	0.157415 0.006213	0.028526 0.006703	0.004319 0.009870	0.003051 0.006475	0.003678 0.006092	0.001838 0.005224	0.000778 0.003889	0.001654 0.005945	0.001346 0.003401	
2 100 3 2.360000	0.011953 0.003202	0.999856 0.000076	0.160748 0.009589	0.020711 0.009187	0.003543 0.008200	0.002371 0.007905	0.000368 0.001015	0.003471 0.007372	0.000829 0.004144	0.001021 0.005103	0.000000 0.000000	
2 100 3 2.370000	0.012687 0.001595	0.999839 0.000040	0.155166 0.006680	0.024366 0.005930	0.006516 0.008281	0.001829 0.009143	0.000568 0.002416	0.001339 0.002842	0.001689 0.005836	0.000592 0.001092	0.000792 0.003895	
2 100 3 2.380000	0.012250 0.003993	0.999847 0.000098	0.155497 0.008432	0.023139 0.008266	0.008173 0.007195	0.000261 0.001307	0.000066 0.000560	0.001062 0.004276	0.000070 0.002923	0.001278 0.003252	0.000923 0.004615	
2 100 3 2.390000	0.013264 0.002933	0.999823 0.000078	0.155738 0.007594	0.023935 0.008150	0.003143 0.008634	0.002054 0.005008	0.003168 0.008053	0.001662 0.004561	0.001044 0.003225	0.001768 0.005006	0.001859 0.009295	
2 100 3 2.400000	0.012582 0.002574	0.999840 0.000064	0.148784 0.008502	0.026602 0.009615	0.005340 0.009590	0.001910 0.005013	0.001915 0.005767	0.000430 0.001454	0.004052 0.008292	0.000307 0.001533	0.000282 0.000883	
2 100 3 2.410000	0.012927 0.003439	0.999831 0.000094	0.154531 0.006514	0.023246 0.009783	0.003662 0.004584	0.003062 0.007450	0.001471 0.003433	0.001034 0.002868	0.002185 0.004566	0.001906 0.007234	0.001202 0.003029	
2 100 3 2.420000	0.011509 0.003194	0.999866 0.000072	0.154298 0.008360	0.024310 0.008366	0.002498 0.009368	0.002779 0.008550	0.001146 0.002938	0.000515 0.001521	0.001232 0.006158	0.001703 0.003822	0.000000 0.000000	
2 100 3 2.430000	0.013084 0.002672	0.999828 0.000069	0.150336 0.009970	0.024507 0.005754	0.002750 0.007308	0.001226 0.003709	0.001936 0.005667	0.001380 0.004990	0.001997 0.003844	-0.000001 0.000006	0.000000 0.000000	
2 100 3 2.440000	0.013001 0.004727	0.999829 0.000125	0.153126 0.005345	0.022569 0.009250	0.003808 0.007838	0.000710 0.002087	0.001641 0.007436	0.000565 0.001624	0.000000 0.000000	0.000853 0.003626	0.000341 0.001704	
2 100 3 2.450000	0.013948 0.002722	0.999804 0.000076	0.152250 0.004268	0.025446 0.009687	0.002921 0.008136	0.001999 0.006509	0.000083 0.000416	0.001619 0.004194	0.000318 0.001592	0.000857 0.003045	0.000773 0.003866	
2 100 3 2.460000	0.011967 0.001894	0.999856 0.000045	0.149866 0.009509	0.023061 0.007155	0.003433 0.009413	0.000435 0.002176	0.000001 0.000007	0.001742 0.005931	0.000579 0.002896	0.001885 0.004704	0.000836 0.002965	
2 100 3 2.470000	0.011549 0.004383	0.999864 0.000108	0.151804 0.009623	0.024684 0.006157	0.005310 0.009695	0.001128 0.005639	0.000908 0.002826	0.000866 0.005265	0.000754 0.001541	0.000588 0.002657	0.001039 0.003513	
2 100 3 2.480000	0.012290 0.002876	0.999848 0.000069	0.149057 0.005777	0.024257 0.009368	0.003792 0.008289	0.001366 0.005353	0.000000 0.000000	0.000774 0.002026	0.001058 0.003281	0.000000 0.000000	0.001683 0.007390	
2 100 3 2.490000	0.013211 0.002999	0.999824 0.000081	0.146827 0.007468	0.023315 0.009557	0.005414 0.005776	0.000532 0.001482	0.001385 0.003977	0.000441 0.001634	0.002382 0.005113	0.001602 0.004054	0.000300 0.001408	
2 100 3 2.500000	0.011360 0.004189	0.999869 0.000092	0.146734 0.008109	0.019834 0.008286	0.003420 0.009552	0.000107 0.000534	0.000849 0.003259	0.000000 0.000000	0.000413 0.001070	0.000000 0.000000	0.004268 0.009359	
2 100 3 2.510000	0.013717 0.002376	0.999811 0.000065	0.144872 0.009275	0.021543 0.008793	0.001673 0.004493	0.003850 0.003211	0.001678 0.008392	0.000000 0.000000	0.003064 0.008192	0.002081 0.006277	0.001165 0.005490	
2 100 3 2.520000	0.012121 0.001624	0.999853 0.000040	0.143047 0.008259	0.020324 0.005714	0.003921 0.008511	0.001227 0.003385	0.002777 0.007641	0.002541 0.006981	0.000616 0.002562	0.003499 0.005948	0.005266 0.009831	
2 100 3 2.530000	0.011741 0.003735	0.999859 0.000086	0.142865 0.009439	0.020959 0.009573	0.002772 0.008018	0.002606 0.003888	0.001060 0.003482	0.002955 0.008755	0.000326 0.000974	0.001383 0.003518	0.000000 0.000000	
2 100 3 2.540000	0.011413 0.002950	0.999869 0.000070	0.146135 0.007656	0.021502 0.008738	0.004297 0.008558	0.004223 0.009589	0.000843 0.004215	0.004986 0.009049	0.000243 0.001216	0.000571 0.002896	0.000000 0.000000	
2 100 3 2.550000	0.012444 0.001257	0.999845 0.000032	0.142495 0.005181	0.023520 0.009212	0.004615 0.006176	0.002787 0.007219	0.001675 0.003901	0.002344 0.006006	0.000908 0.004542	0.001408 0.004254	0.000367 0.002217	
2 100 3 2.560000	0.012013 0.005372	0.999851 0.000133	0.139571 0.009895	0.021829 0.006391	0.004425 0.009235	0.002161 0.006023	0.000137 0.000687	0.000896 0.005700	0.002418 0.007963	0.001553 0.006821	0.001627 0.005163	
2 100 3 2.570000	0.012713 0.002996	0.999837 0.000075	0.142668 0.009501	0.021139 0.004700	0.002738 0.005759	0.001961 0.005615	0.002051 0.009002	0.001018 0.003303	0.002301 0.003954	0.001076 0.003598	0.001072 0.002629	
2 100 3 2.580000	0.012900 0.004167	0.999831 0.000113	0.141973 0.009488	0.020347 0.007536	0.002199 0.006138	0.001341 0.004482	0.000738 0.002392	0.003231 0.005936	0.001929 0.005742	0.001208 0.005769	0.002135 0.006230	
2 100 3 2.590000	0.011465 0.001927	0.999868 0.000044	0.142834 0.009877	0.020617 0.008772	0.001934 0.003723	0.002595 0.003632	0.002101 0.006107	0.002861 0.005101	0.000000 0.000000	0.000000 0.000000	0.000430 0.002150	
2 100 3 2.600000	0.010610 0.002350	0.999887 0.000051	0.139769 0.009771	0.019008 0.008131	0.002506 0.004824	0.002280 0.005472	0.000984 0.004918	0.001505 0.007525	0.000070 0.000348	0.000273 0.001366	0.001144 0.005155	
2 100 3 2.610000	0.011805 0.002941	0.999859 0.000070	0.145623 0.008793	0.018695 0.005532	0.000744 0.002362	0.003242 0.007929	0.001183 0.004248	0.001147 0.005466	0.001443 0.007215	0.000000 0.000000	0.001743 0.008715	
2 100 3 2.620000	0.011316 0.005564	0.999868 0.000124	0.138615 0.002355	0.021023 0.009272	0.003179 0.006312	0.003459 0.007062	0.000220 0.001100	0.001790 0.007579	0.001369 0.003857	0.001395 0.004023	0.005533 0.009381	
2 100 3 2.630000	0.011769 0.001674	0.999861 0.000039	0.140104 0.006673	0.022450 0.009371	0.003305 0.005775	0.000782 0.003912	0.001845 0.006020	0.001373 0.004861	0.000785 0.003927	0.000489 0.002446	0.000877 0.002155	
2 100 3 2.640000	0.012787 0.003282	0.999835 0.000086	0.137229 0.006567	0.017896 0.007511	0.002419 0.008929	0.001385 0.004148	0.000976 0.002740	0.000996 0.004141	0.000808 0.004039	0.000648 0.003239	0.002123 0.009773	
2 100 3 2.650000	0.011454 0.001632	0.999868 0.000038	0.137476 0.009599	0.018622 0.006412	0.001966 0.006160	0.000989 0.003006	0.001273 0.004641	0.000000 0.000000	0.001218 0.004480	0.000702 0.002871	0.000632 0.003161	
2 100 3 2.660000	0.012384 0.002644	0.999846 0.000064	0.138629 0.007428	0.020430 0.007655	0.003061 0.005101	0.003201 0.005868	0.002150 0.005443	0.001620 0.007265	0.002618 0.006802	0.002510 0.005765	0.002749 0.009883	
2 100 3 2.670000	0.013041 0.005618	0.999827 0.000145	0.138673 0.009167	0.020496 0.008456	0.001630 0.006875	0.002722 0.001575	0.001175 0.005877	0.000499 0.002495	0.001180 0.004380	0.002267 0.007418	0.001258 0.006372	
2 100 3 2.680000	0.012427 0.003717	0.999844 0.000092	0.135869 0.008075	0.020544 0.001800	0.003860 0.009752	0.001565 0.003857	0.003738 0.009349	0.001323 0.005299	0.001175 0.003481	0.000963 0.004813	0.001280 0.004904	
2 100 3 2.690000	0.012502 0.002981	0.999842 0.000073	0.132480 0.009874	0.015618 0.005694	0.001817 0.004776	0.000138 0.000383	0.000687 0.003437	0.002361 0.007007	0.002036 0.008501	0.003746 0.006196	0.002879 0.006872	
2 100 3 2.700000	0.012555 0.002919	0.999841 0.000075	0.135150 0.005480	0.013802 0.009440	0.001447 0.007011	0.001068 0.004995	0.001429 0.002839	0.000976 0.004881	0.000000 0.000000	0.001385 0.003583	0.002209 0.007014	
2 100 3 2.710000	0.010989 0.002394	0.999878 0.000053	0.134013 0.009502	0.018216 0.003500	0.003100 0.002253	0.001577 0.003963	0.000000 0.000000	0.000626 0.003132	0.000390 0.001858	0.002151 0.006069	0.002094 0.005279	
2 100 3 2.720000	0.012685 0.001754	0.999839 0.000044	0.133174 0.009008	0.020882 0.009420	0.004341 0.007398	0.002229 0.006206	0.002178 0.006650	0.001132 0.003985	0.000246 0.001230	0.001004 0.005018	0.000850 0.003703	
2 100 3 2.730000	0.012320 0.001905	0.999848 0.000046	0.131064 0.009535	0.013208 0.003433	0.002898 0.007747	0.000134 0.000672	0.000773 0.002119	0.000748 0.003739	0.001316 0.006582	0.000449 0.001810	0.001160 0.004468	
2 100 3 2.740000	0.011791 0.001893	0.999860 0.000045	0.137687 0.009580	0.015480 0.006611	0.001762 0.008812	0.000248 0.000748	0.004528 0.009601	0.000744 0.003719	0.002096 0.007194	0.001862 0.009312	0.002033 0.006465	
2 100 3 2.750000	0.011823 0.001035	0.999860 0.000025	0.133269 0.007545	0.017610 0.009420	0.001690 0.003319	0.002551 0.009345	0.000000 0.000000	0.000383 0.001916	0.000000 0.000000	0.000560 0.001465	0.003781 0.009356	
2 100 3 2.760000	0.013328 0.004738	0.999820 0.000122	0.129813 0.009585	0.017611 0.009673	0.001504 0.003440	0.002308 0.006176	0.000917 0.002605	0.001138 0.003328	0.000262 0.001309	0.001266 0.002548	0.000624 0.003119	
2 100 3 2.770000	0.011768 0.003468	0.999860 0.000086	0.133052 0.009216	0.019303 0.004533	0.002084 0.005636	0.000788 0.003699	0.000893 0.003597	0.000858 0.004008	0.002636 0.006158	0.000678 0.002291	0.001729 0.004369	
2 100 3 2.780000	0.012324 0.003070	0.999847 0.000078	0.128897 0.008293	0.016458 0.008031	0.003895 0.009096	0.001485 0.005051	0.001340 0.008400	0.002463 0.006906	0.001729 0.005249	0.000904 0.002373	0.001444 0.007221	
2 100 3 2.790000	0.012164 0.002322	0.999851 0.000056	0.130909 0.006996	0.017140 0.009759	0.004199 0.005147	0.001673 0.005265	-0.000030 0.000466	0.000336 0.001036	0.001242 0.006211	0.000723 0.002428	0.000345 0.001727	
2 100 3 2.800000	0.013053 0.005023	0.999826 0.000134	0.124908 0.007849	0.019964 0.007330	0.003405 0.007537	0.002707 0.005156	0.000204 0.001105	0.002160 0.007403	0.001906 0.007179	-0.000024 0.000118	0.002595 0.006300	
2 100 3 2.810000	0.013707 0.009983	0.999799 0.000299	0.134249 0.005515	0.016249 0.002100	0.004188 0.006594	0.001478 0.004540	0.004621 0.009271	0.000000 0.000000	0.004292 0.009771	0.000783 0.003658	0.001020 0.005102	
2 100 3 2.820000	0.011966 0.004646	0.999854 0.000109	0.130538 0.008712	0.017846 0.001387	0.004398 0.006759	0.000921 0.004603	0.000071 0.000298	0.000639 0.001862	0.001163 0.004653	0.002088 0.004621	0.001123 0.005613	
2 100 3 2.830000	0.011152 0.002740	0.999875 0.000061	0.125304 0.009963	0.017660 0.009781	0.000806 0.004030	0.001044 0.002949	0.002058 0.007986	0.001442 0.005508	0.000000 0.000000	0.001335 0.004644	0.003427 0.008626	
2 100 3 2.840000	0.011129 0.006060	0.999871 0.000135	0.130366 0.009888	0.016450 0.008934	0.001412 0.007060	0.000709 0.002797	0.000655 0.003273	0.002117 0.007010	0.002642 0.006882	0.000485 0.002335	0.002014 0.007628	
2 100 3 2.850000	0.011144 0.004133	0.999874 0.000096	0.127256 0.008162	0.018387 0.008957	0.003850 0.008193	0.000674 0.002403	0.001379 0.006354	0.002624 0.007901	0.001326 0.006691	0.000562 0.002266	0.001106 0.002881	
2 100 3 2.860000	0.011765 0.006181	0.999857 0.000144	0.128118 0.005035	0.015871 0.009370	0.003195 0.007828	0.001302 0.006511	0.000000 0.000000	0.000000 0.000000	0.003322 0.007564	0.000656 0.003282	0.002232 0.005592	
2 100 3 2.870000	0.011631 0.002092	0.999864 0.000048	0.123193 0.004469	0.015739 0.009383	0.001737 0.008683	0.002286 0.006178	0.002499 0.008014	0.002583 0.007467	0.001835 0.003395	0.001566 0.007471	0.000362 0.001810	
2 100 3 2.880000	0.011718 0.000948	0.999863 0.000022	0.126280 0.008405	0.016190 0.005040	0.002036 0.005674	0.002226 0.005527	0.002803 0.008155	0.002447 0.007433	0.000489 0.002447	0.002155 0.009944	0.001453 0.007267	
2 100 3 2.890000	0.010782 0.001420	0.999883 0.000031	0.125050 0.009523	0.016925 0.009114	0.002556 0.004715	0.002289 0.008865	0.003778 0.008235	0.000990 0.003030	-0.000025 0.000123	0.001824 0.006325	0.001448 0.003790	
2 100 3 2.900000	0.012099 0.002549	0.999853 0.000060	0.121150 0.009775	0.016096 0.008597	0.002805 0.005862	0.002361 0.004291	0.001745 0.004179	0.002322 0.007707	0.003087 0.004694	0.000647 0.003236	0.000375 0.001873	
2 100 3 2.910000	0.012438 0.001827	0.999845 0.000045	0.123212 0.009276	0.016755 0.004659	0.001054 0.001509	0.000486 0.001797	0.000000 0.000000	0.001784 0.006295	0.000346 0.001728	0.002144 0.005757	0.001739 0.003363	
2 100 3 2.920000	0.011267 0.003635	0.999872 0.000082	0.123959 0.009433	0.016346 0.009796	0.004062 0.005023	0.002638 0.007320	0.000500 0.002500	0.000348 0.001738	0.000000 0.000000	0.000126 0.000632	0.000822 0.002450	
2 100 3 2.930000	0.011665 0.001766	0.999864 0.000041	0.122402 0.009951	0.018036 0.006102	0.002852 0.006235	0.000513 0.002563	0.001667 0.008405	0.000971 0.004855	0.000737 0.003684	0.000000 0.000000	0.000638 0.002774	
2 100 3 2.940000	0.012273 0.002753	0.999848 0.000071	0.124205 0.009182	0.014735 0.008226	0.002672 0.005281	0.000545 0.002724	0.000833 0.004167	0.001247 0.005264	0.000784 0.003920	0.000053 0.000267	0.003149 0.006393	
2 100 3 2.950000	0.011157 0.000768	0.999875 0.000017	0.122992 0.005028	0.015562 0.009390	0.001535 0.006188	0.002719 0.005534	0.001538 0.004587	0.002188 0.004489	0.001225 0.003486	0.000920 0.004598	0.002570 0.009249	
2 100 3 2.960000	0.012597 0.003671	0.999839 0.000093	0.121789 0.007929	0.015369 0.009679	0.002058 0.005634	0.001308 0.004930	0.001541 0.004991	0.000652 0.002612	0.001411 0.006527	0.003584 0.009424	0.001442 0.004605	
2 100 3 2.970000	0.011621 0.002796	0.999864 0.000062	0.121711 0.007469	0.017807 0.008693	0.001451 0.003802	0.000723 0.002028	0.003056 0.008258	0.001431 0.007157	0.000000 0.000000	0.004363 0.009908	0.000975 0.004877	
2 100 3 2.980000	0.011541 0.003459	0.999865 0.000075	0.118765 0.005123	0.016192 0.008532	0.003261 0.008114	0.001750 0.004717	0.002787 0.006917	0.001230 0.003610	0.000738 0.004386	0.000952 0.003858	0.000619 0.002288	
2 100 3 2.990000	0.011294 0.002422	0.999872 0.000055	0.118599 0.008977	0.013166 0.007258	0.001943 0.005952	0.001383 0.003175	0.002041 0.004218	0.001214 0.006068	0.001259 0.005613	0.000587 0.002933	0.003788 0.006924	
2 100 3 3.000000	0.011786 0.001784	0.999861 0.000042	0.120506 0.009507	0.015126 0.005440	0.002226 0.007001	0.002258 0.007201	0.000153 0.000765	0.004065 0.009959	0.000000 0.000000	0.000352 0.001314	0.000470 0.001949	
2 100 3 3.010000	0.011475 0.003607	0.999867 0.000078	0.119947 0.008620	0.013258 0.009949	0.003078 0.006481	0.000635 0.002322	0.001505 0.005599	0.001652 0.003072	0.001914 0.006963	0.000668 0.003169	0.003907 0.008259	
2 100 3 3.020000	0.012397 0.001742	0.999846 0.000043	0.118779 0.007026	0.015015 0.008257	0.001730 0.005047	0.002058 0.005852	0.000437 0.000886	0.000434 0.001766	0.001272 0.002711	0.002920 0.009323	0.001101 0.004859	
2 100 3 3.030000	0.011653 0.005260	0.999861 0.000122	0.120029 0.006977	0.012173 0.007236	0.004549 0.008420	0.003036 0.009426	0.000952 0.002939	0.001846 0.009231	0.002900 0.008737	0.000776 0.002814	0.000267 0.001333	
2 100 3 3.040000	0.011194 0.001918	0.999874 0.000043	0.118123 0.006229	0.013688 0.009674	0.001526 0.003444	0.001163 0.003146	0.002939 0.004066	0.000974 0.003851	0.000964 0.004474	0.002902 0.008115	0.001337 0.004921	
2 100 3 3.050000	0.011035 0.005150	0.999875 0.000122	0.117291 0.009865	0.014285 0.008863	0.000000 0.000000	0.003460 0.009178	0.003249 0.006968	0.001143 0.006443	0.002997 0.008474	0.001569 0.003213	0.002465 0.005745	
2 100 3 3.060000	0.010908 0.002782	0.999880 0.000061	0.118128 0.009194	0.012992 0.004997	0.001627 0.003444	0.002422 0.009769	0.002350 0.006743	0.000878 0.003112	0.000491 0.002456	0.001997 0.005742	0.000298 0.001491	
2 100 3 3.070000	0.011665 0.003800	0.999862 0.000091	0.115495 0.009918	0.015360 0.006666	0.001963 0.005679	0.000762 0.001527	0.000851 0.004254	0.001547 0.004500	0.002014 0.008584	0.001353 0.005290	0.001654 0.004385	
2 100 3 3.080000	0.011890 0.002841	0.999857 0.000066	0.115767 0.007932	0.012792 0.005732	0.002797 0.004097	0.002808 0.008203	0.001851 0.003549	0.001840 0.004725	0.001002 0.005008	0.003858 0.008537	0.002418 0.009214	
2 100 3 3.090000	0.010359 0.003856	0.999890 0.000082	0.118583 0.007395	0.014876 0.008319	-0.000021 0.000107	0.001064 0.005134	0.001047 0.002996	0.001514 0.005978	0.000791 0.003955	0.001636 0.003889	0.002056 0.008113	
2 100 3 3.100000	0.011052 0.003311	0.999876 0.000072	0.114124 0.009847	0.012567 0.004359	0.002731 0.004702	0.001180 0.005900	0.000918 0.004592	0.001378 0.003842	0.000267 0.001335	0.000365 0.002917	0.000304 0.001165	
2 100 3 3.110000	0.011777 0.004055	0.999859 0.000092	0.109347 0.004530	0.007973 0.008883	0.000572 0.001618	0.002329 0.005972	0.001587 0.006249	0.000753 0.003763	0.002053 0.004366	0.000191 0.000957	0.003319 0.009821	
2 100 3 3.120000	0.011673 0.004632	0.999861 0.000104	0.118365 0.008873	0.013506 0.008291	0.002205 0.004950	0.000184 0.000921	0.001506 0.003525	0.002268 0.005846	0.002517 0.009260	0.000376 0.000996	0.000753 0.002928	
2 100 3 3.130000	0.011130 0.004063	0.999874 0.000088	0.118783 0.005658	0.014179 0.005392	0.003776 0.009224	0.000644 0.003218	0.002182 0.007719	0.000383 0.001916	0.000449 0.002244	0.001638 0.007667	0.002643 0.007490	
2 100 3 3.140000	0.011714 0.002232	0.999862 0.000052	0.114088 0.009993	0.014093 0.008678	0.002825 0.009990	0.000292 0.001461	0.002055 0.005204	0.000000 0.000000	0.000000 0.000000	0.000159 0.000797	0.000317 0.001073	
2 100 3 3.150000	0.011365 0.002210	0.999870 0.000050	0.115613 0.006786	0.014066 0.009588	0.001694 0.005910	0.002637 0.007168	0.004644 0.008855	0.000000 0.000000	0.000240 0.001198	0.000361 0.001805	0.002332 0.006268	
2 100 3 3.160000	0.010893 0.003970	0.999880 0.000088	0.113038 0.007165	0.013345 0.009893	0.002774 0.005359	0.003307 0.008047	0.002359 0.009093	0.001637 0.004208	0.001364 0.006926	0.000744 0.002550	0.001177 0.005884	
2 100 3 3.170000	0.011823 0.003728	0.999859 0.000086	0.115314 0.007173	0.015775 0.009579	0.004507 0.006429	0.001180 0.002915	0.001289 0.005562	0.001349 0.006745	0.001582 0.004383	0.000488 0.004656	0.000940 0.002807	
2 100 3 3.180000	0.011443 0.001900	0.999869 0.000043	0.113282 0.009922	0.013163 0.005199	0.002074 0.003733	0.001002 0.005011	0.001950 0.005983	0.000000 0.000000	0.001956 0.006389	0.000000 0.000000	0.000888 0.004440	
2 100 3 3.190000	0.011983 0.005141	0.999853 0.000120	0.109253 0.009379	0.009601 0.005909	0.003568 0.005366	0.000583 0.002916	0.000072 0.000358	0.000399 0.001994	0.000862 0.002634	0.001210 0.003562	0.002519 0.007439	
2 100 3 3.200000	0.011447 0.001689	0.999869 0.000039	0.111780 0.008822	0.013546 0.008215	0.001421 0.004000	0.001122 0.002937	0.000000 0.000000	0.000860 0.002574	0.000905 0.004526	0.000861 0.002853	0.000805 0.002146	
2 100 3 3.210000	0.010631 0.002574	0.999886 0.000056	0.113201 0.004144	0.012526 0.009995	0.004377 0.009626	0.001910 0.004529	0.000104 0.000520	0.003967 0.007162	0.001266 0.003774	0.000120 0.000600	0.001290 0.005558	
2 100 3 3.220000	0.011320 0.000696	0.999872 0.000016	0.111163 0.009304	0.012005 0.009540	0.001830 0.004058	0.000635 0.003176	0.000404 0.002020	0.001566 0.004013	0.001443 0.002225	0.000215 0.001077	0.000000 0.000000	
2 100 3 3.230000	0.010763 0.004662	0.999880 0.000104	0.110005 0.007655	0.010994 0.009151	0.001868 0.005419	0.002306 0.007838	0.002703 0.006949	0.000400 0.002443	0.000272 0.000755	0.002295 0.007804	0.003493 0.007048	
2 100 3 3.240000	0.011072 0.002707	0.999876 0.000063	0.110790 0.009850	0.010588 0.008640	0.000237 0.001185	0.003318 0.007046	0.002106 0.005980	0.001009 0.005046	0.001459 0.004236	0.000448 0.001943	0.001508 0.004974	
2 100 3 3.250000	0.010496 0.003333	0.999888 0.000066	0.107959 0.009655	0.010434 0.006112	0.002278 0.005175	0.001206 0.004503	0.001737 0.008684	0.002659 0.007703	0.001798 0.005904	0.001339 0.005962	0.000216 0.001080	
2 100 3 3.260000	0.012613 0.005495	0.999838 0.000139	0.108988 0.007926	0.011171 0.005657	0.002995 0.006673	0.002182 0.007383	0.002187 0.006529	0.001268 0.004654	0.001078 0.003038	0.000591 0.001513	0.002538 0.006569	
2 100 3 3.270000	0.011661 0.000952	0.999864 0.000022	0.107873 0.009235	0.012812 0.009088	0.001039 0.003423	0.001344 0.005706	0.000019 0.000097	0.002660 0.005257	0.000000 0.000000	0.000420 0.002100	0.000943 0.003455	
2 100 3 3.280000	0.011057 0.003923	0.999876 0.000089	0.109468 0.005883	0.011290 0.009203	0.000640 0.003202	0.001275 0.005540	0.000507 0.002533	-0.000095 0.000474	0.000932 0.004279	0.000000 0.000000	0.001520 0.005348	
2 100 3 3.290000	0.010186 0.002731	0.999895 0.000058	0.108072 0.008084	0.013334 0.007653	0.002027 0.005109	0.000894 0.003229	0.001305 0.003724	0.002641 0.006831	0.000927 0.004635	0.002158 0.007918	0.002169 0.007307	
2 100 3 3.300000	0.011603 0.002463	0.999865 0.000057	0.109603 0.008141	0.010119 0.004796	0.002866 0.006332	0.000594 0.002403	0.003564 0.009113	0.000000 0.000000	0.002043 0.005161	0.000616 0.002133	0.000000 0.000000	
2 100 3 3.310000	0.011140 0.003217	0.999874 0.000066	0.104786 0.008535	0.012403 0.007088	0.000376 0.000969	0.004241 0.009864	0.002232 0.003608	0.001538 0.004887	0.001513 0.003544	0.000282 0.001408	0.000831 0.003348	
2 100 3 3.320000	0.010042 0.002109	0.999898 0.000043	0.107008 0.004940	0.013328 0.008758	0.001853 0.006159	0.002105 0.008200	0.001649 0.004471	0.001436 0.007182	0.003428 0.009227	0.002302 0.009167	0.000373 0.001867	
2 100 3 3.330000	0.011041 0.001567	0.999878 0.000034	0.106566 0.009596	0.011660 0.007318	0.003211 0.009491	0.001065 0.003241	0.003414 0.007771	0.002218 0.004377	0.000384 0.001853	0.000040 0.000200	0.002423 0.005324	
2 100 3 3.340000	0.011459 0.002802	0.999867 0.000064	0.109691 0.009534	0.012050 0.009175	0.002425 0.006471	0.001359 0.002737	0.001052 0.005258	0.001315 0.003487	0.001677 0.008539	0.000229 0.001146	0.000377 0.001885	
2 100 3 3.350000	0.011416 0.001446	0.999869 0.000033	0.106329 0.008565	0.007729 0.009547	0.001670 0.005088	0.001339 0.006697	0.001260 0.003949	0.001695 0.004384	0.000000 0.000000	0.000276 0.001379	-0.000017 0.000083	
2 100 3 3.360000	0.011555 0.002548	0.999866 0.000060	0.109116 0.009686	0.012216 0.007538	0.003023 0.009715	0.003401 0.009890	0.001575 0.006353	0.001980 0.006643	0.000000 0.000000	0.000627 0.003133	0.002012 0.006090	
2 100 3 3.370000	0.011209 0.002059	0.999874 0.000046	0.104085 0.005601	0.012155 0.007672	0.000371 0.001855	0.000681 0.003405	0.001515 0.004885	0.000937 0.004102	0.000866 0.004330	0.000805 0.002734	0.002467 0.004924	
2 100 3 3.380000	0.011319 0.003657	0.999870 0.000084	0.100978 0.002076	0.012471 0.009824	0.001353 0.003920	0.000159 0.000794	0.000726 0.003628	0.000501 0.001616	0.001141 0.002366	0.001261 0.003398	0.000809 0.003116	
2 100 3 3.390000	0.010672 0.005040	0.999883 0.000110	0.107188 0.008891	0.009587 0.005570	0.003744 0.006576	0.000000 0.000000	0.000497 0.001615	0.002697 0.008568	0.000472 0.002358	0.000422 0.004309	0.003653 0.008596	
2 100 3 3.400000	0.010493 0.005607	0.999887 0.000123	0.108013 0.007954	0.010502 0.009982	0.001795 0.008977	0.001736 0.006236	0.002881 0.009942	0.000000 0.000000	0.001985 0.005632	0.003370 0.008577	0.001289 0.007333	
2 100 3 3.410000	0.011722 0.004789	0.999860 0.000118	0.103327 0.009780	0.010107 0.006390	0.001840 0.007197	0.001060 0.005299	0.004497 0.008964	0.004497 0.009139	0.001868 0.004695	0.002467 0.006209	0.001754 0.008769	
2 100 3 3.420000	0.012172 0.004943	0.999849 0.000119	0.106116 0.009437	0.012357 0.008545	0.004358 0.009785	0.002500 0.006908	0.000631 0.003157	0.002326 0.007511	0.001666 0.008329	0.000924 0.004620	0.002179 0.008895	
2 100 3 3.430000	0.010974 0.002499	0.999878 0.000055	0.104592 0.007609	0.007663 0.006695	0.003658 0.008505	0.003406 0.009385	0.003323 0.005912	0.001023 0.005116	0.000000 0.000000	0.002316 0.008045	0.001839 0.007393	
2 100 3 3.440000	0.010477 0.002839	0.999889 0.000060	0.104610 0.004858	0.013176 0.009291	0.000645 0.002743	0.002158 0.005641	0.000981 0.004904	0.003417 0.006229	0.001785 0.005081	0.000549 0.001751	0.001675 0.003702	
2 100 3 3.450000	0.010187 0.005600	0.999893 0.000117	0.104879 0.009540	0.012245 0.009683	0.003261 0.005491	0.001124 0.005618	-0.000189 0.000946	0.000807 0.002962	0.001066 0.003922	0.000691 0.003455	0.000460 0.002298	
2 100 3 3.460000	0.010795 0.004087	0.999881 0.000085	0.101807 0.006542	0.012535 0.007997	0.001449 0.004932	0.001473 0.004307	0.003416 0.007707	0.004977 0.008488	0.000641 0.003512	0.000409 0.001688	0.000914 0.004570	
2 100 3 3.470000	0.010980 0.001321	0.999879 0.000029	0.104101 0.009296	0.012232 0.004922	0.001247 0.006002	0.003841 0.009880	0.000786 0.002411	0.000678 0.002247	0.000374 0.001870	0.000135 0.000757	0.002095 0.004430	
2 100 3 3.480000	0.011159 0.001132	0.999875 0.000026	0.102368 0.008422	0.007897 0.007270	0.001318 0.003542	0.000572 0.001844	0.001303 0.004268	0.001021 0.001957	0.000102 0.000510	0.001835 0.005668	0.000214 0.001069	
2 100 3 3.490000	0.010715 0.002712	0.999884 0.000059	0.099589 0.009704	0.011805 0.004572	0.001606 0.005000	0.000953 0.002823	0.000000 0.000000	0.001446 0.004943	0.000937 0.003893	0.000525 0.001644	0.000055 0.000273	
2 100 3 3.500000	0.010809 0.003382	0.999882 0.000075	0.102594 0.009247	0.010815 0.006117	0.002087 0.006186	0.001608 0.003551	0.000885 0.004424	0.000549 0.002747	0.001430 0.008088	0.001620 0.004886	0.000721 0.002573	
2 100 3 3.510000	0.011719 0.004604	0.999859 0.000111	0.099859 0.007228	0.008918 0.009613	0.004035 0.009043	0.001983 0.008685	0.003384 0.007036	0.001275 0.004614	0.000466 0.002330	0.003568 0.009903	0.000337 0.001686	
2 100 3 3.520000	0.010678 0.002889	0.999885 0.000059	0.104902 0.006534	0.010317 0.008247	0.003457 0.008313	0.000000 0.000000	0.001551 0.006017	0.000434 0.002403	0.000000 0.000000	0.000383 0.001915	0.000326 0.001097	
2 100 3 3.530000	0.010607 0.003989	0.999886 0.000086	0.099620 0.008644	0.009429 0.009392	0.003792 0.006981	0.000060 0.000301	0.001730 0.008648	0.001711 0.006122	0.000744 0.003722	0.000325 0.001627	0.000000 0.000000	
2 100 3 3.540000	0.011013 0.004714	0.999876 0.000104	0.102076 0.007322	0.006223 0.008058	0.002608 0.007374	0.000776 0.003790	0.002691 0.007383	0.002617 0.007436	0.002315 0.006201	0.002947 0.007539	0.000915 0.004574	
2 100 3 3.550000	0.010418 0.003982	0.999889 0.000086	0.102389 0.006424	0.008518 0.007400	0.001021 0.003172	0.002901 0.007448	0.000979 0.004897	0.001664 0.006528	0.000693 0.002760	0.002685 0.007465	0.004468 0.009445	
2 100 3 3.560000	0.010532 0.002704	0.999888 0.000058	0.100070 0.008086	0.009472 0.005947	0.001863 0.006529	0.001352 0.006761	0.002356 0.006401	0.003885 0.009475	0.001820 0.005964	0.001770 0.003880	0.000000 0.000000	
2 100 3 3.570000	0.010372 0.002170	0.999892 0.000046	0.098809 0.006329	0.010996 0.007455	0.001932 0.005613	0.002621 0.004961	0.002253 0.005155	0.000874 0.002674	0.002826 0.009775	0.001138 0.005692	0.000000 0.000000	
2 100 3 3.580000	0.011007 0.001515	0.999879 0.000033	0.100819 0.007740	0.011675 0.008087	0.002087 0.007894	0.002280 0.003878	0.001367 0.005463	0.000899 0.003173	0.000000 0.000000	0.000531 0.002655	0.001854 0.005283	
2 100 3 3.590000	0.011023 0.003583	0.999877 0.000082	0.096135 0.009090	0.009534 0.007710	0.000501 0.002298	0.002224 0.005467	0.001763 0.005132	0.003374 0.009732	0.000790 0.003798	0.000399 0.001995	0.000931 0.003387	
2 100 3 3.600000	0.010738 0.003763	0.999883 0.000083	0.098281 0.008641	0.010444 0.005742	0.001112 0.004107	0.000583 0.002917	0.000734 0.003672	0.001535 0.002840	0.000781 0.002574	0.002179 0.007578	0.000044 0.000219	
2 100 3 3.610000	0.011128 0.003429	0.999875 0.000078	0.098148 0.009881	0.011040 0.005810	0.002221 0.007646	0.001042 0.002809	0.000586 0.002930	0.002501 0.006959	0.000433 0.002167	0.000296 0.001480	0.001467 0.006017	
2 100 3 3.620000	0.011056 0.004986	0.999875 0.000111	0.096701 0.006925	0.009756 0.008639	0.000585 0.002926	0.000353 0.002734	0.002567 0.009576	0.003280 0.008586	0.000000 0.000000	0.001292 0.004952	0.000784 0.002727	
2 100 3 3.630000	0.011080 0.005395	0.999873 0.000118	0.099159 0.009090	0.009303 0.007055	0.002057 0.006437	0.001329 0.003536	0.000539 0.002013	0.003755 0.008665	0.001453 0.007265	0.001686 0.006504	0.000000 0.000000	
2 100 3 3.640000	0.011088 0.005881	0.999873 0.000138	0.091286 0.009518	0.009224 0.004849	0.003192 0.005785	0.001700 0.004025	0.002227 0.004512	0.001781 0.008906	0.001563 0.005814	0.000000 0.000000	0.002385 0.009582	
2 100 3 3.650000	0.012139 0.004187	0.999850 0.000102	0.098050 0.007881	0.011450 0.007142	0.003600 0.007664	0.001331 0.006656	0.002344 0.004949	0.001379 0.004433	0.000909 0.005031	0.000000 0.000000	0.001598 0.004518	
2 100 3 3.660000	0.010315 0.003913	0.999891 0.000082	0.093291 0.005069	0.011480 0.009731	0.003473 0.009738	0.002202 0.007818	0.002528 0.004993	0.001106 0.004951	0.000000 0.000000	0.001934 0.005464	0.002487 0.009654	
2 100 3 3.670000	0.010738 0.002777	0.999884 0.000060	0.097362 0.009078	0.008839 0.008067	0.001060 0.003683	0.002190 0.005176	0.001273 0.004125	0.000775 0.002436	0.001784 0.008919	0.003763 0.009220	0.001689 0.007188	
2 100 3 3.680000	0.010681 0.003730	0.999884 0.000080	0.098474 0.009083	0.010265 0.009448	0.001522 0.004913	0.002762 0.006018	0.000978 0.003279	0.002221 0.007673	0.001023 0.003048	0.001584 0.005457	0.001112 0.003592	
2 100 3 3.690000	0.010570 0.001367	0.999888 0.000030	0.097520 0.005325	0.010808 0.009834	0.001345 0.004371	0.000485 0.002423	0.001913 0.009567	0.000734 0.003668	0.001385 0.002334	0.000419 0.002096	0.003344 0.009608	
2 100 3 3.700000	0.011301 0.003988	0.999870 0.000085	0.093795 0.007042	0.007019 0.008398	0.002967 0.007517	0.000110 0.000549	0.001773 0.008863	0.002761 0.006467	0.002827 0.007923	0.000051 0.001993	0.002475 0.008139	
2 100 3 3.710000	0.011173 0.001952	0.999875 0.000044	0.095395 0.002539	0.008558 0.007604	0.002468 0.008325	0.001122 0.005612	0.001224 0.005965	0.003362 0.007438	0.003310 0.007533	0.001258 0.008679	0.001598 0.003145	
2 100 3 3.720000	0.011800 0.002782	0.999860 0.000064	0.093160 0.008957	0.010784 0.007935	0.002029 0.006103	0.001013 0.005064	0.001308 0.004236	0.001457 0.003928	0.000409 0.001938	0.000871 0.004353	0.001553 0.003269	
2 100 3 3.730000	0.011243 0.003307	0.999872 0.000073	0.094454 0.009991	0.009382 0.003954	0.000610 0.001544	0.002633 0.004201	0.001610 0.004466	0.000890 0.004448	0.001428 0.004013	0.001365 0.005755	0.000834 0.004168	
2 100 3 3.740000	0.010903 0.003610	0.999879 0.000079	0.094371 0.004007	0.006555 0.008896	0.000574 0.002872	0.000709 0.002323	0.001835 0.004894	0.000000 0.000000	0.000361 0.001803	0.001970 0.005159	0.003001 0.009626	
2 100 3 3.750000	0.013007 0.006769	0.999824 0.000189	0.094799 0.006750	0.007513 0.008690	0.001512 0.009691	0.003945 0.007282	0.000730 0.003649	0.005898 0.009854	0.002164 0.004338	0.001683 0.008416	0.000842 0.004210	
2 100 3 3.760000	0.010375 0.002969	0.999891 0.000063	0.092805 0.008871	0.010826 0.009768	0.001444 0.004690	0.000960 0.002568	0.000241 0.001205	0.000000 0.000000	0.001843 0.007066	0.002313 0.006658	0.001507 0.005915	
2 100 3 3.770000	0.011351 0.003216	0.999870 0.000071	0.087028 0.007796	0.011447 0.009549	0.004153 0.008062	0.000597 0.004062	0.001261 0.006306	0.000693 0.001627	0.002798 0.008418	0.001869 0.004278	0.000361 0.001806	
2 100 3 3.780000	0.010639 0.001893	0.999886 0.000042	0.097799 0.006208	0.008026 0.007395	0.001353 0.004239	0.000695 0.002148	0.001016 0.005082	0.001485 0.005049	0.001433 0.005200	0.000823 0.004116	0.001033 0.005166	
2 100 3 3.790000	0.011057 0.003638	0.999876 0.000084	0.094879 0.008743	0.011378 0.007062	0.000007 0.000036	0.000128 0.000640	0.002992 0.007384	0.000383 0.001917	0.002226 0.007050	0.003677 0.009632	0.002133 0.006550	
2 100 3 3.800000	0.010316 0.002401	0.999893 0.000048	0.094725 0.008587	0.008219 0.007746	0.002922 0.007067	0.000616 0.002694	0.000195 0.000974	0.001637 0.004366	0.001458 0.004387	0.001263 0.004808	0.000953 0.003438	
2 100 3 3.810000	0.010373 0.005450	0.999889 0.000120	0.090005 0.009260	0.001983 0.004339	0.003202 0.008162	0.000900 0.004499	0.001025 0.004411	0.000431 0.002157	0.000952 0.004758	0.001307 0.003547	0.001384 0.004681	
2 100 3 3.820000	0.011265 0.000839	0.999873 0.000019	0.093203 0.007349	0.005211 0.009999	0.001094 0.002620	0.002110 0.005733	0.002199 0.008386	0.001986 0.006195	0.000325 0.001627	0.000263 0.000829	0.000884 0.004420	
2 100 3 3.830000	0.011214 0.003591	0.999873 0.000078	0.088476 0.009011	0.011798 0.008809	0.000776 0.001638	0.000358 0.003928	0.001928 0.007444	0.001075 0.005373	0.001385 0.004918	0.001597 0.004272	0.000783 0.003915	
2 100 3 3.840000	0.011384 0.003096	0.999869 0.000071	0.088653 0.008378	0.004971 0.008913	0.001352 0.006762	0.001979 0.005268	0.000697 0.003097	0.000000 0.000000	0.004056 0.008802	0.001452 0.003503	0.001508 0.006803	
2 100 3 3.850000	0.010799 0.006301	0.999878 0.000150	0.089103 0.007617	0.009883 0.007014	0.004191 0.009069	0.000797 0.002593	0.001822 0.006007	0.001804 0.003516	-0.000030 0.000152	0.001758 0.005261	0.001142 0.004378	
2 100 3 3.860000	0.010094 0.002065	0.999898 0.000041	0.091198 0.009639	0.008080 0.008999	0.000000 0.000000	0.001785 0.006482	0.001698 0.004179	-0.000003 0.000017	0.001706 0.007938	0.001388 0.004881	0.003452 0.006987	
2 100 3 3.870000	0.010394 0.003430	0.999891 0.000069	0.091821 0.006730	0.011170 0.008957	0.001764 0.004545	0.001582 0.007340	0.000388 0.001369	0.002480 0.004236	0.003550 0.009332	0.002369 0.004255	0.001605 0.004776	
2 100 3 3.880000	0.010579 0.002878	0.999887 0.000064	0.093806 0.006257	0.008062 0.008032	0.002224 0.009126	0.001809 0.006055	0.000000 0.000000	0.000580 0.003311	0.003470 0.009655	0.000140 0.000700	0.000523 0.002614	
2 100 3 3.890000	0.010446 0.005037	0.999888 0.000106	0.091892 0.008451	0.007975 0.008594	0.001489 0.007800	0.000045 0.000227	0.001619 0.005460	0.001552 0.007762	0.002455 0.006885	0.000391 0.001954	0.001162 0.003423	
2 100 3 3.900000	0.011627 0.001319	0.999865 0.000031	0.087384 0.009703	0.006937 0.008366	0.000070 0.000352	0.001100 0.005498	0.000568 0.001415	0.001702 0.006707	0.001194 0.004469	0.000352 0.001762	0.001345 0.006181	
2 100 3 3.910000	0.010803 0.004433	0.999881 0.000099	0.091368 0.009533	0.008619 0.009419	0.002318 0.007192	0.002180 0.009523	0.002604 0.005167	0.001954 0.009772	0.003614 0.007266	0.000983 0.004032	0.000667 0.001852	
2 100 3 3.920000	0.011105 0.002204	0.999876 0.000049	0.089691 0.004206	0.009223 0.009468	0.001702 0.003417	0.001740 0.006119	0.000311 0.001555	0.000668 0.002626	0.001590 0.004162	0.000583 0.003350	0.001561 0.005292	
2 100 3 3.930000	0.010428 0.003105	0.999890 0.000066	0.090352 0.009889	0.005574 0.006765	0.003796 0.004040	0.001042 0.008055	0.001796 0.008982	0.000765 0.003826	0.003137 0.007438	0.002977 0.008484	0.002572 0.008434	
2 100 3 3.940000	0.009534 0.002202	0.999908 0.000041	0.091687 0.007671	0.007266 0.008991	0.004824 0.008502	0.002671 0.008173	0.001898 0.006585	0.000829 0.004145	0.001499 0.004560	0.001351 0.006754	0.000000 0.000000	
2 100 3 3.950000	0.010863 0.001731	0.999882 0.000037	0.086929 0.009967	0.006984 0.008478	0.000815 0.002492	0.001916 0.005354	0.003786 0.005500	0.002784 0.005354	0.001130 0.004848	0.000357 0.001491	0.001412 0.007061	
2 100 3 3.960000	0.012459 0.003337	0.999844 0.000084	0.090381 0.005028	0.004432 0.009980	0.002258 0.006683	0.001676 0.008382	0.001126 0.003426	0.001106 0.005532	0.001293 0.003817	0.000319 0.001597	0.000000 0.000000	
2 100 3 3.970000	0.010749 0.004740	0.999882 0.000107	0.089618 0.009559	0.009496 0.007493	0.001642 0.004389	0.000171 0.000827	0.001633 0.008165	0.001092 0.004312	0.001687 0.004647	0.001647 0.003157	0.002429 0.005979	
2 100 3 3.980000	0.010468 0.002010	0.999890 0.000042	0.087179 0.008499	0.006670 0.009654	0.003671 0.009087	0.001866 0.005259	0.000000 0.000000	0.000296 0.001479	0.000772 0.001995	0.000514 0.002568	0.001134 0.003017	
2 100 3 3.990000	0.010206 0.002799	0.999895 0.000058	0.088238 0.009466	0.009383 0.009675	0.000706 0.003531	0.001249 0.006245	0.000151 0.000381	0.000000 0.000000	0.003346 0.006961	0.003356 0.008544	0.001965 0.004143	
2 100 3 4.000000	0.011011 0.004003	0.999876 0.000086	0.087852 0.006982	0.008307 0.008507	0.001001 0.003936	0.000540 0.002700	0.000439 0.002196	0.001124 0.005620	0.000938 0.004004	0.002918 0.009530	0.001419 0.005806	
