2 64 2 0.000000	1.000000 0.000000	0.000000 0.000000	0.000000 0.000000	0.000000 0.000000	0.000000 0.000000	0.000000 0.000000	0.000000 0.000000	0.000000 0.000000	0.000000 0.000000	0.000000 0.000000	0.000000 0.000000	
2 64 2 0.010000	1.000000 0.000000	0.000000 0.000000	0.000000 0.000000	0.000000 0.000000	0.000000 0.000000	0.000000 0.000000	0.000000 0.000000	0.000000 0.000000	0.000000 0.000000	0.000000 0.000000	0.000000 0.000000	
2 64 2 0.020000	1.000000 0.000000	0.000000 0.000000	0.000000 0.000000	0.000000 0.000000	0.000000 0.000000	0.000000 0.000000	0.000000 0.000000	0.000000 0.000000	0.000000 0.000000	0.000000 0.000000	0.000000 0.000000	
2 64 2 0.030000	1.000000 0.000000	0.000000 0.000000	0.000000 0.000000	0.000000 0.000000	0.000000 0.000000	0.000000 0.000000	0.000000 0.000000	0.000000 0.000000	0.000000 0.000000	0.000000 0.000000	0.000000 0.000000	
2 64 2 0.040000	1.000000 0.000000	0.000000 0.000000	0.000000 0.000000	0.000000 0.000000	0.000000 0.000000	0.000000 0.000000	0.000000 0.000000	0.000000 0.000000	0.000000 0.000000	0.000000 0.000000	0.000000 0.000000	
2 64 2 0.050000	1.000000 0.000000	0.000000 0.000000	0.000000 0.000000	0.000000 0.000000	0.000000 0.000000	0.000000 0.000000	0.000000 0.000000	0.000000 0.000000	0.000000 0.000000	0.000000 0.000000	0.000000 0.000000	
2 64 2 0.060000	1.000000 0.000000	0.000000 0.000000	0.000000 0.000000	0.000000 0.000000	0.000000 0.000000	0.000000 0.000000	0.000000 0.000000	0.000000 0.000000	0.000000 0.000000	0.000000 0.000000	0.000000 0.000000	
2 64 2 0.070000	1.000000 0.000000	0.000000 0.000000	0.000000 0.000000	0.000000 0.000000	0.000000 0.000000	0.000000 0.000000	0.000000 0.000000	0.000000 0.000000	0.000000 0.000000	0.000000 0.000000	0.000000 0.000000	
2 64 2 0.080000	1.000000 0.000000	0.000000 0.000000	0.000000 0.000000	0.000000 0.000000	0.000000 0.000000	0.000000 0.000000	0.000000 0.000000	0.000000 0.000000	0.000000 0.000000	0.000000 0.000000	0.000000 0.000000	
2 64 2 0.090000	1.000000 0.000000	0.000000 0.000000	0.000000 0.000000	0.000000 0.000000	0.000000 0.000000	0.000000 0.000000	0.000000 0.000000	0.000000 0.000000	0.000000 0.000000	0.000000 0.000000	0.000000 0.000000	
2 64 2 0.100000	1.000000 0.000000	0.000000 0.000000	0.000000 0.000000	0.000000 0.000000	0.000000 0.000000	0.000000 0.000000	0.000000 0.000000	0.000000 0.000000	0.000000 0.000000	0.000000 0.000000	0.000000 0.000000	
2 64 2 0.110000	1.000000 0.000000	0.000000 0.000000	0.000000 0.000000	0.000000 0.000000	0.000000 0.000000	0.000000 0.000000	0.000000 0.000000	0.000000 0.000000	0.000000 0.000000	0.000000 0.000000	0.000000 0.000000	
2 64 2 0.120000	1.000000 0.000000	0.000000 0.000000	0.000000 0.000000	0.000000 0.000000	0.000000 0.000000	0.000000 0.000000	0.000000 0.000000	0.000000 0.000000	0.000000 0.000000	0.000000 0.000000	0.000000 0.000000	
2 64 2 0.130000	1.000000 0.000000	0.000000 0.000000	0.000000 0.000000	0.000000 0.000000	0.000000 0.000000	0.000000 0.000000	0.000000 0.000000	0.000000 0.000000	0.000000 0.000000	0.000000 0.000000	0.000000 0.000000	
2 64 2 0.140000	1.000000 0.000000	0.000000 0.000000	0.000000 0.000000	0.000000 0.000000	0.000000 0.000000	0.000000 0.000000	0.000000 0.000000	0.000000 0.000000	0.000000 0.000000	0.000000 0.000000	0.000000 0.000000	
2 64 2 0.150000	1.000000 0.000000	0.000000 0.000000	0.000000 0.000000	0.000000 0.000000	0.000000 0.000000	0.000000 0.000000	0.000000 0.000000	0.000000 0.000000	0.000000 0.000000	0.000000 0.000000	0.000000 0.000000	
2 64 2 0.160000	1.000000 0.000000	0.000000 0.000000	0.000000 0.000000	0.000000 0.000000	0.000000 0.000000	0.000000 0.000000	0.000000 0.000000	0.000000 0.000000	0.000000 0.000000	0.000000 0.000000	0.000000 0.000000	
2 64 2 0.170000	1.000000 0.000000	0.000000 0.000000	0.000000 0.000000	0.000000 0.000000	0.000000 0.000000	0.000000 0.000000	0.000000 0.000000	0.000000 0.000000	0.000000 0.000000	0.000000 0.000000	0.000000 0.000000	
2 64 2 0.180000	1.000000 0.000000	0.000000 0.000000	0.000000 0.000000	0.000000 0.000000	0.000000 0.000000	0.000000 0.000000	0.000000 0.000000	0.000000 0.000000	0.000000 0.000000	0.000000 0.000000	0.000000 0.000000	
2 64 2 0.190000	1.000000 0.000000	0.000000 0.000000	0.000000 0.000000	0.000000 0.000000	0.000000 0.000000	0.000000 0.000000	0.000000 0.000000	0.000000 0.000000	0.000000 0.000000	0.000000 0.000000	0.000000 0.000000	
2 64 2 0.200000	1.000000 0.000000	0.000000 0.000000	0.000000 0.000000	0.000000 0.000000	0.000000 0.000000	0.000000 0.000000	0.000000 0.000000	0.000000 0.000000	0.000000 0.000000	0.000000 0.000000	0.000000 0.000000	
2 64 2 0.210000	1.000000 0.000000	0.000000 0.000000	0.000000 0.000000	0.000000 0.000000	0.000000 0.000000	0.000000 0.000000	0.000000 0.000000	0.000000 0.000000	0.000000 0.000000	0.000000 0.000000	0.000000 0.000000	
2 64 2 0.220000	1.000000 0.000000	0.000000 0.000000	0.000000 0.000000	0.000000 0.000000	0.000000 0.000000	0.000000 0.000000	0.000000 0.000000	0.000000 0.000000	0.000000 0.000000	0.000000 0.000000	0.000000 0.000000	
2 64 2 0.230000	1.000000 0.000000	0.000000 0.000000	0.000000 0.000000	0.000000 0.000000	0.000000 0.000000	0.000000 0.000000	0.000000 0.000000	0.000000 0.000000	0.000000 0.000000	0.000000 0.000000	0.000000 0.000000	
2 64 2 0.240000	1.000000 0.000000	0.000000 0.000000	0.000000 0.000000	0.000000 0.000000	0.000000 0.000000	0.000000 0.000000	0.000000 0.000000	0.000000 0.000000	0.000000 0.000000	0.000000 0.000000	0.000000 0.000000	
2 64 2 0.250000	1.000000 0.000000	0.000000 0.000000	0.000000 0.000000	0.000000 0.000000	0.000000 0.000000	0.000000 0.000000	0.000000 0.000000	0.000000 0.000000	0.000000 0.000000	0.000000 0.000000	0.000000 0.000000	
2 64 2 0.260000	1.000000 0.000000	0.000000 0.000000	0.000000 0.000000	0.000000 0.000000	0.000000 0.000000	0.000000 0.000000	0.000000 0.000000	0.000000 0.000000	0.000000 0.000000	0.000000 0.000000	0.000000 0.000000	
2 64 2 0.270000	1.000000 0.000000	0.000000 0.000000	0.000000 0.000000	0.000000 0.000000	0.000000 0.000000	0.000000 0.000000	0.000000 0.000000	0.000000 0.000000	0.000000 0.000000	0.000000 0.000000	0.000000 0.000000	
2 64 2 0.280000	1.000000 0.000000	0.000000 0.000000	0.000000 0.000000	0.000000 0.000000	0.000000 0.000000	0.000000 0.000000	0.000000 0.000000	0.000000 0.000000	0.000000 0.000000	0.000000 0.000000	0.000000 0.000000	
2 64 2 0.290000	1.000000 0.000000	0.000000 0.000000	0.000000 0.000000	0.000000 0.000000	0.000000 0.000000	0.000000 0.000000	0.000000 0.000000	0.000000 0.000000	0.000000 0.000000	0.000000 0.000000	0.000000 0.000000	
2 64 2 0.300000	1.000000 0.000000	0.000000 0.000000	0.000000 0.000000	0.000000 0.000000	0.000000 0.000000	0.000000 0.000000	0.000000 0.000000	0.000000 0.000000	0.000000 0.000000	0.000000 0.000000	0.000000 0.000000	
2 64 2 0.310000	1.000000 0.000000	0.000000 0.000000	0.000000 0.000000	0.000000 0.000000	0.000000 0.000000	0.000000 0.000000	0.000000 0.000000	0.000000 0.000000	0.000000 0.000000	0.000000 0.000000	0.000000 0.000000	
2 64 2 0.320000	1.000000 0.000000	0.000000 0.000000	0.000000 0.000000	0.000000 0.000000	0.000000 0.000000	0.000000 0.000000	0.000000 0.000000	0.000000 0.000000	0.000000 0.000000	0.000000 0.000000	0.000000 0.000000	
2 64 2 0.330000	1.000000 0.000000	0.000000 0.000000	0.000000 0.000000	0.000000 0.000000	0.000000 0.000000	0.000000 0.000000	0.000000 0.000000	0.000000 0.000000	0.000000 0.000000	0.000000 0.000000	0.000000 0.000000	
2 64 2 0.340000	0.999902 0.000488	0.000195 0.000976	0.000195 0.000976	0.000000 0.000000	0.000195 0.000976	0.000195 0.000976	0.000000 0.000000	0.000195 0.000976	0.000195 0.000976	0.000000 0.000000	0.000195 0.000976	
2 64 2 0.350000	1.000000 0.000000	0.000000 0.000000	0.000000 0.000000	0.000000 0.000000	0.000000 0.000000	0.000000 0.000000	0.000000 0.000000	0.000000 0.000000	0.000000 0.000000	0.000000 0.000000	0.000000 0.000000	
2 64 2 0.360000	1.000000 0.000000	0.000000 0.000000	0.000000 0.000000	0.000000 0.000000	0.000000 0.000000	0.000000 0.000000	0.000000 0.000000	0.000000 0.000000	0.000000 0.000000	0.000000 0.000000	0.000000 0.000000	
2 64 2 0.370000	0.999902 0.000488	0.000195 0.000976	0.000195 0.000976	0.000000 0.000000	0.000195 0.000976	0.000000 0.000000	0.000000 0.000000	0.000195 0.000976	0.000195 0.000976	0.000195 0.000976	0.000000 0.000000	
2 64 2 0.380000	0.999902 0.000488	0.000195 0.000976	0.000000 0.000000	0.000000 0.000000	0.000000 0.000000	0.000000 0.000000	0.000195 0.000976	0.000000 0.000000	0.000000 0.000000	0.000000 0.000000	0.000195 0.000976	
2 64 2 0.390000	0.999902 0.000488	0.000195 0.000976	0.000195 0.000976	0.000000 0.000000	0.000195 0.000976	0.000000 0.000000	0.000195 0.000976	0.000000 0.000000	0.000000 0.000000	0.000000 0.000000	0.000195 0.000976	
2 64 2 0.400000	1.000000 0.000000	0.000000 0.000000	0.000000 0.000000	0.000000 0.000000	0.000000 0.000000	0.000000 0.000000	0.000000 0.000000	0.000000 0.000000	0.000000 0.000000	0.000000 0.000000	0.000000 0.000000	
2 64 2 0.410000	1.000000 0.000000	0.000000 0.000000	0.000000 0.000000	0.000000 0.000000	0.000000 0.000000	0.000000 0.000000	0.000000 0.000000	0.000000 0.000000	0.000000 0.000000	0.000000 0.000000	0.000000 0.000000	
2 64 2 0.420000	0.999902 0.000488	0.000195 0.000976	0.000195 0.000976	0.000000 0.000000	0.000000 0.000000	0.000195 0.000976	0.000000 0.000000	0.000195 0.000976	0.000000 0.000000	0.000000 0.000000	0.000195 0.000976	
2 64 2 0.430000	0.999805 0.000977	0.000390 0.001952	0.000390 0.001952	0.000000 0.000000	0.000390 0.001952	0.000000 0.000000	0.000190 0.000952	0.000000 0.000000	0.000390 0.001952	0.000000 0.000000	0.000000 0.000000	
2 64 2 0.440000	1.000000 0.000000	0.000000 0.000000	0.000000 0.000000	0.000000 0.000000	0.000000 0.000000	0.000000 0.000000	0.000000 0.000000	0.000000 0.000000	0.000000 0.000000	0.000000 0.000000	0.000000 0.000000	
2 64 2 0.450000	0.999805 0.000488	0.000391 0.000976	0.000000 0.000000	0.000000 0.000000	0.000195 0.000976	0.000195 0.000976	0.000195 0.000976	0.000195 0.000976	0.000195 0.000976	0.000000 0.000000	0.000195 0.000976	
2 64 2 0.460000	0.999512 0.001465	0.000976 0.002928	0.000000 0.000000	0.000000 0.000000	0.000000 0.000000	0.000000 0.000000	0.000386 0.001928	0.000186 0.000928	0.000776 0.001952	0.000190 0.000952	0.000186 0.000928	
2 64 2 0.470000	0.999902 0.000488	0.000195 0.000976	0.000000 0.000000	0.000000 0.000000	0.000000 0.000000	0.000000 0.000000	0.000000 0.000000	0.000195 0.000976	0.000000 0.000000	0.000000 0.000000	0.000000 0.000000	
2 64 2 0.480000	0.999805 0.000488	0.000391 0.000976	0.000195 0.000976	0.000391 0.000976	0.000000 0.000000	0.000000 0.000000	0.000195 0.000976	0.000391 0.000976	0.000195 0.000976	0.000195 0.000976	0.000195 0.000976	
2 64 2 0.490000	0.999414 0.000488	0.001171 0.000976	0.000976 0.001952	0.000195 0.000976	0.000586 0.000976	0.000781 0.001952	0.000386 0.000976	0.000391 0.000976	0.000195 0.000976	0.000391 0.000976	0.000586 0.000976	
2 64 2 0.500000	0.999414 0.001465	0.001171 0.002928	0.000391 0.000976	0.000195 0.000976	0.000581 0.001928	0.000195 0.000976	0.000195 0.000976	0.000781 0.002928	0.000586 0.000976	0.000195 0.000976	0.000576 0.000976	
2 64 2 0.510000	0.999707 0.000977	0.000586 0.001952	0.000195 0.000976	0.000386 0.000976	0.000586 0.001952	0.000586 0.001952	0.000586 0.001952	0.000390 0.001952	0.000000 0.000000	0.000000 0.000000	0.000390 0.001952	
2 64 2 0.520000	0.998828 0.002441	0.002342 0.004877	0.000586 0.001952	0.000751 0.001902	0.000746 0.001877	0.000971 0.003877	0.000571 0.001952	0.000380 0.001902	0.001166 0.002902	0.000375 0.001877	0.000000 0.000000	
2 64 2 0.530000	0.998535 0.001465	0.002927 0.002925	0.000961 0.001952	0.000756 0.001877	0.001346 0.003877	0.001156 0.003877	0.000180 0.000902	0.000556 0.001902	0.001346 0.002902	0.001556 0.003877	0.000375 0.001877	
2 64 2 0.540000	0.998730 0.001465	0.002537 0.002926	0.001357 0.002928	0.000186 0.000928	0.000771 0.001902	0.000780 0.003902	0.000581 0.001928	0.000376 0.000976	0.000756 0.001902	0.000761 0.001928	0.000576 0.000976	
2 64 2 0.550000	0.998535 0.001953	0.002927 0.003901	0.000576 0.001902	0.001361 0.003877	0.000175 0.000877	0.000566 0.001877	0.000195 0.000976	0.001927 0.002051	0.000376 0.000976	0.000937 0.001877	0.000561 0.001928	
2 64 2 0.560000	0.998242 0.002441	0.003512 0.004874	0.000365 0.000976	0.000375 0.001877	0.000936 0.002877	0.001361 0.003877	0.001946 0.003902	0.000375 0.001877	0.000195 0.000976	0.000575 0.002877	0.000736 0.001952	
2 64 2 0.570000	0.997949 0.002441	0.004097 0.004872	0.000361 0.000928	0.001136 0.002824	0.000386 0.001928	0.000931 0.001902	0.000766 0.002877	0.000361 0.000928	0.001356 0.002928	0.000545 0.001902	0.000000 0.000000	
2 64 2 0.580000	0.997949 0.001953	0.004097 0.003899	0.002507 0.003902	0.000936 0.001952	0.000951 0.002851	0.001156 0.003877	0.001326 0.002851	0.001526 0.003902	0.000941 0.001952	0.001916 0.003902	0.002116 0.004851	
2 64 2 0.590000	0.996680 0.002441	0.006629 0.004867	0.001889 0.004797	0.002094 0.005797	0.001356 0.003877	0.000535 0.001877	0.002269 0.005770	0.000754 0.003770	0.000540 0.001797	0.001253 0.002902	0.001294 0.003902	
2 64 2 0.600000	0.997559 0.001953	0.004876 0.003897	0.001510 0.002877	0.000526 0.000928	0.000756 0.001902	0.001896 0.004877	0.000570 0.002851	0.001906 0.003824	0.000570 0.002851	0.000766 0.002902	0.000966 0.002902	
2 64 2 0.610000	0.996875 0.002930	0.006239 0.005842	0.002669 0.004851	0.000710 0.001851	0.000756 0.002851	0.001294 0.002851	0.002280 0.004851	0.000724 0.001851	0.000359 0.001797	0.001326 0.002928	0.000770 0.003851	
2 64 2 0.620000	0.995703 0.003418	0.008574 0.006808	0.000896 0.002684	0.001302 0.004770	0.001535 0.003877	0.002283 0.004797	0.000175 0.000877	0.000485 0.001684	0.000559 0.002797	0.001839 0.006684	0.000154 0.000770	
2 64 2 0.630000	0.995166 0.003662	0.009643 0.007289	-0.000030 0.000149	0.000800 0.004610	0.000398 0.002289	0.001697 0.006713	0.000858 0.004370	0.000636 0.004972	0.001148 0.005742	0.002125 0.005436	0.001967 0.005473	
2 64 2 0.640000	0.993945 0.002441	0.012072 0.004855	0.002918 0.006625	0.001062 0.004625	0.000000 0.000000	0.001987 0.005625	0.001491 0.004684	0.001210 0.003770	0.006272 0.008941	0.001650 0.005625	0.000679 0.002625	
2 64 2 0.650000	0.993555 0.004883	0.012846 0.009699	0.003292 0.009595	0.002579 0.005770	0.001967 0.005469	0.001544 0.005595	0.003179 0.008469	0.001198 0.004655	0.000694 0.003469	0.002646 0.005186	0.004098 0.006655	
2 64 2 0.660000	0.994141 0.003418	0.011683 0.006798	0.001587 0.003684	0.000668 0.002684	0.002027 0.004797	0.000131 0.000655	0.002952 0.007684	0.001015 0.002684	0.003215 0.008684	0.000537 0.002684	0.000959 0.004797	
2 64 2 0.670000	0.992334 0.004395	0.015271 0.008723	0.001900 0.004769	0.001154 0.005769	0.000609 0.003047	0.001854 0.007501	0.000713 0.003564	0.000254 0.001602	0.001013 0.003168	0.001561 0.005231	0.000234 0.001168	
2 64 2 0.680000	0.994141 0.003418	0.011683 0.006801	0.001193 0.002625	0.003221 0.009655	0.001958 0.002824	0.001758 0.003824	0.003393 0.007655	0.000690 0.002625	0.001062 0.003625	0.000537 0.002684	0.001421 0.003824	
2 64 2 0.690000	0.992578 0.002930	0.014788 0.005814	0.000525 0.001655	0.000538 0.002564	0.002163 0.005561	0.002050 0.004469	-0.000668 0.002939	0.002490 0.006064	0.000350 0.003500	0.002210 0.009510	0.000873 0.008762	
2 64 2 0.700000	0.990674 0.003174	0.018564 0.006290	0.002308 0.007286	-0.000310 0.009540	0.001047 0.006535	0.000907 0.003834	0.000013 0.004377	0.002115 0.007634	0.000783 0.002501	0.000531 0.002619	-0.000593 0.004550	
2 64 2 0.710000	0.990479 0.003662	0.018950 0.007254	0.003750 0.008984	0.000480 0.002251	-0.000653 0.009413	0.003737 0.009017	0.001437 0.002818	0.001067 0.005017	0.000230 0.001151	0.001076 0.003818	0.001476 0.006746	
2 64 2 0.720000	0.989404 0.003906	0.021077 0.007727	0.001933 0.006227	0.000339 0.003727	0.000343 0.001378	0.001120 0.005174	0.000591 0.003984	0.001971 0.005386	0.000353 0.006841	0.000770 0.003800	0.002563 0.006211	
2 64 2 0.730000	0.988770 0.002441	0.022334 0.004829	0.001544 0.006783	0.001857 0.009283	0.000929 0.002265	0.001157 0.005783	0.000000 0.000000	0.001110 0.003265	0.002173 0.006598	0.001276 0.005116	0.001207 0.003449	
2 64 2 0.740000	0.988184 0.004395	0.023489 0.008684	0.000824 0.004120	0.003409 0.007120	0.001281 0.006403	0.002361 0.006369	0.000000 0.000000	0.001778 0.004120	0.004322 0.008120	0.000848 0.003120	0.001281 0.006403	
2 64 2 0.750000	0.986035 0.004395	0.027733 0.008668	0.001163 0.003241	0.000896 0.004478	0.001612 0.006441	0.000264 0.001438	0.000697 0.002441	0.002005 0.007078	0.000240 0.001120	0.001268 0.005679	0.001629 0.004120	
2 64 2 0.760000	0.984453 0.004395	0.030850 0.008645	0.002935 0.005453	0.000165 0.002095	-0.000679 0.003171	0.000122 0.000608	0.003507 0.006416	0.001728 0.003286	0.001085 0.003517	0.001889 0.005000	0.002030 0.007386	
2 64 2 0.770000	0.985091 0.004232	0.029593 0.008335	0.004713 0.008935	0.000000 0.000000	0.002559 0.006924	0.001496 0.003537	0.000792 0.003287	0.001405 0.004487	0.001725 0.005672	0.001041 0.005205	0.003106 0.008372	
2 64 2 0.780000	0.982349 0.004517	0.034989 0.008878	0.003000 0.005433	0.001281 0.004108	0.000454 0.001847	0.001791 0.006108	0.003000 0.009824	0.000162 0.001516	0.000338 0.003194	0.002220 0.007692	0.000720 0.006907	
2 64 2 0.790000	0.981621 0.004590	0.036417 0.009010	0.003487 0.007169	0.000264 0.001777	0.000554 0.002771	0.000000 0.000000	0.000404 0.002021	0.001747 0.007120	0.001008 0.004169	0.000588 0.002169	0.000837 0.004186	
2 64 2 0.800000	0.979785 0.004232	0.040018 0.008283	0.006485 0.004919	-0.000022 0.002036	0.001967 0.008584	0.001014 0.003029	0.001948 0.005043	0.001338 0.002762	0.001018 0.009636	0.003411 0.008600	0.004450 0.009326	
2 64 2 0.810000	0.977734 0.003125	0.044034 0.006115	0.003594 0.007195	0.002790 0.008674	0.001747 0.005105	0.000244 0.005110	0.003785 0.009229	0.002164 0.005544	0.000000 0.000000	0.000255 0.001275	0.000296 0.001894	
2 64 2 0.820000	0.976465 0.003825	0.046515 0.007468	0.006107 0.009799	0.002511 0.004875	0.002178 0.007882	0.000997 0.004983	0.000611 0.002950	0.001734 0.003063	0.002516 0.004972	0.001026 0.004438	0.001332 0.003890	
2 64 2 0.830000	0.973477 0.004785	0.052339 0.009318	0.008495 0.008991	0.001761 0.006175	0.000521 0.002606	0.001099 0.003598	0.000638 0.003190	0.002267 0.004773	0.001654 0.004538	0.000155 0.000774	0.000189 0.000946	
2 64 2 0.840000	0.969629 0.004150	0.059818 0.008044	0.002327 0.006518	0.002175 0.005069	0.003138 0.007787	-0.000450 0.005719	0.000000 0.000000	-0.000040 0.004034	0.001614 0.008069	0.001175 0.003787	-0.000024 0.006885	
2 64 2 0.850000	0.970918 0.003516	0.057316 0.006829	0.008861 0.008975	0.001598 0.006738	0.000514 0.001620	0.001745 0.006484	0.002575 0.009863	0.000581 0.005162	0.003234 0.006656	0.002336 0.005634	0.000904 0.007932	
2 64 2 0.860000	0.966809 0.003479	0.065278 0.006728	0.009025 0.007648	0.000374 0.001655	0.000573 0.009738	0.002023 0.004870	0.000793 0.003897	0.002142 0.006391	0.002288 0.007748	0.002797 0.008642	0.001801 0.006642	
2 64 2 0.870000	0.965857 0.003906	0.067119 0.007542	0.008879 0.006408	0.002182 0.006609	0.000083 0.000417	0.000226 0.001129	0.000176 0.000881	0.000562 0.002810	0.003065 0.006519	0.000692 0.003459	0.000000 0.000000	
2 64 2 0.880000	0.962988 0.004829	0.072651 0.009301	0.013175 0.008499	0.004281 0.008170	0.000178 0.003945	0.002651 0.006955	0.000221 0.001380	0.000943 0.004715	0.000715 0.002660	0.001287 0.004193	0.000816 0.003781	
2 64 2 0.890000	0.960212 0.002441	0.077992 0.004689	0.011992 0.006972	0.004248 0.008341	0.000892 0.004458	0.001143 0.005713	-0.000478 0.006508	0.002106 0.008751	0.002966 0.007994	0.001662 0.004380	0.001192 0.005918	
2 64 2 0.900000	0.956658 0.002486	0.084804 0.004756	0.012258 0.008425	0.005200 0.008108	0.002501 0.006294	0.000588 0.002941	0.002706 0.009171	0.001311 0.006556	0.001494 0.005652	0.000576 0.002162	0.000881 0.003279	
2 64 2 0.910000	0.953359 0.004443	0.091103 0.008479	0.014450 0.007637	0.006557 0.005606	0.001655 0.007293	0.000895 0.003054	0.003190 0.007280	0.000348 0.001739	0.002404 0.006437	0.000000 0.000000	0.000000 0.000000	
2 64 2 0.920000	0.951503 0.003309	0.094640 0.006300	0.017755 0.007649	0.001721 0.003964	0.000682 0.001352	0.000000 0.000000	0.000274 0.001518	0.001108 0.004205	-0.000087 0.000354	0.001096 0.003833	0.000173 0.000863	
2 64 2 0.930000	0.947910 0.004248	0.101464 0.008056	0.019696 0.006571	0.003395 0.008628	0.000193 0.000965	0.001774 0.007346	0.000233 0.003399	0.001027 0.005137	0.000979 0.003671	0.002121 0.006173	0.002192 0.006352	
2 64 2 0.940000	0.943292 0.004913	0.110197 0.009263	0.020584 0.006070	0.007583 0.005575	0.006160 0.009954	0.002720 0.007257	0.000000 0.000000	0.001031 0.005154	0.001130 0.004063	0.001499 0.006244	0.000419 0.002096	
2 64 2 0.950000	0.937571 0.003906	0.120958 0.007324	0.023177 0.005506	0.006303 0.008885	0.000585 0.002192	0.002560 0.006717	0.001123 0.003302	0.002302 0.004773	0.001369 0.004342	0.000512 0.002562	0.000000 0.000000	
2 64 2 0.960000	0.934943 0.002708	0.125880 0.005064	0.027085 0.009101	0.009236 0.007895	0.000480 0.003977	0.000644 0.002601	0.004983 0.007773	0.001202 0.006012	0.000368 0.005286	0.000055 0.000274	0.000000 0.000000	
2 64 2 0.970000	0.932935 0.002625	0.129632 0.004894	0.025366 0.007581	0.007112 0.005708	-0.000298 0.001492	0.001606 0.008539	0.001915 0.006889	0.000920 0.004602	0.001146 0.003109	0.002440 0.006274	0.000414 0.002069	
2 64 2 0.980000	0.922031 0.005387	0.149855 0.009936	0.033478 0.005627	0.008024 0.007705	0.004234 0.006084	0.002135 0.006079	0.000000 0.000000	0.001920 0.004151	0.001627 0.004971	0.000936 0.003317	0.001252 0.004787	
2 64 2 0.990000	0.916976 0.005107	0.159152 0.009358	0.039743 0.004081	0.011476 0.007723	0.003292 0.007335	0.003714 0.009459	0.001692 0.007825	0.000316 0.001581	0.000958 0.004482	0.001774 0.006945	0.000000 0.000000	
2 64 2 1.000000	0.912388 0.005348	0.167544 0.009754	0.040221 0.008955	0.014706 0.007574	0.003355 0.008489	0.001987 0.006139	0.000467 0.002333	0.001457 0.007284	0.001053 0.003911	0.002256 0.004632	0.001124 0.005622	
2 64 2 1.010000	0.905011 0.003945	0.180953 0.007145	0.046726 0.005796	0.014814 0.008759	0.006134 0.005591	0.003264 0.009234	0.002924 0.003702	0.002564 0.004946	0.001034 0.004744	0.000081 0.000894	0.000527 0.001514	
2 64 2 1.020000	0.898005 0.005151	0.193583 0.009248	0.052115 0.006554	0.015658 0.008870	0.005482 0.004608	0.002625 0.004932	0.001687 0.004710	0.000964 0.003073	0.001175 0.005876	0.000838 0.004190	0.002428 0.008219	
2 64 2 1.030000	0.888823 0.005159	0.209991 0.009176	0.058257 0.008926	0.021889 0.004537	0.007656 0.009064	0.003520 0.007845	0.003585 0.007842	0.001551 0.003467	0.001789 0.005867	0.001326 0.003323	0.000000 0.000000	
2 64 2 1.040000	0.879069 0.005663	0.227233 0.009960	0.067635 0.006817	0.026711 0.008856	0.012068 0.002361	0.005582 0.008606	0.002529 0.004198	0.003468 0.009146	0.002799 0.006964	0.000549 0.002746	0.001252 0.004581	
2 64 2 1.050000	0.867637 0.005523	0.247202 0.009579	0.077064 0.009777	0.031808 0.009085	0.014720 0.005388	0.007882 0.007376	0.005876 0.007910	0.003538 0.005999	0.002220 0.005598	0.000780 0.003899	0.001119 0.005596	
2 64 2 1.060000	0.856195 0.005653	0.266926 0.009679	0.087919 0.009945	0.037488 0.006274	0.018993 0.003897	0.009555 0.005093	0.006218 0.007254	0.003338 0.005312	0.000923 0.002705	0.001919 0.003993	0.002407 0.004321	
2 64 2 1.070000	0.846361 0.005532	0.283668 0.009356	0.095436 0.006533	0.041141 0.005577	0.020796 0.005744	0.012232 0.003433	0.008656 0.004733	0.007306 0.001994	0.001821 0.004711	0.002827 0.005074	0.001118 0.004809	
2 64 2 1.080000	0.828835 0.004725	0.313030 0.007832	0.112294 0.006921	0.052421 0.009917	0.028744 0.006065	0.018088 0.006416	0.011063 0.003290	0.008044 0.002918	0.005001 0.001841	0.002659 0.005594	0.002370 0.006032	
2 64 2 1.090000	0.807027 0.005650	0.348704 0.009111	0.134314 0.006949	0.068062 0.009892	0.041159 0.006940	0.027221 0.008674	0.017855 0.005080	0.014601 0.008758	0.011799 0.007166	0.008842 0.007071	0.007283 0.005374	
2 64 2 1.100000	0.786963 0.006306	0.380682 0.009930	0.153891 0.007034	0.082414 0.004416	0.050867 0.006204	0.034002 0.004307	0.024226 0.007651	0.018517 0.006353	0.013859 0.005829	0.010159 0.002992	0.007260 0.003371	
2 64 2 1.110000	0.754499 0.003995	0.430729 0.006026	0.191618 0.002514	0.107961 0.004685	0.071016 0.005279	0.052424 0.007451	0.039149 0.007351	0.030309 0.004886	0.022431 0.007280	0.017809 0.005947	0.018652 0.008859	
2 64 2 1.120000	0.719520 0.006810	0.482283 0.009801	0.225928 0.008112	0.137848 0.007482	0.094510 0.006798	0.070840 0.006045	0.054970 0.008190	0.044582 0.006324	0.035392 0.007435	0.029427 0.009923	0.024351 0.007034	
2 64 2 1.130000	0.668517 0.007475	0.553075 0.009988	0.279004 0.007880	0.179451 0.008714	0.130884 0.007830	0.101598 0.006371	0.081566 0.006721	0.066991 0.007967	0.055736 0.006230	0.047220 0.005938	0.039987 0.005961	
2 64 2 1.140000	0.600538 0.008276	0.639346 0.009928	0.346143 0.007159	0.235543 0.003739	0.178204 0.004990	0.142745 0.005232	0.117640 0.002392	0.100083 0.003615	0.085560 0.005448	0.074007 0.002710	0.064231 0.003439	
2 64 2 1.150000	0.522336 0.009060	0.727152 0.009481	0.415284 0.004085	0.294410 0.002294	0.229256 0.004867	0.188937 0.004531	0.158033 0.004827	0.135581 0.004253	0.117134 0.004459	0.102438 0.005171	0.090272 0.007618	
2 64 2 1.160000	0.430295 0.004222	0.814844 0.003629	0.483126 0.004594	0.349981 0.006930	0.276538 0.006990	0.230079 0.008145	0.195156 0.008705	0.168046 0.007005	0.146938 0.008909	0.129837 0.009659	0.112758 0.009640	
2 64 2 1.170000	0.348865 0.009422	0.878280 0.006575	0.530585 0.005658	0.386205 0.005041	0.306879 0.006157	0.254757 0.009365	0.216022 0.006360	0.183448 0.008611	0.160495 0.006989	0.139652 0.008265	0.123370 0.009652	
2 64 2 1.180000	0.277849 0.009946	0.922785 0.005542	0.557663 0.008852	0.404758 0.006997	0.320089 0.005773	0.264263 0.006587	0.221165 0.006886	0.188074 0.005927	0.162631 0.005562	0.141090 0.007279	0.122067 0.005463	
2 64 2 1.190000	0.227428 0.009923	0.948263 0.004491	0.568782 0.006508	0.409203 0.008114	0.320478 0.006616	0.260902 0.007862	0.217147 0.009069	0.184022 0.006448	0.155924 0.009404	0.133477 0.008410	0.113814 0.005296	
2 64 2 1.200000	0.192777 0.009613	0.962826 0.003687	0.570814 0.006120	0.405655 0.004574	0.312361 0.006174	0.250027 0.006051	0.205755 0.005740	0.172014 0.009602	0.144163 0.004531	0.121306 0.006527	0.102540 0.005307	
2 64 2 1.210000	0.161006 0.009608	0.974065 0.003068	0.570280 0.006960	0.397460 0.007334	0.300959 0.005562	0.238316 0.006237	0.193002 0.004256	0.158216 0.004194	0.130927 0.004662	0.109296 0.001830	0.091142 0.005484	
2 64 2 1.220000	0.150622 0.009521	0.977302 0.002869	0.564282 0.008165	0.389356 0.008723	0.291791 0.005788	0.228953 0.007419	0.183341 0.007518	0.148212 0.008600	0.119938 0.009540	0.099747 0.002927	0.082219 0.005548	
2 64 2 1.230000	0.132779 0.009418	0.982359 0.002529	0.557497 0.005964	0.378417 0.005091	0.276794 0.004237	0.212231 0.005697	0.167008 0.009134	0.133205 0.008076	0.106921 0.005737	0.087846 0.005175	0.070451 0.006286	
2 64 2 1.240000	0.114448 0.009814	0.986884 0.002246	0.551480 0.001674	0.365929 0.004955	0.267252 0.006068	0.202526 0.005630	0.156545 0.001622	0.123152 0.004387	0.097921 0.005270	0.077673 0.008401	0.061626 0.006059	
2 64 2 1.250000	0.105488 0.007650	0.988866 0.001608	0.543077 0.004512	0.356925 0.006639	0.253556 0.009594	0.190481 0.008583	0.146823 0.005708	0.113627 0.008960	0.088106 0.008013	0.069090 0.003731	0.054203 0.009064	
2 64 2 1.260000	0.102062 0.009793	0.989571 0.002029	0.537665 0.004132	0.347961 0.007593	0.244274 0.007340	0.179029 0.006361	0.135944 0.008859	0.102762 0.004143	0.081271 0.006280	0.059834 0.005541	0.049183 0.006006	
2 64 2 1.270000	0.091994 0.006660	0.991529 0.001232	0.530980 0.004283	0.339441 0.004026	0.233981 0.005797	0.170242 0.009836	0.126860 0.004012	0.095667 0.005846	0.072741 0.002891	0.055310 0.001814	0.043317 0.005376	
2 64 2 1.280000	0.081480 0.009375	0.993349 0.001500	0.525846 0.005433	0.326484 0.009154	0.225741 0.009451	0.160337 0.005736	0.118028 0.005258	0.087042 0.006444	0.063405 0.005278	0.047162 0.007039	0.035715 0.003599	
2 64 2 1.290000	0.081921 0.009801	0.993271 0.001584	0.517208 0.008743	0.319078 0.007619	0.214179 0.004281	0.150080 0.006752	0.108938 0.006277	0.079193 0.003566	0.058152 0.003257	0.045420 0.007960	0.033264 0.008246	
2 64 2 1.300000	0.076941 0.009707	0.994063 0.001499	0.509371 0.003337	0.310188 0.003961	0.206116 0.009643	0.142486 0.007319	0.099223 0.004908	0.071133 0.005755	0.053510 0.008267	0.038128 0.004318	0.026691 0.007263	
2 64 2 1.310000	0.077524 0.008820	0.993981 0.001380	0.501252 0.004073	0.297644 0.006312	0.196549 0.004492	0.132793 0.007742	0.096159 0.008269	0.067942 0.009324	0.046658 0.009810	0.034130 0.006202	0.022412 0.007463	
2 64 2 1.320000	0.074506 0.009638	0.994437 0.001403	0.497095 0.007024	0.295420 0.008267	0.187108 0.005173	0.128312 0.009211	0.089497 0.006494	0.061699 0.007706	0.043549 0.007887	0.029954 0.006811	0.021097 0.005195	
2 64 2 1.330000	0.067335 0.009963	0.995450 0.001340	0.492228 0.008831	0.286995 0.007647	0.181992 0.004186	0.122695 0.003960	0.082278 0.002178	0.057272 0.005934	0.040221 0.005438	0.027399 0.004049	0.018013 0.003949	
2 64 2 1.340000	0.067417 0.009334	0.995445 0.001239	0.485431 0.005079	0.278054 0.007800	0.176771 0.006812	0.117452 0.003773	0.077838 0.009663	0.052848 0.008977	0.036590 0.007489	0.024590 0.008799	0.015644 0.007546	
2 64 2 1.350000	0.064254 0.003873	0.995870 0.000497	0.480168 0.009554	0.272584 0.007380	0.168322 0.009814	0.108352 0.005662	0.071747 0.007428	0.049863 0.009390	0.032169 0.006606	0.022725 0.008029	0.014912 0.005001	
2 64 2 1.360000	0.062022 0.008614	0.996145 0.001080	0.472698 0.009455	0.265979 0.005589	0.164187 0.006026	0.103984 0.009948	0.065999 0.007151	0.043916 0.009156	0.028564 0.002676	0.017540 0.005373	0.010652 0.007071	
2 64 2 1.370000	0.060862 0.009928	0.996283 0.001177	0.468908 0.008025	0.259695 0.005114	0.155776 0.004344	0.098131 0.006262	0.063898 0.003868	0.042843 0.004802	0.027709 0.004578	0.017671 0.004513	0.011272 0.005939	
2 64 2 1.380000	0.057440 0.005521	0.996697 0.000641	0.462109 0.009731	0.254446 0.006660	0.150714 0.007228	0.094178 0.005334	0.058829 0.009094	0.038691 0.007865	0.024533 0.009899	0.015364 0.002103	0.010319 0.009787	
2 64 2 1.390000	0.056246 0.007903	0.996830 0.000886	0.458240 0.004242	0.244581 0.005355	0.146174 0.009565	0.091353 0.005425	0.058805 0.006201	0.036462 0.005854	0.024256 0.003782	0.015507 0.004651	0.008842 0.007215	
2 64 2 1.400000	0.056155 0.007354	0.996838 0.000823	0.452663 0.008593	0.239714 0.008898	0.140545 0.005787	0.085604 0.002807	0.055598 0.004422	0.032684 0.009109	0.021879 0.002776	0.011915 0.005480	0.006769 0.008735	
2 64 2 1.410000	0.051971 0.004432	0.997296 0.000464	0.446783 0.008539	0.234894 0.004336	0.135544 0.007189	0.080075 0.006709	0.048511 0.009679	0.029229 0.007920	0.018706 0.004653	0.011260 0.007760	0.006877 0.007542	
2 64 2 1.420000	0.052297 0.009384	0.997254 0.000967	0.443812 0.008690	0.227804 0.006623	0.131562 0.009429	0.077563 0.005305	0.048057 0.007174	0.032954 0.007298	0.018619 0.006064	0.010281 0.008880	0.006692 0.009215	
2 64 2 1.430000	0.050866 0.009437	0.997401 0.000997	0.438643 0.007714	0.223231 0.006590	0.127022 0.008979	0.072576 0.006810	0.043392 0.006758	0.027493 0.009965	0.014232 0.008560	0.006275 0.004987	0.003107 0.006025	
2 64 2 1.440000	0.046326 0.008900	0.997844 0.000827	0.431235 0.008093	0.218153 0.004420	0.118150 0.009003	0.068409 0.008963	0.037676 0.006357	0.021849 0.007769	0.012536 0.005990	0.006089 0.009523	0.007448 0.008505	
2 64 2 1.450000	0.048557 0.007850	0.997634 0.000755	0.427458 0.009834	0.215447 0.005384	0.117590 0.004777	0.067260 0.006472	0.040243 0.009028	0.023843 0.009302	0.015766 0.009563	0.007301 0.006445	0.004803 0.002945	
2 64 2 1.460000	0.043654 0.009958	0.998083 0.000858	0.424837 0.009566	0.211199 0.006782	0.114971 0.005590	0.065195 0.005347	0.036689 0.006572	0.017453 0.006234	0.013029 0.005776	0.005281 0.006388	0.004069 0.004538	
2 64 2 1.470000	0.045387 0.007839	0.997932 0.000689	0.421461 0.006223	0.204193 0.008366	0.108816 0.009523	0.059491 0.004048	0.037468 0.007893	0.022780 0.003093	0.012794 0.003841	0.008372 0.007670	0.004867 0.009424	
2 64 2 1.480000	0.044517 0.006661	0.998011 0.000595	0.414405 0.009085	0.202041 0.006812	0.108696 0.005841	0.058277 0.004243	0.033460 0.003583	0.017684 0.009995	0.009865 0.003230	0.004535 0.008010	0.002078 0.006017	
2 64 2 1.490000	0.043961 0.007926	0.998059 0.000707	0.410632 0.003163	0.197018 0.006106	0.102566 0.009651	0.056967 0.009753	0.032420 0.004315	0.019257 0.006407	0.007634 0.005027	0.002681 0.005846	0.002203 0.004725	
2 64 2 1.500000	0.045744 0.009342	0.997896 0.000860	0.406781 0.009663	0.192912 0.007308	0.099494 0.003692	0.050993 0.007586	0.031172 0.007281	0.013145 0.009328	0.005712 0.007970	0.006395 0.009727	0.001271 0.005186	
2 64 2 1.510000	0.044116 0.004546	0.998051 0.000406	0.401969 0.004349	0.188983 0.009063	0.097589 0.004613	0.052400 0.009191	0.028110 0.008862	0.015742 0.007572	0.004836 0.006190	0.004454 0.009572	0.004293 0.009236	
2 64 2 1.520000	0.042680 0.008159	0.998171 0.000697	0.400696 0.006195	0.184016 0.009465	0.093939 0.006400	0.051036 0.005130	0.026582 0.008377	0.016078 0.009387	0.007445 0.008421	0.003260 0.004911	0.001179 0.005148	
2 64 2 1.530000	0.040477 0.009703	0.998349 0.000815	0.399905 0.005548	0.184114 0.005115	0.091861 0.007438	0.049033 0.008775	0.025557 0.006536	0.017159 0.005800	0.007165 0.006292	0.004593 0.004343	0.001032 0.004287	
2 64 2 1.540000	0.037972 0.008111	0.998550 0.000634	0.388877 0.009361	0.179572 0.006247	0.087609 0.007520	0.043372 0.008047	0.023432 0.005529	0.009938 0.006281	0.005187 0.009584	0.000895 0.004006	0.000930 0.002896	
2 64 2 1.550000	0.040147 0.005730	0.998383 0.000470	0.388240 0.005226	0.172358 0.009471	0.083991 0.003197	0.046044 0.009389	0.022562 0.009228	0.009124 0.008875	0.002973 0.005735	0.001641 0.004875	0.000915 0.004576	
2 64 2 1.560000	0.038793 0.006728	0.998490 0.000530	0.386738 0.009830	0.170238 0.007103	0.082826 0.002869	0.043644 0.004212	0.021271 0.007760	0.010660 0.008198	0.007305 0.008557	0.003387 0.009874	0.002036 0.003180	
2 64 2 1.570000	0.037370 0.007116	0.998595 0.000544	0.382063 0.008262	0.167668 0.007947	0.081588 0.006674	0.041870 0.009885	0.019456 0.006692	0.010930 0.006441	0.005604 0.007824	0.003023 0.008856	0.001987 0.006273	
2 64 2 1.580000	0.037643 0.008251	0.998576 0.000625	0.378589 0.009590	0.164364 0.004519	0.079183 0.009200	0.039121 0.008937	0.018063 0.006586	0.010349 0.009355	0.006097 0.004656	0.001839 0.005194	0.001077 0.003474	
2 64 2 1.590000	0.038545 0.006176	0.998508 0.000477	0.376680 0.008148	0.161610 0.004639	0.076810 0.007635	0.038914 0.007298	0.018116 0.005063	0.009292 0.009278	0.005900 0.009297	0.002769 0.006698	0.002868 0.004949	
2 64 2 1.600000	0.036110 0.006159	0.998691 0.000450	0.372494 0.008590	0.157437 0.005941	0.073311 0.005784	0.032865 0.004522	0.016722 0.008928	0.008809 0.006399	0.003120 0.006839	0.001863 0.005689	0.001336 0.006680	
2 64 2 1.610000	0.035017 0.009448	0.998762 0.000696	0.367317 0.006900	0.156227 0.006100	0.072347 0.009468	0.036852 0.008725	0.016377 0.007271	0.006015 0.005906	0.002244 0.005647	0.003221 0.006508	0.000000 0.000000	
2 64 2 1.620000	0.032845 0.005276	0.998917 0.000349	0.364489 0.008210	0.150544 0.007706	0.068072 0.008277	0.035500 0.009583	0.021586 0.009867	0.006791 0.007211	0.005228 0.009108	0.000979 0.003801	0.002298 0.008437	
2 64 2 1.630000	0.035358 0.004164	0.998747 0.000294	0.363406 0.006017	0.151888 0.002564	0.067590 0.007971	0.030932 0.009210	0.014078 0.009970	0.009033 0.002336	0.006367 0.005650	0.000795 0.003212	0.001741 0.004473	
2 64 2 1.640000	0.036186 0.006677	0.998684 0.000491	0.360047 0.009102	0.146946 0.005388	0.065278 0.008370	0.029458 0.005242	0.014746 0.006677	0.008692 0.003564	0.004157 0.007773	0.001080 0.005401	0.001649 0.005536	
2 64 2 1.650000	0.034890 0.003850	0.998781 0.000274	0.357213 0.009139	0.146199 0.008390	0.065364 0.004062	0.029732 0.005622	0.010165 0.007706	0.005034 0.009635	0.001558 0.003164	0.000826 0.002317	0.002296 0.005372	
2 64 2 1.660000	0.035597 0.006889	0.998727 0.000477	0.355014 0.009257	0.145343 0.009419	0.061295 0.007247	0.024570 0.006365	0.014169 0.009576	0.007752 0.007278	0.005104 0.003674	0.002665 0.007102	0.000000 0.000000	
2 64 2 1.670000	0.032267 0.007724	0.998949 0.000492	0.350252 0.009326	0.141448 0.005150	0.058889 0.007645	0.028047 0.009216	0.014421 0.009103	0.004541 0.008923	0.006046 0.005243	0.002237 0.005680	0.000456 0.002280	
2 64 2 1.680000	0.033678 0.004926	0.998863 0.000326	0.346822 0.009335	0.138445 0.004229	0.058367 0.009056	0.025780 0.009618	0.008880 0.009854	0.004176 0.007163	0.000521 0.002301	0.002487 0.006880	0.000292 0.001460	
2 64 2 1.690000	0.034281 0.006244	0.998820 0.000422	0.344679 0.006633	0.138088 0.009571	0.058265 0.006388	0.023921 0.006656	0.007973 0.008875	0.004776 0.008930	0.001852 0.003426	0.002164 0.004849	0.001376 0.005767	
2 64 2 1.700000	0.033565 0.006503	0.998868 0.000422	0.340491 0.008575	0.134150 0.009476	0.055698 0.002782	0.024752 0.005681	0.010901 0.009927	0.004363 0.007357	0.001628 0.006061	0.000454 0.002271	0.000141 0.000705	
2 64 2 1.710000	0.031559 0.005620	0.999001 0.000352	0.340943 0.007991	0.131653 0.004376	0.055054 0.003537	0.024834 0.004565	0.011089 0.008595	0.004814 0.009606	0.000718 0.002312	0.000659 0.001795	0.001075 0.005274	
2 64 2 1.720000	0.032680 0.008952	0.998921 0.000580	0.337183 0.007407	0.126345 0.009853	0.052587 0.005294	0.022335 0.008503	0.010105 0.008349	0.008747 0.007415	0.004524 0.009113	0.000000 0.000000	0.002622 0.005960	
2 64 2 1.730000	0.032870 0.008168	0.998910 0.000537	0.333937 0.008026	0.126759 0.005744	0.052895 0.007776	0.022538 0.009728	0.011988 0.007843	0.004757 0.008763	0.004565 0.008346	0.002397 0.008730	0.003187 0.008215	
2 64 2 1.740000	0.032200 0.004996	0.998960 0.000317	0.331070 0.005565	0.123508 0.003006	0.049242 0.003042	0.022708 0.004238	0.008116 0.009787	0.004385 0.007217	0.001906 0.003876	0.000893 0.002658	0.000594 0.001465	
2 64 2 1.750000	0.032302 0.003655	0.998955 0.000239	0.328983 0.006540	0.120031 0.009331	0.050282 0.003089	0.019647 0.005380	0.008334 0.003962	0.005521 0.009750	0.002066 0.003809	0.000658 0.003010	0.000206 0.001031	
2 64 2 1.760000	0.029594 0.005465	0.999121 0.000325	0.327432 0.009531	0.118964 0.007463	0.047066 0.004670	0.019770 0.008413	0.009176 0.008633	0.003722 0.009720	0.001079 0.003425	0.002530 0.007392	0.001452 0.005104	
2 64 2 1.770000	0.034145 0.003700	0.998832 0.000252	0.323694 0.007025	0.116721 0.003866	0.048157 0.008160	0.022855 0.009581	0.009453 0.007623	0.002616 0.008214	0.000594 0.002971	0.001756 0.004929	0.001490 0.004084	
2 64 2 1.780000	0.031157 0.006404	0.999023 0.000411	0.320997 0.004898	0.118007 0.009769	0.045583 0.004775	0.017875 0.009098	0.009167 0.009936	0.003046 0.007744	0.001198 0.004411	0.001013 0.003409	0.001636 0.005873	
2 64 2 1.790000	0.029743 0.006707	0.999108 0.000405	0.318318 0.006826	0.115393 0.008347	0.045291 0.005723	0.019306 0.009781	0.008211 0.009602	0.003965 0.007094	0.002811 0.006609	0.001587 0.007934	0.001652 0.005380	
2 64 2 1.800000	0.030304 0.008575	0.999074 0.000506	0.315364 0.009988	0.112877 0.005811	0.041441 0.006933	0.015246 0.008956	0.003328 0.005138	0.001841 0.005811	0.000000 0.000000	0.000257 0.001284	0.001016 0.002987	
2 64 2 1.810000	0.029129 0.003990	0.999149 0.000230	0.314274 0.004937	0.109628 0.006354	0.042141 0.009599	0.016046 0.009925	0.005532 0.005563	0.001352 0.003275	0.001909 0.006076	0.000773 0.002157	0.001221 0.003146	
2 64 2 1.820000	0.028666 0.004065	0.999176 0.000228	0.311854 0.009980	0.109519 0.006234	0.042863 0.007777	0.014520 0.004404	0.004146 0.008668	0.003603 0.007837	0.002164 0.005667	0.000168 0.000840	0.001032 0.005159	
2 64 2 1.830000	0.028014 0.003721	0.999213 0.000207	0.310321 0.006037	0.108706 0.004529	0.039864 0.008044	0.014404 0.009382	0.003664 0.005102	0.001925 0.006203	0.002282 0.004666	0.000468 0.001466	0.000802 0.004012	
2 64 2 1.840000	0.028941 0.005322	0.999159 0.000310	0.308957 0.004229	0.105786 0.009725	0.039115 0.007996	0.014050 0.005383	0.004431 0.005633	0.002803 0.004491	0.001728 0.005942	0.000628 0.002001	0.001731 0.008654	
2 64 2 1.850000	0.028526 0.002367	0.999186 0.000135	0.305624 0.008099	0.104188 0.006886	0.037303 0.005484	0.014395 0.009973	0.005117 0.008359	0.001200 0.003010	0.001678 0.006871	0.000857 0.002859	0.000357 0.001787	
2 64 2 1.860000	0.029678 0.008852	0.999109 0.000526	0.305061 0.005719	0.104000 0.007246	0.039774 0.007007	0.014204 0.009700	0.007652 0.009022	0.006027 0.008895	0.003074 0.005828	0.001018 0.004557	0.001815 0.004945	
2 64 2 1.870000	0.027954 0.005281	0.999216 0.000295	0.299052 0.003848	0.100607 0.008479	0.039783 0.008549	0.016020 0.006247	0.004000 0.009519	0.003680 0.007175	0.002126 0.006490	0.002510 0.004203	0.000544 0.002720	
2 64 2 1.880000	0.024816 0.007520	0.999376 0.000376	0.300616 0.008225	0.101233 0.005643	0.034577 0.009214	0.012179 0.006929	0.006181 0.007345	0.003832 0.008624	0.000481 0.002406	-0.000010 0.000051	0.000927 0.002905	
2 64 2 1.890000	0.028261 0.005206	0.999198 0.000303	0.298509 0.005481	0.101622 0.008587	0.036126 0.006989	0.012221 0.002768	0.006152 0.009707	0.002277 0.002988	0.001161 0.005112	0.002518 0.007149	0.000560 0.002801	
2 64 2 1.900000	0.027324 0.007108	0.999246 0.000401	0.294351 0.005035	0.096814 0.008806	0.034332 0.006943	0.013196 0.005794	0.005683 0.009672	0.001421 0.007106	0.001283 0.006415	0.001413 0.002323	0.000558 0.002791	
2 64 2 1.910000	0.026148 0.009141	0.999307 0.000491	0.295173 0.008870	0.094664 0.009006	0.033586 0.003434	0.011747 0.005798	0.005369 0.009564	0.000353 0.001066	0.002165 0.004404	0.001687 0.002594	0.001538 0.005324	
2 64 2 1.920000	0.026667 0.003608	0.999287 0.000191	0.292037 0.005178	0.097289 0.009148	0.031114 0.008044	0.013501 0.009284	0.003469 0.008955	0.001446 0.004797	0.003015 0.007239	0.000622 0.002948	0.000452 0.001161	
2 64 2 1.930000	0.025766 0.006226	0.999331 0.000326	0.292839 0.009319	0.092624 0.009147	0.031800 0.004841	0.011295 0.003607	0.002321 0.005546	0.002348 0.008956	0.001734 0.006315	0.000711 0.002144	0.002539 0.007767	
2 64 2 1.940000	0.025555 0.009888	0.999334 0.000499	0.287027 0.008425	0.088848 0.009674	0.032147 0.009217	0.010736 0.009771	0.003028 0.006008	0.002309 0.005673	0.001334 0.004369	0.000825 0.004127	0.000601 0.003005	
2 64 2 1.950000	0.024982 0.008023	0.999368 0.000418	0.286162 0.004864	0.089125 0.009943	0.028919 0.004275	0.010693 0.008539	0.006102 0.008349	0.003496 0.009253	0.000598 0.002228	0.000295 0.001343	0.000156 0.000782	
2 64 2 1.960000	0.028610 0.005678	0.999177 0.000323	0.284333 0.007987	0.090725 0.009961	0.032472 0.007632	0.009631 0.008672	0.002524 0.007205	0.000759 0.002663	0.000626 0.001764	0.002705 0.008562	0.000126 0.000632	
2 64 2 1.970000	0.026610 0.005336	0.999289 0.000292	0.283931 0.008027	0.088356 0.004161	0.029221 0.009571	0.012027 0.008492	0.007573 0.009078	0.002776 0.008059	0.002559 0.006859	0.000486 0.001942	0.001520 0.004289	
2 64 2 1.980000	0.027051 0.001862	0.999268 0.000101	0.280028 0.008814	0.086936 0.009502	0.030093 0.004101	0.010246 0.009866	0.003032 0.005117	0.001688 0.003146	0.000902 0.003130	0.001039 0.003780	0.000000 0.000000	
2 64 2 1.990000	0.027994 0.009682	0.999206 0.000534	0.280616 0.007240	0.087894 0.007110	0.030388 0.007110	0.007471 0.008472	0.004855 0.002164	0.001466 0.005029	0.000823 0.003742	0.000281 0.001404	0.000281 0.001407	
2 64 2 2.000000	0.023851 0.006785	0.999426 0.000325	0.282001 0.006235	0.085501 0.008889	0.025618 0.009684	0.007242 0.005460	0.004338 0.008234	0.001628 0.004442	0.001789 0.006548	0.000456 0.002282	0.002635 0.008797	
2 64 2 2.010000	0.027223 0.005485	0.999254 0.000300	0.275594 0.004371	0.084024 0.009471	0.029105 0.008286	0.009941 0.009853	0.001560 0.003642	0.003675 0.005976	0.000000 0.000000	0.000083 0.000416	0.000143 0.000717	
2 64 2 2.020000	0.026843 0.007629	0.999272 0.000406	0.274389 0.000558	0.084684 0.009768	0.028409 0.008317	0.009727 0.008646	0.006354 0.009566	0.002678 0.006810	0.001046 0.003684	0.000340 0.001698	0.001884 0.006823	
2 64 2 2.030000	0.025510 0.005543	0.999346 0.000287	0.272647 0.003788	0.082219 0.007407	0.024753 0.005776	0.009073 0.003529	0.003766 0.009636	0.000842 0.004210	0.001295 0.004251	0.000000 0.000000	0.001066 0.005332	
2 64 2 2.040000	0.025621 0.005628	0.999340 0.000291	0.273527 0.006541	0.083527 0.008394	0.026833 0.008591	0.008876 0.009387	0.003226 0.006465	0.000583 0.001917	0.001570 0.004550	0.000842 0.004208	0.001241 0.004917	
2 64 2 2.050000	0.023890 0.006356	0.999423 0.000296	0.273302 0.005004	0.079077 0.009822	0.026062 0.008459	0.008107 0.006008	0.002716 0.008365	0.001080 0.003434	0.001608 0.003646	0.001049 0.003701	0.000000 0.000000	
2 64 2 2.060000	0.023896 0.006745	0.999421 0.000322	0.266459 0.008497	0.076519 0.009676	0.025954 0.009568	0.011693 0.007901	0.001436 0.002913	0.002696 0.009795	0.000737 0.003683	0.000000 0.000000	0.001384 0.007200	
2 64 2 2.070000	0.023891 0.009565	0.999417 0.000435	0.266242 0.009209	0.082217 0.008053	0.026607 0.006204	0.007613 0.007956	0.004527 0.009031	0.001337 0.003063	0.001085 0.005423	0.000635 0.002484	0.002741 0.004753	
2 64 2 2.080000	0.025355 0.006185	0.999353 0.000326	0.264037 0.009982	0.076470 0.006570	0.025170 0.003969	0.007361 0.009452	0.001357 0.002670	0.001621 0.003657	0.000257 0.001287	0.000874 0.002457	0.000374 0.001871	
2 64 2 2.090000	0.026086 0.009757	0.999306 0.000482	0.264535 0.004675	0.076588 0.009445	0.023417 0.008807	0.009201 0.006670	0.003933 0.009571	0.003820 0.008368	0.000614 0.002392	0.001100 0.005500	0.002003 0.006515	
2 64 2 2.100000	0.023820 0.005252	0.999430 0.000248	0.267545 0.009186	0.074030 0.004684	0.022350 0.008826	0.008695 0.009393	0.003629 0.007561	0.000778 0.004111	0.003813 0.008141	0.003526 0.009805	0.000000 0.000000	
2 64 2 2.110000	0.023939 0.005341	0.999423 0.000263	0.262186 0.009486	0.075164 0.005832	0.021239 0.005647	0.005475 0.009619	0.001845 0.007208	0.000908 0.002059	0.000874 0.004368	0.000510 0.002548	0.001809 0.006832	
2 64 2 2.120000	0.023359 0.004040	0.999452 0.000188	0.258468 0.006222	0.072546 0.004392	0.022614 0.004882	0.010603 0.006607	0.005124 0.009980	0.000000 0.000000	0.000650 0.002275	0.000000 0.000000	0.000933 0.001919	
2 64 2 2.130000	0.024093 0.004088	0.999418 0.000193	0.257406 0.007819	0.070261 0.008519	0.018181 0.008204	0.004380 0.008708	0.000000 0.000000	0.003332 0.009044	0.002415 0.005877	0.000240 0.001199	0.001201 0.004183	
2 64 2 2.140000	0.023409 0.004861	0.999448 0.000223	0.257171 0.009958	0.072389 0.009145	0.020887 0.008900	0.007399 0.007992	0.001722 0.006518	0.000112 0.000559	0.002469 0.006426	0.000403 0.001619	0.001300 0.004035	
2 64 2 2.150000	0.023833 0.002136	0.999431 0.000101	0.253601 0.009838	0.073067 0.007545	0.022988 0.008397	0.007522 0.006092	0.002569 0.006837	0.002075 0.005130	0.000170 0.000849	0.000496 0.001678	0.001010 0.003693	
2 64 2 2.160000	0.024167 0.005673	0.999412 0.000262	0.253178 0.009878	0.067990 0.007366	0.017523 0.006010	0.004686 0.008126	0.001251 0.003244	0.000065 0.000325	0.000457 0.002130	0.002449 0.003937	0.002520 0.008201	
2 64 2 2.170000	0.027257 0.002821	0.999256 0.000154	0.249863 0.009248	0.071848 0.008216	0.016582 0.006464	0.002862 0.009895	0.001900 0.009498	0.001818 0.005793	-0.000196 0.000982	0.001696 0.006316	0.000439 0.002195	
2 64 2 2.180000	0.022421 0.003883	0.999495 0.000171	0.247611 0.007834	0.066183 0.009054	0.017994 0.006588	0.005856 0.006447	0.000000 0.000000	0.001006 0.005029	0.000763 0.003813	0.000822 0.004108	0.000671 0.001739	
2 64 2 2.190000	0.023838 0.002681	0.999431 0.000128	0.250074 0.008849	0.068208 0.006739	0.020792 0.004261	0.005292 0.008656	0.004715 0.009795	0.001346 0.005086	0.002118 0.005267	0.002206 0.005684	0.000193 0.000964	
2 64 2 2.200000	0.020094 0.004085	0.999593 0.000169	0.246221 0.009764	0.066021 0.008541	0.017795 0.006439	0.002048 0.005607	0.004144 0.009591	0.001384 0.004744	0.000906 0.002482	0.001770 0.005451	0.001053 0.002933	
2 64 2 2.210000	0.021178 0.003327	0.999550 0.000146	0.249345 0.006901	0.066834 0.009636	0.019448 0.009256	0.005468 0.006018	0.001959 0.006898	0.001035 0.003675	0.000335 0.001067	0.000000 0.000000	0.002016 0.008281	
2 64 2 2.220000	0.023399 0.007956	0.999446 0.000368	0.243630 0.008113	0.065897 0.009573	0.018818 0.009593	0.006645 0.005300	0.001163 0.005379	0.000362 0.001463	0.004133 0.009901	0.001164 0.005820	0.001456 0.005633	
2 64 2 2.230000	0.023579 0.005444	0.999440 0.000254	0.245665 0.009993	0.062595 0.009604	0.018728 0.006592	0.003675 0.008162	0.001250 0.003573	0.000420 0.002099	0.000875 0.004374	0.000711 0.004537	0.000379 0.001168	
2 64 2 2.240000	0.022402 0.002450	0.999497 0.000109	0.243062 0.008695	0.062505 0.007828	0.017179 0.009077	0.004998 0.006789	0.001439 0.003914	0.000597 0.001701	0.000000 0.000000	0.000875 0.002104	0.001325 0.003329	
2 64 2 2.250000	0.021640 0.006220	0.999526 0.000256	0.242762 0.006646	0.063011 0.009568	0.012591 0.009256	0.004415 0.005648	0.000727 0.003636	0.002029 0.005088	0.001048 0.004839	0.000800 0.002131	0.001159 0.005793	
2 64 2 2.260000	0.022603 0.007624	0.999482 0.000343	0.240008 0.008070	0.062517 0.009561	0.016773 0.002002	0.004156 0.007173	0.000975 0.004224	0.000000 0.000000	0.001866 0.004925	0.001741 0.007019	0.002226 0.008990	
2 64 2 2.270000	0.021431 0.005569	0.999537 0.000245	0.240956 0.008360	0.059479 0.009171	0.016710 0.009033	0.004983 0.009879	0.002947 0.006947	0.000653 0.003266	0.002207 0.007022	0.000512 0.001463	0.001455 0.007274	
2 64 2 2.280000	0.023978 0.006658	0.999420 0.000311	0.240912 0.008600	0.062447 0.007459	0.016419 0.006048	0.005793 0.009074	0.002466 0.005762	0.000382 0.001909	0.001947 0.006824	0.000342 0.001711	0.000576 0.002879	
2 64 2 2.290000	0.020569 0.004612	0.999573 0.000193	0.236218 0.008830	0.060032 0.009696	0.016071 0.008577	0.003017 0.008999	0.000858 0.004289	-0.000219 0.001096	0.002417 0.005338	0.000596 0.002980	0.000065 0.000326	
2 64 2 2.300000	0.021540 0.006814	0.999530 0.000298	0.237512 0.009922	0.059130 0.007658	0.016388 0.009371	0.004293 0.006858	0.000911 0.002805	0.001147 0.005737	0.001659 0.004678	0.000515 0.002576	0.000000 0.000000	
2 64 2 2.310000	0.020145 0.002601	0.999593 0.000105	0.233797 0.009382	0.062083 0.006896	0.018588 0.008507	0.004028 0.008092	0.000334 0.001671	0.002847 0.007502	0.002048 0.006199	0.000000 0.000000	0.003875 0.006340	
2 64 2 2.320000	0.023764 0.007013	0.999430 0.000345	0.233961 0.004863	0.057556 0.009726	0.014080 0.008941	0.005482 0.007555	0.001011 0.003348	0.002638 0.006939	0.002547 0.007065	0.003142 0.005531	0.000956 0.002480	
2 64 2 2.330000	0.022844 0.004043	0.999476 0.000189	0.232891 0.009851	0.057319 0.004793	0.014255 0.008980	0.005397 0.008418	0.001418 0.003952	0.000883 0.002815	0.000308 0.001541	0.001465 0.005116	0.000266 0.001330	
2 64 2 2.340000	0.025445 0.006810	0.999346 0.000355	0.231259 0.008910	0.057689 0.006265	0.017783 0.008858	0.004434 0.008055	0.002008 0.003591	0.001090 0.002008	0.000502 0.001450	0.001559 0.005161	0.000000 0.000000	
2 64 2 2.350000	0.021306 0.003698	0.999544 0.000158	0.227226 0.009359	0.055952 0.006827	0.014749 0.009701	0.003056 0.006833	0.000988 0.002014	0.001348 0.005145	0.000583 0.002126	0.002525 0.008787	0.000815 0.004074	
2 64 2 2.360000	0.022180 0.006764	0.999501 0.000293	0.231189 0.008454	0.056174 0.009594	0.014507 0.007119	0.002123 0.004488	0.000749 0.004014	0.001480 0.006073	0.001499 0.006563	0.000825 0.003622	0.001552 0.006534	
2 64 2 2.370000	0.022861 0.008167	0.999468 0.000376	0.229523 0.009109	0.054333 0.007529	0.014683 0.007572	0.003521 0.006354	0.002968 0.005315	0.003527 0.008814	0.000000 0.000000	0.001177 0.004591	0.001014 0.003195	
2 64 2 2.380000	0.022238 0.007790	0.999497 0.000341	0.226970 0.008997	0.051152 0.006527	0.015726 0.009653	0.002003 0.007894	0.000080 0.000399	0.002218 0.007693	0.000617 0.003085	0.000868 0.004340	0.001631 0.003014	
2 64 2 2.390000	0.022110 0.004851	0.999508 0.000214	0.226757 0.007372	0.055771 0.006474	0.015033 0.005840	0.004514 0.009851	0.001786 0.006208	0.001251 0.004693	0.001002 0.002967	0.000752 0.003760	0.000993 0.004963	
2 64 2 2.400000	0.021326 0.004812	0.999542 0.000210	0.225451 0.009326	0.055955 0.009687	0.011991 0.009004	0.001685 0.002684	0.000623 0.003113	0.001492 0.007462	0.001444 0.007219	0.000919 0.002326	0.002156 0.008107	
2 64 2 2.410000	0.021707 0.007426	0.999522 0.000336	0.223082 0.008096	0.051861 0.009027	0.013340 0.006609	0.002761 0.008479	0.002398 0.005486	0.001625 0.004715	0.000951 0.002767	0.000667 0.002413	0.002327 0.005912	
2 64 2 2.420000	0.020356 0.004844	0.999582 0.000195	0.222510 0.006125	0.053958 0.005189	0.010705 0.008182	0.006012 0.009981	0.000000 0.000000	0.002942 0.006308	0.002698 0.008167	0.000515 0.002577	0.001060 0.005299	
2 64 2 2.430000	0.020954 0.005266	0.999558 0.000216	0.221968 0.005261	0.057266 0.008739	0.011790 0.009776	0.001799 0.003292	0.000752 0.003760	0.001580 0.007902	0.001195 0.005785	0.000079 0.000394	0.000741 0.003706	
2 64 2 2.440000	0.020824 0.005527	0.999562 0.000227	0.217627 0.004888	0.053309 0.008446	0.010056 0.008429	0.002078 0.008075	0.000000 0.000000	0.000762 0.002522	0.001640 0.008199	0.001262 0.002806	0.001393 0.006963	
2 64 2 2.450000	0.021456 0.003347	0.999538 0.000149	0.220684 0.006411	0.052473 0.009845	0.011273 0.006173	0.000579 0.002897	0.002511 0.006985	0.000000 0.000000	0.003242 0.004592	0.001842 0.005977	0.001269 0.005621	
2 64 2 2.460000	0.023139 0.004925	0.999462 0.000223	0.219833 0.009287	0.051769 0.009635	0.010929 0.006759	0.005649 0.007816	0.000189 0.000944	0.002915 0.008187	0.002788 0.006688	0.001297 0.005429	0.000000 0.000000	
2 64 2 2.470000	0.021519 0.008231	0.999527 0.000339	0.215742 0.007840	0.052663 0.007833	0.015346 0.009010	0.001202 0.003377	0.000000 0.000000	0.002340 0.005310	0.000000 0.000000	0.002388 0.009081	0.002463 0.005616	
2 64 2 2.480000	0.019451 0.007080	0.999616 0.000272	0.214526 0.009138	0.047030 0.009942	0.010568 0.009088	0.002844 0.006834	0.000000 0.000000	0.000814 0.004069	0.000580 0.002901	0.000867 0.004828	0.000000 0.000000	
2 64 2 2.490000	0.021230 0.003427	0.999548 0.000145	0.217573 0.003309	0.050540 0.008152	0.011348 0.007760	0.004462 0.003341	0.003176 0.009808	0.002849 0.009350	0.002840 0.006571	0.001356 0.004234	0.001797 0.004938	
2 64 2 2.500000	0.020889 0.002804	0.999563 0.000120	0.214628 0.004667	0.051500 0.006471	0.015086 0.008608	0.002780 0.004697	0.003525 0.008809	0.001695 0.005613	0.001811 0.006738	0.002110 0.004126	0.001665 0.006800	
2 64 2 2.510000	0.021982 0.005307	0.999513 0.000234	0.213242 0.005048	0.050416 0.009970	0.009309 0.007443	0.003747 0.008813	0.000480 0.002319	0.000641 0.002342	0.000181 0.000907	0.001704 0.005384	0.000383 0.001914	
2 64 2 2.520000	0.020504 0.004599	0.999576 0.000186	0.210165 0.009059	0.046373 0.003470	0.009777 0.003694	0.002810 0.004738	0.001619 0.005288	0.000550 0.002749	0.000842 0.001566	0.002946 0.006153	0.001864 0.004889	
2 64 2 2.530000	0.022453 0.009090	0.999485 0.000419	0.209706 0.008757	0.046952 0.009289	0.009407 0.007869	0.002581 0.007722	0.003024 0.009137	0.002498 0.005913	0.003031 0.005952	0.001564 0.005616	-0.000043 0.000217	
2 64 2 2.540000	0.018204 0.004142	0.999667 0.000150	0.211922 0.005323	0.050377 0.009057	0.014196 0.009172	0.001044 0.005220	0.000854 0.004271	0.000000 0.000000	0.001761 0.005036	0.001971 0.008882	0.000714 0.001464	
2 64 2 2.550000	0.021719 0.008901	0.999520 0.000397	0.207503 0.008356	0.046354 0.005730	0.006577 0.006185	0.003472 0.007114	0.002743 0.008575	-0.000043 0.000216	0.000450 0.001462	0.000000 0.000000	0.003496 0.009734	
2 64 2 2.560000	0.019154 0.005973	0.999629 0.000223	0.211535 0.009147	0.048262 0.007820	0.014685 0.005282	0.002322 0.006310	0.003776 0.006772	0.001073 0.004686	0.001341 0.006024	0.000841 0.002472	0.000547 0.002735	
2 64 2 2.570000	0.021537 0.002948	0.999535 0.000127	0.209513 0.009294	0.045787 0.008807	0.011552 0.008348	0.002248 0.004677	0.000032 0.000160	0.001503 0.005311	0.000645 0.003226	0.001110 0.005549	0.000171 0.000854	
2 64 2 2.580000	0.022124 0.002795	0.999510 0.000124	0.203854 0.008777	0.045358 0.009861	0.009229 0.007638	0.001346 0.005902	0.000587 0.002057	0.000333 0.001501	0.001374 0.004480	0.001193 0.005964	0.001417 0.004088	
2 64 2 2.590000	0.020629 0.003171	0.999573 0.000131	0.210225 0.009844	0.047122 0.002907	0.011181 0.007688	0.001306 0.004339	0.001122 0.003188	0.001035 0.002651	0.000837 0.003739	0.002204 0.006740	0.000454 0.002269	
2 64 2 2.600000	0.020653 0.002653	0.999572 0.000109	0.203717 0.004275	0.041569 0.004715	0.008717 0.008561	0.001896 0.009478	0.000536 0.001524	0.000648 0.002632	0.000000 0.000000	0.000000 0.000000	0.000324 0.001619	
2 64 2 2.610000	0.022320 0.009925	0.999489 0.000469	0.203113 0.009513	0.044181 0.005284	0.011821 0.006199	0.001735 0.007506	0.001236 0.003989	0.001493 0.006734	0.002218 0.006022	0.000593 0.002965	0.000510 0.002549	
2 64 2 2.620000	0.019922 0.003545	0.999601 0.000141	0.202397 0.003345	0.045827 0.009969	0.007687 0.007103	0.000656 0.002831	0.002188 0.007308	0.001866 0.004625	0.002222 0.004722	0.000520 0.002598	0.001246 0.004533	
2 64 2 2.630000	0.020793 0.003223	0.999566 0.000133	0.203643 0.008990	0.044943 0.008258	0.010326 0.007798	0.000853 0.002220	0.000357 0.001834	0.001432 0.002308	0.000608 0.002426	0.000608 0.003039	0.000231 0.001157	
2 64 2 2.640000	0.021831 0.005711	0.999518 0.000258	0.202445 0.006470	0.042627 0.006651	0.012845 0.009545	0.004060 0.009350	0.003545 0.006656	0.000134 0.000668	0.002614 0.008472	0.000721 0.003603	0.001856 0.009280	
2 64 2 2.650000	0.021361 0.004424	0.999541 0.000181	0.202064 0.007176	0.040377 0.009870	0.010292 0.003859	0.003248 0.005645	0.003271 0.005960	0.001488 0.004587	0.002740 0.007838	0.002264 0.005750	0.002752 0.008149	
2 64 2 2.660000	0.021193 0.005606	0.999547 0.000241	0.201551 0.006546	0.040783 0.009950	0.009000 0.009482	0.001722 0.005818	0.000000 0.000000	0.001872 0.003677	0.000664 0.001846	0.001436 0.004407	0.003864 0.007556	
2 64 2 2.670000	0.020707 0.004666	0.999568 0.000186	0.199207 0.009695	0.039607 0.005069	0.011440 0.006339	0.001399 0.004994	0.001259 0.006296	0.002823 0.006275	0.001015 0.001690	0.000820 0.004102	0.000517 0.001992	
2 64 2 2.680000	0.018922 0.006804	0.999636 0.000274	0.197913 0.009776	0.042283 0.006256	0.008647 0.003357	0.001089 0.003706	0.000369 0.001847	0.000152 0.000760	0.001679 0.007680	0.001013 0.003782	0.000840 0.002793	
2 64 2 2.690000	0.020580 0.004426	0.999573 0.000182	0.196422 0.007425	0.043232 0.007866	0.009441 0.009913	0.003493 0.008236	0.003221 0.006799	0.002284 0.006162	0.000000 0.000000	0.001921 0.009606	0.000257 0.000861	
2 64 2 2.700000	0.020195 0.004077	0.999589 0.000166	0.196749 0.009328	0.038261 0.007639	0.010849 0.005914	0.001888 0.006265	0.001170 0.003755	0.000270 0.001352	0.000000 0.000000	0.000000 0.000000	0.000627 0.003135	
2 64 2 2.710000	0.020202 0.004369	0.999589 0.000174	0.194353 0.009607	0.040061 0.006122	0.007685 0.009080	0.003450 0.006021	0.001893 0.004648	0.001760 0.007452	0.004002 0.008296	0.000112 0.000562	0.000471 0.002207	
2 64 2 2.720000	0.018905 0.004883	0.999640 0.000181	0.191699 0.005752	0.044377 0.006954	0.008600 0.008942	0.001503 0.004068	0.001416 0.003842	0.003169 0.009581	0.001448 0.004026	0.000663 0.003313	0.001120 0.004452	
2 64 2 2.730000	0.019673 0.007837	0.999604 0.000312	0.193857 0.009628	0.039518 0.005754	0.009433 0.009203	0.003795 0.004292	0.001109 0.003625	0.000163 0.000817	0.000637 0.003770	0.000421 0.002107	0.001985 0.006160	
2 64 2 2.740000	0.019881 0.007826	0.999597 0.000315	0.195008 0.007354	0.038742 0.008792	0.008448 0.007856	0.001605 0.005018	0.002322 0.005781	0.000940 0.004702	0.003683 0.009825	0.001478 0.005348	0.000345 0.001725	
2 64 2 2.750000	0.019874 0.006728	0.999600 0.000272	0.191855 0.007767	0.037957 0.009482	0.007503 0.008694	0.000844 0.002497	0.001871 0.004815	0.000563 0.002817	0.000153 0.000765	0.001424 0.004385	0.001314 0.002840	
2 64 2 2.760000	0.019165 0.004275	0.999631 0.000168	0.192503 0.008034	0.038029 0.009830	0.006760 0.009171	0.004138 0.006870	0.001094 0.004034	0.002605 0.005220	0.001306 0.005097	0.000605 0.001702	0.000417 0.002086	
2 64 2 2.770000	0.019711 0.002592	0.999611 0.000102	0.191708 0.009599	0.035222 0.009205	0.007954 0.008800	0.001305 0.004351	0.000469 0.002347	0.000527 0.001597	0.002731 0.007015	0.000082 0.000408	0.001738 0.004758	
2 64 2 2.780000	0.020989 0.006135	0.999555 0.000261	0.187152 0.009726	0.037238 0.008496	0.008721 0.004595	0.000898 0.004491	0.001462 0.003451	0.003725 0.005915	0.002580 0.005809	0.002944 0.005396	0.000919 0.003213	
2 64 2 2.790000	0.022038 0.003240	0.999513 0.000142	0.185042 0.008712	0.039460 0.007726	0.007865 0.009861	0.001952 0.009758	0.000000 0.000000	0.001258 0.004333	0.001349 0.002827	0.001847 0.006644	0.001095 0.005473	
2 64 2 2.800000	0.020150 0.006011	0.999590 0.000230	0.184850 0.003977	0.038096 0.008972	0.007094 0.007244	0.002901 0.006447	0.000596 0.002367	0.002198 0.008698	0.001788 0.009089	0.001922 0.005392	0.002249 0.006464	
2 64 2 2.810000	0.017393 0.007493	0.999691 0.000273	0.184761 0.008750	0.034448 0.003328	0.007561 0.008825	0.002754 0.006926	0.000000 0.000000	0.000000 0.000000	0.001994 0.009970	0.003730 0.009612	0.003224 0.009448	
2 64 2 2.820000	0.019277 0.003711	0.999626 0.000145	0.184918 0.007852	0.036832 0.009908	0.010460 0.009211	0.002088 0.003635	0.000708 0.003755	0.000946 0.003127	0.000000 0.000000	0.002356 0.005429	0.000849 0.004188	
2 64 2 2.830000	0.019512 0.006362	0.999614 0.000235	0.188169 0.001965	0.036820 0.007298	0.006759 0.009258	0.002248 0.008493	0.002092 0.006192	0.001104 0.005522	0.000891 0.002881	0.001104 0.003614	0.002173 0.007475	
2 64 2 2.840000	0.020143 0.001941	0.999594 0.000077	0.186828 0.008526	0.036312 0.009778	0.009187 0.009665	0.001655 0.004518	0.001351 0.006754	0.002426 0.007084	0.000967 0.004836	0.001074 0.005370	0.000801 0.004006	
2 64 2 2.850000	0.018574 0.006560	0.999650 0.000252	0.187259 0.009416	0.033824 0.006003	0.008557 0.009664	0.001138 0.003040	0.001006 0.003221	0.001383 0.004438	0.001816 0.003501	0.001780 0.006054	0.002998 0.005666	
2 64 2 2.860000	0.019039 0.004414	0.999635 0.000173	0.183627 0.007806	0.035205 0.008673	0.005799 0.008210	0.002090 0.008376	0.000785 0.002668	0.000478 0.002389	0.000175 0.000549	0.000737 0.002529	0.000024 0.000118	
2 64 2 2.870000	0.017565 0.007402	0.999685 0.000260	0.184258 0.009785	0.034730 0.003449	0.005270 0.009959	0.002898 0.005892	0.000647 0.002159	0.000000 0.000000	0.002205 0.009499	0.000173 0.000865	0.003348 0.007547	
2 64 2 2.880000	0.020115 0.006580	0.999589 0.000271	0.182589 0.006567	0.037324 0.009858	0.006320 0.008170	0.000187 0.000934	0.002098 0.007697	0.002402 0.007313	0.002540 0.005914	0.001182 0.003690	0.001042 0.005209	
2 64 2 2.890000	0.019804 0.004909	0.999605 0.000197	0.180247 0.008689	0.038900 0.009347	0.006223 0.008433	0.001556 0.006089	0.000590 0.002648	0.000918 0.003938	0.000000 0.000000	0.001215 0.006076	0.001276 0.002826	
2 64 2 2.900000	0.020075 0.004046	0.999595 0.000164	0.181697 0.004324	0.035395 0.009837	0.007284 0.009048	0.003160 0.008698	0.002701 0.006445	0.000444 0.002219	0.000617 0.003085	0.000793 0.002087	0.000590 0.002951	
2 64 2 2.910000	0.019543 0.003784	0.999616 0.000148	0.181525 0.009386	0.034799 0.006022	0.005501 0.005272	0.000368 0.001840	0.001225 0.005591	0.001660 0.004088	0.001011 0.003187	0.003071 0.007859	0.000367 0.001113	
2 64 2 2.920000	0.020169 0.006038	0.999588 0.000229	0.180462 0.008839	0.029433 0.009151	0.006401 0.009186	0.003156 0.007978	0.000783 0.001951	0.002194 0.007563	0.001894 0.008085	0.001248 0.004271	0.000790 0.002521	
2 64 2 2.930000	0.017090 0.009356	0.999695 0.000365	0.181431 0.009171	0.033172 0.005720	0.005642 0.008706	-0.000087 0.000434	0.001351 0.003077	0.000391 0.002184	0.000804 0.003135	0.002465 0.005316	0.000748 0.003104	
2 64 2 2.940000	0.019686 0.005429	0.999609 0.000214	0.176777 0.007682	0.033851 0.008682	0.007559 0.009579	0.003444 0.009578	0.000256 0.001279	0.000163 0.000814	0.000353 0.001763	0.000267 0.000976	0.001405 0.004069	
2 64 2 2.950000	0.019036 0.007703	0.999629 0.000293	0.176736 0.009529	0.030883 0.009724	0.003539 0.007464	0.001553 0.006194	0.002586 0.007558	0.000391 0.001953	0.001225 0.002061	0.003007 0.008701	0.001754 0.004795	
2 64 2 2.960000	0.018304 0.004384	0.999663 0.000166	0.176889 0.009141	0.030984 0.009967	0.004764 0.004615	0.002303 0.004221	0.002737 0.005605	0.001975 0.006148	0.001841 0.004875	0.002288 0.005433	0.000199 0.000997	
2 64 2 2.970000	0.018761 0.003312	0.999647 0.000124	0.178814 0.009962	0.028836 0.006517	0.005159 0.008412	0.000917 0.004586	0.003219 0.007509	0.000520 0.002195	0.000657 0.002514	0.000120 0.000529	0.000881 0.004790	
2 64 2 2.980000	0.019353 0.004041	0.999623 0.000157	0.175809 0.008894	0.028843 0.007583	0.005524 0.009627	0.002692 0.008818	0.002634 0.004963	0.003244 0.009577	0.000824 0.004118	0.002513 0.009481	0.001140 0.003330	
2 64 2 2.990000	0.019287 0.005764	0.999624 0.000214	0.176909 0.009562	0.032686 0.009862	0.003187 0.007789	0.000542 0.002709	0.001671 0.008355	0.000409 0.002043	0.001633 0.007387	0.001520 0.006742	0.000137 0.000684	
2 64 2 3.000000	0.018459 0.004091	0.999657 0.000147	0.176822 0.009289	0.031623 0.004508	0.008277 0.004924	0.001391 0.004366	0.002019 0.004820	0.000323 0.001613	0.002430 0.006164	0.001191 0.003128	0.001681 0.004036	
2 64 2 3.010000	0.017953 0.004574	0.999675 0.000167	0.174826 0.007885	0.034914 0.008569	0.006011 0.007490	0.002223 0.005280	0.001479 0.007397	0.000570 0.001706	0.000489 0.001702	0.000447 0.001878	0.002918 0.007070	
2 64 2 3.020000	0.018112 0.004622	0.999669 0.000173	0.171381 0.006372	0.032296 0.008779	0.004998 0.006984	0.001985 0.008307	0.000474 0.001440	0.000000 0.000000	0.001440 0.003707	0.000770 0.003848	0.001067 0.002261	
2 64 2 3.030000	0.018164 0.001553	0.999670 0.000057	0.169509 0.009895	0.031109 0.004025	0.007531 0.006470	0.001687 0.004595	0.002094 0.007591	0.001167 0.003762	0.000545 0.001241	0.002240 0.005865	0.000440 0.001440	
2 64 2 3.040000	0.018751 0.002720	0.999647 0.000102	0.170133 0.009481	0.029704 0.009508	0.007723 0.005063	0.002969 0.006166	0.000661 0.003305	0.001489 0.003931	0.000672 0.003358	0.000000 0.000000	0.001203 0.003589	
2 64 2 3.050000	0.019596 0.003309	0.999615 0.000128	0.172143 0.005326	0.030871 0.005744	0.007522 0.009767	0.001145 0.004604	0.000751 0.003755	0.001393 0.006966	0.000000 0.000000	0.000000 0.000000	0.000704 0.003293	
2 64 2 3.060000	0.019043 0.006221	0.999631 0.000232	0.170973 0.009437	0.031369 0.006095	0.004179 0.006828	0.002089 0.009669	0.002533 0.006206	0.002619 0.009006	0.000144 0.000720	0.000968 0.004840	0.002329 0.006204	
2 64 2 3.070000	0.017480 0.005582	0.999690 0.000207	0.170427 0.006805	0.030081 0.009489	0.005658 0.007334	0.001843 0.004915	0.001736 0.008682	0.001282 0.006410	0.001072 0.002675	0.000680 0.003313	0.001825 0.004972	
2 64 2 3.080000	0.018776 0.004934	0.999644 0.000185	0.168728 0.008711	0.029076 0.008879	0.003941 0.006009	0.001398 0.005031	0.001722 0.004960	0.000745 0.003727	0.002680 0.005732	0.000897 0.002572	0.001235 0.006177	
2 64 2 3.090000	0.017691 0.006695	0.999681 0.000254	0.172420 0.008916	0.032152 0.009278	0.007165 0.008845	0.001786 0.004841	0.001280 0.003781	0.000367 0.001837	0.001831 0.006004	0.001766 0.004855	0.002798 0.007572	
2 64 2 3.100000	0.019092 0.003803	0.999634 0.000151	0.166023 0.004842	0.030592 0.008857	0.004266 0.009814	0.001485 0.007425	0.003880 0.008794	0.001145 0.003281	0.002052 0.004259	0.003643 0.007225	0.001218 0.003638	
2 64 2 3.110000	0.019203 0.004476	0.999629 0.000179	0.170129 0.009656	0.027919 0.005332	0.004243 0.008222	0.000009 0.000047	0.001135 0.004249	0.001226 0.005111	0.003293 0.008698	0.000437 0.002185	0.000702 0.003508	
2 64 2 3.120000	0.018351 0.003619	0.999662 0.000137	0.169112 0.007277	0.027357 0.009069	0.004820 0.009241	0.001799 0.004611	0.004057 0.005425	0.002800 0.009263	0.000604 0.001909	0.002757 0.008120	0.001695 0.005055	
2 64 2 3.130000	0.019175 0.008617	0.999622 0.000330	0.165693 0.007847	0.027693 0.008720	0.006553 0.006625	0.001153 0.003342	0.001489 0.003170	0.001948 0.009741	0.001162 0.006515	0.002908 0.006410	0.000000 0.000000	
2 64 2 3.140000	0.019372 0.004669	0.999622 0.000186	0.164706 0.009318	0.028713 0.004454	0.003619 0.006766	0.001711 0.003690	0.001652 0.002244	0.001253 0.003903	0.001602 0.004567	0.001676 0.005727	0.001296 0.006009	
2 64 2 3.150000	0.016532 0.005493	0.999723 0.000177	0.164643 0.009489	0.027165 0.009318	0.004362 0.006330	0.001561 0.004426	0.000000 0.000000	0.001437 0.007186	0.000214 0.000908	0.000647 0.003234	0.001345 0.006241	
2 64 2 3.160000	0.020568 0.004714	0.999574 0.000200	0.164270 0.009340	0.025422 0.009977	0.003337 0.006472	0.002200 0.006731	0.000664 0.003319	0.002001 0.004691	0.004169 0.005222	0.000393 0.001967	0.001136 0.005682	
2 64 2 3.170000	0.018825 0.003648	0.999644 0.000133	0.161310 0.008081	0.025906 0.007309	0.001898 0.008868	0.000546 0.001427	0.001533 0.007663	0.000499 0.002495	0.002034 0.005474	0.003763 0.005824	0.001677 0.007681	
2 64 2 3.180000	0.016813 0.006239	0.999712 0.000223	0.161988 0.008902	0.027770 0.006837	0.003322 0.007739	0.000820 0.004100	0.004111 0.004109	0.000000 0.000000	0.000076 0.000378	0.002649 0.008243	0.001959 0.007747	
2 64 2 3.190000	0.015879 0.005831	0.999743 0.000185	0.164732 0.009888	0.026844 0.008127	0.001963 0.004520	0.002263 0.006965	0.002454 0.005466	0.000000 0.000000	0.003264 0.007736	0.000767 0.003833	0.001038 0.005190	
2 64 2 3.200000	0.018908 0.002666	0.999641 0.000103	0.161674 0.008578	0.026750 0.008213	0.005607 0.009291	0.001815 0.008723	0.000227 0.000717	0.003737 0.009723	0.000938 0.004690	0.000921 0.002606	0.000206 0.001029	
2 64 2 3.210000	0.018758 0.008352	0.999639 0.000301	0.161255 0.007255	0.026375 0.009226	0.002929 0.007610	0.000840 0.002866	0.000000 0.000000	0.001153 0.005763	0.001652 0.008260	0.002815 0.008199	0.000446 0.002194	
2 64 2 3.220000	0.017551 0.005146	0.999689 0.000179	0.164576 0.007126	0.028596 0.008982	0.002482 0.005856	0.000935 0.004675	0.000370 0.001851	0.001205 0.004089	0.000568 0.002840	0.000118 0.000588	0.004002 0.009307	
2 64 2 3.230000	0.018680 0.003338	0.999649 0.000126	0.159340 0.004712	0.026967 0.009583	0.001968 0.006355	0.000641 0.003288	0.001303 0.003951	0.000784 0.002895	0.000468 0.002338	0.000146 0.000732	0.000658 0.001879	
2 64 2 3.240000	0.017817 0.007053	0.999676 0.000264	0.161120 0.007596	0.025789 0.009245	0.002538 0.006671	0.002760 0.008959	0.002289 0.003943	0.000355 0.001263	0.000711 0.003555	0.001237 0.003679	0.001606 0.006140	
2 64 2 3.250000	0.016301 0.008145	0.999727 0.000275	0.162599 0.009915	0.026857 0.006628	0.003179 0.005812	0.001733 0.006396	0.000444 0.001850	0.000145 0.001754	0.000783 0.003174	0.000255 0.001276	0.000000 0.000000	
2 64 2 3.260000	0.018715 0.009025	0.999640 0.000354	0.159391 0.008582	0.028755 0.009162	0.004923 0.008386	0.001452 0.007262	0.001395 0.004818	0.000212 0.001058	0.001760 0.004764	0.002073 0.008556	0.000064 0.000318	
2 64 2 3.270000	0.018665 0.007996	0.999644 0.000285	0.159760 0.009468	0.021541 0.004896	0.004164 0.006743	0.001151 0.003121	0.003049 0.008060	0.002394 0.008735	0.000489 0.002443	0.000000 0.000000	0.000488 0.001809	
2 64 2 3.280000	0.017814 0.005789	0.999678 0.000204	0.161021 0.007370	0.023951 0.009283	0.001884 0.007285	0.001644 0.002687	0.000296 0.001479	0.000941 0.002700	0.000371 0.001854	0.000543 0.001887	0.000851 0.002173	
2 64 2 3.290000	0.017886 0.003418	0.999678 0.000121	0.156906 0.005069	0.026741 0.009806	0.005892 0.009839	0.001736 0.007197	0.002743 0.006292	0.001708 0.004393	0.001451 0.007253	0.001750 0.004401	0.001100 0.003693	
2 64 2 3.300000	0.018840 0.007109	0.999638 0.000247	0.158254 0.006564	0.027150 0.009353	0.004499 0.007168	0.002759 0.007572	0.001373 0.004977	0.001660 0.007208	0.002385 0.005675	0.001006 0.003180	0.002860 0.008109	
2 64 2 3.310000	0.016473 0.005442	0.999725 0.000183	0.152609 0.005662	0.023620 0.007588	0.006083 0.008682	0.001900 0.009250	0.000545 0.001819	0.000000 0.000000	0.001810 0.006133	0.000943 0.003034	0.001948 0.006618	
2 64 2 3.320000	0.017587 0.008768	0.999680 0.000312	0.154969 0.006780	0.025758 0.009863	0.002350 0.004743	0.001202 0.006009	0.001817 0.005794	0.000000 0.000000	0.001123 0.005614	0.001261 0.003404	0.000788 0.001992	
2 64 2 3.330000	0.017380 0.006633	0.999693 0.000224	0.159103 0.009168	0.023695 0.008281	0.003810 0.008364	0.000754 0.004375	0.001865 0.005140	0.000000 0.000000	0.000613 0.003067	0.003336 0.008424	0.002710 0.009565	
2 64 2 3.340000	0.018209 0.004156	0.999666 0.000155	0.155847 0.009758	0.023496 0.007197	0.002401 0.007625	0.002846 0.007728	0.001350 0.004490	0.001995 0.007475	0.000974 0.003279	0.001376 0.006437	0.003271 0.005117	
2 64 2 3.350000	0.017290 0.002763	0.999700 0.000095	0.155405 0.008154	0.026605 0.005750	0.004998 0.009944	0.002704 0.009341	0.000307 0.001537	0.002001 0.004018	0.001831 0.005316	0.001499 0.004658	0.002402 0.009336	
2 64 2 3.360000	0.016877 0.004324	0.999713 0.000144	0.157498 0.004858	0.023887 0.009467	0.001414 0.003749	0.000829 0.001949	0.001436 0.004390	0.000752 0.003259	0.001070 0.005351	0.000000 0.000000	0.000073 0.000363	
2 64 2 3.370000	0.017787 0.006981	0.999677 0.000269	0.154125 0.007338	0.024071 0.009364	0.004174 0.003958	0.002163 0.003810	0.001654 0.004349	0.000562 0.002447	0.001922 0.004495	0.000000 0.000000	0.002860 0.006103	
2 64 2 3.380000	0.017179 0.007073	0.999699 0.000239	0.150821 0.009966	0.024760 0.008515	0.003621 0.009478	0.001468 0.004894	0.002076 0.003960	0.001915 0.004776	0.003386 0.007783	0.001432 0.007161	0.003718 0.007422	
2 64 2 3.390000	0.017619 0.004096	0.999688 0.000145	0.151980 0.002376	0.026259 0.009151	0.003130 0.005396	0.001014 0.003987	0.003508 0.009760	0.003106 0.006579	0.000241 0.001206	0.001363 0.004180	0.002616 0.006345	
2 64 2 3.400000	0.016958 0.006079	0.999705 0.000204	0.150680 0.009991	0.027285 0.009189	0.003167 0.008143	0.001723 0.005301	0.001641 0.008207	0.000462 0.002311	0.002333 0.007907	0.003289 0.008168	0.001304 0.006521	
2 64 2 3.410000	0.017753 0.005874	0.999680 0.000196	0.151110 0.007429	0.021582 0.009895	0.006792 0.008919	0.000174 0.000872	0.001133 0.006988	0.001478 0.006455	0.000708 0.003128	0.001349 0.003225	0.000750 0.004268	
2 64 2 3.420000	0.016173 0.005245	0.999734 0.000168	0.151577 0.008191	0.018738 0.007931	0.005306 0.008610	0.000943 0.004262	0.000824 0.004118	0.000630 0.002823	0.002984 0.009055	0.001468 0.003802	0.001580 0.007900	
2 64 2 3.430000	0.018529 0.002673	0.999656 0.000099	0.151904 0.009513	0.022805 0.009149	0.002708 0.009743	0.005394 0.008331	0.001859 0.005578	0.001236 0.006199	0.001332 0.003510	0.002018 0.004513	0.002303 0.005619	
2 64 2 3.440000	0.017782 0.007841	0.999674 0.000285	0.151345 0.009902	0.021724 0.006922	0.005340 0.008709	0.001127 0.003781	0.001539 0.007696	0.001608 0.008042	0.000048 0.000735	0.002950 0.001464	0.003568 0.007707	
2 64 2 3.450000	0.018348 0.007422	0.999657 0.000270	0.150120 0.009532	0.024423 0.005435	0.005205 0.008274	0.001429 0.003653	0.001401 0.005645	0.002080 0.006646	0.000982 0.002983	0.003775 0.009351	0.002662 0.005588	
2 64 2 3.460000	0.017468 0.003723	0.999693 0.000130	0.149986 0.009355	0.022744 0.009918	0.003725 0.008110	0.000000 0.000000	0.000826 0.002165	0.000000 0.000000	0.002503 0.007264	0.002836 0.009390	0.000236 0.001178	
2 64 2 3.470000	0.017977 0.004682	0.999674 0.000168	0.150677 0.006326	0.019558 0.009180	0.004024 0.008390	0.000384 0.001345	0.001095 0.005474	0.003420 0.009826	0.001123 0.005617	0.001158 0.002969	0.001653 0.008266	
2 64 2 3.480000	0.018720 0.001751	0.999649 0.000065	0.149232 0.007605	0.025016 0.004417	0.006116 0.001072	0.000601 0.002256	0.001966 0.007229	0.002126 0.007271	0.001909 0.009545	0.000000 0.000000	0.004333 0.008835	
2 64 2 3.490000	0.017018 0.004723	0.999708 0.000165	0.149895 0.009284	0.022324 0.009673	0.004824 0.007392	0.001813 0.005381	0.002306 0.008572	0.000332 0.002329	0.001558 0.005283	0.000353 0.001766	0.000170 0.001052	
2 64 2 3.500000	0.016584 0.003052	0.999724 0.000100	0.143588 0.008419	0.021623 0.008104	0.001830 0.005513	0.001777 0.005734	0.002175 0.006147	0.000774 0.003868	0.001828 0.009138	0.001229 0.003626	0.001970 0.004973	
2 64 2 3.510000	0.015039 0.005554	0.999770 0.000163	0.147495 0.007378	0.023154 0.009173	0.004445 0.008141	0.000214 0.003371	0.004140 0.009503	0.000560 0.002801	0.001740 0.006621	0.001448 0.004026	0.000000 0.000000	
2 64 2 3.520000	0.017845 0.001787	0.999681 0.000064	0.147104 0.008733	0.021390 0.002549	0.003970 0.007476	0.002902 0.006326	0.000359 0.001324	0.000510 0.001686	0.003607 0.009002	0.002754 0.006667	0.001833 0.006523	
2 64 2 3.530000	0.017151 0.005297	0.999703 0.000175	0.143803 0.002009	0.020747 0.009948	0.004894 0.008499	0.001511 0.005909	0.000503 0.002136	0.001675 0.004280	0.000210 0.000566	0.003458 0.007532	0.000845 0.004227	
2 64 2 3.540000	0.019005 0.006751	0.999632 0.000234	0.145692 0.009837	0.020074 0.008486	0.003718 0.007918	0.000950 0.002350	0.000535 0.002674	0.001912 0.007224	0.001036 0.002725	0.000717 0.002141	0.002198 0.005829	
2 64 2 3.550000	0.016727 0.004171	0.999718 0.000141	0.144544 0.008849	0.024876 0.008298	0.002784 0.007230	0.000460 0.002299	0.001309 0.004668	0.001453 0.007266	0.001619 0.008093	0.000000 0.000000	0.000973 0.003501	
2 64 2 3.560000	0.018475 0.003341	0.999657 0.000123	0.144025 0.009594	0.024548 0.006777	0.004303 0.008934	0.000562 0.002254	0.000000 0.000000	0.001882 0.004467	0.001408 0.006280	0.001243 0.006214	0.001827 0.007384	
2 64 2 3.570000	0.018712 0.004232	0.999648 0.000158	0.141945 0.009439	0.021383 0.009520	0.002505 0.005533	0.002937 0.006721	0.000295 0.001474	0.001150 0.005751	0.000000 0.000000	0.001444 0.005760	0.001708 0.006264	
2 64 2 3.580000	0.017614 0.003385	0.999688 0.000121	0.143249 0.009883	0.020302 0.006983	0.003204 0.006668	0.000682 0.002902	0.002967 0.008643	0.001717 0.008585	0.000983 0.004914	0.001449 0.005421	0.002910 0.007956	
2 64 2 3.590000	0.017239 0.008438	0.999696 0.000287	0.145314 0.009674	0.018348 0.009564	0.003312 0.008938	0.001397 0.004155	0.002294 0.008979	0.001677 0.008383	0.000947 0.002437	0.000567 0.003621	0.000888 0.004438	
2 64 2 3.600000	0.016852 0.007728	0.999705 0.000269	0.142212 0.006283	0.019585 0.006573	0.004930 0.007817	0.001035 0.005176	0.002972 0.005934	0.000267 0.001337	0.002656 0.009846	0.002375 0.007012	0.000600 0.002310	
2 64 2 3.610000	0.015518 0.008836	0.999748 0.000267	0.146357 0.007110	0.023862 0.007272	0.001460 0.007550	0.000000 0.000000	0.002213 0.007890	0.000530 0.002651	0.004047 0.009937	0.000686 0.003431	0.002194 0.005037	
2 64 2 3.620000	0.015778 0.003620	0.999749 0.000115	0.144722 0.009794	0.021314 0.005463	0.001978 0.006036	0.004246 0.005900	0.001436 0.003236	0.003174 0.009696	0.003082 0.006557	0.000244 0.000671	0.000534 0.001671	
2 64 2 3.630000	0.017441 0.002575	0.999695 0.000088	0.142448 0.009964	0.023454 0.005806	0.003958 0.005467	0.000334 0.000882	0.002699 0.005580	0.001946 0.005369	0.001374 0.006868	0.001754 0.005673	0.001193 0.004558	
2 64 2 3.640000	0.015294 0.004382	0.999764 0.000139	0.145425 0.009177	0.025820 0.005831	0.002249 0.006390	0.000726 0.004084	0.002414 0.006619	0.002268 0.009332	0.002181 0.005533	0.002267 0.005476	0.002961 0.008279	
2 64 2 3.650000	0.017366 0.004916	0.999694 0.000173	0.140898 0.009134	0.019467 0.008549	0.003160 0.008812	0.001508 0.007392	0.003248 0.007475	0.002813 0.008316	0.000622 0.001768	0.000000 0.000000	0.001689 0.004173	
2 64 2 3.660000	0.016104 0.004138	0.999739 0.000136	0.138232 0.008314	0.019536 0.009701	0.002660 0.007544	0.001932 0.004798	0.002893 0.005806	0.001088 0.003955	0.001090 0.004601	0.000704 0.002172	0.002608 0.006810	
2 64 2 3.670000	0.017227 0.006934	0.999697 0.000247	0.141335 0.009973	0.023960 0.006679	0.002652 0.006962	0.002637 0.009006	0.002657 0.007184	0.002562 0.009560	0.001648 0.008241	0.001706 0.006762	0.001271 0.004536	
2 64 2 3.680000	0.017336 0.006220	0.999694 0.000219	0.136051 0.009145	0.018337 0.007309	0.003655 0.005980	0.000132 0.000632	0.000715 0.003006	0.002252 0.009903	0.000160 0.000798	0.002690 0.009940	0.002270 0.004701	
2 64 2 3.690000	0.016920 0.001567	0.999713 0.000053	0.139858 0.008814	0.017933 0.009506	0.001400 0.005077	0.002583 0.008965	0.002625 0.009930	0.000715 0.003567	0.000467 0.002463	0.001374 0.006433	0.001776 0.005727	
2 64 2 3.700000	0.018399 0.003543	0.999660 0.000132	0.136914 0.009882	0.015875 0.007725	0.004070 0.009422	0.000943 0.002312	0.003759 0.009154	0.001265 0.006324	0.001610 0.004339	0.000674 0.001923	0.000000 0.000000	
2 64 2 3.710000	0.018207 0.007292	0.999662 0.000251	0.139120 0.005366	0.017480 0.009900	0.002451 0.009548	0.002612 0.005426	0.001978 0.003793	0.000000 0.000000	0.001649 0.006693	0.002477 0.004969	0.000150 0.002213	
2 64 2 3.720000	0.018095 0.002967	0.999672 0.000107	0.139330 0.009999	0.021466 0.007338	0.001908 0.003551	0.001323 0.006578	0.001196 0.002339	0.000373 0.001865	0.000302 0.001510	0.001264 0.006318	0.000000 0.000000	
2 64 2 3.730000	0.016576 0.006058	0.999721 0.000206	0.137691 0.009984	0.022892 0.007200	0.000502 0.004961	0.002512 0.005896	0.002958 0.007982	0.001138 0.002796	0.000000 0.000000	0.000232 0.001162	0.002822 0.008614	
2 64 2 3.740000	0.016967 0.002649	0.999711 0.000093	0.137421 0.009778	0.017875 0.008581	0.002884 0.006344	0.000924 0.002326	0.000409 0.002046	0.002828 0.004900	0.002460 0.008288	0.002922 0.009870	0.003558 0.007556	
2 64 2 3.750000	0.016729 0.004464	0.999717 0.000155	0.135821 0.009539	0.017961 0.009428	0.000973 0.002849	0.001273 0.005428	0.001169 0.005843	0.000759 0.002807	0.002632 0.005428	0.002418 0.006616	0.001371 0.005369	
2 64 2 3.760000	0.017584 0.004192	0.999688 0.000153	0.134425 0.009752	0.020185 0.009547	0.001184 0.005920	0.001163 0.003011	0.000947 0.004737	0.002418 0.005404	0.000240 0.001198	0.001815 0.003595	0.000000 0.000000	
2 64 2 3.770000	0.017621 0.004008	0.999688 0.000140	0.134781 0.005776	0.021859 0.008943	0.003318 0.008070	0.000458 0.002626	0.001343 0.006713	0.000733 0.003665	0.000960 0.003153	0.000985 0.003230	0.001793 0.006192	
2 64 2 3.780000	0.017931 0.004521	0.999675 0.000162	0.136578 0.009703	0.018841 0.005411	0.002428 0.008616	0.003308 0.005266	0.001227 0.004611	0.000000 0.000000	0.000493 0.001957	0.000392 0.001272	0.001883 0.004986	
2 64 2 3.790000	0.016291 0.005911	0.999729 0.000201	0.134358 0.007756	0.018981 0.009468	0.005538 0.007072	0.000000 0.000000	0.000867 0.004335	0.001042 0.005210	0.001711 0.004843	0.000179 0.000894	0.002888 0.005906	
2 64 2 3.800000	0.016253 0.003976	0.999734 0.000125	0.135225 0.009781	0.016748 0.006867	0.002273 0.007163	0.000305 0.001526	0.001964 0.005629	0.002292 0.007739	0.000724 0.002793	0.002245 0.007578	0.000000 0.000000	
2 64 2 3.810000	0.017080 0.006169	0.999703 0.000226	0.137050 0.008078	0.016461 0.007997	0.003335 0.006510	0.000177 0.000883	0.001953 0.007044	0.001477 0.006440	0.004037 0.009749	0.003599 0.007198	0.000573 0.001946	
2 64 2 3.820000	0.018027 0.005254	0.999671 0.000184	0.133783 0.009682	0.019685 0.009467	0.002882 0.004018	0.003027 0.006179	0.001880 0.004314	0.000937 0.004683	0.000870 0.003493	0.002544 0.006029	0.001149 0.003954	
2 64 2 3.830000	0.015022 0.007553	0.999767 0.000242	0.134860 0.007586	0.018331 0.009964	0.001988 0.005214	0.002617 0.006260	0.000104 0.000518	0.002563 0.005970	0.003561 0.007571	0.001279 0.004138	0.000496 0.002478	
2 64 2 3.840000	0.015395 0.008320	0.999755 0.000245	0.132661 0.009095	0.016572 0.007308	0.001983 0.007583	0.000000 0.000000	0.002479 0.006693	0.000658 0.006234	0.003077 0.007888	0.000000 0.000000	0.001267 0.003556	
2 64 2 3.850000	0.015619 0.003743	0.999754 0.000112	0.128239 0.009291	0.019144 0.008457	0.003947 0.008397	0.001189 0.008484	0.000609 0.001678	0.002080 0.004992	0.000977 0.003173	0.002745 0.008333	0.000952 0.004759	
2 64 2 3.860000	0.017485 0.004858	0.999690 0.000163	0.131130 0.009363	0.018219 0.008523	0.002454 0.006571	0.001870 0.006860	0.004049 0.009692	0.002341 0.007908	0.002337 0.008116	0.000089 0.002267	0.003836 0.009258	
2 64 2 3.870000	0.016938 0.002497	0.999712 0.000085	0.132560 0.005988	0.017069 0.009921	0.000171 0.000856	0.001335 0.006674	0.002008 0.004525	0.000840 0.002210	0.000363 0.001633	0.000000 0.000000	0.001530 0.005779	
2 64 2 3.880000	0.015695 0.007291	0.999746 0.000245	0.132109 0.005560	0.016690 0.009491	0.003520 0.009441	0.001718 0.003004	0.000293 0.001464	0.001065 0.003241	0.000221 0.000698	0.002171 0.005265	0.000202 0.001010	
2 64 2 3.890000	0.016298 0.008464	0.999726 0.000285	0.132726 0.009391	0.016192 0.008787	0.002518 0.008713	0.001814 0.003582	0.000875 0.004376	0.002680 0.006008	0.003377 0.009659	0.002169 0.005923	0.007325 0.009875	
2 64 2 3.900000	0.016252 0.004615	0.999733 0.000148	0.130939 0.007279	0.015178 0.008475	0.000454 0.002248	0.000692 0.001995	0.000782 0.002495	0.000336 0.001681	0.002448 0.008312	0.002560 0.006962	0.003711 0.008022	
2 64 2 3.910000	0.017115 0.004747	0.999704 0.000161	0.130791 0.005688	0.017913 0.009860	0.003924 0.007022	0.000402 0.001384	0.001093 0.002709	0.001609 0.006356	0.000190 0.000589	0.000809 0.001656	0.000412 0.000821	
2 64 2 3.920000	0.016199 0.006922	0.999733 0.000229	0.131269 0.007747	0.016447 0.008519	0.003383 0.009618	0.000678 0.002513	0.002830 0.008835	0.001401 0.007007	0.000150 0.000750	0.000323 0.001614	0.001225 0.003643	
2 64 2 3.930000	0.016183 0.003836	0.999736 0.000129	0.131944 0.008761	0.016273 0.008864	0.003342 0.009306	0.002162 0.005574	0.001451 0.004741	0.000232 0.001159	0.002404 0.007670	0.001505 0.004056	0.000303 0.001516	
2 64 2 3.940000	0.016520 0.004329	0.999724 0.000147	0.129409 0.002362	0.016556 0.007947	0.002362 0.008757	0.000000 0.000000	0.000721 0.003606	0.000000 0.000000	0.000154 0.000768	0.001520 0.005983	0.003780 0.009419	
2 64 2 3.950000	0.017390 0.003098	0.999697 0.000107	0.129981 0.001190	0.014229 0.006867	0.001974 0.008730	0.001630 0.005520	0.003500 0.007665	0.001566 0.007828	0.001492 0.003607	0.002789 0.008271	0.001467 0.007333	
2 64 2 3.960000	0.016113 0.004483	0.999738 0.000151	0.128586 0.009634	0.017511 0.008941	0.006992 0.009079	0.003054 0.008742	0.000687 0.002571	0.000477 0.002540	0.003618 0.008742	0.000000 0.000000	0.003638 0.006295	
2 64 2 3.970000	0.017087 0.006464	0.999703 0.000230	0.130509 0.009920	0.017861 0.004402	0.000990 0.003256	0.000619 0.001831	0.000579 0.002515	0.001092 0.003460	0.000836 0.004178	0.002275 0.004979	0.001344 0.003977	
2 64 2 3.980000	0.017074 0.004862	0.999704 0.000161	0.129416 0.009795	0.015842 0.002959	0.001764 0.002694	0.000633 0.002049	0.003081 0.009879	0.000000 0.000000	0.001438 0.004365	0.000842 0.004208	0.002700 0.005808	
2 64 2 3.990000	0.017688 0.007190	0.999682 0.000257	0.130107 0.009680	0.017456 0.006357	0.003453 0.007514	0.001343 0.006717	0.000000 0.000000	0.000749 0.003743	0.000522 0.002608	0.001613 0.004491	0.004447 0.006948	
2 64 2 4.000000	0.016295 0.001628	0.999734 0.000054	0.126241 0.007678	0.014563 0.009974	0.002143 0.006430	0.000000 0.000000	0.000419 0.001979	0.001569 0.003587	0.001940 0.007062	0.000630 0.003388	0.000875 0.003297	
