2 10 2 0.000000	1.000000 0.000000	0.000000 0.000000	0.000000 0.000000	0.000000 0.000000	0.000000 0.000000	0.000000 0.000000	
2 10 2 0.010000	1.000000 0.000000	0.000000 0.000000	0.000000 0.000000	0.000000 0.000000	0.000000 0.000000	0.000000 0.000000	
2 10 2 0.020000	1.000000 0.000000	0.000000 0.000000	0.000000 0.000000	0.000000 0.000000	0.000000 0.000000	0.000000 0.000000	
2 10 2 0.030000	1.000000 0.000000	0.000000 0.000000	0.000000 0.000000	0.000000 0.000000	0.000000 0.000000	0.000000 0.000000	
2 10 2 0.040000	1.000000 0.000000	0.000000 0.000000	0.000000 0.000000	0.000000 0.000000	0.000000 0.000000	0.000000 0.000000	
2 10 2 0.050000	1.000000 0.000000	0.000000 0.000000	0.000000 0.000000	0.000000 0.000000	0.000000 0.000000	0.000000 0.000000	
2 10 2 0.060000	1.000000 0.000000	0.000000 0.000000	0.000000 0.000000	0.000000 0.000000	0.000000 0.000000	0.000000 0.000000	
2 10 2 0.070000	1.000000 0.000000	0.000000 0.000000	0.000000 0.000000	0.000000 0.000000	0.000000 0.000000	0.000000 0.000000	
2 10 2 0.080000	1.000000 0.000000	0.000000 0.000000	0.000000 0.000000	0.000000 0.000000	0.000000 0.000000	0.000000 0.000000	
2 10 2 0.090000	1.000000 0.000000	0.000000 0.000000	0.000000 0.000000	0.000000 0.000000	0.000000 0.000000	0.000000 0.000000	
2 10 2 0.100000	1.000000 0.000000	0.000000 0.000000	0.000000 0.000000	0.000000 0.000000	0.000000 0.000000	0.000000 0.000000	
2 10 2 0.110000	1.000000 0.000000	0.000000 0.000000	0.000000 0.000000	0.000000 0.000000	0.000000 0.000000	0.000000 0.000000	
2 10 2 0.120000	1.000000 0.000000	0.000000 0.000000	0.000000 0.000000	0.000000 0.000000	0.000000 0.000000	0.000000 0.000000	
2 10 2 0.130000	1.000000 0.000000	0.000000 0.000000	0.000000 0.000000	0.000000 0.000000	0.000000 0.000000	0.000000 0.000000	
2 10 2 0.140000	1.000000 0.000000	0.000000 0.000000	0.000000 0.000000	0.000000 0.000000	0.000000 0.000000	0.000000 0.000000	
2 10 2 0.150000	1.000000 0.000000	0.000000 0.000000	0.000000 0.000000	0.000000 0.000000	0.000000 0.000000	0.000000 0.000000	
2 10 2 0.160000	1.000000 0.000000	0.000000 0.000000	0.000000 0.000000	0.000000 0.000000	0.000000 0.000000	0.000000 0.000000	
2 10 2 0.170000	1.000000 0.000000	0.000000 0.000000	0.000000 0.000000	0.000000 0.000000	0.000000 0.000000	0.000000 0.000000	
2 10 2 0.180000	1.000000 0.000000	0.000000 0.000000	0.000000 0.000000	0.000000 0.000000	0.000000 0.000000	0.000000 0.000000	
2 10 2 0.190000	1.000000 0.000000	0.000000 0.000000	0.000000 0.000000	0.000000 0.000000	0.000000 0.000000	0.000000 0.000000	
2 10 2 0.200000	1.000000 0.000000	0.000000 0.000000	0.000000 0.000000	0.000000 0.000000	0.000000 0.000000	0.000000 0.000000	
2 10 2 0.210000	1.000000 0.000000	0.000000 0.000000	0.000000 0.000000	0.000000 0.000000	0.000000 0.000000	0.000000 0.000000	
2 10 2 0.220000	1.000000 0.000000	0.000000 0.000000	0.000000 0.000000	0.000000 0.000000	0.000000 0.000000	0.000000 0.000000	
2 10 2 0.230000	1.000000 0.000000	0.000000 0.000000	0.000000 0.000000	0.000000 0.000000	0.000000 0.000000	0.000000 0.000000	
2 10 2 0.240000	1.000000 0.000000	0.000000 0.000000	0.000000 0.000000	0.000000 0.000000	0.000000 0.000000	0.000000 0.000000	
2 10 2 0.250000	1.000000 0.000000	0.000000 0.000000	0.000000 0.000000	0.000000 0.000000	0.000000 0.000000	0.000000 0.000000	
2 10 2 0.260000	1.000000 0.000000	0.000000 0.000000	0.000000 0.000000	0.000000 0.000000	0.000000 0.000000	0.000000 0.000000	
2 10 2 0.270000	1.000000 0.000000	0.000000 0.000000	0.000000 0.000000	0.000000 0.000000	0.000000 0.000000	0.000000 0.000000	
2 10 2 0.280000	1.000000 0.000000	0.000000 0.000000	0.000000 0.000000	0.000000 0.000000	0.000000 0.000000	0.000000 0.000000	
2 10 2 0.290000	1.000000 0.000000	0.000000 0.000000	0.000000 0.000000	0.000000 0.000000	0.000000 0.000000	0.000000 0.000000	
2 10 2 0.300000	1.000000 0.000000	0.000000 0.000000	0.000000 0.000000	0.000000 0.000000	0.000000 0.000000	0.000000 0.000000	
2 10 2 0.310000	1.000000 0.000000	0.000000 0.000000	0.000000 0.000000	0.000000 0.000000	0.000000 0.000000	0.000000 0.000000	
2 10 2 0.320000	1.000000 0.000000	0.000000 0.000000	0.000000 0.000000	0.000000 0.000000	0.000000 0.000000	0.000000 0.000000	
2 10 2 0.330000	1.000000 0.000000	0.000000 0.000000	0.000000 0.000000	0.000000 0.000000	0.000000 0.000000	0.000000 0.000000	
2 10 2 0.340000	1.000000 0.000000	0.000000 0.000000	0.000000 0.000000	0.000000 0.000000	0.000000 0.000000	0.000000 0.000000	
2 10 2 0.350000	1.000000 0.000000	0.000000 0.000000	0.000000 0.000000	0.000000 0.000000	0.000000 0.000000	0.000000 0.000000	
2 10 2 0.360000	1.000000 0.000000	0.000000 0.000000	0.000000 0.000000	0.000000 0.000000	0.000000 0.000000	0.000000 0.000000	
2 10 2 0.370000	1.000000 0.000000	0.000000 0.000000	0.000000 0.000000	0.000000 0.000000	0.000000 0.000000	0.000000 0.000000	
2 10 2 0.380000	1.000000 0.000000	0.000000 0.000000	0.000000 0.000000	0.000000 0.000000	0.000000 0.000000	0.000000 0.000000	
2 10 2 0.390000	1.000000 0.000000	0.000000 0.000000	0.000000 0.000000	0.000000 0.000000	0.000000 0.000000	0.000000 0.000000	
2 10 2 0.400000	1.000000 0.000000	0.000000 0.000000	0.000000 0.000000	0.000000 0.000000	0.000000 0.000000	0.000000 0.000000	
2 10 2 0.410000	1.000000 0.000000	0.000000 0.000000	0.000000 0.000000	0.000000 0.000000	0.000000 0.000000	0.000000 0.000000	
2 10 2 0.420000	1.000000 0.000000	0.000000 0.000000	0.000000 0.000000	0.000000 0.000000	0.000000 0.000000	0.000000 0.000000	
2 10 2 0.430000	1.000000 0.000000	0.000000 0.000000	0.000000 0.000000	0.000000 0.000000	0.000000 0.000000	0.000000 0.000000	
2 10 2 0.440000	1.000000 0.000000	0.000000 0.000000	0.000000 0.000000	0.000000 0.000000	0.000000 0.000000	0.000000 0.000000	
2 10 2 0.450000	1.000000 0.000000	0.000000 0.000000	0.000000 0.000000	0.000000 0.000000	0.000000 0.000000	0.000000 0.000000	
2 10 2 0.460000	1.000000 0.000000	0.000000 0.000000	0.000000 0.000000	0.000000 0.000000	0.000000 0.000000	0.000000 0.000000	
2 10 2 0.470000	1.000000 0.000000	0.000000 0.000000	0.000000 0.000000	0.000000 0.000000	0.000000 0.000000	0.000000 0.000000	
2 10 2 0.480000	1.000000 0.000000	0.000000 0.000000	0.000000 0.000000	0.000000 0.000000	0.000000 0.000000	0.000000 0.000000	
2 10 2 0.490000	1.000000 0.000000	0.000000 0.000000	0.000000 0.000000	0.000000 0.000000	0.000000 0.000000	0.000000 0.000000	
2 10 2 0.500000	1.000000 0.000000	0.000000 0.000000	0.000000 0.000000	0.000000 0.000000	0.000000 0.000000	0.000000 0.000000	
2 10 2 0.510000	1.000000 0.000000	0.000000 0.000000	0.000000 0.000000	0.000000 0.000000	0.000000 0.000000	0.000000 0.000000	
2 10 2 0.520000	1.000000 0.000000	0.000000 0.000000	0.000000 0.000000	0.000000 0.000000	0.000000 0.000000	0.000000 0.000000	
2 10 2 0.530000	1.000000 0.000000	0.000000 0.000000	0.000000 0.000000	0.000000 0.000000	0.000000 0.000000	0.000000 0.000000	
2 10 2 0.540000	1.000000 0.000000	0.000000 0.000000	0.000000 0.000000	0.000000 0.000000	0.000000 0.000000	0.000000 0.000000	
2 10 2 0.550000	1.000000 0.000000	0.000000 0.000000	0.000000 0.000000	0.000000 0.000000	0.000000 0.000000	0.000000 0.000000	
2 10 2 0.560000	1.000000 0.000000	0.000000 0.000000	0.000000 0.000000	0.000000 0.000000	0.000000 0.000000	0.000000 0.000000	
2 10 2 0.570000	1.000000 0.000000	0.000000 0.000000	0.000000 0.000000	0.000000 0.000000	0.000000 0.000000	0.000000 0.000000	
2 10 2 0.580000	1.000000 0.000000	0.000000 0.000000	0.000000 0.000000	0.000000 0.000000	0.000000 0.000000	0.000000 0.000000	
2 10 2 0.590000	1.000000 0.000000	0.000000 0.000000	0.000000 0.000000	0.000000 0.000000	0.000000 0.000000	0.000000 0.000000	
2 10 2 0.600000	1.000000 0.000000	0.000000 0.000000	0.000000 0.000000	0.000000 0.000000	0.000000 0.000000	0.000000 0.000000	
2 10 2 0.610000	1.000000 0.000000	0.000000 0.000000	0.000000 0.000000	0.000000 0.000000	0.000000 0.000000	0.000000 0.000000	
2 10 2 0.620000	1.000000 0.000000	0.000000 0.000000	0.000000 0.000000	0.000000 0.000000	0.000000 0.000000	0.000000 0.000000	
2 10 2 0.630000	1.000000 0.000000	0.000000 0.000000	0.000000 0.000000	0.000000 0.000000	0.000000 0.000000	0.000000 0.000000	
2 10 2 0.640000	1.000000 0.000000	0.000000 0.000000	0.000000 0.000000	0.000000 0.000000	0.000000 0.000000	0.000000 0.000000	
2 10 2 0.650000	0.998667 0.003333	0.002662 0.006656	0.001331 0.006656	0.001331 0.006656	0.000000 0.000000	0.001331 0.006656	
2 10 2 0.660000	1.000000 0.000000	0.000000 0.000000	0.000000 0.000000	0.000000 0.000000	0.000000 0.000000	0.000000 0.000000	
2 10 2 0.670000	1.000000 0.000000	0.000000 0.000000	0.000000 0.000000	0.000000 0.000000	0.000000 0.000000	0.000000 0.000000	
2 10 2 0.680000	1.000000 0.000000	0.000000 0.000000	0.000000 0.000000	0.000000 0.000000	0.000000 0.000000	0.000000 0.000000	
2 10 2 0.690000	0.999000 0.005000	0.001995 0.009975	0.001995 0.009975	0.000000 0.000000	0.000000 0.000000	0.000000 0.000000	
2 10 2 0.700000	1.000000 0.000000	0.000000 0.000000	0.000000 0.000000	0.000000 0.000000	0.000000 0.000000	0.000000 0.000000	
2 10 2 0.710000	1.000000 0.000000	0.000000 0.000000	0.000000 0.000000	0.000000 0.000000	0.000000 0.000000	0.000000 0.000000	
2 10 2 0.720000	0.999000 0.005000	0.001995 0.009975	0.000000 0.000000	0.001995 0.009975	0.001995 0.009975	0.000000 0.000000	
2 10 2 0.730000	0.995667 0.005000	0.008644 0.009958	0.004076 0.007772	0.000999 0.004994	0.002978 0.009653	0.000833 0.003331	
2 10 2 0.740000	1.000000 0.000000	0.000000 0.000000	0.000000 0.000000	0.000000 0.000000	0.000000 0.000000	0.000000 0.000000	
2 10 2 0.750000	1.000000 0.000000	0.000000 0.000000	0.000000 0.000000	0.000000 0.000000	0.000000 0.000000	0.000000 0.000000	
2 10 2 0.760000	0.994667 0.002424	0.010637 0.004822	0.000418 0.002089	0.001282 0.006146	0.002713 0.009956	0.000637 0.003187	
2 10 2 0.770000	1.000000 0.000000	0.000000 0.000000	0.000000 0.000000	0.000000 0.000000	0.000000 0.000000	0.000000 0.000000	
2 10 2 0.780000	1.000000 0.000000	0.000000 0.000000	0.000000 0.000000	0.000000 0.000000	0.000000 0.000000	0.000000 0.000000	
2 10 2 0.790000	0.989091 0.005000	0.021696 0.009880	0.004046 0.009001	0.001013 0.005066	0.000000 0.000000	0.001252 0.006261	
2 10 2 0.800000	0.984950 0.004000	0.029871 0.007880	0.002755 0.009811	0.000206 0.000881	0.002437 0.009186	0.001508 0.005455	
2 10 2 0.810000	0.987027 0.003784	0.025776 0.007463	0.003548 0.006605	-0.000344 0.001722	0.000987 0.003110	0.001121 0.005603	
2 10 2 0.820000	0.982542 0.005085	0.034607 0.009990	0.003266 0.009248	0.000371 0.001855	0.000000 0.000000	0.001808 0.003775	
2 10 2 0.830000	0.978928 0.003333	0.041700 0.006528	0.001808 0.003594	0.000417 0.002085	0.001570 0.006952	0.001944 0.009722	
2 10 2 0.840000	0.977072 0.004536	0.045327 0.008863	0.004259 0.009936	0.003772 0.009296	0.000063 0.000314	0.000840 0.003469	
2 10 2 0.850000	0.975309 0.005021	0.048770 0.009783	0.006686 0.003388	0.001485 0.004878	0.000540 0.002702	0.002399 0.007123	
2 10 2 0.860000	1.000000 0.000000	0.000000 0.000000	0.000000 0.000000	0.000000 0.000000	0.000000 0.000000	0.000000 0.000000	
2 10 2 0.870000	0.969293 0.004790	0.060466 0.009287	0.012216 0.009144	0.001821 0.004110	0.003153 0.009488	0.005554 0.009075	
2 10 2 0.880000	0.967388 0.002732	0.064159 0.005287	0.014456 0.009370	0.002467 0.006659	0.003380 0.008022	0.004197 0.009622	
2 10 2 0.890000	0.962588 0.004557	0.073422 0.008772	0.012135 0.009137	0.001057 0.002512	0.001163 0.003144	0.002004 0.006176	
2 10 2 0.900000	0.961458 0.004922	0.075595 0.009466	0.014113 0.009333	0.002075 0.006756	0.001771 0.003993	0.000743 0.003076	
2 10 2 0.910000	0.959432 0.004973	0.079488 0.009552	0.012360 0.006765	0.002744 0.009256	0.000148 0.000742	0.003675 0.007885	
2 10 2 0.920000	0.954732 0.004930	0.088482 0.009407	0.014984 0.009423	0.003354 0.009055	0.001046 0.005228	0.000703 0.001978	
2 10 2 0.930000	0.948660 0.004711	0.100042 0.008944	0.018826 0.007168	0.006465 0.009653	0.001620 0.005839	0.000089 0.000445	
2 10 2 0.940000	0.947630 0.005210	0.101993 0.009876	0.022017 0.008973	0.000756 0.003008	0.001564 0.005033	0.002204 0.006770	
2 10 2 0.950000	0.942455 0.004276	0.111775 0.008060	0.026238 0.007427	0.005336 0.009773	0.002482 0.008670	0.001139 0.004122	
2 10 2 0.960000	0.938416 0.004855	0.119372 0.009112	0.024414 0.009376	0.005831 0.009770	0.000343 0.002054	0.001537 0.007683	
2 10 2 0.970000	0.931322 0.004889	0.132635 0.009103	0.029413 0.009354	0.002953 0.007921	0.000997 0.004985	0.002256 0.007801	
2 10 2 0.980000	0.927752 0.005246	0.139273 0.009729	0.030101 0.009660	0.008448 0.009435	0.002478 0.009236	0.001330 0.004514	
2 10 2 0.990000	0.919816 0.003713	0.153936 0.006831	0.037457 0.008602	0.010246 0.005719	0.003789 0.008608	0.002757 0.007871	
2 10 2 1.000000	0.917912 0.005354	0.157432 0.009834	0.037085 0.009452	0.011587 0.004301	0.003254 0.006842	0.002310 0.004786	
2 10 2 1.010000	0.911202 0.004642	0.169707 0.008461	0.043593 0.006831	0.013142 0.009876	0.005666 0.006025	0.004356 0.009947	
2 10 2 1.020000	0.902698 0.005000	0.185133 0.009029	0.049471 0.005623	0.021394 0.003192	0.008936 0.009006	0.004208 0.009705	
2 10 2 1.030000	0.895774 0.003049	0.197588 0.005462	0.054411 0.005294	0.023125 0.008435	0.011494 0.009843	0.004867 0.007184	
2 10 2 1.040000	0.884121 0.005000	0.218328 0.008837	0.062045 0.007367	0.026963 0.008332	0.012719 0.009556	0.005262 0.004672	
2 10 2 1.050000	0.880756 0.005593	0.224264 0.009858	0.066011 0.003769	0.024330 0.004469	0.010912 0.008598	0.005666 0.003493	
2 10 2 1.060000	0.872736 0.004465	0.238328 0.007794	0.072988 0.006833	0.025991 0.009944	0.012986 0.005721	0.007676 0.007327	
2 10 2 1.070000	0.863914 0.005481	0.253648 0.009473	0.078627 0.009377	0.028333 0.007928	0.011893 0.007336	0.005487 0.008551	
2 10 2 1.080000	0.852266 0.003612	0.273640 0.006151	0.086594 0.006955	0.036722 0.002678	0.017962 0.009551	0.008322 0.009995	
2 10 2 1.090000	0.844569 0.005735	0.286699 0.009692	0.092018 0.009925	0.037641 0.009798	0.016731 0.009132	0.012575 0.007718	
2 10 2 1.100000	0.830433 0.005999	0.310376 0.009956	0.106679 0.009678	0.044627 0.003751	0.021756 0.008207	0.013572 0.007927	
2 10 2 1.110000	0.815906 0.005700	0.334294 0.009306	0.115108 0.009271	0.052670 0.005264	0.024309 0.005391	0.018581 0.004229	
2 10 2 1.120000	0.810446 0.004879	0.343174 0.007903	0.120433 0.009436	0.049702 0.009557	0.026452 0.009618	0.013685 0.005339	
2 10 2 1.130000	0.795889 0.005256	0.366556 0.008367	0.133171 0.009939	0.059053 0.004517	0.030303 0.006135	0.018368 0.005470	
2 10 2 1.140000	0.784547 0.006141	0.384481 0.009639	0.139103 0.008079	0.063513 0.009048	0.034646 0.005266	0.019646 0.004910	
2 10 2 1.150000	0.771263 0.006395	0.405148 0.009872	0.150680 0.008714	0.068210 0.007113	0.035290 0.004126	0.019483 0.003690	
2 10 2 1.160000	0.759143 0.005425	0.423698 0.008234	0.158057 0.008891	0.072376 0.009068	0.037906 0.003440	0.019522 0.009923	
2 10 2 1.170000	0.741336 0.006737	0.450415 0.009994	0.171930 0.007320	0.079348 0.009216	0.039550 0.007337	0.021989 0.004162	
2 10 2 1.180000	0.726403 0.006543	0.472333 0.009502	0.185050 0.009901	0.088466 0.008517	0.047981 0.008724	0.026194 0.006372	
2 10 2 1.190000	0.708256 0.004107	0.498371 0.005824	0.196794 0.005223	0.095352 0.009354	0.048670 0.004948	0.029306 0.009992	
2 10 2 1.200000	0.697595 0.007094	0.513352 0.009898	0.205565 0.007671	0.096998 0.008812	0.051185 0.005376	0.028820 0.005385	
2 10 2 1.210000	0.685559 0.007010	0.530003 0.009604	0.210756 0.009964	0.101631 0.009689	0.050767 0.009299	0.030343 0.006403	
2 10 2 1.220000	0.669315 0.005699	0.552013 0.007637	0.222235 0.007996	0.104454 0.009984	0.052503 0.004969	0.028297 0.004257	
2 10 2 1.230000	0.657044 0.002980	0.568292 0.003915	0.227108 0.008167	0.103108 0.008650	0.053441 0.007921	0.029838 0.009830	
2 10 2 1.240000	0.636692 0.005606	0.594620 0.007141	0.242005 0.009901	0.115823 0.008137	0.060462 0.005482	0.032140 0.008356	
2 10 2 1.250000	0.623834 0.007173	0.610826 0.008949	0.248687 0.009448	0.117037 0.004244	0.060611 0.009985	0.029137 0.009182	
2 10 2 1.260000	0.608437 0.006884	0.629798 0.008369	0.257348 0.009926	0.120219 0.007811	0.059974 0.007897	0.030369 0.006046	
2 10 2 1.270000	0.595579 0.008316	0.645278 0.009892	0.264402 0.007108	0.124402 0.002845	0.062535 0.003875	0.032883 0.002404	
2 10 2 1.280000	0.582932 0.005397	0.660187 0.006294	0.268672 0.009911	0.127054 0.004295	0.063138 0.006098	0.032672 0.003481	
2 10 2 1.290000	0.568139 0.006980	0.677212 0.007947	0.278974 0.004795	0.128933 0.008264	0.064421 0.004713	0.029811 0.009961	
2 10 2 1.300000	0.552730 0.008940	0.694480 0.009889	0.282651 0.006406	0.131305 0.002909	0.064019 0.002658	0.030607 0.009775	
2 10 2 1.310000	0.538496 0.006134	0.710017 0.006601	0.289717 0.009071	0.135539 0.006756	0.065863 0.009799	0.029780 0.006473	
2 10 2 1.320000	0.527018 0.009344	0.722240 0.009831	0.293480 0.007579	0.136438 0.006947	0.064207 0.007732	0.029814 0.009924	
2 10 2 1.330000	0.514056 0.006513	0.735742 0.006700	0.301083 0.009766	0.135007 0.008731	0.062297 0.007619	0.027891 0.009749	
2 10 2 1.340000	0.500243 0.005051	0.749752 0.005051	0.305105 0.005776	0.141222 0.005002	0.063248 0.009975	0.028520 0.008239	
2 10 2 1.350000	0.488511 0.009722	0.761343 0.009463	0.306789 0.008395	0.143490 0.009583	0.066288 0.006065	0.028358 0.009804	
2 10 2 1.360000	0.477213 0.008267	0.772256 0.007886	0.312620 0.009908	0.139414 0.009843	0.062256 0.006237	0.023808 0.006385	
2 10 2 1.370000	0.465799 0.009906	0.783015 0.009237	0.316095 0.003992	0.141100 0.007011	0.063711 0.006972	0.026526 0.009276	
2 10 2 1.380000	0.455511 0.009674	0.792496 0.008850	0.318327 0.008349	0.138398 0.006836	0.061547 0.008791	0.026443 0.009825	
2 10 2 1.390000	0.441895 0.009576	0.804717 0.008439	0.320123 0.009753	0.138288 0.009949	0.059671 0.009050	0.027777 0.008498	
2 10 2 1.400000	0.432347 0.009932	0.813064 0.008572	0.324859 0.002537	0.143010 0.007059	0.062050 0.006248	0.023116 0.009566	
2 10 2 1.410000	0.418219 0.004946	0.825091 0.004132	0.326797 0.005638	0.141895 0.009994	0.059299 0.008532	0.021704 0.007955	
2 10 2 1.420000	0.412144 0.005811	0.830133 0.004779	0.326822 0.003386	0.141765 0.009873	0.057360 0.009314	0.017568 0.004890	
2 10 2 1.430000	0.402114 0.008086	0.838297 0.006496	0.330331 0.008011	0.143291 0.009951	0.059714 0.007994	0.022416 0.003300	
2 10 2 1.440000	0.391980 0.009534	0.846339 0.007442	0.329925 0.006623	0.140038 0.009711	0.055673 0.008297	0.017242 0.008897	
2 10 2 1.450000	0.383121 0.003408	0.853217 0.002611	0.329346 0.010000	0.139914 0.009555	0.057357 0.008139	0.016763 0.006965	
2 10 2 1.460000	0.373392 0.009912	0.860567 0.007386	0.333551 0.002912	0.138047 0.006174	0.054250 0.009929	0.015792 0.007776	
2 10 2 1.470000	0.367195 0.005956	0.865164 0.004363	0.331772 0.009579	0.136332 0.009816	0.053654 0.006206	0.016528 0.009893	
2 10 2 1.480000	0.356717 0.008985	0.872742 0.006436	0.331260 0.009829	0.136327 0.009731	0.049606 0.009958	0.013888 0.006587	
2 10 2 1.490000	0.348914 0.006285	0.878254 0.004384	0.330084 0.008470	0.136002 0.008727	0.050850 0.009949	0.009684 0.009362	
2 10 2 1.500000	0.341906 0.006315	0.883095 0.004302	0.332217 0.009977	0.131743 0.004781	0.046480 0.008577	0.011139 0.009886	
2 10 2 1.510000	0.334430 0.007848	0.888149 0.005227	0.333161 0.005200	0.133980 0.009774	0.045742 0.008087	0.011265 0.008248	
2 10 2 1.520000	0.326529 0.009867	0.893365 0.006481	0.327869 0.006095	0.130007 0.008217	0.045948 0.009398	0.010365 0.009141	
2 10 2 1.530000	0.318291 0.006959	0.898684 0.004448	0.329999 0.009874	0.130288 0.009276	0.044319 0.009127	0.003318 0.006574	
2 10 2 1.540000	0.316762 0.007368	0.899654 0.004677	0.326960 0.007766	0.126382 0.009027	0.043379 0.004840	0.005488 0.009909	
2 10 2 1.550000	0.307725 0.003875	0.905304 0.002388	0.331364 0.009102	0.127982 0.009963	0.042589 0.008696	0.006061 0.009988	
2 10 2 1.560000	0.301304 0.009519	0.909199 0.005743	0.325330 0.004890	0.124725 0.007948	0.037476 0.009172	0.002980 0.007104	
2 10 2 1.570000	0.295438 0.009457	0.912703 0.005555	0.324922 0.006628	0.122776 0.009868	0.040169 0.009472	0.001542 0.005984	
2 10 2 1.580000	0.293277 0.004565	0.913986 0.002687	0.326783 0.006432	0.120639 0.009763	0.040565 0.009962	0.001697 0.003548	
2 10 2 1.590000	0.286991 0.009930	0.917626 0.005706	0.321957 0.007363	0.119757 0.004354	0.035898 0.009768	0.000532 0.001895	
2 10 2 1.600000	0.280171 0.009614	0.921493 0.005396	0.325107 0.006670	0.114141 0.009911	0.031801 0.007427	0.002175 0.003552	
2 10 2 1.610000	0.280005 0.007356	0.921588 0.004120	0.319919 0.009947	0.119248 0.009138	0.033666 0.004501	0.000674 0.002953	
2 10 2 1.620000	0.274191 0.009957	0.924803 0.005461	0.318489 0.007244	0.113061 0.007784	0.029680 0.004864	0.000000 0.000000	
2 10 2 1.630000	0.269456 0.006418	0.927388 0.003472	0.318375 0.008499	0.112685 0.009969	0.030152 0.004115	0.000000 0.000000	
2 10 2 1.640000	0.264046 0.009821	0.930267 0.005168	0.318710 0.005598	0.113962 0.009967	0.031373 0.008306	0.001112 0.003751	
2 10 2 1.650000	0.259264 0.009869	0.932771 0.005128	0.312960 0.008534	0.109232 0.004723	0.029533 0.008376	0.000000 0.000000	
2 10 2 1.660000	0.254876 0.007255	0.935031 0.003688	0.314043 0.005334	0.107825 0.009846	0.029349 0.008981	0.000000 0.000000	
2 10 2 1.670000	0.250624 0.009577	0.937176 0.004783	0.313143 0.003154	0.109160 0.009922	0.026153 0.009975	0.000000 0.000000	
2 10 2 1.680000	0.249157 0.002720	0.937920 0.001354	0.309662 0.009930	0.106109 0.006823	0.024623 0.007758	0.000246 0.000938	
2 10 2 1.690000	0.246059 0.009398	0.939443 0.004630	0.308659 0.007831	0.106102 0.007231	0.020176 0.009999	0.000000 0.000000	
2 10 2 1.700000	0.241538 0.006410	0.941652 0.003102	0.305020 0.009799	0.101622 0.003663	0.023497 0.007858	0.000000 0.000000	
2 10 2 1.710000	0.239432 0.007850	0.942662 0.003757	0.303587 0.007507	0.102162 0.009988	0.025216 0.006564	0.000262 0.001308	
2 10 2 1.720000	0.234380 0.008639	0.945054 0.004034	0.302115 0.009773	0.098049 0.009372	0.021856 0.007194	0.000000 0.000000	
2 10 2 1.730000	0.229512 0.005956	0.947320 0.002733	0.305570 0.009946	0.098917 0.008666	0.018349 0.008144	0.000000 0.000000	
2 10 2 1.740000	0.229476 0.009970	0.947328 0.004564	0.299786 0.007496	0.094766 0.009256	0.021271 0.009755	0.000000 0.000000	
2 10 2 1.750000	0.228755 0.009003	0.947662 0.004101	0.299192 0.009868	0.096348 0.008968	0.017389 0.006404	0.000000 0.000000	
2 10 2 1.760000	0.221865 0.008650	0.950767 0.003825	0.297715 0.009991	0.092016 0.008874	0.022111 0.009319	0.000000 0.000000	
2 10 2 1.770000	0.220027 0.009366	0.951577 0.004087	0.297033 0.007453	0.092786 0.009493	0.016433 0.009703	0.000000 0.000000	
2 10 2 1.780000	0.217297 0.009825	0.952766 0.004242	0.293918 0.008195	0.091555 0.008045	0.017785 0.007599	0.000000 0.000000	
2 10 2 1.790000	0.217555 0.009753	0.952660 0.004247	0.289258 0.009975	0.087884 0.008519	0.017347 0.008153	0.000000 0.000000	
2 10 2 1.800000	0.213246 0.009768	0.954514 0.004128	0.293857 0.006884	0.089265 0.009990	0.014211 0.008787	0.000000 0.000000	
2 10 2 1.810000	0.210760 0.006494	0.955575 0.002739	0.290183 0.009933	0.089374 0.008293	0.016520 0.003721	0.000000 0.000000	
2 10 2 1.820000	0.210358 0.004884	0.955746 0.002051	0.288581 0.009978	0.088426 0.009432	0.014453 0.008765	0.000000 0.000000	
2 10 2 1.830000	0.208526 0.010000	0.956505 0.004200	0.286549 0.004707	0.085428 0.008092	0.012959 0.005422	0.000000 0.000000	
2 10 2 1.840000	0.205785 0.007392	0.957645 0.003037	0.286037 0.009830	0.083338 0.009982	0.015702 0.007312	0.000000 0.000000	
2 10 2 1.850000	0.204724 0.009787	0.958078 0.004002	0.287206 0.008381	0.083664 0.007951	0.015701 0.008383	0.000000 0.000000	
2 10 2 1.860000	0.200350 0.008026	0.959852 0.003217	0.286972 0.008097	0.078767 0.009941	0.011195 0.004542	0.000000 0.000000	
2 10 2 1.870000	0.199069 0.003757	0.960369 0.001494	0.279246 0.009991	0.079727 0.007301	0.007675 0.005956	0.000000 0.000000	
2 10 2 1.880000	0.198733 0.009920	0.960491 0.003949	0.278104 0.008865	0.081480 0.009849	0.006101 0.005441	0.000000 0.000000	
2 10 2 1.890000	0.198015 0.007745	0.960782 0.003083	0.277358 0.005754	0.076002 0.009885	0.012463 0.005642	0.000000 0.000000	
2 10 2 1.900000	0.191678 0.003860	0.963258 0.001474	0.278868 0.007645	0.074232 0.009906	0.010517 0.009889	0.000000 0.000000	
2 10 2 1.910000	0.190789 0.007389	0.963592 0.002813	0.275444 0.008435	0.075398 0.006911	0.007193 0.009746	0.000000 0.000000	
2 10 2 1.920000	0.187110 0.009507	0.964972 0.003551	0.274734 0.009986	0.072759 0.004732	0.006078 0.003536	0.000000 0.000000	
2 10 2 1.930000	0.192221 0.008833	0.963036 0.003402	0.271503 0.008298	0.073872 0.009680	0.004422 0.009992	0.000000 0.000000	
2 10 2 1.940000	0.188726 0.005855	0.964379 0.002212	0.267360 0.006219	0.071425 0.008093	0.006019 0.009828	0.000000 0.000000	
2 10 2 1.950000	0.187251 0.009686	0.964926 0.003657	0.270810 0.009850	0.069373 0.007960	0.005912 0.008245	0.000000 0.000000	
2 10 2 1.960000	0.186384 0.008739	0.965249 0.003244	0.264937 0.009671	0.069906 0.009977	0.001848 0.003537	0.000000 0.000000	
2 10 2 1.970000	0.184778 0.005120	0.965853 0.001891	0.265327 0.009990	0.070293 0.009910	0.007852 0.007748	0.000000 0.000000	
2 10 2 1.980000	0.183133 0.008746	0.966452 0.003169	0.261434 0.005397	0.068170 0.009789	0.004903 0.009264	0.000000 0.000000	
2 10 2 1.990000	0.177914 0.005127	0.968343 0.001835	0.262128 0.005058	0.064606 0.009985	0.007885 0.009653	0.000000 0.000000	
2 10 2 2.000000	0.179901 0.004563	0.967632 0.001643	0.258450 0.006030	0.063001 0.009815	0.002145 0.009755	0.000000 0.000000	
2 10 2 2.010000	0.175922 0.006824	0.969046 0.002383	0.270097 0.008597	0.061949 0.009703	0.000395 0.001974	0.000000 0.000000	
2 10 2 2.020000	0.176508 0.000843	0.968845 0.000297	0.255895 0.009781	0.064768 0.006472	0.004306 0.008983	0.000000 0.000000	
2 10 2 2.030000	0.173169 0.004449	0.970010 0.001542	0.255424 0.009978	0.064772 0.009247	0.007146 0.008940	0.000000 0.000000	
2 10 2 2.040000	0.175492 0.009884	0.969190 0.003462	0.257093 0.009380	0.064342 0.009502	0.004834 0.009739	0.000000 0.000000	
2 10 2 2.050000	0.171428 0.005380	0.970609 0.001839	0.252153 0.009258	0.064658 0.006800	0.003489 0.009982	0.000000 0.000000	
2 10 2 2.060000	0.172397 0.003655	0.970278 0.001257	0.254161 0.009783	0.061544 0.009392	0.004165 0.009991	0.000000 0.000000	
2 10 2 2.070000	0.167817 0.009574	0.971825 0.003249	0.250385 0.009885	0.055700 0.009890	0.003071 0.005808	0.000000 0.000000	
2 10 2 2.080000	0.171667 0.009957	0.970517 0.003391	0.247854 0.008267	0.062069 0.008641	0.005758 0.009660	0.000000 0.000000	
2 10 2 2.090000	0.169793 0.008107	0.971162 0.002734	0.247992 0.008560	0.056990 0.009684	0.003416 0.009999	0.000000 0.000000	
2 10 2 2.100000	0.166510 0.009478	0.972263 0.003128	0.247930 0.009862	0.056838 0.008606	0.003128 0.008105	0.000000 0.000000	
2 10 2 2.110000	0.167661 0.005036	0.971886 0.001692	0.245706 0.008363	0.059404 0.009888	0.002898 0.005889	0.000000 0.000000	
2 10 2 2.120000	0.171265 0.006753	0.970662 0.002325	0.243440 0.008702	0.063023 0.005980	0.004821 0.009973	0.000000 0.000000	
2 10 2 2.130000	0.163651 0.006215	0.973214 0.002034	0.243446 0.007995	0.054870 0.009434	0.003682 0.009959	0.000000 0.000000	
2 10 2 2.140000	0.163679 0.007135	0.973204 0.002343	0.240555 0.008638	0.057535 0.009894	0.001618 0.005149	0.000000 0.000000	
2 10 2 2.150000	0.161512 0.009966	0.973899 0.003218	0.242812 0.008117	0.054731 0.009888	0.000415 0.002074	0.000000 0.000000	
2 10 2 2.160000	0.161385 0.007784	0.973948 0.002504	0.239501 0.004902	0.052128 0.009795	0.001689 0.008445	0.000000 0.000000	
2 10 2 2.170000	0.163241 0.007017	0.973345 0.002298	0.239103 0.007231	0.056684 0.009985	0.000000 0.000000	0.000000 0.000000	
2 10 2 2.180000	0.163194 0.009597	0.973349 0.003124	0.232968 0.004931	0.046057 0.008501	0.001975 0.007217	0.000000 0.000000	
2 10 2 2.190000	0.161140 0.009882	0.974022 0.003161	0.235472 0.008290	0.051785 0.007873	0.001846 0.008499	0.000000 0.000000	
2 10 2 2.200000	0.159014 0.008009	0.974706 0.002521	0.233070 0.009971	0.051752 0.009780	0.000000 0.000000	0.000000 0.000000	
2 10 2 2.210000	0.156899 0.006513	0.975377 0.002062	0.233576 0.009998	0.050470 0.009789	0.000798 0.003992	0.000000 0.000000	
2 10 2 2.220000	0.156866 0.008659	0.975381 0.002703	0.230553 0.009867	0.053978 0.003135	0.002687 0.008128	0.000000 0.000000	
2 10 2 2.230000	0.155707 0.007453	0.975749 0.002335	0.228146 0.005466	0.046611 0.009985	0.001185 0.003133	0.000000 0.000000	
2 10 2 2.240000	0.157450 0.006362	0.975203 0.002001	0.228873 0.009319	0.052218 0.009727	0.001025 0.005124	0.000000 0.000000	
2 10 2 2.250000	0.155923 0.009574	0.975674 0.002980	0.230693 0.008031	0.048902 0.009050	0.002929 0.009971	0.000000 0.000000	
2 10 2 2.260000	0.154410 0.005302	0.976154 0.001634	0.226664 0.005005	0.043790 0.009960	0.001595 0.004568	0.000000 0.000000	
2 10 2 2.270000	0.153900 0.006904	0.976309 0.002109	0.227256 0.009970	0.046236 0.008584	0.000631 0.003156	0.000000 0.000000	
2 10 2 2.280000	0.153393 0.004541	0.976468 0.001386	0.222143 0.009851	0.048332 0.008636	0.000050 0.000252	0.000000 0.000000	
2 10 2 2.290000	0.149425 0.009730	0.977662 0.002916	0.226675 0.004843	0.042283 0.008488	0.001518 0.006736	0.000000 0.000000	
2 10 2 2.300000	0.151295 0.009973	0.977099 0.003018	0.223510 0.009820	0.045100 0.008527	0.000000 0.000000	0.000000 0.000000	
2 10 2 2.310000	0.152447 0.009553	0.976749 0.002913	0.222425 0.008440	0.045364 0.006110	0.001939 0.009694	0.000000 0.000000	
2 10 2 2.320000	0.149487 0.006858	0.977649 0.002052	0.221034 0.009527	0.046358 0.008977	-0.000011 0.000053	0.000000 0.000000	
2 10 2 2.330000	0.148111 0.008397	0.978054 0.002491	0.222970 0.006632	0.040883 0.009883	0.000283 0.000786	0.000000 0.000000	
2 10 2 2.340000	0.149953 0.007972	0.977503 0.002395	0.218329 0.007986	0.041711 0.009718	0.000000 0.000000	0.000000 0.000000	
2 10 2 2.350000	0.146840 0.008859	0.978426 0.002606	0.218388 0.009665	0.042398 0.009972	0.001444 0.007221	0.000000 0.000000	
2 10 2 2.360000	0.146644 0.005611	0.978492 0.001654	0.213647 0.006960	0.039732 0.009978	0.000000 0.000000	0.000000 0.000000	
2 10 2 2.370000	0.148549 0.003597	0.977931 0.001070	0.214902 0.009802	0.044758 0.008340	0.000564 0.002820	0.000000 0.000000	
2 10 2 2.380000	0.142597 0.006318	0.979660 0.001810	0.214417 0.009866	0.036892 0.007332	0.000000 0.000000	0.000000 0.000000	
2 10 2 2.390000	0.147059 0.007590	0.978367 0.002230	0.213234 0.009807	0.042186 0.009898	0.000768 0.003841	0.000000 0.000000	
2 10 2 2.400000	0.144655 0.009770	0.979062 0.002816	0.211775 0.007874	0.035216 0.009955	0.001242 0.003726	0.000000 0.000000	
2 10 2 2.410000	0.142215 0.007231	0.979768 0.002066	0.207895 0.009980	0.040082 0.009026	0.001238 0.006188	0.000000 0.000000	
2 10 2 2.420000	0.144904 0.005485	0.978999 0.001585	0.209133 0.009808	0.043397 0.009472	0.000000 0.000000	0.000000 0.000000	
2 10 2 2.430000	0.141672 0.003318	0.979928 0.000945	0.210057 0.004541	0.039965 0.009994	0.000603 0.002464	0.000000 0.000000	
2 10 2 2.440000	0.144040 0.007753	0.979244 0.002232	0.204883 0.001118	0.035634 0.009965	0.001678 0.006827	0.000000 0.000000	
2 10 2 2.450000	0.143041 0.003244	0.979538 0.000927	0.207465 0.009829	0.033849 0.007856	0.000848 0.004240	0.000000 0.000000	
2 10 2 2.460000	0.142070 0.009974	0.979802 0.002787	0.206920 0.009359	0.034243 0.008193	0.000000 0.000000	0.000000 0.000000	
2 10 2 2.470000	0.146723 0.009102	0.978460 0.002650	0.211277 0.009891	0.040537 0.002596	0.001674 0.006925	0.000000 0.000000	
2 10 2 2.480000	0.140974 0.008496	0.980116 0.002378	0.202111 0.009863	0.032538 0.007148	0.001268 0.003193	0.000000 0.000000	
2 10 2 2.490000	0.142703 0.009854	0.979624 0.002817	0.209429 0.005312	0.038502 0.009483	0.002775 0.008907	0.000000 0.000000	
2 10 2 2.500000	0.141910 0.002663	0.979861 0.000755	0.204675 0.009128	0.030989 0.009700	0.000000 0.000000	0.000000 0.000000	
2 10 2 2.510000	0.140549 0.004729	0.980243 0.001331	0.200365 0.009983	0.035485 0.006068	0.000000 0.000000	0.000000 0.000000	
2 10 2 2.520000	0.137876 0.006830	0.980984 0.001897	0.194172 0.009944	0.038677 0.009322	0.000421 0.002106	0.000000 0.000000	
2 10 2 2.530000	0.140637 0.006417	0.980216 0.001813	0.202568 0.008725	0.036327 0.009780	0.000000 0.000000	0.000000 0.000000	
2 10 2 2.540000	0.135677 0.005613	0.981588 0.001522	0.196158 0.009938	0.027390 0.005926	0.000000 0.000000	0.000000 0.000000	
2 10 2 2.550000	0.136548 0.006876	0.981348 0.001875	0.200231 0.009996	0.032437 0.007055	0.001158 0.004894	0.000000 0.000000	
2 10 2 2.560000	0.136677 0.005345	0.981316 0.001468	0.191884 0.009999	0.040234 0.008009	0.000429 0.001517	0.000000 0.000000	
2 10 2 2.570000	0.138228 0.007100	0.980886 0.001978	0.195512 0.009975	0.031970 0.007326	0.000000 0.000000	0.000000 0.000000	
2 10 2 2.580000	0.136635 0.004665	0.981328 0.001275	0.196001 0.009165	0.029463 0.009941	0.000690 0.003452	0.000000 0.000000	
2 10 2 2.590000	0.136357 0.004676	0.981404 0.001265	0.195587 0.009598	0.032380 0.009796	0.001976 0.009881	0.000000 0.000000	
2 10 2 2.600000	0.136646 0.007795	0.981318 0.002121	0.191536 0.009395	0.031688 0.007510	0.001128 0.005642	0.000000 0.000000	
2 10 2 2.610000	0.135001 0.004182	0.981773 0.001130	0.194778 0.009863	0.031965 0.009008	0.000013 0.000065	0.000000 0.000000	
2 10 2 2.620000	0.135661 0.006470	0.981590 0.001735	0.190521 0.009996	0.025468 0.008288	0.000801 0.004003	0.000000 0.000000	
2 10 2 2.630000	0.135477 0.005766	0.981641 0.001569	0.190895 0.005749	0.029301 0.009943	0.000000 0.000000	0.000000 0.000000	
2 10 2 2.640000	0.133641 0.009766	0.982130 0.002611	0.188594 0.008903	0.026857 0.007268	0.000620 0.003101	0.000000 0.000000	
2 10 2 2.650000	0.134339 0.006420	0.981947 0.001720	0.188796 0.009885	0.027307 0.007750	0.000352 0.001759	0.000000 0.000000	
2 10 2 2.660000	0.135592 0.008970	0.981603 0.002425	0.188566 0.009442	0.029084 0.009912	0.001154 0.005770	0.000000 0.000000	
2 10 2 2.670000	0.134041 0.003511	0.982032 0.000940	0.191889 0.008437	0.030306 0.009930	0.000000 0.000000	0.000000 0.000000	
2 10 2 2.680000	0.133306 0.008063	0.982220 0.002133	0.191339 0.009255	0.031253 0.009977	0.000000 0.000000	0.000000 0.000000	
2 10 2 2.690000	0.132645 0.007208	0.982396 0.001912	0.186165 0.009913	0.028303 0.006753	0.000000 0.000000	0.000000 0.000000	
2 10 2 2.700000	0.131346 0.002975	0.982747 0.000778	0.184422 0.005463	0.028568 0.009868	0.000000 0.000000	0.000000 0.000000	
2 10 2 2.710000	0.133073 0.005782	0.982287 0.001550	0.185848 0.009852	0.027366 0.006644	0.000349 0.001743	0.000000 0.000000	
2 10 2 2.720000	0.130807 0.008145	0.982881 0.002117	0.186445 0.005423	0.028789 0.009596	0.000000 0.000000	0.000000 0.000000	
2 10 2 2.730000	0.131456 0.008569	0.982708 0.002246	0.184537 0.009839	0.025217 0.008290	0.000000 0.000000	0.000000 0.000000	
2 10 2 2.740000	0.131786 0.005594	0.982626 0.001478	0.185495 0.009796	0.026971 0.005853	0.000000 0.000000	0.000000 0.000000	
2 10 2 2.750000	0.129907 0.003333	0.983123 0.000869	0.185283 0.009979	0.024517 0.005288	0.000000 0.000000	0.000000 0.000000	
2 10 2 2.760000	0.130369 0.005498	0.983000 0.001424	0.183390 0.006663	0.027090 0.009981	0.000000 0.000000	0.000000 0.000000	
2 10 2 2.770000	0.129680 0.007227	0.983175 0.001855	0.184544 0.009154	0.029001 0.009191	0.002152 0.006125	0.000000 0.000000	
2 10 2 2.780000	0.131613 0.005275	0.982675 0.001380	0.171612 0.009634	0.024500 0.006437	0.000000 0.000000	0.000000 0.000000	
2 10 2 2.790000	0.129723 0.004095	0.983170 0.001065	0.177423 0.009920	0.026566 0.005220	0.000000 0.000000	0.000000 0.000000	
2 10 2 2.800000	0.128745 0.000924	0.983425 0.000238	0.179789 0.005169	0.026915 0.009827	0.000000 0.000000	0.000000 0.000000	
2 10 2 2.810000	0.129611 0.005938	0.983196 0.001539	0.176177 0.009696	0.027726 0.008730	0.001938 0.008013	0.000000 0.000000	
2 10 2 2.820000	0.126806 0.008410	0.983907 0.002133	0.178083 0.009952	0.021736 0.009459	0.000000 0.000000	0.000552 0.002758	
2 10 2 2.830000	0.126860 0.009532	0.983897 0.002413	0.177833 0.008527	0.027582 0.009665	0.000000 0.000000	0.000000 0.000000	
2 10 2 2.840000	0.127121 0.004473	0.983838 0.001137	0.172967 0.009971	0.023654 0.005621	0.000507 0.002534	0.000000 0.000000	
2 10 2 2.850000	0.128776 0.003136	0.983415 0.000808	0.172720 0.009956	0.019314 0.005329	0.000000 0.000000	0.000000 0.000000	
2 10 2 2.860000	0.127982 0.003544	0.983619 0.000912	0.168000 0.006941	0.025634 0.009656	0.000419 0.002093	0.000000 0.000000	
2 10 2 2.870000	0.126310 0.009505	0.984033 0.002413	0.177296 0.009964	0.024191 0.009786	0.000606 0.003031	0.000000 0.000000	
2 10 2 2.880000	0.126168 0.003622	0.984080 0.000909	0.175810 0.009968	0.024732 0.009499	0.000585 0.002927	0.000000 0.000000	
2 10 2 2.890000	0.126440 0.004501	0.984010 0.001134	0.172764 0.009970	0.019781 0.009787	0.000000 0.000000	0.000000 0.000000	
2 10 2 2.900000	0.124688 0.008719	0.984445 0.002183	0.168102 0.006040	0.018300 0.009820	0.000000 0.000000	0.000000 0.000000	
2 10 2 2.910000	0.128789 0.008859	0.983402 0.002264	0.169185 0.009887	0.022318 0.009831	0.000671 0.003355	0.000000 0.000000	
2 10 2 2.920000	0.126098 0.006775	0.984093 0.001705	0.176084 0.007774	0.023773 0.009497	0.000537 0.002687	0.000000 0.000000	
2 10 2 2.930000	0.125095 0.004000	0.984349 0.001007	0.169024 0.004457	0.023072 0.009979	0.000000 0.000000	0.000000 0.000000	
2 10 2 2.940000	0.124722 0.009361	0.984433 0.002372	0.167032 0.009022	0.021814 0.009690	0.000000 0.000000	0.000000 0.000000	
2 10 2 2.950000	0.124729 0.003782	0.984441 0.000948	0.168020 0.009852	0.019037 0.005752	0.000000 0.000000	0.000000 0.000000	
2 10 2 2.960000	0.124659 0.005844	0.984456 0.001449	0.167917 0.009731	0.016921 0.008039	0.000000 0.000000	0.000000 0.000000	
2 10 2 2.970000	0.124922 0.004967	0.984391 0.001244	0.164862 0.008411	0.020711 0.009948	0.000000 0.000000	0.000783 0.003913	
2 10 2 2.980000	0.123001 0.005815	0.984867 0.001430	0.166548 0.009958	0.021308 0.005124	0.000000 0.000000	0.000000 0.000000	
2 10 2 2.990000	0.126429 0.005465	0.984012 0.001375	0.160509 0.009846	0.022202 0.007637	0.000000 0.000000	0.000000 0.000000	
2 10 2 3.000000	0.124736 0.007479	0.984434 0.001866	0.165755 0.009957	0.019461 0.003629	0.000129 0.000646	0.000000 0.000000	
2 10 2 3.010000	0.120435 0.005170	0.985492 0.001245	0.161868 0.009284	0.019792 0.008900	0.000000 0.000000	0.000000 0.000000	
2 10 2 3.020000	0.121211 0.007403	0.985299 0.001798	0.167192 0.009991	0.017680 0.009009	0.001985 0.009923	0.000000 0.000000	
2 10 2 3.030000	0.123378 0.005589	0.984775 0.001383	0.166010 0.009774	0.016153 0.009751	0.000000 0.000000	0.000000 0.000000	
2 10 2 3.040000	0.124279 0.005584	0.984551 0.001389	0.161374 0.009740	0.018814 0.009832	0.000000 0.000000	0.000000 0.000000	
2 10 2 3.050000	0.123525 0.007441	0.984734 0.001835	0.164231 0.009978	0.021966 0.006513	0.000000 0.000000	0.000000 0.000000	
2 10 2 3.060000	0.122093 0.003885	0.985091 0.000946	0.161610 0.005752	0.019498 0.009986	0.000000 0.000000	0.000000 0.000000	
2 10 2 3.070000	0.122108 0.004438	0.985087 0.001078	0.159073 0.009975	0.020239 0.004136	0.000000 0.000000	0.000000 0.000000	
2 10 2 3.080000	0.121434 0.006986	0.985248 0.001705	0.156926 0.009711	0.016512 0.006436	0.000000 0.000000	0.000000 0.000000	
2 10 2 3.090000	0.121782 0.007525	0.985162 0.001845	0.155316 0.009870	0.017408 0.007958	0.000000 0.000000	0.000000 0.000000	
2 10 2 3.100000	0.121624 0.007613	0.985196 0.001854	0.156051 0.009317	0.017118 0.009898	0.000000 0.000000	0.000000 0.000000	
2 10 2 3.110000	0.120099 0.008260	0.985567 0.001954	0.159204 0.005926	0.020377 0.009925	0.000000 0.000000	0.000000 0.000000	
2 10 2 3.120000	0.123803 0.002951	0.984672 0.000728	0.158911 0.009819	0.021840 0.009921	0.000000 0.000000	0.000000 0.000000	
2 10 2 3.130000	0.119923 0.006516	0.985612 0.001547	0.157603 0.009994	0.015141 0.007238	0.000000 0.000000	0.000000 0.000000	
2 10 2 3.140000	0.120997 0.002561	0.985359 0.000618	0.157559 0.009507	0.017171 0.009419	0.000625 0.003125	0.000000 0.000000	
2 10 2 3.150000	0.115608 0.008300	0.986627 0.001918	0.155267 0.009891	0.013518 0.006460	0.000000 0.000000	0.000408 0.002042	
2 10 2 3.160000	0.119814 0.002762	0.985644 0.000659	0.155770 0.009947	0.017440 0.005411	0.000000 0.000000	0.000000 0.000000	
2 10 2 3.170000	0.119447 0.009145	0.985721 0.002168	0.149452 0.009864	0.010220 0.007557	0.000000 0.000000	0.000000 0.000000	
2 10 2 3.180000	0.118723 0.009733	0.985889 0.002292	0.159570 0.005291	0.019460 0.005248	0.000000 0.000000	0.000000 0.000000	
2 10 2 3.190000	0.120621 0.009324	0.985441 0.002254	0.157013 0.005073	0.018288 0.009736	0.000000 0.000000	0.000000 0.000000	
2 10 2 3.200000	0.122289 0.005617	0.985041 0.001370	0.156519 0.009778	0.016932 0.009927	0.000000 0.000000	0.000000 0.000000	
2 10 2 3.210000	0.118739 0.009633	0.985889 0.002259	0.149467 0.007987	0.013029 0.008785	0.001559 0.007797	0.000000 0.000000	
2 10 2 3.220000	0.120667 0.005947	0.985435 0.001445	0.146709 0.009923	0.016118 0.007252	0.000000 0.000000	0.000000 0.000000	
2 10 2 3.230000	0.118762 0.008177	0.985888 0.001943	0.151156 0.009500	0.018780 0.008914	0.000000 0.000000	0.000884 0.002396	
2 10 2 3.240000	0.116907 0.009111	0.986322 0.002158	0.150956 0.009805	0.016284 0.009570	0.000000 0.000000	0.000000 0.000000	
2 10 2 3.250000	0.116277 0.009286	0.986464 0.002163	0.149627 0.009767	0.012260 0.009548	0.000000 0.000000	0.000000 0.000000	
2 10 2 3.260000	0.118049 0.004385	0.986061 0.001037	0.148398 0.010000	0.011009 0.008351	0.000000 0.000000	0.000000 0.000000	
2 10 2 3.270000	0.118644 0.003616	0.985922 0.000856	0.149495 0.008114	0.015986 0.009859	0.000000 0.000000	0.000000 0.000000	
2 10 2 3.280000	0.118489 0.009094	0.985947 0.002170	0.146297 0.009965	0.018552 0.007199	0.000000 0.000000	0.000000 0.000000	
2 10 2 3.290000	0.117342 0.003819	0.986229 0.000898	0.149929 0.009820	0.011382 0.009980	0.000000 0.000000	0.000000 0.000000	
2 10 2 3.300000	0.116961 0.006687	0.986315 0.001567	0.151657 0.009699	0.014759 0.009424	0.001970 0.009849	0.000000 0.000000	
2 10 2 3.310000	0.116861 0.006186	0.986339 0.001436	0.144849 0.009100	0.016836 0.009876	0.000133 0.000666	0.000000 0.000000	
2 10 2 3.320000	0.118994 0.008536	0.985832 0.002034	0.145852 0.003521	0.016121 0.009978	0.000000 0.000000	0.000000 0.000000	
2 10 2 3.330000	0.118840 0.007983	0.985869 0.001898	0.144288 0.008284	0.019181 0.009978	0.000000 0.000000	0.000000 0.000000	
2 10 2 3.340000	0.115763 0.004727	0.986597 0.001096	0.141452 0.008793	0.013921 0.009997	0.000000 0.000000	0.000000 0.000000	
2 10 2 3.350000	0.116603 0.002927	0.986403 0.000684	0.146377 0.008243	0.014292 0.009983	0.000000 0.000000	0.000000 0.000000	
2 10 2 3.360000	0.115556 0.008607	0.986637 0.001968	0.143367 0.009947	0.013794 0.007315	0.000000 0.000000	0.000000 0.000000	
2 10 2 3.370000	0.116644 0.007443	0.986387 0.001740	0.143832 0.008574	0.013028 0.009717	0.000000 0.000000	0.000000 0.000000	
2 10 2 3.380000	0.116585 0.004483	0.986405 0.001046	0.143312 0.003589	0.011809 0.009877	0.000000 0.000000	0.000000 0.000000	
2 10 2 3.390000	0.115712 0.004957	0.986608 0.001152	0.149586 0.009942	0.014780 0.007461	0.000000 0.000000	0.000000 0.000000	
2 10 2 3.400000	0.116246 0.005784	0.986483 0.001344	0.139600 0.009756	0.010754 0.009397	0.000000 0.000000	0.000000 0.000000	
2 10 2 3.410000	0.116000 0.007547	0.986537 0.001737	0.138945 0.009772	0.011438 0.008730	0.000000 0.000000	0.000000 0.000000	
2 10 2 3.420000	0.115239 0.005164	0.986716 0.001185	0.140969 0.009906	0.008731 0.009700	0.000000 0.000000	0.000000 0.000000	
2 10 2 3.430000	0.113677 0.005774	0.987073 0.001310	0.144496 0.009611	0.014537 0.009629	0.000000 0.000000	0.000000 0.000000	
2 10 2 3.440000	0.115390 0.005994	0.986680 0.001399	0.143266 0.006023	0.014514 0.009868	0.000000 0.000000	0.000000 0.000000	
2 10 2 3.450000	0.115522 0.002264	0.986654 0.000523	0.138695 0.009959	0.010473 0.007008	0.000000 0.000000	0.000000 0.000000	
2 10 2 3.460000	0.115501 0.009341	0.986650 0.002152	0.140170 0.009866	0.014147 0.006397	0.000000 0.000000	0.000000 0.000000	
2 10 2 3.470000	0.113565 0.008966	0.987091 0.001992	0.138093 0.008359	0.009854 0.009931	0.000000 0.000000	0.000000 0.000000	
2 10 2 3.480000	0.115019 0.004045	0.986769 0.000930	0.140930 0.009988	0.015793 0.009902	0.000000 0.000000	0.000000 0.000000	
2 10 2 3.490000	0.115221 0.008015	0.986713 0.001835	0.138560 0.009618	0.007628 0.009937	0.000000 0.000000	0.001298 0.006488	
2 10 2 3.500000	0.115673 0.005630	0.986616 0.001298	0.139930 0.009543	0.011884 0.006331	0.000000 0.000000	0.000000 0.000000	
2 10 2 3.510000	0.115122 0.003074	0.986746 0.000708	0.138564 0.009775	0.011594 0.009989	0.000000 0.000000	0.000000 0.000000	
2 10 2 3.520000	0.113744 0.009956	0.987050 0.002255	0.138538 0.009918	0.009129 0.009112	0.000000 0.000000	0.000000 0.000000	
2 10 2 3.530000	0.114070 0.006982	0.986981 0.001569	0.137478 0.007782	0.011907 0.009979	0.000000 0.000000	0.000000 0.000000	
2 10 2 3.540000	0.110781 0.003752	0.987725 0.000831	0.135997 0.009818	0.008128 0.008670	0.000000 0.000000	0.000000 0.000000	
2 10 2 3.550000	0.113635 0.003162	0.987086 0.000714	0.131667 0.009332	0.009925 0.006180	0.000000 0.000000	0.000000 0.000000	
2 10 2 3.560000	0.114371 0.002972	0.986918 0.000681	0.133937 0.008625	0.013903 0.009887	0.000436 0.002180	0.000000 0.000000	
2 10 2 3.570000	0.114849 0.003716	0.986807 0.000850	0.135415 0.009865	0.012263 0.007841	0.000000 0.000000	0.000000 0.000000	
2 10 2 3.580000	0.112012 0.003751	0.987451 0.000841	0.134481 0.008672	0.011145 0.009876	0.000000 0.000000	0.000000 0.000000	
2 10 2 3.590000	0.111608 0.009911	0.987533 0.002219	0.135118 0.007955	0.007421 0.008638	0.002017 0.006149	0.001748 0.008742	
2 10 2 3.600000	0.111519 0.009986	0.987549 0.002185	0.134393 0.005580	0.008002 0.008025	0.000000 0.000000	0.000000 0.000000	
2 10 2 3.610000	0.112661 0.005308	0.987304 0.001194	0.130214 0.009970	0.011087 0.009917	0.000000 0.000000	0.000000 0.000000	
2 10 2 3.620000	0.113187 0.005320	0.987184 0.001208	0.129206 0.009517	0.012203 0.007724	0.000511 0.002555	0.000000 0.000000	
2 10 2 3.630000	0.112540 0.009646	0.987320 0.002158	0.131936 0.007452	0.010594 0.006163	0.000000 0.000000	0.000000 0.000000	
2 10 2 3.640000	0.114299 0.006843	0.986930 0.001560	0.132564 0.009803	0.003332 0.009660	0.000000 0.000000	0.000000 0.000000	
2 10 2 3.650000	0.111817 0.004620	0.987494 0.001029	0.133555 0.009986	0.009922 0.006321	0.000000 0.000000	0.000000 0.000000	
2 10 2 3.660000	0.111770 0.004668	0.987505 0.001038	0.133382 0.009900	0.009234 0.009113	0.000000 0.000000	0.000000 0.000000	
2 10 2 3.670000	0.112132 0.005970	0.987422 0.001337	0.132166 0.009562	0.007711 0.008618	0.000000 0.000000	0.000000 0.000000	
2 10 2 3.680000	0.113358 0.006391	0.987145 0.001459	0.132869 0.007888	0.009365 0.009983	0.000000 0.000000	0.000309 0.001544	
2 10 2 3.690000	0.111493 0.006856	0.987564 0.001522	0.134227 0.006563	0.009195 0.009944	0.000000 0.000000	0.000416 0.002080	
2 10 2 3.700000	0.111089 0.004336	0.987657 0.000957	0.134681 0.009365	0.008326 0.009297	0.000000 0.000000	0.000000 0.000000	
2 10 2 3.710000	0.113011 0.004743	0.987225 0.001072	0.130849 0.005296	0.004056 0.009843	0.000000 0.000000	0.000000 0.000000	
2 10 2 3.720000	0.112355 0.006317	0.987371 0.001410	0.130815 0.009807	0.012659 0.009868	0.000000 0.000000	0.000000 0.000000	
2 10 2 3.730000	0.110571 0.004804	0.987771 0.001062	0.126714 0.009755	0.008202 0.009371	0.000000 0.000000	0.000000 0.000000	
2 10 2 3.740000	0.111423 0.006640	0.987578 0.001485	0.131885 0.009870	0.009932 0.009781	0.000000 0.000000	0.000000 0.000000	
2 10 2 3.750000	0.111087 0.004682	0.987656 0.001039	0.130906 0.002628	0.005207 0.009664	0.000635 0.003174	0.000000 0.000000	
2 10 2 3.760000	0.109992 0.007441	0.987895 0.001638	0.131430 0.009699	0.006480 0.008729	0.000000 0.000000	0.000000 0.000000	
2 10 2 3.770000	0.108796 0.001771	0.988163 0.000384	0.129993 0.009988	0.008786 0.008555	0.000000 0.000000	0.000000 0.000000	
2 10 2 3.780000	0.111441 0.004923	0.987578 0.001092	0.130478 0.003549	0.011275 0.009923	0.000000 0.000000	0.000000 0.000000	
2 10 2 3.790000	0.109682 0.009095	0.987961 0.002009	0.125458 0.007521	0.006555 0.009932	0.000000 0.000000	0.000000 0.000000	
2 10 2 3.800000	0.108508 0.005668	0.988222 0.001220	0.130132 0.005420	0.007875 0.009698	0.000000 0.000000	0.000000 0.000000	
2 10 2 3.810000	0.111207 0.008036	0.987621 0.001785	0.128208 0.009829	0.009446 0.009416	0.000000 0.000000	0.000000 0.000000	
2 10 2 3.820000	0.111346 0.006923	0.987596 0.001536	0.129857 0.008326	0.006204 0.009945	0.000000 0.000000	0.000000 0.000000	
2 10 2 3.830000	0.112722 0.004768	0.987291 0.001082	0.127378 0.007336	0.005044 0.009815	0.000000 0.000000	0.000000 0.000000	
2 10 2 3.840000	0.110642 0.005786	0.987754 0.001286	0.128643 0.009840	0.014892 0.006057	0.000000 0.000000	0.000000 0.000000	
2 10 2 3.850000	0.109775 0.003299	0.987948 0.000722	0.125886 0.008829	0.010083 0.009904	0.000000 0.000000	0.000000 0.000000	
2 10 2 3.860000	0.109849 0.006850	0.987928 0.001501	0.128695 0.009972	0.003265 0.003637	0.000000 0.000000	0.000000 0.000000	
2 10 2 3.870000	0.107784 0.004458	0.988380 0.000959	0.125099 0.009910	0.007199 0.006127	0.000000 0.000000	0.000000 0.000000	
2 10 2 3.880000	0.109312 0.003670	0.988049 0.000798	0.122407 0.009883	0.010558 0.008408	0.000000 0.000000	0.000000 0.000000	
2 10 2 3.890000	0.107152 0.007401	0.988512 0.001570	0.121874 0.008793	0.006942 0.009988	0.000000 0.000000	0.000000 0.000000	
2 10 2 3.900000	0.111353 0.009225	0.987592 0.002042	0.120651 0.009954	0.004607 0.009580	0.000129 0.000647	0.000000 0.000000	
2 10 2 3.910000	0.110767 0.004156	0.987729 0.000922	0.123533 0.009975	0.011653 0.009715	0.000000 0.000000	0.000000 0.000000	
2 10 2 3.920000	0.109114 0.005226	0.988089 0.001135	0.120895 0.009968	0.007603 0.005392	0.000000 0.000000	0.000000 0.000000	
2 10 2 3.930000	0.109072 0.003087	0.988102 0.000671	0.122134 0.009994	0.002835 0.007777	0.000000 0.000000	0.000000 0.000000	
2 10 2 3.940000	0.111186 0.004356	0.987635 0.000976	0.125830 0.009782	0.007780 0.008020	0.000000 0.000000	0.000000 0.000000	
2 10 2 3.950000	0.107450 0.002950	0.988453 0.000635	0.120198 0.009761	0.010943 0.009429	0.001447 0.007235	0.000000 0.000000	
2 10 2 3.960000	0.108353 0.003726	0.988257 0.000810	0.123709 0.009967	0.008130 0.009721	0.000000 0.000000	0.000000 0.000000	
2 10 2 3.970000	0.107551 0.002245	0.988432 0.000482	0.118865 0.006605	0.009559 0.008679	0.000000 0.000000	0.001471 0.004009	
2 10 2 3.980000	0.107336 0.003134	0.988477 0.000673	0.125142 0.009889	0.005194 0.009429	0.000000 0.000000	0.000000 0.000000	
2 10 2 3.990000	0.107223 0.004971	0.988500 0.001065	0.119748 0.009900	0.007736 0.009883	0.000930 0.003916	0.000000 0.000000	
2 10 2 4.000000	0.109549 0.004465	0.987996 0.000980	0.119540 0.007616	0.006948 0.009631	0.000000 0.000000	0.000000 0.000000	
