2 32 10 0.000000	0.999013 0.004934	0.001969 0.009844	0.000000 0.000000	0.000000 0.000000	0.000000 0.000000	0.000000 0.000000	0.000000 0.000000	0.000927 0.004636	0.000754 0.003768	0.000605 0.003024	0.000543 0.002714	
2 32 10 0.010000	0.999013 0.004934	0.001969 0.009844	0.000000 0.000000	0.000000 0.000000	0.000000 0.000000	0.000000 0.000000	0.000000 0.000000	0.000927 0.004636	0.000754 0.003768	0.000605 0.003024	0.000543 0.002714	
2 32 10 0.020000	0.999013 0.004934	0.001969 0.009844	0.000000 0.000000	0.000000 0.000000	0.000000 0.000000	0.000000 0.000000	0.000000 0.000000	0.000927 0.004636	0.000754 0.003768	0.000605 0.003024	0.000543 0.002714	
2 32 10 0.030000	0.999013 0.004934	0.001969 0.009844	0.000000 0.000000	0.000000 0.000000	0.000000 0.000000	0.000000 0.000000	0.000000 0.000000	0.000927 0.004636	0.000754 0.003768	0.000605 0.003024	0.000543 0.002714	
2 32 10 0.040000	0.999385 0.002435	0.001230 0.004864	0.000000 0.000000	0.000000 0.000000	0.000037 0.000185	0.000037 0.000185	0.000000 0.000000	0.000037 0.000185	0.000000 0.000000	0.000000 0.000000	0.000220 0.001099	
2 32 10 0.050000	0.999385 0.002435	0.001230 0.004864	0.000000 0.000000	0.000000 0.000000	0.000037 0.000185	0.000037 0.000185	0.000000 0.000000	0.000037 0.000185	0.000000 0.000000	0.000000 0.000000	0.000220 0.001099	
2 32 10 0.060000	0.999385 0.002435	0.001230 0.004864	0.000000 0.000000	0.000000 0.000000	0.000037 0.000185	0.000037 0.000185	0.000000 0.000000	0.000037 0.000185	0.000000 0.000000	0.000000 0.000000	0.000220 0.001099	
2 32 10 0.070000	0.999385 0.002435	0.001230 0.004864	0.000000 0.000000	0.000000 0.000000	0.000037 0.000185	0.000037 0.000185	0.000000 0.000000	0.000037 0.000185	0.000000 0.000000	0.000000 0.000000	0.000220 0.001099	
2 32 10 0.080000	0.998505 0.004955	0.002984 0.009886	0.002023 0.006165	0.000844 0.004221	0.000709 0.003543	0.000492 0.002458	0.001294 0.005235	0.000492 0.002458	0.000000 0.000000	0.000247 0.001237	0.000000 0.000000	
2 32 10 0.090000	0.997370 0.004925	0.005251 0.009825	0.000000 0.000000	0.000531 0.002657	0.001543 0.005593	0.002251 0.009825	0.002652 0.007998	0.002270 0.009025	0.001805 0.009025	0.003113 0.009825	0.002491 0.009825	
2 32 10 0.100000	0.998828 0.005008	0.002339 0.009990	0.000609 0.003046	0.000898 0.004492	0.000715 0.003576	0.000966 0.004830	0.000000 0.000000	0.000000 0.000000	0.001332 0.006659	0.000400 0.002000	0.000420 0.002099	
2 32 10 0.110000	0.999145 0.004277	0.001707 0.008535	0.000000 0.000000	0.000405 0.002024	0.000000 0.000000	0.000000 0.000000	0.000746 0.003729	0.000000 0.000000	0.000000 0.000000	0.000000 0.000000	0.000618 0.003090	
2 32 10 0.120000	0.998766 0.004835	0.002463 0.009647	0.000151 0.000406	0.000651 0.002313	0.000987 0.004532	0.001546 0.007322	0.000070 0.000350	0.000408 0.001690	0.000383 0.001914	0.000151 0.000406	0.001961 0.008453	
2 32 10 0.130000	0.999137 0.004083	0.001723 0.008149	0.000227 0.001137	0.000302 0.001511	0.001062 0.005311	0.000000 0.000000	0.000000 0.000000	0.000000 0.000000	0.000000 0.000000	0.000830 0.004151	0.000000 0.000000	
2 32 10 0.140000	0.999767 0.001051	0.000465 0.002102	0.000000 0.000000	0.000000 0.000000	0.000000 0.000000	0.000348 0.001740	0.000420 0.002102	0.000257 0.001060	0.000000 0.000000	0.000000 0.000000	0.000465 0.002102	
2 32 10 0.150000	0.999072 0.004638	0.001851 0.009255	0.001037 0.005186	0.001272 0.006361	0.000000 0.000000	0.001851 0.009255	0.001818 0.009088	0.001842 0.009210	0.000000 0.000000	0.001814 0.009070	0.001851 0.009255	
2 32 10 0.160000	0.999032 0.004679	0.001932 0.009336	0.001190 0.005756	0.000973 0.004671	0.001200 0.005998	0.000000 0.000000	0.000039 0.000195	0.000039 0.000195	0.000039 0.000195	0.000065 0.000195	0.000000 0.000000	
2 32 10 0.170000	0.999079 0.004604	0.001837 0.009186	0.000210 0.001048	0.000000 0.000000	0.000318 0.001591	0.000000 0.000000	0.000210 0.001048	0.000000 0.000000	0.000644 0.003218	0.000934 0.004670	0.000000 0.000000	
2 32 10 0.180000	0.998003 0.003997	0.003987 0.007977	0.001493 0.004475	0.000938 0.004390	0.001410 0.006033	0.000754 0.003770	0.000754 0.003770	0.000967 0.004700	0.000579 0.002896	0.001253 0.005165	0.002379 0.006294	
2 32 10 0.190000	0.998414 0.004288	0.003167 0.008557	0.000000 0.000000	0.001841 0.006387	0.000000 0.000000	0.000000 0.000000	0.000000 0.000000	0.001122 0.004274	0.001598 0.005943	0.000000 0.000000	0.000676 0.002047	
2 32 10 0.200000	0.998357 0.004330	0.003279 0.008642	0.000496 0.002481	0.000000 0.000000	0.000000 0.000000	0.001390 0.006949	0.001449 0.006949	0.000000 0.000000	0.001372 0.006859	0.000000 0.000000	0.000000 0.000000	
2 32 10 0.210000	0.998771 0.004918	0.002453 0.009813	0.000000 0.000000	0.000000 0.000000	0.000000 0.000000	0.000000 0.000000	0.000000 0.000000	0.000925 0.004623	0.000000 0.000000	0.000000 0.000000	0.000000 0.000000	
2 32 10 0.220000	0.998398 0.004785	0.003198 0.009547	0.000000 0.000000	0.000549 0.002747	0.000343 0.001715	0.000252 0.001262	0.000239 0.001196	0.000064 0.000320	0.000000 0.000000	0.000000 0.000000	0.000952 0.004758	
2 32 10 0.230000	0.997754 0.004637	0.004485 0.009250	0.000073 0.000367	0.000968 0.003649	0.001771 0.005997	0.002097 0.009695	0.000089 0.000445	0.001410 0.003790	0.001344 0.003790	0.001499 0.003897	0.000946 0.002855	
2 32 10 0.240000	0.998413 0.004865	0.003167 0.009707	0.000908 0.004540	0.000440 0.002202	0.001115 0.005573	0.001156 0.005780	0.002117 0.005839	0.001925 0.008149	0.001197 0.005987	0.001052 0.005261	0.000000 0.000000	
2 32 10 0.250000	0.997038 0.004334	0.005912 0.008647	0.000954 0.003933	0.000888 0.004440	0.000976 0.004307	0.000000 0.000000	0.001124 0.005047	0.001135 0.005675	0.000801 0.004006	0.001538 0.007116	0.000000 0.000000	
2 32 10 0.260000	0.998239 0.004216	0.003498 0.008414	0.000747 0.003734	0.000944 0.004720	0.000000 0.000000	0.001184 0.004326	0.000656 0.003278	0.000319 0.001593	0.001526 0.006036	0.001236 0.004652	0.000759 0.003793	
2 32 10 0.270000	0.998661 0.003390	0.002674 0.006768	0.000000 0.000000	0.000585 0.002428	0.001330 0.006648	0.001072 0.005360	0.001195 0.005478	0.002045 0.006768	0.001453 0.006768	0.002141 0.006768	0.001453 0.006768	
2 32 10 0.280000	0.998768 0.004743	0.002459 0.009464	0.000682 0.003411	0.001002 0.005010	0.000469 0.002345	0.000000 0.000000	0.000307 0.001533	0.000000 0.000000	0.000000 0.000000	0.000404 0.002022	0.000000 0.000000	
2 32 10 0.290000	0.998763 0.004939	0.002468 0.009853	0.000573 0.002412	0.000331 0.001653	0.000615 0.002826	0.000744 0.003518	0.000439 0.001056	0.000683 0.001784	0.000118 0.000589	0.000000 0.000000	0.000257 0.001283	
2 32 10 0.300000	0.999010 0.004949	0.001975 0.009873	0.000962 0.004809	0.000000 0.000000	0.000000 0.000000	0.000000 0.000000	0.000000 0.000000	0.000000 0.000000	0.001552 0.007762	0.000000 0.000000	0.000000 0.000000	
2 32 10 0.310000	0.997604 0.004966	0.004766 0.009908	0.001778 0.006447	0.001552 0.003033	0.001213 0.006064	0.001200 0.006002	0.002193 0.007738	0.000644 0.003221	0.002080 0.007602	0.002278 0.008220	0.001407 0.003908	
2 32 10 0.320000	0.997699 0.004955	0.004593 0.009884	0.000560 0.002800	0.001050 0.003613	0.002206 0.009039	0.000657 0.001637	0.000000 0.000000	0.000520 0.001637	0.001543 0.005565	0.001030 0.003004	0.001831 0.004292	
2 32 10 0.330000	0.999057 0.003497	0.001883 0.006982	0.000111 0.000553	0.000000 0.000000	0.000690 0.001880	0.000000 0.000000	0.000032 0.000159	0.000111 0.000553	0.000111 0.000553	0.000111 0.000553	0.001009 0.004812	
2 32 10 0.340000	0.999377 0.001463	0.001245 0.002925	0.000435 0.002177	0.000000 0.000000	0.000000 0.000000	0.000000 0.000000	0.000131 0.000654	0.000000 0.000000	0.000000 0.000000	0.000000 0.000000	0.000497 0.002487	
2 32 10 0.350000	0.997177 0.004760	0.005635 0.009497	0.002305 0.005576	0.000000 0.000000	0.002268 0.007327	0.000543 0.002717	0.002170 0.007934	0.000000 0.000000	0.003130 0.007947	0.002924 0.009497	0.000699 0.003497	
2 32 10 0.360000	0.998874 0.003914	0.002249 0.007811	0.000133 0.000350	0.000401 0.001380	0.000000 0.000000	0.000146 0.000729	0.000000 0.000000	0.000146 0.000729	0.000146 0.000729	0.000511 0.001406	0.001247 0.005086	
2 32 10 0.370000	0.998042 0.004131	0.003909 0.008242	0.000200 0.000999	0.000434 0.002170	0.000738 0.003689	0.000108 0.000541	0.000719 0.001843	0.000369 0.001843	0.000133 0.000665	0.000543 0.001843	0.000543 0.001843	
2 32 10 0.380000	0.998169 0.003471	0.003657 0.006928	0.000392 0.001961	0.000987 0.003151	0.000413 0.002066	0.000501 0.001287	0.000515 0.002199	0.000285 0.001037	0.000816 0.002665	0.000921 0.002489	0.001812 0.004373	
2 32 10 0.390000	0.997769 0.004166	0.004454 0.008312	0.001562 0.006054	0.000553 0.002766	0.000835 0.004174	0.000000 0.000000	0.000038 0.000191	0.001535 0.007677	0.000125 0.000625	0.000751 0.002784	0.000156 0.000781	
2 32 10 0.400000	0.998648 0.004398	0.002700 0.008776	0.001246 0.003958	0.000453 0.002265	0.000183 0.000637	0.000773 0.003864	0.000045 0.000223	0.000247 0.000637	0.000244 0.000944	0.000043 0.000213	0.000659 0.001828	
2 32 10 0.410000	0.998623 0.004696	0.002748 0.009368	0.000000 0.000000	0.001670 0.006768	0.000044 0.000221	0.000875 0.003578	0.000178 0.000525	0.000320 0.001234	0.001069 0.004453	0.000073 0.000366	0.000027 0.000133	
2 32 10 0.420000	0.998384 0.004262	0.003228 0.008504	0.001366 0.006832	0.000746 0.003732	0.000000 0.000000	0.001273 0.006367	0.000083 0.000416	0.000908 0.003625	0.000000 0.000000	0.000436 0.002182	0.001465 0.007323	
2 32 10 0.430000	0.998027 0.004987	0.003940 0.009948	0.000000 0.000000	0.000945 0.002617	0.000880 0.004103	0.000504 0.002065	0.000000 0.000000	0.000362 0.001808	0.000800 0.002379	0.001441 0.003667	0.000660 0.003302	
2 32 10 0.440000	0.997896 0.004946	0.004200 0.009862	0.001171 0.005502	0.001162 0.005812	0.000000 0.000000	0.001493 0.004138	0.001225 0.004184	0.001302 0.003254	0.000706 0.001704	0.001730 0.008648	0.002120 0.006456	
2 32 10 0.450000	0.995917 0.004496	0.008146 0.008952	0.001244 0.003481	0.001136 0.004330	0.000735 0.002867	0.001874 0.006680	0.000000 0.000000	0.000000 0.000000	0.000721 0.002208	0.001317 0.006586	0.001277 0.003348	
2 32 10 0.460000	0.997805 0.004926	0.004383 0.009825	0.000645 0.001642	0.000269 0.000930	0.001345 0.002773	0.000450 0.001944	0.000263 0.001315	0.000056 0.000228	0.000869 0.003457	0.000069 0.000347	0.000085 0.000426	
2 32 10 0.470000	0.996863 0.004845	0.006260 0.009656	0.000194 0.000970	0.000409 0.001364	0.000093 0.000467	0.001127 0.005635	0.000403 0.002013	0.000804 0.004019	0.000585 0.002013	0.001243 0.005378	0.000791 0.003956	
2 32 10 0.480000	0.994923 0.003474	0.010127 0.006910	0.000802 0.004009	0.001405 0.003641	0.001919 0.006409	0.001458 0.003812	0.002121 0.004482	0.000000 0.000000	0.002138 0.006372	0.000000 0.000000	0.000344 0.001050	
2 32 10 0.490000	0.995545 0.004937	0.008887 0.009817	0.001169 0.003499	0.000266 0.001328	0.001629 0.004849	0.001584 0.005018	0.000306 0.001531	0.000000 0.000000	0.001463 0.007316	0.000691 0.003456	0.000740 0.003487	
2 32 10 0.500000	0.994443 0.004396	0.011080 0.008742	0.000588 0.002938	0.000346 0.001543	0.000517 0.002358	0.000000 0.000000	0.000548 0.001388	0.000000 0.000000	0.000202 0.001011	0.000913 0.004563	0.000815 0.004073	
2 32 10 0.510000	0.994367 0.004508	0.011232 0.008961	0.002031 0.005632	0.000000 0.000000	0.000000 0.000000	0.000446 0.002231	0.000268 0.001340	0.000000 0.000000	0.000095 0.000473	0.000000 0.000000	0.000798 0.003991	
2 32 10 0.520000	0.994777 0.004806	0.010417 0.009558	0.000814 0.004072	0.000192 0.000962	0.000467 0.002337	0.000336 0.001680	0.000327 0.001633	0.000311 0.001308	0.001328 0.005050	0.000229 0.001144	0.001088 0.005442	
2 32 10 0.530000	0.992501 0.005017	0.014940 0.009965	0.001784 0.005894	0.002821 0.003663	0.000144 0.000718	0.001938 0.005793	0.000341 0.001083	0.000545 0.002726	0.000376 0.000994	0.001258 0.003808	0.000015 0.000075	
2 32 10 0.540000	0.991854 0.004687	0.016223 0.009289	0.001003 0.002558	0.000274 0.001368	0.001188 0.004388	0.000239 0.001193	0.000262 0.001310	0.000493 0.002467	0.000553 0.002764	0.001442 0.004111	0.000000 0.000000	
2 32 10 0.550000	0.989105 0.004997	0.021668 0.009882	0.002476 0.006426	0.000000 0.000000	0.000713 0.003563	0.000602 0.003008	0.000000 0.000000	0.002186 0.007650	0.002314 0.007294	0.001343 0.006714	0.002421 0.006123	
2 32 10 0.560000	0.988431 0.004884	0.023000 0.009649	0.002235 0.005502	0.000979 0.003011	0.000133 0.000666	0.001459 0.007296	0.000000 0.000000	0.001736 0.004551	0.002413 0.006461	0.000977 0.004883	0.002440 0.007613	
2 32 10 0.570000	0.986887 0.004873	0.026052 0.009620	0.003080 0.009271	0.001747 0.004913	0.000480 0.002401	0.000000 0.000000	0.002433 0.007132	0.001062 0.005310	0.000000 0.000000	0.000577 0.001955	0.000417 0.002083	
2 32 10 0.580000	0.986997 0.002350	0.025837 0.004638	0.002283 0.005312	0.000821 0.003006	0.001118 0.005590	0.002365 0.008791	0.001209 0.003775	0.000313 0.001564	0.000951 0.002702	0.001446 0.006842	0.001381 0.006883	
2 32 10 0.590000	0.983545 0.005041	0.032636 0.009909	0.001008 0.004212	0.002756 0.009275	0.000442 0.002211	0.001245 0.003174	0.000182 0.000909	0.000000 0.000000	0.002057 0.005194	0.001118 0.003435	0.001550 0.006449	
2 32 10 0.600000	0.980859 0.005090	0.037913 0.009981	0.002248 0.007518	0.002096 0.006015	0.001399 0.004755	0.000160 0.000802	0.002145 0.009285	0.000652 0.003262	0.000183 0.000915	0.002289 0.006257	0.000753 0.002950	
2 32 10 0.610000	0.976948 0.004747	0.045570 0.009273	0.003633 0.006749	0.001205 0.006026	0.001399 0.004096	0.000373 0.001863	0.000000 0.000000	0.001870 0.004716	0.000065 0.000324	0.000578 0.002892	0.000000 0.000000	
2 32 10 0.620000	0.975503 0.004844	0.048392 0.009458	0.002165 0.005638	0.001023 0.003301	0.001030 0.003001	0.000580 0.002900	0.001649 0.003987	0.001717 0.004136	0.001575 0.003538	0.000718 0.002496	0.000326 0.001414	
2 32 10 0.630000	0.970545 0.004264	0.058040 0.008274	0.005437 0.006910	0.002030 0.003776	0.003261 0.009215	0.000855 0.004273	0.000943 0.003380	0.000739 0.002546	0.001643 0.005120	0.003426 0.009617	0.001206 0.006031	
2 32 10 0.640000	0.966636 0.004333	0.065611 0.008374	0.005991 0.009998	0.000644 0.003222	0.000356 0.001778	0.002672 0.006679	0.000433 0.002166	0.000000 0.000000	0.000981 0.004907	0.000806 0.003439	0.000000 0.000000	
2 32 10 0.650000	0.955931 0.005127	0.086191 0.009802	0.009697 0.007049	0.002263 0.006927	0.000392 0.001958	0.000000 0.000000	0.000940 0.004920	0.000655 0.003274	0.000000 0.000000	0.000881 0.004406	0.001639 0.008196	
2 32 10 0.660000	0.951690 0.005223	0.094283 0.009936	0.013121 0.007319	0.002329 0.005968	0.000563 0.001677	0.000646 0.003232	0.001711 0.006376	0.001872 0.006638	0.000881 0.004403	0.000443 0.001300	0.001327 0.003491	
2 32 10 0.670000	0.941619 0.003033	0.113352 0.005710	0.017204 0.009704	0.002916 0.005360	0.001599 0.007993	0.000132 0.000485	0.001115 0.004030	0.001057 0.002579	0.000831 0.003461	0.000399 0.001994	0.001061 0.003321	
2 32 10 0.680000	0.931855 0.005331	0.131642 0.009939	0.021862 0.006554	0.005078 0.006025	0.001206 0.002414	0.000000 0.000000	0.000695 0.003193	0.000851 0.002721	0.000143 0.000715	0.000424 0.002118	0.000937 0.002888	
2 32 10 0.690000	0.911860 0.005206	0.168508 0.009505	0.035112 0.008042	0.011465 0.005225	0.004489 0.006402	0.001470 0.003555	0.000650 0.003248	0.000961 0.003048	0.002075 0.007307	0.002520 0.009976	0.000669 0.003346	
2 32 10 0.700000	0.876417 0.005390	0.231890 0.009445	0.060371 0.005677	0.025138 0.007632	0.013373 0.005750	0.008253 0.009988	0.004161 0.005459	0.003424 0.004830	0.002607 0.004588	0.001345 0.002454	0.002397 0.004614	
2 32 10 0.710000	0.122986 0.009998	0.984862 0.002435	0.380693 0.009045	0.191209 0.007225	0.109287 0.006160	0.067200 0.005173	0.041786 0.004900	0.025604 0.003910	0.015138 0.005183	0.007800 0.005826	0.001083 0.003211	
2 32 10 0.720000	0.091385 0.008766	0.991638 0.001596	0.353053 0.005860	0.154507 0.009976	0.079890 0.008622	0.041600 0.004897	0.022106 0.001266	0.010052 0.002805	0.003936 0.004276	0.000188 0.000942	0.000000 0.000000	
2 32 10 0.730000	0.080530 0.006922	0.993507 0.001118	0.334298 0.009217	0.138887 0.009977	0.064422 0.006383	0.030943 0.007835	0.015679 0.003093	0.005683 0.002143	0.000897 0.003504	0.000000 0.000000	0.000000 0.000000	
2 32 10 0.740000	0.072322 0.009029	0.994760 0.001299	0.307723 0.008705	0.120410 0.009011	0.050788 0.009666	0.022255 0.009120	0.008878 0.008680	0.004382 0.007564	0.000401 0.001215	0.000000 0.000000	0.000000 0.000000	
2 32 10 0.750000	0.067347 0.005863	0.995460 0.000779	0.298957 0.009163	0.107855 0.009805	0.045092 0.004823	0.016642 0.006113	0.007470 0.005737	0.002457 0.004671	0.000154 0.000769	0.000000 0.000000	0.000000 0.000000	
2 32 10 0.760000	0.063086 0.002715	0.996019 0.000343	0.289011 0.009986	0.099247 0.005712	0.035873 0.005455	0.011437 0.006714	0.003313 0.004566	0.000000 0.000000	0.000253 0.001264	0.000000 0.000000	0.000000 0.000000	
2 32 10 0.770000	0.060652 0.002631	0.996321 0.000319	0.275213 0.009779	0.088489 0.007347	0.031371 0.006169	0.010107 0.007226	0.002353 0.004359	0.000269 0.001344	0.000000 0.000000	0.000000 0.000000	0.000000 0.000000	
2 32 10 0.780000	0.059505 0.004375	0.996457 0.000519	0.270796 0.009716	0.081271 0.006221	0.028475 0.007491	0.009028 0.005877	0.001127 0.004286	0.000000 0.000000	0.001118 0.002547	0.000099 0.000493	0.000000 0.000000	
2 32 10 0.790000	0.055756 0.006161	0.996887 0.000700	0.256332 0.009772	0.076347 0.007985	0.024279 0.005408	0.007411 0.002893	0.000106 0.000357	0.000022 0.000109	0.000000 0.000000	0.000000 0.000000	0.000000 0.000000	
2 32 10 0.800000	0.054644 0.009904	0.997001 0.001092	0.251977 0.008615	0.073579 0.009451	0.020698 0.004270	0.005418 0.004629	0.000188 0.000938	0.000000 0.000000	0.000186 0.000928	0.000000 0.000000	0.000000 0.000000	
2 32 10 0.810000	0.054042 0.006658	0.997074 0.000704	0.242855 0.009868	0.064224 0.003006	0.017928 0.006073	0.002511 0.003212	0.000653 0.001258	0.000000 0.000000	0.000000 0.000000	0.000000 0.000000	0.000000 0.000000	
2 32 10 0.820000	0.056201 0.008864	0.996832 0.000981	0.232461 0.008905	0.063521 0.009815	0.015232 0.009978	0.005238 0.009702	0.001144 0.003076	0.000333 0.001665	0.000318 0.001591	0.000000 0.000000	0.000000 0.000000	
2 32 10 0.830000	0.052504 0.009552	0.997231 0.000987	0.224196 0.006841	0.057465 0.005380	0.014214 0.005857	0.002363 0.004882	0.001542 0.004568	0.000000 0.000000	0.001354 0.005380	0.000000 0.000000	0.000000 0.000000	
2 32 10 0.840000	0.049087 0.005311	0.997587 0.000525	0.225690 0.009948	0.052606 0.009990	0.015202 0.003435	0.001960 0.004082	0.000537 0.002685	0.001968 0.009839	0.000664 0.002075	0.000904 0.003084	0.000163 0.000817	
2 32 10 0.850000	0.051083 0.005819	0.997386 0.000588	0.217970 0.009992	0.052578 0.008802	0.011467 0.007454	0.001323 0.003843	0.000000 0.000000	0.000057 0.000287	0.000888 0.003508	0.000000 0.000000	0.000000 0.000000	
2 32 10 0.860000	0.050806 0.009844	0.997407 0.000984	0.211213 0.006551	0.045414 0.008602	0.009391 0.006830	0.003427 0.003026	0.001315 0.005289	0.001076 0.002017	0.000000 0.000000	0.000208 0.001041	0.001913 0.009563	
2 32 10 0.870000	0.047272 0.009815	0.997752 0.000885	0.206688 0.005912	0.047528 0.005923	0.009175 0.003720	0.002028 0.003235	0.000911 0.002533	0.000460 0.001520	0.000720 0.002455	0.000000 0.000000	0.000024 0.000120	
2 32 10 0.880000	0.046098 0.008467	0.997865 0.000771	0.200805 0.009945	0.043701 0.006161	0.009964 0.006689	0.000743 0.002139	0.000890 0.003957	0.001161 0.003747	0.000259 0.001293	0.000000 0.000000	0.000000 0.000000	
2 32 10 0.890000	0.044973 0.004499	0.997975 0.000406	0.197042 0.007864	0.040558 0.009818	0.006337 0.007199	0.000697 0.000996	0.000000 0.000000	0.000000 0.000000	0.000000 0.000000	0.000000 0.000000	0.000000 0.000000	
2 32 10 0.900000	0.045121 0.006038	0.997958 0.000539	0.198098 0.009873	0.039336 0.004167	0.005863 0.006271	0.000494 0.002469	0.000000 0.000000	0.000000 0.000000	0.000000 0.000000	0.000000 0.000000	0.000437 0.002184	
2 32 10 0.910000	0.044010 0.004355	0.998061 0.000383	0.190501 0.009526	0.040531 0.008682	0.006717 0.004688	0.000518 0.002592	0.000068 0.000342	0.000696 0.002236	0.000000 0.000000	0.000221 0.001104	0.000486 0.001992	
2 32 10 0.920000	0.043748 0.003904	0.998084 0.000347	0.184135 0.009706	0.036255 0.005537	0.007320 0.002781	0.000213 0.000933	0.000526 0.002630	0.000000 0.000000	0.000000 0.000000	0.000000 0.000000	0.000000 0.000000	
2 32 10 0.930000	0.043140 0.008765	0.998128 0.000768	0.183812 0.009917	0.038200 0.008214	0.006669 0.004576	0.001133 0.002554	0.000152 0.000762	0.000784 0.002228	0.000000 0.000000	0.000044 0.000222	0.000253 0.000771	
2 32 10 0.940000	0.042376 0.003066	0.998203 0.000258	0.178574 0.009881	0.030975 0.004751	0.004502 0.001513	0.000941 0.002702	0.000240 0.001041	0.000000 0.000000	0.000000 0.000000	0.000039 0.000193	0.000000 0.000000	
2 32 10 0.950000	0.044329 0.009720	0.998022 0.000878	0.170160 0.007325	0.033012 0.007222	0.005816 0.007783	0.000000 0.000000	0.000591 0.002956	0.000000 0.000000	0.000871 0.003413	0.000491 0.002454	0.000711 0.003556	
2 32 10 0.960000	0.041947 0.007115	0.998233 0.000574	0.179458 0.008185	0.031371 0.009150	0.004575 0.008454	0.001495 0.004859	0.000217 0.001086	0.000130 0.000649	0.000713 0.001950	0.000428 0.002142	0.000836 0.003143	
2 32 10 0.970000	0.041792 0.007118	0.998246 0.000591	0.170406 0.009524	0.028539 0.008631	0.004208 0.003429	0.001120 0.002180	0.000333 0.001666	0.000201 0.001003	0.000000 0.000000	0.000000 0.000000	0.001235 0.003817	
2 32 10 0.980000	0.041239 0.006805	0.998293 0.000568	0.167332 0.009958	0.027697 0.009098	0.003332 0.006323	0.001270 0.006348	0.000278 0.001388	0.000451 0.002257	0.000000 0.000000	0.000660 0.002898	0.000355 0.001774	
2 32 10 0.990000	0.039555 0.005703	0.998431 0.000453	0.158385 0.008807	0.026156 0.005579	0.001680 0.005086	0.000130 0.000644	0.001044 0.003567	0.000764 0.001618	0.001244 0.006222	0.001198 0.005990	0.000000 0.000000	
2 32 10 1.000000	0.043388 0.007216	0.998110 0.000616	0.165521 0.009739	0.029236 0.004983	0.003551 0.009651	0.001538 0.004625	0.000387 0.001936	0.000802 0.004008	0.000122 0.000611	0.000641 0.002919	0.001308 0.004021	
2 32 10 1.010000	0.042394 0.009937	0.998193 0.000833	0.158903 0.008451	0.023909 0.009332	0.003982 0.007594	0.001077 0.002877	0.001831 0.009157	0.000000 0.000000	0.000389 0.001947	0.001011 0.004949	0.000415 0.001600	
2 32 10 1.020000	0.039533 0.005755	0.998434 0.000461	0.153405 0.009372	0.025754 0.007261	0.002218 0.005796	0.000467 0.002333	0.000000 0.000000	0.000087 0.000434	0.000528 0.002638	0.001129 0.005644	0.002142 0.005353	
2 32 10 1.030000	0.044651 0.009915	0.997994 0.000856	0.152136 0.009123	0.023416 0.008308	0.001697 0.004526	0.001160 0.003296	0.001391 0.006954	0.000000 0.000000	0.000403 0.002013	0.001466 0.004754	0.000000 0.000000	
2 32 10 1.040000	0.040948 0.009669	0.998312 0.000817	0.150295 0.009031	0.021675 0.007533	0.003624 0.006186	0.000000 0.000000	0.000000 0.000000	0.000000 0.000000	0.000300 0.001500	0.000000 0.000000	0.000000 0.000000	
2 32 10 1.050000	0.040804 0.008733	0.998323 0.000742	0.150667 0.006500	0.020792 0.009027	0.002874 0.008322	0.000026 0.000128	0.001044 0.005219	0.002055 0.005681	0.000000 0.000000	0.000000 0.000000	0.000746 0.003732	
2 32 10 1.060000	0.037962 0.006235	0.998554 0.000474	0.146981 0.009018	0.022805 0.008580	0.004731 0.009682	-0.000037 0.000183	0.000000 0.000000	0.000000 0.000000	0.000621 0.001795	0.000000 0.000000	0.000000 0.000000	
2 32 10 1.070000	0.039322 0.007584	0.998446 0.000606	0.147284 0.009847	0.022735 0.008122	0.001338 0.002650	0.000168 0.000666	0.000000 0.000000	0.000000 0.000000	0.000637 0.003183	0.000000 0.000000	0.000341 0.001705	
2 32 10 1.080000	0.040315 0.009838	0.998360 0.000808	0.141061 0.009342	0.021703 0.006432	0.002391 0.004302	0.000816 0.003505	0.000259 0.001294	0.000293 0.001476	0.000000 0.000000	0.000498 0.002492	0.000308 0.001041	
2 32 10 1.090000	0.037718 0.007089	0.998572 0.000537	0.136887 0.009947	0.020323 0.002440	0.000715 0.003090	0.000000 0.000000	0.000000 0.000000	0.000047 0.000237	0.000413 0.002065	0.000099 0.000494	0.000206 0.001028	
2 32 10 1.100000	0.037385 0.005371	0.998597 0.000399	0.131968 0.008346	0.015732 0.007783	0.002513 0.008969	0.000577 0.002885	0.000441 0.002206	0.000811 0.004054	0.000000 0.000000	0.000533 0.001545	0.000653 0.003265	
2 32 10 1.110000	0.040474 0.007354	0.998352 0.000602	0.138577 0.009113	0.019808 0.007615	0.002516 0.002552	0.001740 0.003905	0.000064 0.000319	0.000000 0.000000	0.000631 0.001959	0.000098 0.000490	0.000258 0.001289	
2 32 10 1.120000	0.034862 0.005016	0.998781 0.000346	0.134970 0.009703	0.015028 0.006133	0.002441 0.006579	0.000075 0.000526	0.000112 0.000561	0.000697 0.003485	0.001140 0.003128	0.000231 0.001154	0.000000 0.000000	
2 32 10 1.130000	0.037790 0.009342	0.998556 0.000692	0.132737 0.008526	0.016077 0.007171	0.001428 0.004785	0.000131 0.000657	0.000724 0.003618	0.001714 0.006419	0.001128 0.003118	0.001366 0.005976	0.000215 0.001076	
2 32 10 1.140000	0.037262 0.007854	0.998605 0.000585	0.133976 0.008549	0.016104 0.005318	0.003188 0.005428	0.001525 0.005107	0.000402 0.001015	0.000547 0.002735	0.000000 0.000000	0.000000 0.000000	0.000000 0.000000	
2 32 10 1.150000	0.037894 0.009915	0.998550 0.000756	0.125766 0.008966	0.015513 0.008800	0.003276 0.005554	0.001435 0.007009	0.000868 0.004339	0.001045 0.001715	0.000153 0.000767	0.001067 0.004152	0.000344 0.001082	
2 32 10 1.160000	0.038039 0.006427	0.998549 0.000487	0.126732 0.009929	0.015559 0.008542	0.001845 0.004053	0.000039 0.000197	0.000696 0.003482	0.000000 0.000000	0.001689 0.008447	0.001433 0.007164	0.000000 0.000000	
2 32 10 1.170000	0.038650 0.004740	0.998503 0.000368	0.128249 0.006943	0.015358 0.009802	0.003267 0.006349	0.001779 0.005645	0.002197 0.009169	0.000770 0.003849	0.002408 0.009425	0.000423 0.002116	0.002144 0.008512	
2 32 10 1.180000	0.035565 0.001870	0.998735 0.000133	0.123526 0.009648	0.014472 0.005829	0.000195 0.000977	0.000523 0.002146	0.000334 0.001264	0.000058 0.000289	0.000769 0.003760	0.000047 0.000234	0.000757 0.001799	
2 32 10 1.190000	0.036717 0.007479	0.998646 0.000539	0.121989 0.009955	0.013978 0.006408	0.000292 0.001015	0.000048 0.000241	0.000060 0.000300	0.000311 0.001557	0.000079 0.000396	0.000671 0.003354	0.000476 0.002381	
2 32 10 1.200000	0.035947 0.003794	0.998706 0.000271	0.111199 0.008670	0.011485 0.009830	0.001277 0.007191	0.002127 0.006741	0.001239 0.003182	0.000402 0.002008	0.001937 0.004991	0.000445 0.002224	0.002350 0.007099	
2 32 10 1.210000	0.037194 0.005347	0.998614 0.000401	0.118585 0.009652	0.013177 0.001957	0.001277 0.003926	0.001659 0.008051	0.000277 0.001387	0.000270 0.000804	0.001415 0.004015	0.000264 0.001321	0.000819 0.004094	
2 32 10 1.220000	0.039042 0.006795	0.998470 0.000538	0.120340 0.009542	0.012716 0.005943	0.000900 0.004502	0.000478 0.002388	0.000000 0.000000	0.001023 0.005115	0.000021 0.000103	0.001314 0.004343	0.001091 0.005453	
2 32 10 1.230000	0.034971 0.006807	0.998772 0.000490	0.116522 0.009318	0.012473 0.005978	0.002226 0.005955	0.001091 0.004757	0.000696 0.003566	0.000463 0.002313	0.000294 0.000683	0.000306 0.001528	0.000817 0.004083	
2 32 10 1.240000	0.037047 0.008076	0.998616 0.000618	0.114777 0.008613	0.012531 0.009761	0.002168 0.008350	0.000383 0.001917	0.000760 0.003801	0.001803 0.003858	0.001103 0.004947	0.001816 0.005933	0.001800 0.005294	
2 32 10 1.250000	0.034028 0.007416	0.998833 0.000507	0.108503 0.009433	0.010662 0.009924	0.003422 0.006822	0.002392 0.008427	0.002420 0.006936	0.001225 0.003883	0.000993 0.004967	0.002180 0.007256	0.000930 0.004652	
2 32 10 1.260000	0.036364 0.006502	0.998673 0.000480	0.107121 0.008566	0.012286 0.002088	0.000000 0.000000	0.000875 0.003276	0.000000 0.000000	0.001261 0.004042	0.000584 0.002922	0.000000 0.000000	0.001512 0.004882	
2 32 10 1.270000	0.037722 0.003848	0.998575 0.000289	0.108561 0.009138	0.010597 0.009575	0.000723 0.002266	0.002958 0.006663	0.001712 0.005435	0.001371 0.006855	0.001279 0.004305	0.000378 0.001890	0.000415 0.002076	
2 32 10 1.280000	0.034120 0.007350	0.998828 0.000495	0.105778 0.009336	0.009084 0.009955	0.000427 0.002135	0.001984 0.009918	0.001258 0.003266	0.001626 0.008128	0.000000 0.000000	0.001045 0.005224	0.000000 0.000000	
2 32 10 1.290000	0.033462 0.009053	0.998869 0.000610	0.102216 0.004624	0.011023 0.009549	0.000998 0.002566	0.000716 0.003049	0.000000 0.000000	0.000240 0.001199	0.000452 0.001901	0.000000 0.000000	0.001080 0.005080	
2 32 10 1.300000	0.033143 0.009539	0.998888 0.000631	0.104329 0.006259	0.010722 0.006092	0.000181 0.001150	0.001365 0.003322	0.001425 0.007125	0.000000 0.000000	0.000017 0.000086	0.001519 0.004512	0.000582 0.002282	
2 32 10 1.310000	0.035987 0.004530	0.998702 0.000330	0.108282 0.009133	0.008925 0.005849	0.001185 0.004461	0.001152 0.004071	0.000244 0.001222	0.000465 0.002323	0.000854 0.002324	0.000308 0.001538	0.000884 0.002669	
2 32 10 1.320000	0.034184 0.006505	0.998826 0.000446	0.104701 0.009690	0.010182 0.003772	0.000169 0.000847	0.000000 0.000000	0.000000 0.000000	0.000000 0.000000	0.000619 0.002726	0.000250 0.001251	0.000649 0.002627	
2 32 10 1.330000	0.036251 0.009770	0.998673 0.000706	0.103110 0.005303	0.009171 0.008478	0.002335 0.009561	0.000072 0.000358	0.000774 0.003868	0.001374 0.006870	0.001680 0.005844	0.000000 0.000000	0.000000 0.000000	
2 32 10 1.340000	0.034040 0.002954	0.998840 0.000202	0.105310 0.009537	0.011067 0.005137	0.001336 0.004179	0.000539 0.002693	0.000634 0.003171	0.000543 0.002717	0.002817 0.007414	0.000399 0.001994	0.001658 0.007914	
2 32 10 1.350000	0.033286 0.006541	0.998888 0.000431	0.104229 0.009101	0.009372 0.008563	0.001595 0.007973	0.001103 0.002214	0.002374 0.008668	0.001054 0.005271	0.000999 0.004997	0.001880 0.009226	0.000000 0.000000	
2 32 10 1.360000	0.034195 0.004575	0.998828 0.000311	0.102484 0.009669	0.008764 0.009644	0.000400 0.001316	0.000449 0.002243	0.000733 0.002313	0.000000 0.000000	0.002222 0.008583	0.000572 0.002039	0.001292 0.004423	
2 32 10 1.370000	0.034856 0.008788	0.998775 0.000578	0.098625 0.009981	0.008037 0.007898	0.002422 0.007162	0.000354 0.001770	0.000053 0.000266	0.000000 0.000000	0.001568 0.004233	0.000000 0.000000	0.000000 0.000000	
2 32 10 1.380000	0.034241 0.007638	0.998821 0.000515	0.100840 0.009973	0.008449 0.009932	0.000534 0.002670	0.000345 0.001724	0.001240 0.006198	0.000000 0.000000	0.001724 0.005159	0.000221 0.000842	0.000000 0.000000	
2 32 10 1.390000	0.036270 0.009868	0.998671 0.000758	0.098736 0.009736	0.007653 0.005227	0.002205 0.005056	0.001467 0.004716	0.001373 0.003644	0.000811 0.004057	0.000784 0.002445	0.000535 0.002675	0.000809 0.004043	
2 32 10 1.400000	0.036748 0.003520	0.998648 0.000260	0.096579 0.009973	0.009295 0.003207	0.000452 0.001297	0.000000 0.000000	0.000402 0.001007	0.000278 0.001388	0.000835 0.003625	0.001018 0.005091	0.000000 0.000000	
2 32 10 1.410000	0.035935 0.009877	0.998697 0.000686	0.090249 0.008944	0.007697 0.008577	0.000000 0.000000	0.002279 0.005505	0.001359 0.005023	0.000044 0.000222	0.000614 0.002752	0.002365 0.009948	0.000544 0.002719	
2 32 10 1.420000	0.034112 0.001554	0.998836 0.000106	0.097336 0.008740	0.006409 0.009927	0.001511 0.005026	0.000000 0.000000	0.000678 0.002529	0.000839 0.002506	0.000000 0.000000	0.001835 0.003170	0.002066 0.004730	
2 32 10 1.430000	0.032598 0.009953	0.998924 0.000629	0.090895 0.009497	0.007448 0.009119	0.001130 0.005649	0.001514 0.007568	0.000168 0.000842	0.000079 0.000394	0.001235 0.006173	0.002035 0.004004	0.001061 0.002783	
2 32 10 1.440000	0.034173 0.005616	0.998829 0.000384	0.094653 0.009801	0.009341 0.009311	0.000810 0.004052	0.000000 0.000000	0.000000 0.000000	0.001357 0.004183	0.000000 0.000000	0.000254 0.001270	0.003035 0.009111	
2 32 10 1.450000	0.031971 0.005689	0.998974 0.000364	0.093093 0.009927	0.006489 0.005326	0.002112 0.006959	0.000825 0.002474	0.000712 0.002486	0.000000 0.000000	0.000921 0.004606	0.000627 0.003134	0.000184 0.000918	
2 32 10 1.460000	0.034720 0.004710	0.998792 0.000322	0.089889 0.005906	0.005643 0.009811	0.000752 0.002677	0.000000 0.000000	0.001080 0.004858	0.000165 0.000825	0.000516 0.001900	0.000000 0.000000	0.000000 0.000000	
2 32 10 1.470000	0.034136 0.009240	0.998824 0.000616	0.092342 0.008504	0.010699 0.008330	0.000000 0.000000	0.000865 0.002967	0.000458 0.002289	0.000000 0.000000	0.001271 0.004022	0.000524 0.002619	0.000301 0.001503	
2 32 10 1.480000	0.031340 0.006751	0.999011 0.000425	0.090485 0.007639	0.007024 0.006763	0.001262 0.004695	0.000347 0.000902	0.000000 0.000000	0.000802 0.004010	0.004396 0.005947	0.002476 0.005242	0.002211 0.008614	
2 32 10 1.490000	0.032853 0.007682	0.998911 0.000521	0.087697 0.009206	0.005113 0.006240	0.001368 0.004336	0.000098 0.000490	0.000000 0.000000	0.001599 0.007994	0.000759 0.003795	0.000590 0.002447	0.000635 0.003177	
2 32 10 1.500000	0.032167 0.004608	0.998963 0.000303	0.087554 0.009340	0.006379 0.007126	0.001165 0.005367	0.000000 0.000000	0.000295 0.001477	0.000865 0.002426	0.001118 0.004162	0.000530 0.002224	0.000053 0.000266	
2 32 10 1.510000	0.032635 0.001855	0.998934 0.000120	0.086350 0.009059	0.008100 0.009949	0.000247 0.001234	0.000626 0.001487	0.000958 0.003469	0.000000 0.000000	0.000000 0.000000	0.000000 0.000000	0.000538 0.001532	
2 32 10 1.520000	0.033213 0.003156	0.998895 0.000209	0.086316 0.009795	0.008260 0.006587	0.000000 0.000000	0.000349 0.001747	0.000420 0.002098	0.000362 0.000952	0.000454 0.001750	0.000258 0.001289	0.001224 0.006120	
2 32 10 1.530000	0.033430 0.006607	0.998877 0.000445	0.088244 0.008848	0.005529 0.006873	0.000000 0.000000	0.000000 0.000000	0.001505 0.006729	0.001592 0.007959	0.002129 0.005915	0.001973 0.009863	0.003807 0.007459	
2 32 10 1.540000	0.034558 0.007266	0.998800 0.000508	0.084001 0.009876	0.005400 0.005949	0.000469 0.002774	0.000157 0.000785	0.000228 0.001138	0.000000 0.000000	0.001265 0.003995	0.000470 0.001472	0.000000 0.000000	
2 32 10 1.550000	0.031776 0.007409	0.998984 0.000463	0.082489 0.009648	0.007698 0.006436	0.000648 0.002503	0.000000 0.000000	0.000583 0.002917	0.000606 0.003029	0.000364 0.001822	0.001938 0.005550	0.000148 0.000740	
2 32 10 1.560000	0.031451 0.003043	0.999009 0.000189	0.083923 0.009866	0.005618 0.006578	0.000000 0.000000	0.000493 0.002465	0.000713 0.002481	0.000287 0.001434	0.000508 0.002540	0.001067 0.004183	0.001211 0.004627	
2 32 10 1.570000	0.034169 0.009340	0.998822 0.000638	0.082244 0.008639	0.003973 0.007119	0.000032 0.000160	0.000427 0.002134	0.000000 0.000000	0.001120 0.005500	0.000759 0.003115	0.000182 0.000545	0.001170 0.003450	
2 32 10 1.580000	0.031526 0.005524	0.999003 0.000356	0.082591 0.008973	0.008375 0.006611	0.002240 0.004274	0.000000 0.000000	0.001838 0.004749	0.001446 0.007230	0.000542 0.002709	0.000693 0.003465	0.000306 0.001530	
2 32 10 1.590000	0.035635 0.005249	0.998727 0.000373	0.078639 0.009770	0.007233 0.005595	0.001021 0.003796	0.000694 0.001831	0.001402 0.002663	0.001211 0.003764	0.000771 0.003856	0.001468 0.003733	0.001514 0.007062	
2 32 10 1.600000	0.032040 0.005808	0.998969 0.000361	0.082099 0.009026	0.006001 0.007393	0.000985 0.003260	0.000000 0.000000	0.000929 0.003733	0.001558 0.004534	0.004095 0.009756	0.000466 0.001900	0.000259 0.000960	
2 32 10 1.610000	0.033305 0.006561	0.998885 0.000438	0.084057 0.009781	0.003798 0.008527	0.000705 0.003425	0.002259 0.006634	0.001146 0.002744	0.001131 0.003087	0.001569 0.007843	0.001553 0.004029	0.000731 0.003656	
2 32 10 1.620000	0.032148 0.009470	0.998954 0.000585	0.076790 0.009578	0.006163 0.008105	0.002152 0.003993	0.000561 0.002805	0.001733 0.004181	0.001559 0.006041	0.000256 0.000887	0.000469 0.001820	0.000000 0.000000	
2 32 10 1.630000	0.032614 0.008102	0.998927 0.000511	0.079175 0.009783	0.006159 0.006738	0.000000 0.000000	0.001533 0.006870	0.000000 0.000000	0.000000 0.000000	0.000222 0.001109	0.000870 0.004350	0.000516 0.002582	
2 32 10 1.640000	0.032879 0.009173	0.998907 0.000611	0.077987 0.009014	0.006194 0.009902	0.001320 0.006601	0.001365 0.004288	0.000963 0.002765	0.000000 0.000000	0.001330 0.006555	0.000000 0.000000	0.001976 0.005121	
2 32 10 1.650000	0.033035 0.003163	0.998907 0.000209	0.076705 0.005861	0.005559 0.009901	0.001414 0.002927	0.000122 0.000528	0.000000 0.000000	0.000366 0.001830	0.000550 0.002749	0.000518 0.001353	0.001805 0.008104	
2 32 10 1.660000	0.032275 0.007507	0.998950 0.000467	0.074626 0.008558	0.004031 0.006406	0.001930 0.009077	0.002314 0.006672	0.001107 0.002332	0.001242 0.004362	-0.000027 0.000134	0.003488 0.008720	0.000800 0.003998	
2 32 10 1.670000	0.033047 0.005303	0.998904 0.000353	0.078002 0.009059	0.004285 0.008067	0.000095 0.000738	0.000590 0.002171	0.000346 0.001729	0.000802 0.002362	0.000499 0.002496	0.001165 0.004413	0.002218 0.005999	
2 32 10 1.680000	0.035560 0.009734	0.998720 0.000678	0.080209 0.008699	0.007265 0.002804	0.001457 0.005830	0.000834 0.003001	0.000000 0.000000	0.000834 0.004168	0.001578 0.006415	0.001408 0.005634	0.000786 0.004636	
2 32 10 1.690000	0.032649 0.004462	0.998931 0.000287	0.074591 0.004193	0.004690 0.009267	0.000073 0.000366	0.000673 0.003365	0.003415 0.004826	0.000312 0.001560	0.000057 0.000284	0.002422 0.005981	0.000020 0.000099	
2 32 10 1.700000	0.035109 0.005588	0.998762 0.000388	0.073477 0.009462	0.002505 0.007139	0.000661 0.002128	0.004204 0.009729	0.000953 0.004767	-0.000019 0.000093	0.000653 0.004421	0.000271 0.000746	0.002111 0.007826	
2 32 10 1.710000	0.032519 0.009807	0.998930 0.000615	0.071820 0.009386	0.003416 0.007384	0.000000 0.000000	0.003243 0.008814	0.003776 0.006095	0.000732 0.003660	0.002564 0.004727	0.000657 0.003283	0.001686 0.005475	
2 32 10 1.720000	0.034051 0.007616	0.998834 0.000502	0.075553 0.009604	0.004218 0.007610	0.001762 0.007536	0.000459 0.001387	0.000000 0.000000	0.000685 0.002503	0.000000 0.000000	0.001364 0.005493	0.000000 0.000000	
2 32 10 1.730000	0.028153 0.007278	0.999199 0.000417	0.076853 0.003947	0.005464 0.009511	0.000829 0.006237	0.001989 0.006482	0.002152 0.006473	0.003066 0.006433	-0.000501 0.002222	0.000593 0.002980	0.001243 0.003278	
2 32 10 1.740000	0.033051 0.009593	0.998896 0.000665	0.073503 0.009567	0.003593 0.008513	0.002143 0.007631	0.000696 0.003472	0.001138 0.005691	0.000880 0.002475	-0.000321 0.001606	0.002982 0.007976	0.001045 0.003535	
2 32 10 1.750000	0.033401 0.006114	0.998879 0.000420	0.071295 0.009714	0.004692 0.009090	0.000416 0.002082	0.000000 0.000000	0.001055 0.003202	0.000689 0.003443	0.000967 0.004140	0.000247 0.001237	0.000592 0.004269	
2 32 10 1.760000	0.032475 0.004972	0.998942 0.000320	0.070417 0.009589	0.006173 0.009678	0.001139 0.008067	0.000832 0.003429	0.001140 0.004563	0.001150 0.003456	0.000321 0.001605	0.001414 0.004705	0.000222 0.001110	
2 32 10 1.770000	0.030585 0.004398	0.999062 0.000258	0.073774 0.009220	0.001966 0.006323	0.001434 0.004476	0.001292 0.005635	0.002182 0.006345	0.001592 0.003352	0.001740 0.006639	0.001643 0.004614	0.001562 0.005646	
2 32 10 1.780000	0.033537 0.005629	0.998871 0.000365	0.071864 0.009568	0.004973 0.008778	-0.000029 0.000147	0.000506 0.002529	0.001831 0.005029	0.000000 0.000000	0.000277 0.000998	0.000385 0.001776	0.000000 0.000000	
2 32 10 1.790000	0.032694 0.003552	0.998929 0.000232	0.069772 0.009414	0.003583 0.006918	0.000922 0.004611	0.000449 0.001152	-0.000065 0.000323	0.001157 0.004445	0.000392 0.001961	0.002219 0.005595	0.000591 0.002957	
2 32 10 1.800000	0.032585 0.008225	0.998930 0.000548	0.063175 0.009908	0.002274 0.004224	0.001582 0.005071	0.000802 0.001720	0.002438 0.006495	0.001140 0.005698	0.000000 0.000000	0.000000 0.000000	0.000577 0.002309	
2 32 10 1.810000	0.029397 0.007017	0.999130 0.000424	0.068497 0.009150	0.004086 0.004549	0.001440 0.004777	0.000446 0.001629	0.001175 0.004157	0.000000 0.000000	0.000838 0.004188	0.002052 0.004729	0.001317 0.004682	
2 32 10 1.820000	0.034327 0.009382	0.998811 0.000654	0.065413 0.009651	0.011789 0.009851	0.001880 0.005035	0.000000 0.000000	0.000000 0.000000	0.001599 0.004443	0.000599 0.002996	0.001420 0.004627	0.000934 0.003439	
2 32 10 1.830000	0.027835 0.006369	0.999220 0.000360	0.063635 0.005384	0.009006 0.009636	0.001606 0.004569	0.001736 0.005037	0.002202 0.006661	0.001503 0.006694	0.001167 0.004517	0.001972 0.009860	0.000071 0.000204	
2 32 10 1.840000	0.028695 0.009942	0.999165 0.000573	0.067499 0.008798	0.000909 0.002504	0.001117 0.003795	0.001193 0.005965	0.000962 0.002849	0.000781 0.004066	0.000000 0.000000	0.001135 0.005677	0.000000 0.000000	
2 32 10 1.850000	0.033233 0.007271	0.998887 0.000487	0.066573 0.007214	0.002231 0.007936	0.002629 0.009835	0.001242 0.006211	0.000735 0.002509	0.000072 0.000359	0.001526 0.005562	0.000355 0.001773	0.001557 0.007701	
2 32 10 1.860000	0.033172 0.005361	0.998895 0.000364	0.066088 0.008000	0.002142 0.005198	0.001587 0.007935	0.000000 0.000000	0.000146 0.000730	0.002580 0.009974	0.000704 0.003520	0.001282 0.006408	0.001021 0.003302	
2 32 10 1.870000	0.031503 0.005141	0.999003 0.000325	0.068538 0.009638	0.002165 0.004916	0.000559 0.002796	0.000083 0.000417	0.000358 0.001339	0.000000 0.000000	0.000957 0.004318	0.001551 0.003615	0.000213 0.001047	
2 32 10 1.880000	0.032297 0.009991	0.998946 0.000671	0.068182 0.009695	0.003526 0.007158	0.000548 0.002543	0.000501 0.002503	0.000000 0.000000	0.000000 0.000000	0.000302 0.001512	0.001028 0.005142	0.000730 0.003220	
2 32 10 1.890000	0.032097 0.006493	0.998964 0.000415	0.069769 0.004177	0.003000 0.009964	0.004011 0.009938	0.000721 0.002278	0.000000 0.000000	0.000513 0.002563	0.002690 0.009234	0.000000 0.000000	0.001666 0.006288	
2 32 10 1.900000	0.031067 0.004349	0.999032 0.000271	0.068243 0.008408	0.002062 0.004079	0.000444 0.003027	0.000787 0.002464	0.000337 0.001684	0.000715 0.003573	0.000250 0.001248	0.001245 0.006226	0.001165 0.005826	
2 32 10 1.910000	0.032971 0.009905	0.998897 0.000670	0.063286 0.006513	0.004888 0.002896	0.000254 0.001272	0.000114 0.000570	0.000000 0.000000	0.000000 0.000000	0.000770 0.003291	0.000000 0.000000	0.001116 0.005581	
2 32 10 1.920000	0.031140 0.006429	0.999025 0.000395	0.061224 0.009544	0.001601 0.004832	0.000013 0.000067	0.000397 0.001986	0.001134 0.004630	0.001901 0.009506	0.000000 0.000000	0.000299 0.001773	0.002660 0.006680	
2 32 10 1.930000	0.030096 0.009357	0.999082 0.000527	0.063678 0.008359	0.004014 0.009965	0.000953 0.004766	0.000489 0.002444	0.000281 0.001296	0.001333 0.006667	0.000383 0.001794	0.000304 0.001519	0.000000 0.000000	
2 32 10 1.940000	0.030054 0.006891	0.999091 0.000401	0.060119 0.009176	0.002139 0.008482	0.000694 0.002309	0.000000 0.000000	0.001183 0.003203	0.002059 0.006826	0.002133 0.005402	0.002055 0.006210	0.000000 0.000000	
2 32 10 1.950000	0.031410 0.006847	0.999004 0.000426	0.063043 0.008855	0.006085 0.009427	0.001488 0.006646	0.000663 0.003314	0.000972 0.004859	0.000334 0.002217	0.000000 0.000000	0.000034 0.000466	0.000445 0.002224	
2 32 10 1.960000	0.032701 0.006285	0.998926 0.000414	0.060699 0.009939	0.003851 0.006855	0.000904 0.002729	0.000236 0.001181	0.001134 0.002946	0.001004 0.003063	0.000000 0.000000	-0.000039 0.000196	0.001630 0.004973	
2 32 10 1.970000	0.031499 0.004461	0.999005 0.000287	0.059626 0.009881	0.003006 0.006080	0.001035 0.003310	0.000000 0.000000	0.000434 0.001149	0.000000 0.000000	0.000000 0.000000	0.000000 0.000000	0.000215 0.001073	
2 32 10 1.980000	0.033328 0.009798	0.998876 0.000662	0.062177 0.005848	0.001618 0.006292	0.002544 0.004717	0.000000 0.000000	0.000973 0.003277	0.000870 0.004350	0.001337 0.006687	0.002280 0.006384	0.002154 0.006865	
2 32 10 1.990000	0.033368 0.009032	0.998877 0.000612	0.063318 0.007823	0.005230 0.008987	0.000464 0.002321	0.000175 0.000874	0.000478 0.002391	0.001719 0.008596	0.002045 0.005540	0.001320 0.003974	0.000000 0.000000	
2 32 10 2.000000	0.033385 0.007054	0.998879 0.000488	0.060266 0.009044	0.000174 0.000870	0.000780 0.003902	0.001524 0.007622	0.000443 0.002214	0.001955 0.006745	0.001136 0.005678	0.003746 0.008801	0.000469 0.002343	
2 32 10 2.010000	0.030799 0.003997	0.999049 0.000238	0.059045 0.009337	0.004263 0.006859	0.001203 0.004251	0.000000 0.000000	0.000359 0.001793	0.000612 0.003061	0.000435 0.002176	0.000590 0.002719	0.000372 0.001862	
2 32 10 2.020000	0.034240 0.009349	0.998816 0.000667	0.058571 0.005171	0.002377 0.004859	0.000911 0.002848	0.000442 0.002210	0.000406 0.002028	0.001155 0.004234	0.000421 0.002106	0.000424 0.002119	0.001902 0.004803	
2 32 10 2.030000	0.032979 0.007794	0.998905 0.000531	0.058407 0.005773	0.001010 0.005050	0.002214 0.008457	0.000000 0.000000	0.000000 0.000000	0.000000 0.000000	0.001959 0.009793	0.001151 0.003878	0.002004 0.004856	
2 32 10 2.040000	0.032041 0.008177	0.998965 0.000525	0.058687 0.008750	0.000643 0.003215	0.000391 0.002316	0.000970 0.003277	0.002762 0.007928	0.000840 0.003277	0.001302 0.006508	0.003103 0.007759	0.001602 0.005293	
2 32 10 2.050000	0.030844 0.005830	0.999045 0.000357	0.058861 0.008292	0.003680 0.008341	0.003778 0.008650	0.000000 0.000000	0.000941 0.004705	0.000000 0.000000	0.002681 0.006108	0.000332 0.000839	0.000000 0.000000	
2 32 10 2.060000	0.033278 0.008550	0.998884 0.000566	0.056807 0.009724	0.004703 0.007633	0.000506 0.002183	0.001881 0.009404	0.001416 0.007082	0.001535 0.003369	0.000389 0.001946	0.000266 0.002069	0.000168 0.000841	
2 32 10 2.070000	0.028137 0.008667	0.999195 0.000481	0.059215 0.009485	0.004345 0.007828	0.001020 0.002788	0.000435 0.002175	0.000581 0.001912	0.001381 0.003508	0.003571 0.006143	0.004310 0.008843	0.001469 0.006805	
2 32 10 2.080000	0.033923 0.008951	0.998838 0.000595	0.057066 0.004645	0.003030 0.005340	0.001790 0.006326	0.001797 0.008984	0.000000 0.000000	0.001794 0.004296	0.000734 0.003672	0.000261 0.001303	0.000723 0.002983	
2 32 10 2.090000	0.030410 0.003925	0.999074 0.000239	0.055975 0.009446	0.003471 0.008217	0.000270 0.001349	0.002664 0.007091	0.002686 0.008091	0.000744 0.004211	0.002188 0.004513	0.002171 0.005849	0.000147 0.000733	
2 32 10 2.100000	0.029073 0.007955	0.999147 0.000476	0.054780 0.009336	0.003653 0.009943	0.000170 0.000852	0.000453 0.002267	0.003138 0.009348	0.000000 0.000000	0.000409 0.001220	0.001254 0.003245	0.000000 0.000000	
2 32 10 2.110000	0.029740 0.007645	0.999109 0.000469	0.051681 0.008382	0.001587 0.007934	0.000262 0.001311	0.004566 0.008498	0.000455 0.003120	0.000000 0.000000	0.002171 0.008261	0.001281 0.006403	0.000497 0.002483	
2 32 10 2.120000	0.032339 0.009996	0.998943 0.000676	0.052492 0.009957	0.002733 0.005312	0.000868 0.003316	0.001122 0.005608	0.000496 0.001342	0.002194 0.005640	0.001633 0.008163	0.000825 0.004126	0.001896 0.005809	
2 32 10 2.130000	0.031374 0.009948	0.999002 0.000582	0.057535 0.007408	0.001247 0.003442	0.000547 0.002324	0.000956 0.002734	0.000697 0.003283	0.000526 0.002040	0.000000 0.000000	0.001113 0.004053	0.000733 0.003667	
2 32 10 2.140000	0.033558 0.007872	0.998867 0.000545	0.054360 0.009009	0.001650 0.004833	0.001480 0.006541	0.000000 0.000000	0.000453 0.001390	0.000895 0.003374	0.000000 0.000000	0.000921 0.004063	0.000769 0.003844	
2 32 10 2.150000	0.029478 0.009076	0.999121 0.000559	0.056542 0.007845	0.002963 0.008227	0.000817 0.004086	0.001082 0.002374	0.000000 0.000000	0.000301 0.001504	0.000590 0.001839	0.001793 0.005794	0.000418 0.001673	
2 32 10 2.160000	0.034075 0.001635	0.998838 0.000112	0.054996 0.009616	0.004280 0.008004	0.000000 0.000000	0.000440 0.002200	0.000231 0.001155	0.001088 0.002901	0.001050 0.005250	0.002239 0.005120	0.001022 0.003522	
2 32 10 2.170000	0.030446 0.008908	0.999063 0.000524	0.058356 0.009419	0.001080 0.002733	0.000070 0.000349	0.001149 0.003380	0.003649 0.009644	0.000363 0.001813	0.001170 0.003846	0.002567 0.008468	-0.000124 0.000622	
2 32 10 2.180000	0.032229 0.008315	0.998953 0.000542	0.049903 0.008674	0.000118 0.000299	0.003163 0.005095	0.000269 0.001343	0.001416 0.005970	0.001796 0.008978	0.001750 0.005208	0.001131 0.005656	0.000736 0.003681	
2 32 10 2.190000	0.030913 0.009996	0.999032 0.000589	0.050996 0.009303	0.001304 0.004110	0.000097 0.000484	0.000733 0.002527	0.001171 0.003266	0.000077 0.000383	0.001223 0.003324	0.000725 0.004045	0.000174 0.000871	
2 32 10 2.200000	0.030826 0.007889	0.999041 0.000483	0.054596 0.009575	0.002371 0.007589	0.003059 0.008752	0.000295 0.001476	0.002462 0.004435	0.000993 0.002668	0.001246 0.003435	0.000000 0.000000	0.001655 0.003579	
2 32 10 2.210000	0.031198 0.009573	0.999013 0.000609	0.054340 0.009510	0.002206 0.006306	0.000565 0.002192	0.001073 0.004209	0.000812 0.002666	0.000155 0.000547	0.000425 0.002123	0.001526 0.007631	0.001134 0.004977	
2 32 10 2.220000	0.030124 0.009597	0.999080 0.000590	0.054443 0.006824	0.001455 0.003304	0.000670 0.003352	0.000802 0.002660	0.001107 0.004139	0.000000 0.000000	0.000000 0.000000	0.000000 0.000000	0.000343 0.001714	
2 32 10 2.230000	0.029769 0.007655	0.999105 0.000478	0.055155 0.008784	0.004532 0.006144	0.000430 0.001513	0.000921 0.002807	0.001345 0.003535	0.000000 0.000000	0.000214 0.000637	0.000595 0.002974	0.001280 0.004593	
2 32 10 2.240000	0.034829 0.009949	0.998774 0.000712	0.052192 0.009577	0.003439 0.004953	0.002035 0.007779	0.000957 0.003012	0.000220 0.001102	0.000664 0.002095	0.001130 0.004112	0.000662 0.003311	0.000661 0.002419	
2 32 10 2.250000	0.035045 0.009245	0.998756 0.000664	0.060450 0.009517	0.003414 0.007538	0.000000 0.000000	0.000192 0.000960	0.000203 0.001014	0.000167 0.001085	0.001545 0.005010	0.000943 0.003958	0.001362 0.004123	
2 32 10 2.260000	0.030078 0.008912	0.999083 0.000551	0.052164 0.009677	0.001663 0.003775	0.000456 0.001173	0.000685 0.003427	0.000804 0.004018	0.001186 0.005929	0.001033 0.004629	0.000372 0.001813	0.000632 0.002167	
2 32 10 2.270000	0.029554 0.007945	0.999119 0.000486	0.049577 0.004164	0.002734 0.009385	0.000000 0.000000	0.000272 0.001359	0.000000 0.000000	0.000295 0.001476	0.001572 0.007401	0.001263 0.003649	0.001625 0.007766	
2 32 10 2.280000	0.029310 0.005033	0.999138 0.000288	0.050687 0.009863	0.001242 0.004058	0.000146 0.000731	0.000615 0.003077	0.000335 0.001676	0.002954 0.006045	0.000544 0.001559	0.002040 0.005514	0.001016 0.005714	
2 32 10 2.290000	0.032092 0.007773	0.998962 0.000506	0.052447 0.009611	0.000708 0.002082	0.000000 0.000000	0.000114 0.000569	0.000000 0.000000	0.001475 0.004593	0.000101 0.000504	0.000548 0.002740	0.001544 0.005653	
2 32 10 2.300000	0.033786 0.005781	0.998853 0.000392	0.051207 0.008770	0.002326 0.008094	0.002412 0.005968	0.002189 0.006399	0.000000 0.000000	0.000696 0.002362	0.000000 0.000000	0.001984 0.004777	0.000000 0.000000	
2 32 10 2.310000	0.030889 0.003743	0.999044 0.000236	0.053772 0.009964	0.002318 0.004665	0.000335 0.001675	0.000918 0.004590	0.000203 0.000713	0.000000 0.000000	0.002073 0.008159	0.000209 0.001045	0.000958 0.003888	
2 32 10 2.320000	0.029915 0.005287	0.999101 0.000314	0.051142 0.008896	0.003543 0.006241	0.000985 0.004927	0.002252 0.009370	0.000771 0.003855	0.001742 0.008712	0.000288 0.001438	0.003442 0.007308	0.000505 0.002403	
2 32 10 2.330000	0.031207 0.006613	0.999017 0.000419	0.051195 0.009221	0.001317 0.003301	0.001759 0.004102	0.001079 0.003929	0.000174 0.000872	0.000000 0.000000	0.000807 0.004034	0.002969 0.007168	0.000025 0.001081	
2 32 10 2.340000	0.033263 0.009305	0.998879 0.000643	0.049905 0.008583	0.002793 0.005828	0.001496 0.005389	0.003022 0.007900	0.001612 0.005241	0.002919 0.007213	0.001416 0.004519	0.000828 0.001936	0.000000 0.000000	
2 32 10 2.350000	0.031469 0.008434	0.999000 0.000526	0.048609 0.009813	0.001839 0.006657	0.000157 0.000787	0.000757 0.003930	0.000495 0.001796	0.000000 0.000000	0.000745 0.003725	0.001554 0.004546	0.000158 0.000788	
2 32 10 2.360000	0.030021 0.008851	0.999085 0.000543	0.050300 0.009790	0.003137 0.006798	0.000159 0.002690	0.000968 0.004562	0.000853 0.002523	0.004545 0.008682	0.003048 0.006882	0.001860 0.009301	0.000021 0.000104	
2 32 10 2.370000	0.031804 0.007633	0.998981 0.000488	0.048831 0.009889	0.005075 0.005378	0.002551 0.005623	0.000710 0.003316	0.001953 0.004241	0.000000 0.000000	0.001453 0.004215	0.000000 0.000000	0.000658 0.002885	
2 32 10 2.380000	0.032450 0.008865	0.998938 0.000570	0.050228 0.008570	0.000444 0.002221	0.000282 0.001196	0.000200 0.000999	0.000468 0.001448	0.000376 0.001879	0.001141 0.002027	0.001266 0.003625	0.001693 0.005839	
2 32 10 2.390000	0.032203 0.008041	0.998955 0.000517	0.044761 0.009413	0.002163 0.004538	0.000598 0.002988	0.000892 0.004462	0.000521 0.001705	0.002497 0.006086	0.000000 0.000000	0.001871 0.006954	0.000165 0.000823	
2 32 10 2.400000	0.031066 0.008819	0.999026 0.000539	0.048126 0.009810	0.000876 0.002567	0.001691 0.004058	0.000330 0.001652	0.000000 0.000000	0.002317 0.005525	0.000000 0.000000	0.001133 0.005665	0.001046 0.004202	
2 32 10 2.410000	0.031538 0.009177	0.998994 0.000602	0.044880 0.004927	0.003611 0.006872	0.002269 0.009421	0.000871 0.001841	0.000681 0.003404	0.001603 0.008016	0.000546 0.002445	0.001767 0.004856	0.001673 0.007526	
2 32 10 2.420000	0.030323 0.003987	0.999079 0.000237	0.045120 0.009005	0.003073 0.006482	0.001377 0.003962	0.000341 0.001706	0.000000 0.000000	0.000507 0.001333	0.000165 0.001197	0.000392 0.001960	0.000023 0.000114	
2 32 10 2.430000	0.030732 0.008485	0.999047 0.000533	0.043132 0.008630	0.004582 0.009539	0.002869 0.008246	0.000923 0.005197	0.000418 0.002091	0.001903 0.005251	0.000722 0.004330	0.000000 0.000000	0.002147 0.006106	
2 32 10 2.440000	0.029181 0.005840	0.999144 0.000350	0.046592 0.009771	0.001190 0.002137	0.002803 0.007889	0.001187 0.005165	0.000520 0.002600	0.000235 0.001176	0.000844 0.005053	0.000000 0.000000	0.001589 0.005259	
2 32 10 2.450000	0.028841 0.007501	0.999161 0.000435	0.050222 0.005611	0.003172 0.004385	0.002889 0.009679	0.000000 0.000000	0.002360 0.007141	0.000871 0.004355	0.000000 0.000000	0.000000 0.000000	0.000853 0.003186	
2 32 10 2.460000	0.030803 0.006725	0.999046 0.000422	0.042408 0.006479	0.004564 0.009442	0.000000 0.000000	0.002204 0.008697	-0.000033 0.000163	0.001325 0.006624	0.000000 0.000000	0.001374 0.003041	0.000000 0.000000	
2 32 10 2.470000	0.029471 0.005775	0.999128 0.000343	0.046633 0.009214	0.002013 0.008892	0.000942 0.004712	0.000000 0.000000	0.001106 0.005235	0.001028 0.005140	0.003286 0.006177	0.002280 0.006611	0.001714 0.008570	
2 32 10 2.480000	0.030432 0.008021	0.999066 0.000501	0.043442 0.008127	0.000642 0.002867	0.000247 0.003365	0.000111 0.000556	0.002303 0.007692	0.001399 0.005932	0.000652 0.003261	0.000991 0.004954	0.000690 0.003450	
2 32 10 2.490000	0.033890 0.009308	0.998841 0.000638	0.044848 0.007332	0.001766 0.003973	0.003655 0.007500	0.001993 0.003722	0.000335 0.001674	0.000000 0.000000	0.002237 0.006310	0.000000 0.000000	0.001393 0.005020	
2 32 10 2.500000	0.030533 0.004998	0.999065 0.000307	0.047477 0.009144	0.001991 0.005222	0.001600 0.003644	0.000931 0.004653	0.001522 0.004015	-0.000095 0.000649	0.002785 0.007038	0.001531 0.006150	0.002376 0.005960	
2 32 10 2.510000	0.029926 0.006152	0.999100 0.000374	0.046319 0.003524	0.002383 0.004779	0.001179 0.003624	0.000455 0.002276	0.001876 0.008178	0.000774 0.003869	0.000375 0.001875	0.001988 0.009942	0.000000 0.000000	
2 32 10 2.520000	0.031104 0.008873	0.999021 0.000553	0.051658 0.008683	0.002952 0.007868	0.001886 0.009432	0.002227 0.006274	0.001379 0.003770	0.000473 0.002363	0.000692 0.003338	0.000291 0.000895	0.000194 0.000971	
2 32 10 2.530000	0.030272 0.009571	0.999073 0.000561	0.044501 0.009105	0.003654 0.007979	0.002044 0.004766	0.000863 0.004313	0.000000 0.000000	0.000636 0.002672	0.001913 0.009567	0.000000 0.000000	0.001014 0.003555	
2 32 10 2.540000	0.029026 0.009330	0.999146 0.000551	0.044977 0.008851	0.002592 0.007471	0.005071 0.009084	0.002452 0.008306	0.001073 0.004329	0.000301 0.001505	0.001078 0.003239	0.000959 0.004795	0.001603 0.008017	
2 32 10 2.550000	0.031349 0.009295	0.999005 0.000551	0.043248 0.009488	0.001248 0.003948	0.001039 0.004360	0.001379 0.003041	0.000000 0.000000	0.000157 0.000570	0.000222 0.001112	0.000000 0.000000	0.000493 0.001176	
2 32 10 2.560000	0.028718 0.005791	0.999169 0.000339	0.044654 0.009813	0.001598 0.004950	0.000288 0.001202	0.001692 0.004597	0.000063 0.000316	0.001371 0.006856	0.000431 0.002154	0.000325 0.001627	0.000649 0.001792	
2 32 10 2.570000	0.028922 0.002727	0.999163 0.000157	0.045366 0.009027	0.000694 0.003298	0.000054 0.000270	0.001507 0.005324	0.000771 0.003855	0.001655 0.006154	0.000423 0.001346	0.002136 0.004267	0.001111 0.003156	
2 32 10 2.580000	0.029802 0.006666	0.999104 0.000398	0.047291 0.008525	0.001908 0.004487	0.000791 0.003955	0.000571 0.002596	0.001764 0.008820	0.002532 0.005374	0.002637 0.006354	0.000576 0.002881	0.003483 0.007712	
2 32 10 2.590000	0.030654 0.009728	0.999048 0.000613	0.044377 0.004870	0.000000 0.000000	0.000935 0.004674	0.000818 0.004088	0.002684 0.008323	0.001921 0.005115	0.001583 0.003385	0.001158 0.004024	0.001136 0.002958	
2 32 10 2.600000	0.030039 0.003134	0.999097 0.000188	0.042177 0.009144	0.002738 0.006408	0.001312 0.006562	0.001927 0.008216	0.001457 0.005555	0.000696 0.003480	0.000450 0.002249	0.001063 0.005314	0.000317 0.001585	
2 32 10 2.610000	0.028274 0.007556	0.999192 0.000424	0.047051 0.006867	0.000315 0.001574	0.001028 0.005142	0.001908 0.006589	0.002936 0.009017	0.002263 0.008117	-0.000163 0.000815	0.000000 0.000000	0.002448 0.009282	
2 32 10 2.620000	0.031368 0.007556	0.999009 0.000462	0.041978 0.007396	0.003345 0.006221	0.001410 0.004991	0.003266 0.005520	0.000000 0.000000	0.001166 0.005498	0.000000 0.000000	0.001273 0.003719	0.000113 0.000563	
2 32 10 2.630000	0.034682 0.005732	0.998792 0.000401	0.036739 0.008258	0.001630 0.006958	0.000539 0.002693	0.001994 0.008082	0.000704 0.003061	0.002859 0.007962	0.000954 0.004530	0.000936 0.002947	0.001056 0.004230	
2 32 10 2.640000	0.033603 0.008853	0.998861 0.000610	0.046679 0.007576	0.000485 0.002427	0.001483 0.007416	0.000000 0.000000	0.001728 0.004284	0.000789 0.002925	0.001695 0.005245	0.000000 0.000000	0.000714 0.001563	
2 32 10 2.650000	0.029472 0.002548	0.999130 0.000149	0.040577 0.009892	0.000650 0.002452	0.001180 0.003960	0.001238 0.003166	0.000439 0.002197	0.000825 0.004124	0.001222 0.003477	-0.000030 0.000152	0.000236 0.001182	
2 32 10 2.660000	0.033490 0.008820	0.998867 0.000606	0.043956 0.007074	0.000648 0.003238	0.003431 0.003877	0.001812 0.009061	0.000000 0.000000	0.000717 0.002337	0.001600 0.004751	0.000832 0.004651	0.000535 0.002675	
2 32 10 2.670000	0.032897 0.008137	0.998910 0.000533	0.042368 0.008251	0.000000 0.000000	0.001560 0.005904	0.000000 0.000000	0.000000 0.000000	0.000183 0.000914	0.000116 0.000580	0.000850 0.004249	0.000390 0.001208	
2 32 10 2.680000	0.029021 0.008827	0.999147 0.000508	0.041653 0.004256	0.001653 0.007951	0.001970 0.006511	0.001482 0.005171	0.002981 0.007564	0.002391 0.007628	0.000926 0.004628	0.000000 0.000000	0.001621 0.006835	
2 32 10 2.690000	0.028876 0.006733	0.999161 0.000390	0.043142 0.006100	0.004421 0.009044	0.003612 0.009124	0.000527 0.002636	0.002629 0.006060	-0.000335 0.001676	0.000678 0.004414	0.001541 0.005881	0.002473 0.008804	
2 32 10 2.700000	0.027546 0.007013	0.999235 0.000369	0.041122 0.009454	0.001974 0.004682	0.001606 0.005789	0.001053 0.005265	0.001098 0.005489	0.001074 0.005372	0.000000 0.000000	0.000914 0.002835	0.001651 0.004508	
2 32 10 2.710000	0.030439 0.009640	0.999062 0.000620	0.041037 0.007971	0.002110 0.006381	0.002930 0.009321	0.001217 0.003081	0.002575 0.007576	0.002857 0.007393	0.001115 0.005576	0.000742 0.001975	0.000333 0.001663	
2 32 10 2.720000	0.027510 0.004424	0.999241 0.000239	0.040993 0.008215	0.002906 0.008325	0.001161 0.003936	0.000000 0.000000	0.000333 0.001663	0.001859 0.006324	0.000244 0.001218	0.000859 0.004294	0.000000 0.000000	
2 32 10 2.730000	0.026764 0.008100	0.999277 0.000435	0.042338 0.009662	0.002382 0.007942	0.000368 0.001842	0.002248 0.009199	0.002707 0.006642	-0.000020 0.000099	0.000000 0.000000	0.002640 0.007226	0.000707 0.001751	
2 32 10 2.740000	0.031074 0.009791	0.999019 0.000633	0.042058 0.007237	0.000983 0.004914	0.000791 0.002199	0.001917 0.007313	0.000249 0.001243	0.001775 0.008876	0.002297 0.009320	0.001561 0.004414	0.002249 0.006197	
2 32 10 2.750000	0.031379 0.005457	0.999011 0.000332	0.039087 0.006508	0.004698 0.009649	0.000000 0.000000	0.000658 0.002496	0.000286 0.001360	0.001891 0.009456	0.000000 0.000000	0.001585 0.005162	0.000000 0.000000	
2 32 10 2.760000	0.028230 0.006936	0.999197 0.000409	0.043341 0.009407	0.001317 0.005199	0.000720 0.003600	0.000404 0.002018	0.000384 0.001921	0.000962 0.003508	0.000000 0.000000	0.000000 0.000000	0.000000 0.000000	
2 32 10 2.770000	0.032772 0.009126	0.998916 0.000617	0.039070 0.008006	0.001563 0.004455	-0.000126 0.000629	0.000185 0.000925	0.000926 0.003041	0.000279 0.001396	0.001236 0.003968	0.000837 0.004187	0.000530 0.002342	
2 32 10 2.780000	0.027752 0.004023	0.999228 0.000222	0.038760 0.007802	0.000104 0.003195	0.001070 0.004541	0.000887 0.002568	0.001505 0.004617	0.000483 0.003986	0.000000 0.000000	0.001577 0.007721	0.000277 0.001384	
2 32 10 2.790000	0.031392 0.005056	0.999010 0.000317	0.040064 0.009479	0.001071 0.005353	0.000000 0.000000	0.000888 0.004438	0.001519 0.004130	0.001545 0.005062	0.000568 0.002842	0.000659 0.003078	0.000434 0.002170	
2 32 10 2.800000	0.031034 0.008614	0.999027 0.000555	0.037422 0.007509	0.001951 0.008367	0.000435 0.002174	0.001685 0.006369	0.002702 0.007571	0.001395 0.004020	0.000598 0.002989	0.000936 0.003067	0.000184 0.000919	
2 32 10 2.810000	0.032230 0.009205	0.998951 0.000602	0.040889 0.008087	0.001773 0.006324	0.001913 0.008283	0.000995 0.004976	0.001573 0.004486	0.000877 0.004386	0.000000 0.000000	0.000476 0.002350	0.001025 0.002819	
2 32 10 2.820000	0.028675 0.006491	0.999171 0.000381	0.043506 0.007604	0.002354 0.006435	0.002138 0.004850	0.001335 0.005682	0.002079 0.006520	0.000796 0.003982	0.002830 0.008803	0.000809 0.002160	0.004419 0.009251	
2 32 10 2.830000	0.030724 0.009700	0.999045 0.000618	0.041711 0.004976	0.000468 0.002342	0.001837 0.009187	0.001487 0.005499	-0.000039 0.000193	0.002801 0.007830	0.001595 0.003904	0.001936 0.004632	0.001010 0.004227	
2 32 10 2.840000	0.029899 0.006409	0.999100 0.000386	0.041325 0.008707	0.002220 0.004563	0.002005 0.008027	0.000361 0.001947	0.001005 0.002797	0.001871 0.005424	0.000343 0.001715	0.000229 0.001144	0.001874 0.006079	
2 32 10 2.850000	0.029650 0.009001	0.999110 0.000518	0.039530 0.008818	0.000525 0.002626	0.000000 0.000000	0.000709 0.002977	0.001039 0.005195	0.002326 0.008244	0.000560 0.002056	0.000065 0.000323	0.000714 0.002448	
2 32 10 2.860000	0.031783 0.009579	0.998980 0.000595	0.039713 0.009365	0.002314 0.006400	0.001528 0.005833	0.001030 0.004397	0.001261 0.004206	0.001407 0.007035	0.001431 0.007154	0.001887 0.005751	0.001218 0.005351	
2 32 10 2.870000	0.030076 0.004404	0.999093 0.000270	0.038191 0.006705	0.002801 0.009828	0.000061 0.000191	0.001470 0.003853	0.000610 0.003049	0.000486 0.002429	0.001024 0.003018	0.000000 0.000000	0.001738 0.008691	
2 32 10 2.880000	0.030167 0.005347	0.999085 0.000322	0.040535 0.009298	0.000834 0.004172	0.000244 0.000778	0.000000 0.000000	0.000425 0.002126	0.000552 0.002760	0.000000 0.000000	0.000550 0.002748	0.000000 0.000000	
2 32 10 2.890000	0.028052 0.005086	0.999210 0.000275	0.041918 0.008638	0.001846 0.004241	0.002566 0.005913	0.000676 0.002292	0.001993 0.005510	0.002773 0.009292	0.002468 0.007712	0.000694 0.003468	0.000000 0.000000	
2 32 10 2.900000	0.028729 0.009851	0.999163 0.000558	0.042718 0.007167	0.004157 0.009791	0.001689 0.004269	0.000599 0.002994	0.000754 0.002305	0.000831 0.004155	0.000916 0.002551	0.000000 0.000000	0.000533 0.002001	
2 32 10 2.910000	0.028377 0.005261	0.999190 0.000294	0.039848 0.006802	0.001118 0.004002	0.003110 0.008509	0.001589 0.006187	0.000504 0.002522	0.006059 0.009810	0.003164 0.008317	0.002750 0.006259	0.002219 0.009197	
2 32 10 2.920000	0.030344 0.009727	0.999068 0.000589	0.038806 0.007142	0.001134 0.003974	0.000503 0.002517	0.000366 0.001829	0.001367 0.002770	0.000902 0.003328	0.000465 0.002324	0.001327 0.004506	0.000655 0.003385	
2 32 10 2.930000	0.030844 0.002186	0.999048 0.000134	0.038852 0.009630	0.000413 0.001369	0.000494 0.002470	0.000749 0.003873	0.001873 0.005640	0.001046 0.003077	0.000362 0.001810	0.000533 0.002663	0.000024 0.000122	
2 32 10 2.940000	0.028765 0.006050	0.999167 0.000357	0.039297 0.008869	0.003208 0.006110	0.001088 0.003317	0.000745 0.001968	0.000206 0.001029	0.001044 0.005221	0.000539 0.002810	0.001344 0.006162	0.000000 0.000000	
2 32 10 2.950000	0.028052 0.006674	0.999205 0.000377	0.036768 0.009392	0.002562 0.007568	0.002057 0.006668	0.001295 0.005454	0.000040 0.000198	0.001035 0.005299	0.000725 0.003626	0.001296 0.004439	0.000000 0.000000	
2 32 10 2.960000	0.029237 0.003879	0.999143 0.000227	0.038205 0.008703	0.002068 0.007354	0.002069 0.006381	0.000137 0.000683	0.002144 0.009225	0.002193 0.006936	0.000662 0.003308	0.000937 0.004683	0.000000 0.000000	
2 32 10 2.970000	0.029698 0.009468	0.999108 0.000562	0.042077 0.008124	0.001469 0.003914	0.000259 0.001225	0.000000 0.000000	0.000984 0.004919	0.002803 0.007063	0.000000 0.000000	0.000000 0.000000	0.001583 0.007917	
2 32 10 2.980000	0.029077 0.007250	0.999149 0.000430	0.038781 0.008386	0.001981 0.009078	0.001680 0.004762	0.002221 0.007253	0.001904 0.009518	0.000000 0.000000	0.000165 0.000825	0.000755 0.003151	0.001828 0.009140	
2 32 10 2.990000	0.031568 0.007595	0.998996 0.000484	0.035051 0.009969	0.002017 0.005613	0.002484 0.007153	0.000422 0.002294	0.001796 0.005199	0.000720 0.003600	0.000753 0.002171	0.000368 0.001838	0.002432 0.005529	
2 32 10 3.000000	0.033343 0.008054	0.998880 0.000526	0.033546 0.009092	0.000670 0.003348	0.000066 0.000329	0.000215 0.001075	0.000657 0.003285	0.002534 0.003811	0.001724 0.008620	0.000671 0.003574	0.001003 0.004732	
2 32 10 3.010000	0.031461 0.004463	0.999007 0.000279	0.036864 0.009927	0.000070 0.000348	0.001480 0.007401	0.000000 0.000000	0.002365 0.006720	0.000346 0.001728	0.000207 0.001033	0.001622 0.006353	0.003096 0.007148	
2 32 10 3.020000	0.030937 0.009619	0.999028 0.000597	0.034719 0.008058	0.002607 0.008742	0.002114 0.005388	0.002049 0.006094	0.002322 0.006347	0.002990 0.006061	0.000000 0.000000	0.001302 0.003838	0.000000 0.000000	
2 32 10 3.030000	0.027115 0.003181	0.999264 0.000176	0.040401 0.009286	0.003584 0.005906	0.001841 0.009206	0.002774 0.006927	0.002278 0.007140	0.001197 0.004852	0.000947 0.002512	0.000774 0.003868	0.000892 0.003843	
2 32 10 3.040000	0.031090 0.006047	0.999027 0.000378	0.037981 0.009110	0.000477 0.002384	0.000612 0.002447	0.000000 0.000000	0.001980 0.006718	0.002364 0.006867	0.002435 0.003510	0.000093 0.000466	0.001473 0.006787	
2 32 10 3.050000	0.030604 0.004864	0.999061 0.000297	0.040686 0.009701	0.003000 0.008000	0.001461 0.004412	0.001618 0.009363	0.000000 0.000000	0.000000 0.000000	0.000866 0.004328	0.000000 0.000000	0.001127 0.003245	
2 32 10 3.060000	0.030492 0.005720	0.999065 0.000351	0.031162 0.009215	0.002557 0.004819	0.001419 0.007097	0.000990 0.005621	0.000966 0.003287	0.002206 0.007314	0.003944 0.007328	-0.000039 0.000196	0.001082 0.004283	
2 32 10 3.070000	0.028390 0.005353	0.999190 0.000307	0.036866 0.009163	0.000791 0.001876	0.003084 0.007790	0.001568 0.005697	0.000189 0.000943	0.000000 0.000000	0.000000 0.000000	0.000230 0.001332	0.001566 0.005299	
2 32 10 3.080000	0.029169 0.009225	0.999139 0.000556	0.035199 0.004622	0.001177 0.003597	0.002115 0.005632	0.001861 0.005285	0.002215 0.007515	0.000784 0.005032	0.000609 0.003108	0.000000 0.000000	0.000157 0.000787	
2 32 10 3.090000	0.029573 0.008080	0.999119 0.000488	0.037364 0.008724	0.000272 0.001361	0.000000 0.000000	0.000681 0.003405	0.002662 0.007577	0.000535 0.002673	0.000175 0.000873	0.000000 0.000000	0.000375 0.001874	
2 32 10 3.100000	0.028042 0.003726	0.999212 0.000207	0.034624 0.001393	0.001550 0.004513	0.002339 0.008469	0.000759 0.003795	0.000979 0.004894	0.000589 0.002944	0.001662 0.007328	0.000000 0.000000	0.000535 0.002127	
2 32 10 3.110000	0.029250 0.009402	0.999130 0.000531	0.037821 0.008876	0.001959 0.003426	0.000000 0.000000	0.001631 0.008157	0.001252 0.004612	0.000830 0.005126	0.000809 0.003219	0.005242 0.008526	0.000441 0.002206	
2 32 10 3.120000	0.029329 0.006235	0.999135 0.000361	0.031562 0.008432	0.000911 0.004554	0.000958 0.003902	0.000929 0.002335	0.001096 0.005478	0.001526 0.004378	0.003749 0.009077	0.001502 0.007904	0.000378 0.001891	
2 32 10 3.130000	0.030544 0.008729	0.999056 0.000507	0.035919 0.005962	0.002410 0.006553	0.000000 0.000000	0.001360 0.002977	0.000964 0.003635	0.001352 0.006137	0.002673 0.004395	0.000000 0.000000	0.001642 0.007510	
2 32 10 3.140000	0.031052 0.008641	0.999021 0.000548	0.038840 0.008847	0.003045 0.006897	0.000463 0.002314	0.000000 0.000000	0.000000 0.000000	0.001333 0.004961	0.000907 0.004537	-0.000063 0.000315	0.002629 0.005409	
2 32 10 3.150000	0.030844 0.007421	0.999041 0.000475	0.032197 0.006792	0.001571 0.005048	0.001465 0.005096	0.001072 0.005359	0.000000 0.000000	0.000641 0.002938	0.001233 0.004897	0.000000 0.000000	0.002078 0.009862	
2 32 10 3.160000	0.031969 0.008883	0.998966 0.000578	0.034254 0.004848	0.000016 0.000082	0.001083 0.005416	0.000000 0.000000	0.001578 0.007891	0.001726 0.004498	0.000725 0.002613	0.003467 0.006527	0.001887 0.006076	
2 32 10 3.170000	0.028828 0.005573	0.999165 0.000328	0.035978 0.009784	0.000000 0.000000	0.000256 0.001278	0.000115 0.000573	0.001837 0.005412	-0.000110 0.000549	0.000949 0.004387	0.000279 0.001396	0.001148 0.005741	
2 32 10 3.180000	0.028606 0.007866	0.999173 0.000421	0.034746 0.008393	0.001794 0.004398	0.001317 0.006586	0.001389 0.006947	0.000109 0.000543	0.002810 0.005106	0.001604 0.004137	0.003041 0.007265	0.000683 0.002308	
2 32 10 3.190000	0.029798 0.009677	0.999103 0.000575	0.035453 0.007547	0.001126 0.003281	0.000647 0.001744	0.000000 0.000000	0.001137 0.003568	0.000598 0.002992	0.001388 0.006942	0.001032 0.002585	0.000669 0.003344	
2 32 10 3.200000	0.030073 0.008188	0.999088 0.000499	0.036035 0.004297	0.000946 0.004967	0.002318 0.006302	0.000742 0.001242	0.001003 0.005016	0.000474 0.002368	0.000228 0.001272	0.000106 0.000529	0.001995 0.005214	
2 32 10 3.210000	0.030815 0.006718	0.999045 0.000414	0.033702 0.009701	0.002542 0.004094	0.001054 0.002519	0.001175 0.003287	0.000069 0.000346	0.000889 0.002067	0.001104 0.002848	0.000575 0.002876	0.000000 0.000000	
2 32 10 3.220000	0.029904 0.005487	0.999102 0.000327	0.032358 0.009749	0.002196 0.005684	0.000945 0.004726	0.000011 0.000055	0.000578 0.002050	0.000745 0.003725	0.002629 0.004426	0.001806 0.003107	0.001371 0.005298	
2 32 10 3.230000	0.030262 0.007229	0.999076 0.000436	0.033027 0.009549	0.000000 0.000000	0.001180 0.003847	0.000921 0.002874	0.001360 0.006802	0.001668 0.005042	0.001466 0.007329	0.001125 0.005626	0.000722 0.003011	
2 32 10 3.240000	0.030469 0.007521	0.999062 0.000466	0.034620 0.008658	0.001416 0.002748	0.001440 0.003986	0.000092 0.000459	0.000229 0.001145	0.001314 0.005411	0.002488 0.006352	0.001472 0.006330	0.000439 0.002000	
2 32 10 3.250000	0.029419 0.006320	0.999130 0.000372	0.034091 0.008729	0.000844 0.002881	0.000405 0.002025	0.002435 0.006598	0.000897 0.004487	0.000000 0.000000	0.001758 0.004910	0.001806 0.009030	0.000000 0.000000	
2 32 10 3.260000	0.030257 0.007731	0.999078 0.000479	0.035459 0.008091	0.002064 0.005130	0.000273 0.001364	0.000535 0.001634	0.002200 0.006544	0.000000 0.000000	0.001479 0.003533	0.000579 0.002895	0.000688 0.002215	
2 32 10 3.270000	0.026585 0.003688	0.999291 0.000192	0.032835 0.009728	0.001742 0.007356	0.000249 0.001247	0.000246 0.001228	0.001113 0.005564	-0.000146 0.000731	0.003890 0.009238	0.001687 0.004863	0.000105 0.000523	
2 32 10 3.280000	0.029642 0.002740	0.999120 0.000163	0.033943 0.008031	0.000000 0.000000	0.000295 0.001474	0.001427 0.005770	0.000282 0.001028	0.000888 0.003305	0.000467 0.002333	0.000085 0.000424	0.000047 0.000233	
2 32 10 3.290000	0.030303 0.008494	0.999065 0.000501	0.034887 0.005050	0.000141 0.000705	0.000569 0.002335	0.002321 0.006313	0.003433 0.009129	0.002840 0.008291	0.000000 0.000000	0.001820 0.004953	0.001565 0.004481	
2 32 10 3.300000	0.031261 0.009922	0.999010 0.000661	0.031166 0.005615	0.001806 0.006243	0.000000 0.000000	0.000248 0.000635	0.000000 0.000000	0.000983 0.002368	0.001519 0.004307	0.002044 0.006394	0.000175 0.000875	
2 32 10 3.310000	0.033492 0.008782	0.998869 0.000615	0.036092 0.008973	0.001486 0.005881	0.002383 0.009046	0.000000 0.000000	0.000840 0.004199	0.000000 0.000000	0.000534 0.002053	0.000970 0.003217	0.001411 0.004091	
2 32 10 3.320000	0.031505 0.005430	0.999004 0.000334	0.032207 0.008774	0.000829 0.003962	0.000000 0.000000	0.002102 0.007894	0.002304 0.007579	0.000882 0.004387	0.000949 0.004746	0.003163 0.008720	0.001809 0.007668	
2 32 10 3.330000	0.032081 0.005791	0.998966 0.000374	0.032177 0.008939	0.001286 0.003402	0.002655 0.005636	0.000560 0.002799	0.000431 0.001240	0.001571 0.006529	0.000185 0.000927	0.001127 0.003403	0.001099 0.002907	
2 32 10 3.340000	0.029351 0.006588	0.999133 0.000388	0.031030 0.008826	0.000420 0.001295	0.000374 0.001302	0.002141 0.008606	0.001884 0.007977	0.000000 0.000000	0.000000 0.000000	0.002604 0.008524	0.000068 0.000341	
2 32 10 3.350000	0.030995 0.009601	0.999028 0.000600	0.038558 0.005899	0.000542 0.001347	0.000398 0.001989	0.000612 0.002098	0.000351 0.001032	0.003258 0.009236	0.000000 0.000000	0.000320 0.001216	0.000204 0.000953	
2 32 10 3.360000	0.025295 0.008665	0.999350 0.000445	0.038941 0.008937	0.000711 0.003554	0.000905 0.004525	0.001317 0.006585	0.002584 0.009573	0.001369 0.004753	0.001272 0.006360	0.003168 0.007601	0.002213 0.008225	
2 32 10 3.370000	0.031635 0.006707	0.998991 0.000422	0.030270 0.008168	0.001609 0.008047	0.000929 0.003483	0.001131 0.005657	0.001193 0.003891	0.000545 0.002727	0.000625 0.001658	0.003401 0.006190	0.000718 0.003588	
2 32 10 3.380000	0.026073 0.009876	0.999309 0.000499	0.031000 0.009516	0.002579 0.006619	0.002167 0.007023	0.001538 0.004340	0.002600 0.008810	0.000488 0.002440	0.000725 0.003623	0.000274 0.002596	0.000638 0.003190	
2 32 10 3.390000	0.030613 0.007509	0.999056 0.000443	0.031683 0.009690	0.002129 0.007937	0.000595 0.002343	0.000065 0.000325	0.001242 0.006212	0.000390 0.001030	0.000728 0.003641	0.001227 0.003793	0.000416 0.002079	
2 32 10 3.400000	0.033393 0.006051	0.998879 0.000396	0.031898 0.009297	0.001576 0.005305	0.000725 0.003625	0.001420 0.006564	0.001310 0.003280	0.001032 0.005161	0.001593 0.005591	0.001370 0.003733	0.000182 0.000908	
2 32 10 3.410000	0.027675 0.008402	0.999225 0.000461	0.032404 0.009956	0.000570 0.002852	0.002622 0.007628	0.000685 0.002246	0.001080 0.005402	0.000381 0.001904	0.002694 0.008140	0.000694 0.003698	0.000945 0.004723	
2 32 10 3.420000	0.028757 0.002490	0.999172 0.000144	0.033528 0.009542	0.004054 0.006824	0.000645 0.003225	0.000000 0.000000	0.001249 0.006243	0.000092 0.000458	0.000772 0.003257	0.001490 0.004711	0.000000 0.000000	
2 32 10 3.430000	0.028651 0.005280	0.999175 0.000298	0.029666 0.008570	0.000615 0.003074	0.001161 0.005803	0.000110 0.000552	0.000845 0.002704	0.000000 0.000000	0.000620 0.003102	0.001443 0.007216	0.001217 0.006087	
2 32 10 3.440000	0.029779 0.009704	0.999101 0.000563	0.032133 0.007860	0.001115 0.003081	0.000470 0.002352	0.001404 0.007022	0.004374 0.009920	0.000634 0.003315	0.004297 0.009013	0.001103 0.002036	0.001439 0.006182	
2 32 10 3.450000	0.030656 0.008838	0.999052 0.000555	0.034353 0.009693	0.000611 0.002340	0.000056 0.001739	0.001261 0.004559	0.000248 0.001240	0.000303 0.003595	0.000934 0.003576	0.000557 0.002784	0.001216 0.006942	
2 32 10 3.460000	0.028711 0.002981	0.999174 0.000172	0.034601 0.009340	0.000271 0.001357	0.001946 0.009728	0.001299 0.003465	0.001683 0.008413	0.001975 0.003329	0.000686 0.001881	0.000232 0.001158	0.001532 0.007662	
2 32 10 3.470000	0.027355 0.006687	0.999246 0.000378	0.030628 0.008052	0.001211 0.005968	0.000113 0.000567	0.000369 0.001847	0.000537 0.002376	0.002970 0.006619	0.000419 0.001641	0.002720 0.009960	0.001455 0.006160	
2 32 10 3.480000	0.030540 0.004507	0.999065 0.000282	0.028654 0.008536	0.002130 0.006983	0.001200 0.006000	0.000998 0.005472	0.001108 0.005540	0.001349 0.004098	0.000135 0.000705	0.001119 0.004362	0.000337 0.001383	
2 32 10 3.490000	0.028906 0.007300	0.999158 0.000424	0.031978 0.009105	0.000267 0.001337	0.001426 0.007129	0.000719 0.003079	0.000000 0.000000	0.000588 0.002176	0.002733 0.009996	0.001105 0.003802	0.001375 0.003718	
2 32 10 3.500000	0.029203 0.008429	0.999139 0.000496	0.034187 0.009174	0.000497 0.002485	0.000444 0.002219	0.000921 0.003813	0.000904 0.004521	0.003377 0.008165	0.002369 0.007229	0.001520 0.007602	0.001671 0.004755	
2 32 10 3.510000	0.029097 0.007694	0.999146 0.000447	0.031091 0.009488	0.003336 0.007188	0.000877 0.004387	0.000437 0.002185	0.001767 0.006758	0.000541 0.002703	0.000671 0.003353	0.001771 0.004478	0.000676 0.003380	
2 32 10 3.520000	0.029753 0.002582	0.999114 0.000156	0.027969 0.008546	0.002895 0.006290	0.000000 0.000000	0.001242 0.004785	0.002895 0.008471	-0.000014 0.000065	0.003304 0.007723	0.001545 0.002972	0.000645 0.002228	
2 32 10 3.530000	0.030982 0.009571	0.999025 0.000606	0.030108 0.009006	0.001418 0.007089	0.000058 0.000290	0.000000 0.000000	0.000578 0.003489	0.000000 0.000000	0.000000 0.000000	0.001623 0.008117	0.001315 0.004559	
2 32 10 3.540000	0.031043 0.008412	0.999027 0.000520	0.032567 0.006440	0.001545 0.004171	0.001263 0.007673	0.001507 0.007534	0.001956 0.009880	0.000097 0.000484	0.000135 0.000677	0.000541 0.002646	0.001275 0.006377	
2 32 10 3.550000	0.030981 0.009621	0.999029 0.000591	0.030279 0.006552	0.000843 0.002951	0.002670 0.008761	0.000109 0.000545	0.000499 0.002494	0.000000 0.000000	0.000654 0.003272	0.002923 0.005688	0.001077 0.005041	
2 32 10 3.560000	0.028849 0.004670	0.999165 0.000267	0.030722 0.009715	0.000000 0.000000	0.000774 0.003868	0.001107 0.005534	0.001318 0.003556	0.000577 0.002680	0.000360 0.001799	0.001428 0.005860	0.001738 0.008245	
2 32 10 3.570000	0.028989 0.007593	0.999150 0.000443	0.028431 0.004797	0.002731 0.007604	0.000945 0.002929	0.000422 0.002111	0.002427 0.008146	0.000732 0.003658	0.001775 0.007438	0.001617 0.004638	0.000000 0.000000	
2 32 10 3.580000	0.028149 0.006252	0.999203 0.000356	0.025896 0.005148	0.001039 0.002254	0.000054 0.000271	0.000374 0.001868	0.002196 0.003588	0.003025 0.009773	0.000162 0.000809	0.000082 0.000409	0.001663 0.008317	
2 32 10 3.590000	0.027849 0.003857	0.999223 0.000214	0.030959 0.005081	0.000340 0.001701	0.000000 0.000000	-0.000032 0.000158	0.000304 0.001520	0.003777 0.007645	0.002134 0.004433	0.000000 0.000000	0.000000 0.000000	
2 32 10 3.600000	0.029932 0.008947	0.999095 0.000536	0.031688 0.008837	0.000592 0.002960	0.000672 0.003360	0.000162 0.000808	0.001533 0.005397	0.000109 0.000545	0.000000 0.000000	0.001321 0.006605	0.001105 0.003084	
2 32 10 3.610000	0.029817 0.005567	0.999108 0.000328	0.030498 0.009733	0.001436 0.003974	0.000266 0.001330	0.002332 0.005297	0.000000 0.000000	0.000799 0.003996	0.000000 0.000000	0.001028 0.005138	0.000415 0.001228	
2 32 10 3.620000	0.028461 0.006160	0.999184 0.000346	0.030157 0.009518	0.000868 0.003394	0.001437 0.005755	0.001827 0.009134	0.002443 0.006777	0.001563 0.006993	0.001378 0.006890	0.002425 0.007186	0.001397 0.006578	
2 32 10 3.630000	0.029596 0.009214	0.999113 0.000550	0.027298 0.008081	0.001027 0.005137	0.002515 0.004686	0.001613 0.005324	0.001553 0.007767	0.000992 0.002567	0.001692 0.004888	0.001225 0.004265	0.000474 0.002369	
2 32 10 3.640000	0.029859 0.007326	0.999101 0.000426	0.027434 0.004903	0.002675 0.004493	0.002627 0.007704	0.000384 0.001922	0.001228 0.006138	0.003183 0.009695	0.003169 0.006539	0.003127 0.007766	0.001592 0.007959	
2 32 10 3.650000	0.027488 0.002668	0.999244 0.000147	0.028885 0.009655	0.001832 0.009162	0.001095 0.002495	0.000369 0.001095	0.000000 0.000000	0.000993 0.004965	0.001280 0.006401	0.000185 0.000924	0.000849 0.002993	
2 32 10 3.660000	0.029197 0.008824	0.999138 0.000492	0.029943 0.009821	0.000000 0.000000	0.001930 0.006154	0.001174 0.003355	0.003901 0.007954	0.000567 0.002837	0.000930 0.004167	0.001889 0.007930	0.001630 0.004626	
2 32 10 3.670000	0.034755 0.001791	0.998792 0.000125	0.029608 0.008028	0.002431 0.009345	0.003398 0.009951	0.000680 0.003402	0.000395 0.001975	0.000000 0.000000	0.000517 0.002585	0.001101 0.005506	0.001535 0.005087	
2 32 10 3.680000	0.030546 0.009999	0.999054 0.000610	0.026755 0.006553	0.001678 0.008392	0.000811 0.004057	0.002033 0.004663	0.000682 0.004054	0.000000 0.000000	0.000459 0.007682	0.003634 0.006600	0.003887 0.008977	
2 32 10 3.690000	0.026993 0.007824	0.999265 0.000427	0.027911 0.007991	0.001552 0.008877	0.000000 0.000000	0.001077 0.005384	0.000595 0.002976	0.000612 0.001769	0.000000 0.000000	0.000194 0.000970	0.000734 0.002012	
2 32 10 3.700000	0.027509 0.001546	0.999243 0.000085	0.026387 0.009358	0.005115 0.008743	0.001836 0.008030	0.002048 0.006851	0.003917 0.008029	0.000000 0.000000	0.000545 0.002727	0.000590 0.002950	0.000535 0.002676	
2 32 10 3.710000	0.029783 0.009884	0.999100 0.000587	0.030763 0.007357	0.000883 0.002421	0.000739 0.003059	0.001137 0.003355	0.000000 0.000000	0.000743 0.003715	0.000949 0.002409	0.000167 0.000837	0.000000 0.000000	
2 32 10 3.720000	0.030325 0.009342	0.999070 0.000578	0.029741 0.006689	0.001106 0.002979	0.001571 0.003804	0.001698 0.006305	0.000701 0.003506	0.000996 0.004808	0.000742 0.003352	0.001591 0.007540	0.000497 0.002483	
2 32 10 3.730000	0.027202 0.008635	0.999250 0.000500	0.027444 0.009667	0.001915 0.007308	0.000590 0.002935	0.000764 0.002950	0.002394 0.006695	0.000000 0.000000	0.000000 0.000000	0.000353 0.001514	0.001174 0.002304	
2 32 10 3.740000	0.029789 0.006009	0.999107 0.000363	0.030755 0.009522	0.000667 0.002268	0.000795 0.003975	0.000234 0.001169	0.000583 0.001619	0.000673 0.003363	0.001573 0.003620	0.000648 0.002851	0.000000 0.000000	
2 32 10 3.750000	0.031863 0.009539	0.998971 0.000598	0.030490 0.009510	0.001842 0.008167	0.001721 0.006316	0.000496 0.002482	0.000949 0.004744	0.000973 0.004867	0.000748 0.003201	0.003291 0.008605	0.002816 0.007386	
2 32 10 3.760000	0.033214 0.005132	0.998893 0.000336	0.028367 0.008985	0.003221 0.008361	0.000739 0.003695	0.000000 0.000000	0.000939 0.002004	0.000499 0.003763	0.000648 0.003238	0.002222 0.006959	0.002902 0.006212	
2 32 10 3.770000	0.029951 0.004504	0.999100 0.000269	0.028278 0.008776	0.001800 0.005880	0.003437 0.008971	0.000199 0.000993	0.000648 0.002828	0.000474 0.002372	0.000982 0.002156	0.001184 0.005384	0.000921 0.003837	
2 32 10 3.780000	0.029232 0.009046	0.999135 0.000561	0.025549 0.008439	0.000656 0.003279	-0.000291 0.001457	0.002206 0.008938	0.002361 0.004942	0.001959 0.009796	0.000000 0.000000	0.000896 0.004482	0.001732 0.005014	
2 32 10 3.790000	0.031545 0.008740	0.998996 0.000579	0.027938 0.009884	0.004280 0.009887	0.001410 0.005733	0.000494 0.001371	0.000000 0.000000	0.000217 0.001084	0.000000 0.000000	0.002818 0.006200	0.001329 0.006333	
2 32 10 3.800000	0.031354 0.006325	0.999013 0.000406	0.025614 0.008799	0.001105 0.003410	0.000393 0.001170	0.000538 0.002690	0.001133 0.005515	0.000417 0.002085	0.000772 0.003683	0.000669 0.003346	0.000253 0.001267	
2 32 10 3.810000	0.027311 0.002300	0.999253 0.000124	0.027651 0.008667	0.000628 0.003139	0.000000 0.000000	0.000783 0.003913	0.002061 0.004722	0.000220 0.001098	0.002305 0.007371	0.000552 0.002283	0.000595 0.002973	
2 32 10 3.820000	0.028829 0.008713	0.999156 0.000495	0.028925 0.009327	0.000185 0.000598	0.000656 0.003281	0.000572 0.002858	0.000693 0.003463	0.001613 0.005911	0.000667 0.003336	0.001629 0.005555	0.000000 0.000000	
2 32 10 3.830000	0.029818 0.006224	0.999107 0.000374	0.030422 0.009301	0.001473 0.004586	0.001592 0.006514	0.002214 0.007395	0.001365 0.002578	0.000611 0.002874	0.000000 0.000000	0.003962 0.009835	0.001601 0.004181	
2 32 10 3.840000	0.026324 0.008299	0.999298 0.000415	0.027965 0.005290	0.003009 0.007652	0.000000 0.000000	0.002170 0.007786	0.001019 0.003971	0.000911 0.004557	0.002549 0.009161	0.001120 0.005602	0.000000 0.000000	
2 32 10 3.850000	0.028871 0.004925	0.999163 0.000276	0.031125 0.009709	0.002395 0.006411	0.000461 0.001457	0.000000 0.000000	0.001386 0.006930	0.000791 0.003888	0.000653 0.002481	0.000904 0.004520	0.001104 0.003529	
2 32 10 3.860000	0.026566 0.009200	0.999284 0.000473	0.031681 0.009250	0.001643 0.006870	0.001906 0.005785	0.002798 0.008072	0.002251 0.006744	0.000421 0.002104	0.000655 0.003273	0.003480 0.006308	0.000746 0.003730	
2 32 10 3.870000	0.029120 0.003777	0.999150 0.000215	0.027724 0.009882	0.001900 0.004188	0.000769 0.003844	0.000737 0.003685	0.000185 0.000926	0.002137 0.006108	0.001160 0.003135	0.001274 0.003510	0.001328 0.006642	
2 32 10 3.880000	0.030315 0.008608	0.999072 0.000525	0.028192 0.009410	0.003993 0.007213	0.000000 0.000000	0.001149 0.002074	0.002031 0.006311	0.002591 0.005259	0.001012 0.004420	0.000146 0.000728	0.001018 0.005088	
2 32 10 3.890000	0.026219 0.009493	0.999303 0.000513	0.027226 0.009050	0.000916 0.002390	0.000350 0.001334	0.000125 0.005318	0.001296 0.004362	0.001744 0.006889	0.002703 0.008429	0.002902 0.008009	0.000000 0.000000	
2 32 10 3.900000	0.026462 0.006224	0.999294 0.000322	0.028558 0.008871	0.000193 0.000967	0.001585 0.003731	0.000117 0.000587	0.000102 0.000510	0.000947 0.004735	0.003138 0.005811	0.001884 0.009420	0.000000 0.000000	
2 32 10 3.910000	0.028709 0.007279	0.999169 0.000425	0.028844 0.007558	0.000000 0.000000	0.000283 0.001415	0.001168 0.003440	0.000398 0.001988	0.002461 0.003914	0.001790 0.006888	0.000558 0.002789	0.000000 0.000000	
2 32 10 3.920000	0.031669 0.006726	0.998991 0.000422	0.029971 0.009924	0.001472 0.006747	0.000416 0.002082	0.000000 0.000000	0.002842 0.007280	0.001237 0.004503	0.001900 0.006162	0.001273 0.006365	0.001814 0.007042	
2 32 10 3.930000	0.029588 0.006995	0.999118 0.000429	0.024707 0.006173	0.003483 0.007081	0.000200 0.000999	0.001829 0.004938	0.001654 0.006150	0.000827 0.004136	0.002307 0.006771	0.000868 0.004338	0.000782 0.003909	
2 32 10 3.940000	0.028447 0.007485	0.999182 0.000421	0.029097 0.003735	0.002055 0.006214	0.000994 0.003235	0.001498 0.007488	0.004153 0.008818	0.000622 0.003110	0.002214 0.005641	0.000078 0.004067	0.000137 0.000686	
2 32 10 3.950000	0.030555 0.009101	0.999053 0.000544	0.028602 0.006107	0.001099 0.005493	0.000000 0.000000	0.001196 0.002856	0.000000 0.000000	0.000444 0.002218	0.004053 0.008700	0.001556 0.004271	0.002376 0.006901	
2 32 10 3.960000	0.025805 0.007046	0.999327 0.000373	0.019628 0.007839	0.000801 0.004004	0.000756 0.003781	0.002654 0.006215	0.000935 0.004342	0.001670 0.004818	0.002773 0.007027	0.000990 0.004948	0.000217 0.001086	
2 32 10 3.970000	0.031483 0.009635	0.998996 0.000565	0.028306 0.008437	0.000748 0.003740	0.000022 0.000112	0.001069 0.003739	0.000882 0.004408	0.002299 0.009054	0.000785 0.003925	0.001108 0.005540	0.002445 0.006321	
2 32 10 3.980000	0.029455 0.009067	0.999121 0.000554	0.028411 0.009973	0.003372 0.008851	0.001015 0.003456	0.000000 0.000000	0.001558 0.006303	0.000657 0.003797	-0.000014 0.000369	0.000000 0.000000	0.001207 0.003160	
2 32 10 3.990000	0.030424 0.007761	0.999068 0.000471	0.031635 0.009332	0.002237 0.009678	0.001951 0.008429	0.000000 0.000000	0.000771 0.003854	0.000000 0.000000	0.000543 0.002716	0.000350 0.001751	0.001092 0.003705	
2 32 10 4.000000	0.030232 0.004557	0.999083 0.000274	0.026087 0.004485	0.001272 0.004450	0.002900 0.009980	0.003578 0.006286	0.000573 0.002863	0.000211 0.000587	0.000407 0.003338	0.000692 0.003582	0.002572 0.006310	
