0.500000	0.998857 0.003259	0.001684 0.004901	0.001068 0.004901	-0.002006 0.009621	0.002282 0.006508	0.000020 0.009770	
0.600000	0.984986 0.002234	0.014688 0.003294	0.003304 0.009947	-0.001621 0.009020	0.001796 0.007363	-0.001980 0.005366	
0.700000	0.881379 0.035279	0.105321 0.024495	0.045885 0.024651	0.024265 0.021991	0.018747 0.018910	0.017562 0.017920	
0.800000	0.189543 0.002033	0.216940 0.018165	0.139529 0.030485	0.126138 0.023397	0.114445 0.026558	0.119201 0.021846	
0.900000	0.148667 0.002798	0.204030 0.025577	0.134436 0.016391	0.123400 0.008527	0.121365 0.017177	0.129698 0.024732	
1.000000	0.132929 0.003030	0.203378 0.020557	0.132294 0.006555	0.127202 0.016746	0.123475 0.005831	0.126684 0.012490	
1.100000	0.123987 0.001779	0.195909 0.046046	0.132987 0.026715	0.124123 0.013021	0.133351 0.035970	0.131616 0.019381	
1.200000	0.118119 0.001445	0.203624 0.043524	0.131174 0.008730	0.125292 0.011799	0.129367 0.017459	0.126950 0.013718	
1.300000	0.112977 0.003183	0.196023 0.027282	0.130334 0.022996	0.129832 0.026117	0.134323 0.031307	0.131640 0.021223	
1.400000	0.111442 0.002201	0.196974 0.025558	0.131637 0.018600	0.125207 0.007427	0.120838 0.012501	0.130983 0.014627	
1.500000	0.108892 0.000382	0.190899 0.034441	0.126788 0.013891	0.130111 0.013932	0.124764 0.020041	0.128533 0.019985	
1.600000	0.105590 0.002764	0.190349 0.012085	0.123771 0.022417	0.123988 0.019489	0.124353 0.011886	0.134556 0.038380	
1.700000	0.105066 0.002801	0.202575 0.018455	0.134918 0.008509	0.129762 0.009150	0.128576 0.008005	0.127443 0.018805	
1.800000	0.103983 0.001408	0.196827 0.021753	0.130813 0.009180	0.130530 0.014637	0.129238 0.021952	0.138842 0.027706	
1.900000	0.102334 0.002327	0.188144 0.012528	0.132966 0.031479	0.125948 0.021426	0.135052 0.021663	0.130116 0.020211	
2.000000	0.101945 0.001213	0.201073 0.030301	0.131500 0.015224	0.124183 0.008772	0.130318 0.027258	0.127671 0.010922	
2.100000	0.100717 0.001617	0.200311 0.025608	0.129883 0.016184	0.129453 0.018880	0.138299 0.018261	0.126265 0.022762	
2.200000	0.099874 0.002949	0.187703 0.016492	0.129398 0.022625	0.127508 0.021087	0.126064 0.017880	0.131056 0.019075	
2.300000	0.099751 0.001892	0.188821 0.035244	0.125322 0.009010	0.131208 0.018656	0.132396 0.043633	0.127428 0.015929	
2.400000	0.098846 0.001391	0.184147 0.026115	0.129296 0.022615	0.129695 0.026740	0.133091 0.016861	0.125136 0.027431	
2.500000	0.098458 0.000263	0.194108 0.019323	0.122625 0.006681	0.129317 0.010275	0.127386 0.024005	0.123614 0.010300	
2.600000	0.098050 0.002264	0.183144 0.021721	0.130705 0.024265	0.128873 0.019722	0.136527 0.014192	0.128314 0.017234	
2.700000	0.097367 0.001244	0.193272 0.025023	0.131967 0.011241	0.128699 0.030724	0.133662 0.021154	0.128093 0.014415	
2.800000	0.096882 0.001985	0.187532 0.029996	0.137406 0.026418	0.128410 0.025170	0.132157 0.013104	0.133130 0.027512	
2.900000	0.096871 0.001550	0.188952 0.021014	0.133193 0.022939	0.133444 0.028524	0.129231 0.011791	0.134842 0.020006	
3.000000	0.095444 0.002646	0.190372 0.021077	0.127479 0.013190	0.131219 0.015910	0.132845 0.019013	0.131210 0.019850	
3.100000	0.095449 0.000629	0.190723 0.027362	0.133321 0.023389	0.134945 0.019995	0.128929 0.019061	0.129455 0.015877	
3.200000	0.095631 0.001310	0.193862 0.028872	0.126170 0.015274	0.129022 0.022680	0.130007 0.017927	0.129332 0.026102	
3.300000	0.095390 0.001309	0.191465 0.010904	0.139069 0.047334	0.131127 0.023717	0.130868 0.038200	0.128310 0.022455	
3.400000	0.094806 0.001545	0.197400 0.012413	0.129824 0.018275	0.126917 0.023245	0.129893 0.022806	0.129588 0.014537	
3.500000	0.095070 0.001454	0.189194 0.009670	0.128004 0.018219	0.137775 0.015036	0.126453 0.009213	0.128527 0.020863	
3.600000	0.094897 0.001484	0.194075 0.032179	0.132945 0.014132	0.133290 0.040879	0.132325 0.017051	0.129931 0.019438	
3.700000	0.095065 0.001567	0.198367 0.017979	0.130166 0.011196	0.127459 0.016700	0.130915 0.006858	0.131137 0.023110	
3.800000	0.094654 0.001735	0.188846 0.005079	0.126440 0.008595	0.135170 0.014520	0.130943 0.010865	0.126393 0.010243	
3.900000	0.093390 0.002518	0.190316 0.028096	0.139001 0.018791	0.129859 0.011113	0.132493 0.012573	0.131251 0.023078	
4.000000	0.093788 0.001887	0.199056 0.070544	0.133020 0.022394	0.129708 0.014801	0.130669 0.006418	0.124314 0.017812	
