0.500000	0.993347 0.008242	0.007381 0.008668	0.001586 0.007941	0.002097 0.006742	0.001816 0.007082	-0.000224 0.002849	0.000064 0.003982	-0.000044 0.004530	0.002517 0.005533	0.001262 0.009214	0.001244 0.009825	
0.600000	0.981448 0.006296	0.020516 0.009692	0.003835 0.004489	-0.002236 0.007917	0.000834 0.002700	-0.001389 0.003075	-0.001381 0.005497	0.000824 0.007770	0.000708 0.009109	0.001944 0.002906	-0.000121 0.009574	
0.700000	0.873009 0.009984	0.110791 0.007069	0.046445 0.006666	0.022856 0.007088	0.013725 0.005871	0.008244 0.006301	0.005704 0.005229	0.004080 0.002627	0.003905 0.005540	0.002403 0.004249	0.003004 0.006609	
0.800000	0.057771 0.008012	0.079964 0.009575	0.055456 0.007372	0.046832 0.009274	0.044463 0.008462	0.044717 0.004700	0.045017 0.005409	0.042836 0.006891	0.045379 0.006663	0.044380 0.007864	0.046105 0.004767	
0.900000	0.048165 0.008396	0.073514 0.007870	0.052536 0.005999	0.045932 0.006153	0.045306 0.005583	0.045331 0.009871	0.045523 0.007102	0.046574 0.006397	0.045430 0.006570	0.043456 0.005020	0.044378 0.005563	
1.000000	0.041393 0.004208	0.071134 0.009938	0.047283 0.004010	0.046790 0.006801	0.045553 0.006332	0.045569 0.006501	0.046279 0.005596	0.044768 0.009514	0.046420 0.009088	0.044909 0.007000	0.045414 0.009945	
1.100000	0.041168 0.004097	0.071416 0.009598	0.048142 0.003110	0.045756 0.006945	0.047937 0.008194	0.044802 0.001679	0.045397 0.005013	0.047914 0.006904	0.044117 0.004432	0.043812 0.007480	0.045552 0.005035	
1.200000	0.037956 0.009214	0.061478 0.006953	0.047857 0.008993	0.047969 0.009335	0.042933 0.009679	0.046858 0.007983	0.044855 0.006971	0.047249 0.006105	0.043030 0.007231	0.044709 0.007842	0.045080 0.005348	
1.300000	0.038384 0.002281	0.072536 0.009480	0.045409 0.005423	0.044334 0.002128	0.045281 0.004723	0.046255 0.009727	0.045250 0.006914	0.044696 0.005385	0.045470 0.005947	0.045805 0.004306	0.044427 0.001007	
1.400000	0.035884 0.003554	0.067335 0.009899	0.047392 0.004549	0.044776 0.007425	0.047116 0.002838	0.046227 0.003081	0.044400 0.005103	0.046208 0.006263	0.044653 0.004316	0.045173 0.007592	0.045181 0.008461	
1.500000	0.035204 0.006108	0.067294 0.005843	0.047885 0.006716	0.044287 0.009723	0.044536 0.007092	0.046829 0.006070	0.046153 0.001234	0.045351 0.001686	0.047071 0.004162	0.045583 0.008479	0.044664 0.004613	
1.600000	0.034703 0.006387	0.064544 0.009896	0.047128 0.007825	0.045115 0.008293	0.045812 0.009779	0.047648 0.009518	0.045836 0.009489	0.043238 0.004588	0.041422 0.003684	0.046540 0.007813	0.046603 0.009312	
1.700000	0.033165 0.003314	0.072374 0.009727	0.046855 0.008454	0.044319 0.006370	0.047160 0.006786	0.045624 0.006693	0.045294 0.008773	0.043879 0.006754	0.049047 0.009622	0.047527 0.003779	0.046277 0.009292	
1.800000	0.035396 0.005574	0.067378 0.009441	0.046747 0.006458	0.046685 0.004167	0.045451 0.005569	0.046101 0.007891	0.045198 0.004120	0.047629 0.003643	0.045028 0.009759	0.044341 0.007405	0.044720 0.004972	
1.900000	0.034111 0.004824	0.069217 0.009552	0.047844 0.004278	0.047398 0.006677	0.047735 0.008341	0.045334 0.009058	0.045265 0.005904	0.045631 0.003886	0.045485 0.005679	0.045607 0.007911	0.048035 0.008787	
2.000000	0.034488 0.000886	0.066414 0.009649	0.045290 0.004047	0.046185 0.006561	0.048060 0.008320	0.044058 0.006575	0.047568 0.006368	0.046069 0.006565	0.046605 0.003357	0.045003 0.009712	0.045264 0.008422	
2.100000	0.034389 0.008063	0.066604 0.009007	0.047280 0.006700	0.042200 0.006478	0.048336 0.005681	0.045161 0.007813	0.046498 0.003698	0.040744 0.008986	0.047599 0.007309	0.044773 0.005615	0.046645 0.009284	
2.200000	0.033004 0.006976	0.062152 0.008200	0.044793 0.008342	0.046148 0.006949	0.045272 0.009455	0.045388 0.009960	0.042974 0.006987	0.044819 0.005694	0.046544 0.008493	0.044573 0.006059	0.046865 0.008080	
2.300000	0.034540 0.002661	0.070660 0.009114	0.044753 0.009787	0.047296 0.006185	0.044050 0.003005	0.046530 0.009905	0.044979 0.002789	0.047586 0.009333	0.044485 0.008346	0.047130 0.007718	0.043580 0.001866	
2.400000	0.034084 0.003976	0.066960 0.004509	0.045703 0.009644	0.042663 0.005453	0.046402 0.008577	0.046248 0.003759	0.046678 0.008453	0.046927 0.007963	0.043588 0.006739	0.044754 0.004996	0.044263 0.008055	
2.500000	0.033192 0.002732	0.065673 0.009562	0.046635 0.007335	0.044800 0.002151	0.044147 0.004047	0.046456 0.004424	0.046583 0.005193	0.045385 0.002639	0.043952 0.009931	0.046120 0.003238	0.045976 0.009843	
2.600000	0.032529 0.004890	0.065155 0.003434	0.047437 0.007005	0.042600 0.006115	0.045470 0.005311	0.045789 0.008661	0.042316 0.002161	0.046006 0.007762	0.045832 0.009409	0.046229 0.008803	0.046709 0.007858	
2.700000	0.034572 0.005080	0.067317 0.009535	0.049077 0.003361	0.047699 0.004009	0.047201 0.009741	0.046072 0.003020	0.044589 0.003214	0.044937 0.004857	0.044948 0.003426	0.045858 0.009289	0.045861 0.005918	
2.800000	0.031903 0.007247	0.065237 0.009709	0.046442 0.009829	0.045133 0.007608	0.045437 0.003223	0.046967 0.004857	0.045700 0.005448	0.046284 0.004944	0.045621 0.009046	0.045551 0.002315	0.047375 0.006711	
2.900000	0.032202 0.003590	0.063909 0.009604	0.045465 0.006773	0.046412 0.006739	0.043983 0.002241	0.046533 0.002819	0.047105 0.004475	0.043488 0.006802	0.045095 0.007746	0.042958 0.006321	0.045498 0.006573	
3.000000	0.033028 0.002831	0.063614 0.004778	0.046968 0.006961	0.045513 0.006404	0.045320 0.007404	0.045145 0.008173	0.045800 0.005805	0.045326 0.005402	0.043018 0.001754	0.045889 0.009173	0.045356 0.005053	
3.100000	0.032042 0.006234	0.063897 0.004969	0.045129 0.008645	0.044975 0.007567	0.045912 0.003062	0.045789 0.003354	0.047348 0.001123	0.046315 0.009990	0.046287 0.005574	0.045847 0.005683	0.045607 0.004506	
3.200000	0.032371 0.005631	0.063097 0.009911	0.046986 0.004400	0.045317 0.006646	0.046549 0.007975	0.044933 0.006307	0.044890 0.007284	0.046810 0.005360	0.046362 0.009574	0.048473 0.009925	0.045376 0.006999	
3.300000	0.033104 0.005521	0.063781 0.009416	0.047656 0.009499	0.045689 0.003251	0.046420 0.003812	0.045446 0.009473	0.048812 0.008659	0.046630 0.006997	0.046928 0.007792	0.048129 0.006545	0.046975 0.004134	
3.400000	0.032153 0.004107	0.066069 0.009425	0.046108 0.003135	0.044864 0.003278	0.045868 0.004612	0.044364 0.006337	0.045692 0.002729	0.045313 0.004268	0.045306 0.005706	0.046124 0.002392	0.046552 0.004615	
3.500000	0.030413 0.006295	0.068224 0.008410	0.045031 0.007590	0.044593 0.005242	0.042344 0.005254	0.046588 0.008175	0.047591 0.003121	0.046984 0.008914	0.043618 0.007197	0.044943 0.002981	0.045043 0.007015	
3.600000	0.030563 0.002844	0.066253 0.007407	0.047479 0.009930	0.044870 0.004606	0.045813 0.009444	0.045338 0.007327	0.046385 0.004624	0.045877 0.007481	0.046253 0.005059	0.044141 0.006938	0.046070 0.006654	
3.700000	0.032730 0.007005	0.059738 0.008317	0.045508 0.005146	0.045072 0.002731	0.047698 0.008933	0.044804 0.007796	0.044653 0.008582	0.045136 0.007968	0.044170 0.004665	0.046756 0.005969	0.045434 0.009831	
3.800000	0.030693 0.006221	0.066502 0.009950	0.046078 0.005134	0.045327 0.006541	0.045546 0.008821	0.045517 0.008561	0.045315 0.004675	0.046062 0.008523	0.043717 0.006702	0.046587 0.003813	0.046688 0.009126	
3.900000	0.032189 0.004534	0.065846 0.009189	0.046541 0.004621	0.047001 0.004624	0.044158 0.008427	0.047427 0.007205	0.048650 0.004950	0.045588 0.006172	0.043866 0.006124	0.044517 0.009244	0.046305 0.003864	
4.000000	0.031674 0.002993	0.061431 0.009654	0.046233 0.009611	0.044523 0.005261	0.047352 0.008717	0.045162 0.002048	0.044482 0.008272	0.045697 0.006592	0.049218 0.009632	0.044670 0.006300	0.046132 0.003777	
