2 100 2 0.400000	0.999920 0.000200	0.000000 0.000000	0.000000 0.000000	0.000000 0.000000	0.000000 0.000000	0.000000 0.000000	0.000000 0.000000	0.000000 0.000000	0.000000 0.000000	0.000000 0.000000	0.000000 0.000000	
2 100 2 0.410000	0.999680 0.000400	0.000000 0.000000	0.000000 0.000000	0.000000 0.000000	0.000000 0.000000	0.000000 0.000000	0.000000 0.000000	0.000000 0.000000	0.000000 0.000000	0.000000 0.000000	0.000000 0.000000	
2 100 2 0.420000	0.999960 0.000200	0.000000 0.000000	0.000000 0.000000	0.000000 0.000000	0.000000 0.000000	0.000000 0.000000	0.000000 0.000000	0.000000 0.000000	0.000000 0.000000	0.000000 0.000000	0.000000 0.000000	
2 100 2 0.430000	0.999800 0.000400	0.000000 0.000000	0.000000 0.000000	0.000000 0.000000	0.000000 0.000000	0.000000 0.000000	0.000000 0.000000	0.000000 0.000000	0.000000 0.000000	0.000000 0.000000	0.000000 0.000000	
2 100 2 0.440000	0.999680 0.000800	0.000000 0.000000	0.000000 0.000000	0.000000 0.000000	0.000000 0.000000	0.000000 0.000000	0.000000 0.000000	0.000000 0.000000	0.000000 0.000000	0.000000 0.000000	0.000000 0.000000	
2 100 2 0.450000	0.999680 0.000800	0.000000 0.000000	0.000000 0.000000	0.000000 0.000000	0.000000 0.000000	0.000000 0.000000	0.000000 0.000000	0.000000 0.000000	0.000000 0.000000	0.000000 0.000000	0.000000 0.000000	
2 100 2 0.460000	0.999600 0.000600	0.000000 0.000000	0.000000 0.000000	0.000000 0.000000	0.000000 0.000000	0.000000 0.000000	0.000000 0.000000	0.000000 0.000000	0.000000 0.000000	0.000000 0.000000	0.000000 0.000000	
2 100 2 0.470000	0.999600 0.000600	0.000000 0.000000	0.000000 0.000000	0.000000 0.000000	0.000000 0.000000	0.000000 0.000000	0.000000 0.000000	0.000000 0.000000	0.000000 0.000000	0.000000 0.000000	0.000000 0.000000	
2 100 2 0.480000	0.999560 0.000800	0.000000 0.000000	0.000000 0.000000	0.000000 0.000000	0.000000 0.000000	0.000000 0.000000	0.000000 0.000000	0.000000 0.000000	0.000000 0.000000	0.000000 0.000000	0.000000 0.000000	
2 100 2 0.490000	0.999240 0.001200	0.000000 0.000000	0.000000 0.000000	0.000000 0.000000	0.000000 0.000000	0.000000 0.000000	0.000000 0.000000	0.000000 0.000000	0.000000 0.000000	0.000000 0.000000	0.000000 0.000000	
2 100 2 0.500000	0.999520 0.000600	0.000000 0.000000	0.000000 0.000000	0.000000 0.000000	0.000000 0.000000	0.000000 0.000000	0.000000 0.000000	0.000000 0.000000	0.000000 0.000000	0.000000 0.000000	0.000000 0.000000	
2 100 2 0.510000	0.998960 0.001200	0.000000 0.000000	0.000000 0.000000	0.000000 0.000000	0.000000 0.000000	0.000000 0.000000	0.000000 0.000000	0.000000 0.000000	0.000000 0.000000	0.000000 0.000000	0.000000 0.000000	
2 100 2 0.520000	0.998800 0.001400	0.000000 0.000000	0.000000 0.000000	0.000000 0.000000	0.000000 0.000000	0.000000 0.000000	0.000000 0.000000	0.000000 0.000000	0.000000 0.000000	0.000000 0.000000	0.000000 0.000000	
2 100 2 0.530000	0.999120 0.001000	0.000000 0.000000	0.000000 0.000000	0.000000 0.000000	0.000000 0.000000	0.000000 0.000000	0.000000 0.000000	0.000000 0.000000	0.000000 0.000000	0.000000 0.000000	0.000000 0.000000	
2 100 2 0.540000	0.998040 0.002000	0.000000 0.000000	0.000000 0.000000	0.000000 0.000000	0.000000 0.000000	0.000000 0.000000	0.000000 0.000000	0.000000 0.000000	0.000000 0.000000	0.000000 0.000000	0.000000 0.000000	
2 100 2 0.550000	0.998200 0.001200	0.000000 0.000000	0.000000 0.000000	0.000000 0.000000	0.000000 0.000000	0.000000 0.000000	0.000000 0.000000	0.000000 0.000000	0.000000 0.000000	0.000000 0.000000	0.000000 0.000000	
2 100 2 0.560000	0.998440 0.001800	0.000000 0.000000	0.000000 0.000000	0.000000 0.000000	0.000000 0.000000	0.000000 0.000000	0.000000 0.000000	0.000000 0.000000	0.000000 0.000000	0.000000 0.000000	0.000000 0.000000	
2 100 2 0.570000	0.998000 0.002000	0.000000 0.000000	0.000000 0.000000	0.000000 0.000000	0.000000 0.000000	0.000000 0.000000	0.000000 0.000000	0.000000 0.000000	0.000000 0.000000	0.000000 0.000000	0.000000 0.000000	
2 100 2 0.580000	0.997680 0.002000	0.000000 0.000000	0.000000 0.000000	0.000000 0.000000	0.000000 0.000000	0.000000 0.000000	0.000000 0.000000	0.000000 0.000000	0.000000 0.000000	0.000000 0.000000	0.000000 0.000000	
2 100 2 0.590000	0.997600 0.002600	0.000000 0.000000	0.000000 0.000000	0.000000 0.000000	0.000000 0.000000	0.000000 0.000000	0.000000 0.000000	0.000000 0.000000	0.000000 0.000000	0.000000 0.000000	0.000000 0.000000	
2 100 2 0.600000	0.996880 0.001400	0.000000 0.000000	0.000000 0.000000	0.000000 0.000000	0.000000 0.000000	0.000000 0.000000	0.000000 0.000000	0.000000 0.000000	0.000000 0.000000	0.000000 0.000000	0.000000 0.000000	
2 100 2 0.610000	0.996960 0.001800	0.000000 0.000000	0.000000 0.000000	0.000000 0.000000	0.000000 0.000000	0.000000 0.000000	0.000000 0.000000	0.000000 0.000000	0.000000 0.000000	0.000000 0.000000	0.000000 0.000000	
2 100 2 0.620000	0.996140 0.001100	0.000000 0.000000	0.000000 0.000000	0.000000 0.000000	0.000000 0.000000	0.000000 0.000000	0.000000 0.000000	0.000000 0.000000	0.000000 0.000000	0.000000 0.000000	0.000000 0.000000	
2 100 2 0.630000	0.996320 0.001400	0.000000 0.000000	0.000000 0.000000	0.000000 0.000000	0.000000 0.000000	0.000000 0.000000	0.000000 0.000000	0.000000 0.000000	0.000000 0.000000	0.000000 0.000000	0.000000 0.000000	
2 100 2 0.640000	0.995480 0.001400	0.000000 0.000000	0.000000 0.000000	0.000000 0.000000	0.000000 0.000000	0.000000 0.000000	0.000000 0.000000	0.000000 0.000000	0.000000 0.000000	0.000000 0.000000	0.000000 0.000000	
2 100 2 0.650000	0.994665 0.000400	0.010641 0.000796	0.000000 0.000000	0.000000 0.000000	0.000000 0.000000	0.000000 0.000000	0.000000 0.000000	0.000000 0.000000	0.000000 0.000000	0.000000 0.000000	0.000000 0.000000	
2 100 2 0.660000	0.993720 0.001400	0.012520 0.002782	0.000000 0.000000	0.000000 0.000000	0.000000 0.000000	0.000000 0.000000	0.000000 0.000000	0.000000 0.000000	0.000000 0.000000	0.000000 0.000000	0.000000 0.000000	
2 100 2 0.670000	0.992820 0.002000	0.014308 0.003970	0.000000 0.000000	0.000000 0.000000	0.000000 0.000000	0.000000 0.000000	0.000000 0.000000	0.000000 0.000000	0.000000 0.000000	0.000000 0.000000	0.000000 0.000000	
2 100 2 0.680000	0.993480 0.001200	0.012997 0.002384	0.000000 0.000000	0.000000 0.000000	0.000000 0.000000	0.000000 0.000000	0.000000 0.000000	0.000000 0.000000	0.000000 0.000000	0.000000 0.000000	0.000000 0.000000	
2 100 2 0.690000	0.992080 0.002600	0.015776 0.005158	0.000000 0.000000	0.000000 0.000000	0.000000 0.000000	0.000000 0.000000	0.000000 0.000000	0.000000 0.000000	0.000000 0.000000	0.000000 0.000000	0.000000 0.000000	
2 100 2 0.700000	0.992880 0.001900	0.014189 0.003773	0.000000 0.000000	0.000000 0.000000	0.000000 0.000000	0.000000 0.000000	0.000000 0.000000	0.000000 0.000000	0.000000 0.000000	0.000000 0.000000	0.000000 0.000000	
2 100 2 0.710000	0.990860 0.003800	0.018194 0.007529	0.000000 0.000000	0.000000 0.000000	0.000000 0.000000	0.000000 0.000000	0.000000 0.000000	0.000000 0.000000	0.000000 0.000000	0.000000 0.000000	0.000000 0.000000	
2 100 2 0.720000	0.989320 0.003900	0.021244 0.007714	0.000000 0.000000	0.000000 0.000000	0.000000 0.000000	0.000000 0.000000	0.000000 0.000000	0.000000 0.000000	0.000000 0.000000	0.000000 0.000000	0.000000 0.000000	
2 100 2 0.730000	0.988800 0.003800	0.022272 0.007517	0.000000 0.000000	0.000000 0.000000	0.000000 0.000000	0.000000 0.000000	0.000000 0.000000	0.000000 0.000000	0.000000 0.000000	0.000000 0.000000	0.000000 0.000000	
2 100 2 0.740000	0.987340 0.004300	0.025157 0.008492	0.000000 0.000000	0.000000 0.000000	0.000000 0.000000	0.000000 0.000000	0.000000 0.000000	0.000000 0.000000	0.000000 0.000000	0.000000 0.000000	0.000000 0.000000	
2 100 2 0.750000	0.986020 0.003800	0.027763 0.007494	0.000000 0.000000	0.000000 0.000000	0.000000 0.000000	0.000000 0.000000	0.000000 0.000000	0.000000 0.000000	0.000000 0.000000	0.000000 0.000000	0.000000 0.000000	
2 100 2 0.760000	0.985787 0.002533	0.028224 0.004995	0.000000 0.000000	0.000000 0.000000	0.000000 0.000000	0.000000 0.000000	0.000000 0.000000	0.000000 0.000000	0.000000 0.000000	0.000000 0.000000	0.000000 0.000000	
2 100 2 0.770000	0.984220 0.003200	0.031310 0.006298	0.000000 0.000000	0.000000 0.000000	0.000000 0.000000	0.000000 0.000000	0.000000 0.000000	0.000000 0.000000	0.000000 0.000000	0.000000 0.000000	0.000000 0.000000	
2 100 2 0.780000	0.982380 0.002900	0.034929 0.005698	0.000000 0.000000	0.000000 0.000000	0.000000 0.000000	0.000000 0.000000	0.000000 0.000000	0.001394 0.006972	0.000000 0.000000	0.000000 0.000000	0.000000 0.000000	
2 100 2 0.790000	0.981920 0.003700	0.035831 0.007268	0.000000 0.000000	0.000000 0.000000	0.000000 0.000000	0.000000 0.000000	0.000000 0.000000	0.000000 0.000000	0.000000 0.000000	0.000000 0.000000	0.000000 0.000000	
2 100 2 0.800000	0.980580 0.003200	0.038462 0.006274	0.000000 0.000000	0.000000 0.000000	0.000000 0.000000	0.000000 0.000000	0.000000 0.000000	0.000000 0.000000	0.000000 0.000000	0.000000 0.000000	0.000000 0.000000	
2 100 2 0.810000	0.978100 0.004000	0.043318 0.007821	0.000000 0.000000	0.000000 0.000000	0.000000 0.000000	0.000000 0.000000	0.000000 0.000000	0.000000 0.000000	0.000000 0.000000	0.000000 0.000000	0.000000 0.000000	
2 100 2 0.820000	0.976453 0.004933	0.046535 0.009629	0.000000 0.000000	0.000000 0.000000	0.000000 0.000000	0.000000 0.000000	0.000000 0.000000	0.000000 0.000000	0.000000 0.000000	0.000000 0.000000	0.000000 0.000000	
2 100 2 0.830000	0.976080 0.004500	0.047265 0.008789	0.000000 0.000000	0.000000 0.000000	0.000000 0.000000	0.000000 0.000000	0.000000 0.000000	0.000000 0.000000	0.000000 0.000000	0.000000 0.000000	0.000000 0.000000	
2 100 2 0.840000	0.973030 0.003600	0.053211 0.007009	0.001673 0.008365	0.000000 0.000000	0.000000 0.000000	0.000000 0.000000	0.000000 0.000000	0.000000 0.000000	0.000000 0.000000	0.000000 0.000000	0.000000 0.000000	
2 100 2 0.850000	0.970060 0.002800	0.058982 0.005431	0.001960 0.009799	0.000000 0.000000	0.000000 0.000000	0.000000 0.000000	0.000000 0.000000	0.000000 0.000000	0.000000 0.000000	0.000000 0.000000	0.000000 0.000000	
2 100 2 0.860000	0.967100 0.003367	0.064716 0.006512	0.001729 0.008643	0.000000 0.000000	0.000000 0.000000	0.000000 0.000000	0.000000 0.000000	0.000000 0.000000	0.000000 0.000000	0.000000 0.000000	0.000000 0.000000	
2 100 2 0.870000	0.965555 0.001389	0.067702 0.002681	0.001984 0.009922	0.000000 0.000000	0.000000 0.000000	0.000000 0.000000	0.000000 0.000000	0.000000 0.000000	0.000000 0.000000	0.000000 0.000000	0.000000 0.000000	
2 100 2 0.880000	0.963031 0.002631	0.072571 0.005066	0.000000 0.000000	0.000000 0.000000	0.000000 0.000000	0.000000 0.000000	0.000000 0.000000	0.000000 0.000000	0.000000 0.000000	0.000000 0.000000	0.000000 0.000000	
2 100 2 0.890000	0.959788 0.002700	0.078806 0.005183	0.013459 0.003319	0.000000 0.000000	0.000000 0.000000	0.000000 0.000000	0.000000 0.000000	0.000000 0.000000	0.000000 0.000000	0.000000 0.000000	0.000000 0.000000	
2 100 2 0.900000	0.956244 0.002522	0.085596 0.004822	0.014337 0.006755	0.000000 0.000000	0.000000 0.000000	0.000000 0.000000	0.000000 0.000000	0.000000 0.000000	0.000000 0.000000	0.000000 0.000000	0.000000 0.000000	
2 100 2 0.910000	0.953767 0.001945	0.090328 0.003711	0.013537 0.006708	0.000000 0.000000	0.000000 0.000000	0.000000 0.000000	0.000000 0.000000	0.000000 0.000000	0.000000 0.000000	0.000000 0.000000	0.000000 0.000000	
2 100 2 0.920000	0.950080 0.004150	0.097346 0.007892	0.019546 0.008372	0.000000 0.000000	0.000000 0.000000	0.000000 0.000000	0.000000 0.000000	0.000000 0.000000	0.000000 0.000000	0.000000 0.000000	0.000000 0.000000	
2 100 2 0.930000	0.946773 0.004600	0.103618 0.008717	0.023090 0.009775	0.000000 0.000000	0.000000 0.000000	0.000000 0.000000	0.000000 0.000000	0.000000 0.000000	0.000000 0.000000	0.000000 0.000000	0.000000 0.000000	
2 100 2 0.940000	0.942900 0.004250	0.110937 0.008020	0.023470 0.009947	0.000000 0.000000	0.000000 0.000000	0.000000 0.000000	0.000000 0.000000	0.000000 0.000000	0.000000 0.000000	0.000000 0.000000	0.000000 0.000000	
2 100 2 0.950000	0.937280 0.004467	0.121504 0.008367	0.025770 0.008958	0.001897 0.009483	0.000000 0.000000	0.000000 0.000000	0.000000 0.000000	0.000000 0.000000	0.000000 0.000000	0.000000 0.000000	0.000000 0.000000	
2 100 2 0.960000	0.935009 0.003908	0.125756 0.007313	0.025636 0.005368	0.001991 0.009953	0.000000 0.000000	0.000000 0.000000	0.000000 0.000000	0.000000 0.000000	0.000000 0.000000	0.000000 0.000000	0.000000 0.000000	
2 100 2 0.970000	0.928544 0.002867	0.137805 0.005326	0.030125 0.008451	0.000000 0.000000	0.000000 0.000000	0.000000 0.000000	0.000000 0.000000	0.000000 0.000000	0.000000 0.000000	0.000000 0.000000	0.000000 0.000000	
2 100 2 0.980000	0.922758 0.002575	0.148518 0.004752	0.033634 0.002292	0.001924 0.009621	0.000000 0.000000	0.000000 0.000000	0.000000 0.000000	0.000000 0.000000	0.000000 0.000000	0.000000 0.000000	0.000000 0.000000	
2 100 2 0.990000	0.917263 0.001813	0.158628 0.003328	0.038764 0.004661	0.011307 0.003060	0.000000 0.000000	0.000000 0.000000	0.000000 0.000000	0.000000 0.000000	0.000000 0.000000	0.000000 0.000000	0.000000 0.000000	
2 100 2 1.000000	0.910955 0.005029	0.170157 0.009160	0.043247 0.007770	0.013743 0.003482	0.001979 0.009897	0.000000 0.000000	0.000000 0.000000	0.000000 0.000000	0.000000 0.000000	0.000000 0.000000	0.000000 0.000000	
2 100 2 1.010000	0.903402 0.003905	0.183863 0.007053	0.049290 0.004344	0.014501 0.004892	0.000000 0.000000	0.000000 0.000000	0.000000 0.000000	0.000000 0.000000	0.000000 0.000000	0.000000 0.000000	0.000000 0.000000	
2 100 2 1.020000	0.895975 0.002554	0.197227 0.004578	0.053227 0.004026	0.019298 0.006388	0.000000 0.000000	0.000000 0.000000	0.000000 0.000000	0.000000 0.000000	0.000000 0.000000	0.000000 0.000000	0.000000 0.000000	
2 100 2 1.030000	0.888291 0.004321	0.210937 0.007674	0.060161 0.005906	0.023052 0.006747	0.001958 0.009791	0.000000 0.000000	0.000000 0.000000	0.000000 0.000000	0.000000 0.000000	0.000000 0.000000	0.000000 0.000000	
2 100 2 1.040000	0.880723 0.003877	0.224325 0.006835	0.065676 0.008111	0.025621 0.007887	0.012512 0.003857	0.000000 0.000000	0.000000 0.000000	0.000000 0.000000	0.000000 0.000000	0.000000 0.000000	0.000000 0.000000	
2 100 2 1.050000	0.869280 0.005109	0.244349 0.008885	0.075412 0.004317	0.029163 0.005470	0.014819 0.004184	0.000000 0.000000	0.000000 0.000000	0.000000 0.000000	0.000000 0.000000	0.000000 0.000000	0.000000 0.000000	
2 100 2 1.060000	0.857085 0.003577	0.265403 0.006132	0.086330 0.007014	0.036626 0.003591	0.018368 0.004828	0.000000 0.000000	0.000000 0.000000	0.000000 0.000000	0.000000 0.000000	0.000000 0.000000	0.000000 0.000000	
2 100 2 1.070000	0.842072 0.005009	0.290911 0.008441	0.101507 0.007463	0.043631 0.009183	0.023951 0.006731	0.012562 0.002442	0.000000 0.000000	0.000000 0.000000	0.000000 0.000000	0.000000 0.000000	0.000000 0.000000	
2 100 2 1.080000	0.828771 0.003273	0.313137 0.005422	0.113842 0.002916	0.054453 0.005503	0.029565 0.004996	0.018375 0.006415	0.013256 0.003324	0.000000 0.000000	0.000000 0.000000	0.000000 0.000000	0.000000 0.000000	
2 100 2 1.090000	0.807544 0.004927	0.347870 0.007957	0.135182 0.004577	0.068254 0.003436	0.039454 0.001294	0.027196 0.004533	0.017158 0.002675	0.012364 0.003462	0.000000 0.000000	0.000000 0.000000	0.000000 0.000000	
2 100 2 1.100000	0.784738 0.003531	0.384185 0.005539	0.157681 0.004960	0.084315 0.004941	0.053108 0.002679	0.036004 0.004207	0.025859 0.002189	0.019168 0.002898	0.014163 0.004290	0.011752 0.004556	0.000000 0.000000	
2 100 2 1.110000	0.755612 0.006586	0.429045 0.009943	0.187665 0.008405	0.107270 0.005956	0.070796 0.003543	0.050264 0.006308	0.037618 0.005069	0.028675 0.005556	0.021981 0.002535	0.018952 0.005485	0.013603 0.002517	
2 100 2 1.120000	0.711780 0.006923	0.493364 0.009854	0.235107 0.008890	0.145733 0.007427	0.102705 0.004581	0.077503 0.003655	0.062263 0.006481	0.049590 0.004070	0.041708 0.004731	0.034359 0.004019	0.029455 0.003216	
2 100 2 1.130000	0.649606 0.007322	0.578004 0.009528	0.301729 0.009999	0.201261 0.007404	0.150361 0.009565	0.119032 0.008956	0.099151 0.007752	0.083615 0.009709	0.070833 0.009327	0.062473 0.008775	0.054698 0.006185	
2 100 2 1.140000	0.552093 0.008792	0.695182 0.009707	0.398089 0.009359	0.282935 0.007941	0.223741 0.006402	0.186615 0.005617	0.158700 0.006945	0.138282 0.005611	0.122769 0.009533	0.108443 0.004852	0.096330 0.008221	
2 100 2 1.150000	0.410678 0.009772	0.831331 0.008024	0.510554 0.008712	0.383713 0.006931	0.313733 0.005630	0.267723 0.004887	0.234696 0.005316	0.208469 0.005785	0.188073 0.009161	0.169616 0.007677	0.154460 0.005079	
2 100 2 1.160000	0.296707 0.008189	0.911956 0.004879	0.573874 0.005316	0.434663 0.005857	0.357655 0.007182	0.306044 0.005980	0.268264 0.004664	0.237402 0.006522	0.211540 0.005308	0.191774 0.009645	0.174344 0.009450	
2 100 2 1.170000	0.211142 0.009923	0.955405 0.004145	0.599360 0.004512	0.451163 0.003682	0.368794 0.004352	0.312557 0.003066	0.269770 0.001994	0.237400 0.003150	0.210943 0.004118	0.187511 0.002630	0.168292 0.003562	
2 100 2 1.180000	0.165140 0.009637	0.972717 0.003166	0.601875 0.004023	0.445491 0.003764	0.358221 0.006039	0.298694 0.007443	0.255043 0.007479	0.221586 0.009093	0.194007 0.006964	0.169234 0.009921	0.150393 0.007935	
2 100 2 1.190000	0.134451 0.009975	0.981911 0.002649	0.598966 0.004147	0.438002 0.003207	0.346191 0.004399	0.283387 0.003282	0.240376 0.006432	0.206188 0.006860	0.178574 0.006647	0.153932 0.007230	0.134704 0.005512	
2 100 2 1.200000	0.112537 0.008113	0.987327 0.001855	0.592553 0.002479	0.422310 0.005459	0.329487 0.004813	0.267367 0.009470	0.222011 0.004488	0.184615 0.005401	0.157824 0.005110	0.134421 0.004250	0.114077 0.004761	
2 100 2 1.210000	0.097465 0.009973	0.990486 0.001956	0.584859 0.005247	0.411458 0.003243	0.314401 0.006126	0.251444 0.007377	0.205573 0.005066	0.169218 0.005667	0.142849 0.004612	0.121112 0.006442	0.100904 0.008896	
2 100 2 1.220000	0.082119 0.008890	0.993247 0.001484	0.576206 0.004241	0.395822 0.004034	0.298160 0.009790	0.235048 0.009100	0.187734 0.009035	0.154021 0.009075	0.124540 0.006776	0.105330 0.007897	0.087842 0.005404	
2 100 2 1.230000	0.081683 0.009731	0.993318 0.001585	0.565049 0.008479	0.386392 0.003485	0.286195 0.009358	0.220884 0.008484	0.175004 0.009079	0.139224 0.008195	0.112375 0.009508	0.092509 0.006252	0.075067 0.008964	
2 100 2 1.240000	0.072993 0.007664	0.994664 0.001146	0.556419 0.008883	0.371613 0.008161	0.271485 0.008954	0.207840 0.009693	0.162667 0.007797	0.129712 0.008708	0.102437 0.006044	0.083368 0.008514	0.067232 0.006963	
2 100 2 1.250000	0.067042 0.009980	0.995492 0.001333	0.548789 0.003027	0.361706 0.005397	0.261498 0.007053	0.192847 0.004925	0.146916 0.003735	0.115876 0.005000	0.091697 0.009310	0.072000 0.009036	0.057089 0.007278	
2 100 2 1.260000	0.061809 0.009862	0.996167 0.001262	0.541334 0.007790	0.351331 0.008142	0.247498 0.007576	0.185186 0.006203	0.137548 0.002900	0.110140 0.007336	0.084547 0.005737	0.067107 0.001776	0.051998 0.004849	
2 100 2 1.270000	0.054490 0.009177	0.997021 0.001004	0.534356 0.008044	0.340874 0.004544	0.236111 0.008398	0.174467 0.005278	0.131436 0.006121	0.098052 0.006949	0.074221 0.006386	0.056021 0.009918	0.044860 0.006238	
2 100 2 1.280000	0.052358 0.006843	0.997250 0.000727	0.528379 0.009795	0.333880 0.007050	0.225221 0.008686	0.163529 0.009817	0.120506 0.008095	0.091151 0.009862	0.067907 0.009547	0.050871 0.000999	0.042340 0.005722	
2 100 2 1.290000	0.051998 0.009904	0.997281 0.001063	0.521615 0.003456	0.322260 0.006994	0.216752 0.005730	0.153986 0.002995	0.111345 0.002991	0.082288 0.005961	0.060853 0.009129	0.045992 0.006116	0.035080 0.006408	
2 100 2 1.300000	0.046455 0.005075	0.997838 0.000467	0.513266 0.008712	0.311826 0.005632	0.208904 0.007428	0.146008 0.007151	0.104626 0.009975	0.074461 0.005939	0.054765 0.009948	0.040612 0.009847	0.029041 0.006736	
2 100 2 1.310000	0.046444 0.008890	0.997832 0.000836	0.505249 0.008933	0.302260 0.009982	0.199729 0.009955	0.136372 0.004670	0.096458 0.009531	0.069282 0.006125	0.050608 0.006778	0.037366 0.001100	0.027157 0.005546	
2 100 2 1.320000	0.042053 0.004390	0.998229 0.000374	0.499762 0.009942	0.296924 0.003822	0.191027 0.006208	0.129837 0.005547	0.092309 0.006841	0.066279 0.004045	0.050027 0.006928	0.035232 0.006590	0.023909 0.005411	
2 100 2 1.330000	0.043259 0.006762	0.998123 0.000596	0.491113 0.009249	0.288210 0.006359	0.185829 0.008587	0.122502 0.004721	0.086742 0.008965	0.062104 0.005333	0.041296 0.005184	0.033029 0.004709	0.022999 0.008126	
2 100 2 1.340000	0.040694 0.006736	0.998338 0.000563	0.486782 0.009957	0.281096 0.006326	0.177395 0.008689	0.116985 0.007220	0.078801 0.009146	0.056065 0.009183	0.037430 0.009867	0.025746 0.002971	0.017948 0.007601	
2 100 2 1.350000	0.039615 0.004641	0.998428 0.000373	0.480804 0.003315	0.272895 0.007306	0.170244 0.005589	0.111883 0.006630	0.075265 0.008924	0.050096 0.009921	0.035271 0.009030	0.023693 0.004960	0.014794 0.005381	
2 100 2 1.360000	0.037805 0.004034	0.998568 0.000307	0.472465 0.004273	0.265885 0.006765	0.163277 0.008202	0.104406 0.004392	0.068740 0.003048	0.047866 0.007531	0.032913 0.005844	0.021184 0.006327	0.015080 0.007347	
2 100 2 1.370000	0.040076 0.007617	0.998387 0.000613	0.467472 0.005222	0.258960 0.005952	0.155820 0.006090	0.099195 0.009836	0.063307 0.007335	0.042482 0.004149	0.026105 0.004479	0.018582 0.007084	0.012064 0.004303	
2 100 2 1.380000	0.034483 0.003694	0.998809 0.000259	0.461976 0.004046	0.253869 0.007178	0.152927 0.005237	0.094580 0.002553	0.062527 0.005888	0.039228 0.006389	0.026564 0.007124	0.016284 0.004324	0.011970 0.004244	
2 100 2 1.390000	0.035446 0.007441	0.998738 0.000540	0.455902 0.006633	0.244657 0.005173	0.144698 0.007464	0.091251 0.009705	0.059327 0.009671	0.035775 0.005408	0.023896 0.006657	0.016278 0.008230	0.011925 0.003527	
2 100 2 1.400000	0.035628 0.003353	0.998729 0.000242	0.454705 0.004810	0.243659 0.004527	0.142244 0.005833	0.087095 0.007221	0.055706 0.006690	0.036468 0.007371	0.021319 0.004377	0.014145 0.004906	0.001971 0.009854	
2 100 2 1.410000	0.033285 0.004009	0.998890 0.000267	0.448338 0.005838	0.233910 0.003363	0.134372 0.003027	0.082196 0.003782	0.050877 0.005127	0.032018 0.005803	0.019324 0.005463	0.012706 0.003692	0.000000 0.000000	
2 100 2 1.420000	0.031787 0.008049	0.998982 0.000510	0.444886 0.009880	0.229546 0.008290	0.132795 0.003171	0.078536 0.007319	0.046164 0.005178	0.029049 0.005199	0.017731 0.005216	0.012106 0.003169	0.000000 0.000000	
2 100 2 1.430000	0.031368 0.002836	0.999015 0.000176	0.438398 0.002721	0.225493 0.004266	0.127712 0.002779	0.074976 0.003174	0.045884 0.004303	0.028468 0.001790	0.017502 0.003881	0.010891 0.001851	0.000000 0.000000	
2 100 2 1.440000	0.030765 0.004112	0.999051 0.000262	0.435194 0.005189	0.221523 0.002357	0.122143 0.006358	0.070432 0.004312	0.041348 0.004106	0.025820 0.005887	0.013227 0.003274	0.001972 0.009862	0.000000 0.000000	
2 100 2 1.450000	0.029938 0.002687	0.999103 0.000160	0.429575 0.000729	0.215154 0.004034	0.117925 0.003446	0.067053 0.002487	0.040143 0.001917	0.024490 0.001707	0.014475 0.003293	0.001998 0.009991	0.000000 0.000000	
2 100 2 1.460000	0.030639 0.009377	0.999052 0.000576	0.425147 0.006558	0.211314 0.008102	0.114761 0.006417	0.064467 0.005748	0.037452 0.009539	0.023434 0.006810	0.012927 0.007668	0.000000 0.000000	0.000000 0.000000	
2 100 2 1.470000	0.030489 0.002388	0.999070 0.000144	0.419564 0.004480	0.206417 0.007554	0.111328 0.005305	0.062475 0.009993	0.033847 0.004300	0.021474 0.008180	0.013545 0.004117	0.000000 0.000000	0.000000 0.000000	
2 100 2 1.480000	0.027888 0.005003	0.999218 0.000279	0.416047 0.007653	0.201492 0.007946	0.105481 0.003735	0.059067 0.005568	0.036575 0.007106	0.020753 0.005585	0.012258 0.005103	0.000000 0.000000	0.000000 0.000000	
2 100 2 1.490000	0.027604 0.002051	0.999237 0.000114	0.411167 0.001317	0.196849 0.002823	0.103343 0.002290	0.056323 0.003904	0.031540 0.000788	0.018705 0.003404	0.010676 0.001698	0.000000 0.000000	0.000000 0.000000	
2 100 2 1.500000	0.025735 0.002674	0.999337 0.000137	0.407913 0.009301	0.191624 0.006666	0.098571 0.005398	0.051777 0.003467	0.030502 0.008366	0.017076 0.007308	0.000000 0.000000	0.000000 0.000000	0.000000 0.000000	
2 100 2 1.510000	0.027395 0.004316	0.999247 0.000233	0.403184 0.003163	0.190202 0.006302	0.097184 0.003670	0.052286 0.005197	0.028879 0.003966	0.016930 0.003778	0.001990 0.009949	0.000000 0.000000	0.000000 0.000000	
2 100 2 1.520000	0.026237 0.003099	0.999310 0.000161	0.399279 0.004961	0.184751 0.002192	0.094021 0.004596	0.050162 0.002716	0.027881 0.003079	0.013289 0.003829	0.001997 0.009986	0.000000 0.000000	0.000000 0.000000	
2 100 2 1.530000	0.024753 0.004470	0.999385 0.000227	0.396281 0.006759	0.183951 0.005197	0.089725 0.007012	0.045674 0.007291	0.026783 0.003065	0.012948 0.007347	0.000000 0.000000	0.000000 0.000000	0.000000 0.000000	
2 100 2 1.540000	0.025924 0.006093	0.999324 0.000320	0.394158 0.005058	0.175736 0.004582	0.086996 0.008529	0.044423 0.004699	0.024161 0.006196	0.012810 0.004819	0.001987 0.009934	0.000000 0.000000	0.000000 0.000000	
2 100 2 1.550000	0.025592 0.002532	0.999344 0.000129	0.391378 0.005035	0.173935 0.005016	0.085442 0.009836	0.043652 0.005546	0.022728 0.002422	0.013118 0.003481	0.000000 0.000000	0.000000 0.000000	0.000000 0.000000	
2 100 2 1.560000	0.024207 0.004424	0.999412 0.000218	0.385182 0.001894	0.171606 0.001814	0.082738 0.003004	0.041478 0.004129	0.022590 0.002363	0.011565 0.003323	0.000000 0.000000	0.000000 0.000000	0.000000 0.000000	
2 100 2 1.570000	0.024293 0.004612	0.999407 0.000219	0.382766 0.005491	0.168982 0.005176	0.081164 0.009508	0.041679 0.005712	0.020782 0.002326	0.001978 0.009890	0.000000 0.000000	0.000000 0.000000	0.000000 0.000000	
2 100 2 1.580000	0.024589 0.002848	0.999394 0.000141	0.377988 0.007890	0.164825 0.007300	0.077500 0.004679	0.038355 0.006185	0.019692 0.005010	0.001996 0.009980	0.000000 0.000000	0.000000 0.000000	0.000000 0.000000	
2 100 2 1.590000	0.022837 0.004196	0.999476 0.000196	0.373856 0.006600	0.162113 0.006225	0.074619 0.006299	0.036607 0.007331	0.018821 0.007195	0.000000 0.000000	0.000000 0.000000	0.000000 0.000000	0.000000 0.000000	
2 100 2 1.600000	0.021380 0.004512	0.999540 0.000192	0.373502 0.008512	0.159568 0.007739	0.073299 0.004332	0.035353 0.009592	0.017058 0.005453	0.000000 0.000000	0.000000 0.000000	0.000000 0.000000	0.000000 0.000000	
2 100 2 1.610000	0.023269 0.002440	0.999458 0.000114	0.370388 0.007242	0.157653 0.003825	0.070751 0.002499	0.035532 0.007207	0.015728 0.001550	0.001925 0.009624	0.000000 0.000000	0.000000 0.000000	0.000000 0.000000	
2 100 2 1.620000	0.020147 0.003207	0.999593 0.000132	0.368012 0.006133	0.151000 0.008510	0.072532 0.006327	0.035210 0.007049	0.017723 0.005188	0.000000 0.000000	0.000000 0.000000	0.001937 0.009686	0.000000 0.000000	
2 100 2 1.630000	0.022631 0.005575	0.999485 0.000248	0.363991 0.005245	0.149153 0.009354	0.069603 0.009668	0.032997 0.005953	0.017291 0.008464	0.000000 0.000000	0.000000 0.000000	0.000000 0.000000	0.000000 0.000000	
2 100 2 1.640000	0.022840 0.006240	0.999473 0.000274	0.358513 0.005122	0.148821 0.008146	0.062865 0.008566	0.028067 0.005198	0.013432 0.005440	0.000000 0.000000	0.000000 0.000000	0.000000 0.000000	0.000000 0.000000	
2 100 2 1.650000	0.020881 0.006620	0.999559 0.000267	0.354496 0.004475	0.145227 0.005347	0.063143 0.006820	0.029244 0.005874	0.015566 0.008512	0.001986 0.009931	0.000000 0.000000	0.000000 0.000000	0.000000 0.000000	
2 100 2 1.660000	0.022694 0.006075	0.999481 0.000282	0.354601 0.009904	0.143485 0.004786	0.064111 0.005782	0.025464 0.002569	0.015163 0.007134	0.000000 0.000000	0.000000 0.000000	0.000000 0.000000	0.000000 0.000000	
2 100 2 1.670000	0.022964 0.004621	0.999470 0.000209	0.350985 0.002558	0.139354 0.006958	0.061925 0.005582	0.028135 0.006302	0.013104 0.005500	0.000000 0.000000	0.000000 0.000000	0.000000 0.000000	0.000000 0.000000	
2 100 2 1.680000	0.020495 0.005610	0.999576 0.000243	0.348113 0.002854	0.135551 0.007817	0.059568 0.005745	0.025724 0.007400	0.013578 0.005913	0.000000 0.000000	0.000000 0.000000	0.000000 0.000000	0.000000 0.000000	
2 100 2 1.690000	0.021612 0.003832	0.999531 0.000162	0.344026 0.004762	0.137388 0.009652	0.057660 0.003805	0.025374 0.009463	0.013888 0.004986	0.000000 0.000000	0.000000 0.000000	0.000000 0.000000	0.000000 0.000000	
2 100 2 1.700000	0.020121 0.002601	0.999594 0.000106	0.343048 0.006553	0.134432 0.005634	0.057129 0.005100	0.025304 0.002421	0.012390 0.004909	0.000000 0.000000	0.000000 0.000000	0.000000 0.000000	0.000000 0.000000	
2 100 2 1.710000	0.019560 0.004735	0.999615 0.000177	0.341234 0.004939	0.131868 0.005250	0.057051 0.004408	0.025304 0.005993	0.011848 0.003120	0.000000 0.000000	0.000000 0.000000	0.000000 0.000000	0.000000 0.000000	
2 100 2 1.720000	0.019897 0.002013	0.999604 0.000078	0.336687 0.005122	0.128895 0.005689	0.053351 0.005137	0.023033 0.004289	0.000000 0.000000	0.000000 0.000000	0.000000 0.000000	0.000000 0.000000	0.000000 0.000000	
2 100 2 1.730000	0.020358 0.005180	0.999581 0.000214	0.334273 0.003682	0.126505 0.006164	0.050477 0.006647	0.019276 0.009264	0.001955 0.009775	0.000000 0.000000	0.000000 0.000000	0.000000 0.000000	0.000000 0.000000	
2 100 2 1.740000	0.020774 0.002581	0.999568 0.000107	0.333007 0.004929	0.122086 0.008046	0.050883 0.004532	0.021914 0.006369	0.000000 0.000000	0.000000 0.000000	0.000000 0.000000	0.000000 0.000000	0.000000 0.000000	
2 100 2 1.750000	0.018972 0.003006	0.999639 0.000117	0.329906 0.001145	0.124144 0.009842	0.047895 0.004707	0.020779 0.007168	0.001978 0.009891	0.000000 0.000000	0.000000 0.000000	0.000000 0.000000	0.000000 0.000000	
2 100 2 1.760000	0.019246 0.005490	0.999626 0.000212	0.326266 0.003903	0.120630 0.008319	0.048409 0.004237	0.019198 0.005535	0.000000 0.000000	0.000000 0.000000	0.000000 0.000000	0.000000 0.000000	0.000000 0.000000	
2 100 2 1.770000	0.018298 0.002268	0.999665 0.000084	0.325729 0.007910	0.118223 0.007858	0.047077 0.007633	0.018099 0.008269	0.001970 0.009851	0.000000 0.000000	0.000000 0.000000	0.000000 0.000000	0.000000 0.000000	
2 100 2 1.780000	0.019480 0.002979	0.999620 0.000118	0.322327 0.005947	0.117504 0.009459	0.044370 0.005941	0.018189 0.009888	0.000000 0.000000	0.000000 0.000000	0.000000 0.000000	0.000000 0.000000	0.000000 0.000000	
2 100 2 1.790000	0.019116 0.009138	0.999622 0.000354	0.319048 0.005628	0.112534 0.008901	0.044614 0.009309	0.019402 0.005007	0.000000 0.000000	0.000000 0.000000	0.000000 0.000000	0.000000 0.000000	0.000000 0.000000	
2 100 2 1.800000	0.018103 0.001719	0.999672 0.000062	0.318466 0.005983	0.113248 0.007811	0.043266 0.007681	0.016568 0.009191	0.000000 0.000000	0.001935 0.009675	0.000000 0.000000	0.000000 0.000000	0.000000 0.000000	
2 100 2 1.810000	0.016788 0.002971	0.999716 0.000098	0.316111 0.006976	0.111553 0.009232	0.045206 0.002306	0.017356 0.007806	0.000000 0.000000	0.000000 0.000000	0.000000 0.000000	0.000000 0.000000	0.000000 0.000000	
2 100 2 1.820000	0.020471 0.006249	0.999575 0.000244	0.312207 0.009864	0.109185 0.005499	0.042545 0.009661	0.017100 0.009841	0.001972 0.009859	0.000000 0.000000	0.000000 0.000000	0.000000 0.000000	0.000000 0.000000	
2 100 2 1.830000	0.018899 0.004276	0.999639 0.000163	0.311349 0.005436	0.109878 0.006383	0.041653 0.002208	0.017075 0.006207	0.001977 0.009886	0.000000 0.000000	0.000000 0.000000	0.000000 0.000000	0.000000 0.000000	
2 100 2 1.840000	0.018939 0.000780	0.999641 0.000030	0.308428 0.007776	0.105753 0.005026	0.041770 0.003924	0.014627 0.006360	0.000000 0.000000	0.000000 0.000000	0.000000 0.000000	0.000000 0.000000	0.000000 0.000000	
2 100 2 1.850000	0.018125 0.002759	0.999671 0.000103	0.307455 0.009990	0.107578 0.004821	0.037781 0.005454	0.013885 0.006381	0.000000 0.000000	0.000000 0.000000	0.000000 0.000000	0.000000 0.000000	0.000000 0.000000	
2 100 2 1.860000	0.019167 0.006094	0.999628 0.000238	0.304286 0.009622	0.104691 0.005734	0.035762 0.004167	0.013774 0.008919	0.000000 0.000000	0.000000 0.000000	0.000000 0.000000	0.000000 0.000000	0.000000 0.000000	
2 100 2 1.870000	0.017589 0.003028	0.999689 0.000109	0.302133 0.009923	0.102882 0.009686	0.038016 0.004256	0.014167 0.005315	0.000000 0.000000	0.000000 0.000000	0.000000 0.000000	0.000000 0.000000	0.000000 0.000000	
2 100 2 1.880000	0.018254 0.003200	0.999665 0.000116	0.298061 0.009552	0.100111 0.008447	0.039429 0.006276	0.015169 0.004680	0.000000 0.000000	0.000000 0.000000	0.000000 0.000000	0.000000 0.000000	0.000000 0.000000	
2 100 2 1.890000	0.017120 0.002574	0.999706 0.000087	0.297535 0.006471	0.096966 0.003526	0.035489 0.009282	0.014443 0.009493	0.000000 0.000000	0.000000 0.000000	0.000000 0.000000	0.000000 0.000000	0.000000 0.000000	
2 100 2 1.900000	0.017978 0.003438	0.999676 0.000123	0.296954 0.003722	0.096691 0.006180	0.035395 0.006642	0.012951 0.004639	0.000000 0.000000	0.000000 0.000000	0.000000 0.000000	0.000000 0.000000	0.000000 0.000000	
2 100 2 1.910000	0.016776 0.001519	0.999718 0.000051	0.295707 0.008951	0.098461 0.005618	0.034224 0.005869	0.014587 0.009959	0.000000 0.000000	0.000000 0.000000	0.000000 0.000000	0.000000 0.000000	0.000000 0.000000	
2 100 2 1.920000	0.016745 0.003576	0.999718 0.000121	0.295696 0.003705	0.096539 0.009369	0.034056 0.005128	0.014964 0.009675	0.000000 0.000000	0.000000 0.000000	0.000000 0.000000	0.000000 0.000000	0.000000 0.000000	
2 100 2 1.930000	0.017490 0.002370	0.999693 0.000083	0.291145 0.002263	0.093096 0.002641	0.032479 0.000779	0.012583 0.005302	0.000000 0.000000	0.000000 0.000000	0.000000 0.000000	0.000000 0.000000	0.000000 0.000000	
2 100 2 1.940000	0.017151 0.002660	0.999705 0.000093	0.288153 0.005231	0.093663 0.006161	0.032116 0.002101	0.011608 0.002361	0.000000 0.000000	0.000000 0.000000	0.000000 0.000000	0.000000 0.000000	0.000000 0.000000	
2 100 2 1.950000	0.018842 0.003371	0.999644 0.000124	0.289392 0.009732	0.092086 0.007473	0.031695 0.005745	0.000000 0.000000	0.000000 0.000000	0.000000 0.000000	0.000000 0.000000	0.000000 0.000000	0.000000 0.000000	
2 100 2 1.960000	0.016896 0.001260	0.999714 0.000042	0.285796 0.001604	0.088994 0.001607	0.031109 0.003257	0.011688 0.003490	0.000000 0.000000	0.000000 0.000000	0.000000 0.000000	0.000000 0.000000	0.000000 0.000000	
2 100 2 1.970000	0.016960 0.000717	0.999712 0.000024	0.283607 0.001968	0.089014 0.000853	0.029869 0.001768	0.010774 0.001473	0.000000 0.000000	0.000000 0.000000	0.000000 0.000000	0.000000 0.000000	0.000000 0.000000	
2 100 2 1.980000	0.017244 0.004851	0.999699 0.000171	0.279119 0.006990	0.087150 0.005488	0.028077 0.007680	0.001978 0.009890	0.000000 0.000000	0.000000 0.000000	0.000000 0.000000	0.000000 0.000000	0.000000 0.000000	
2 100 2 1.990000	0.017448 0.006925	0.999691 0.000242	0.278850 0.009281	0.085567 0.007288	0.026339 0.009809	0.011405 0.001855	0.000000 0.000000	0.000000 0.000000	0.000000 0.000000	0.000000 0.000000	0.000000 0.000000	
2 100 2 2.000000	0.017146 0.005805	0.999701 0.000193	0.280582 0.007039	0.086501 0.007483	0.027301 0.003032	0.000000 0.000000	0.000000 0.000000	0.000000 0.000000	0.000000 0.000000	0.000000 0.000000	0.000000 0.000000	
2 100 2 2.010000	0.016413 0.002159	0.999730 0.000072	0.277030 0.003908	0.084181 0.003875	0.027202 0.006759	0.000000 0.000000	0.000000 0.000000	0.000000 0.000000	0.000000 0.000000	0.000000 0.000000	0.000000 0.000000	
2 100 2 2.020000	0.015458 0.004619	0.999758 0.000137	0.274566 0.005728	0.083474 0.009705	0.026370 0.007759	0.001979 0.009895	0.000000 0.000000	0.000000 0.000000	0.000000 0.000000	0.000000 0.000000	0.000000 0.000000	
2 100 2 2.030000	0.016782 0.002043	0.999718 0.000069	0.273309 0.005137	0.082332 0.005526	0.026341 0.006163	0.002000 0.009999	0.000000 0.000000	0.000000 0.000000	0.000000 0.000000	0.000000 0.000000	0.000000 0.000000	
2 100 2 2.040000	0.016779 0.003245	0.999717 0.000109	0.271750 0.007306	0.082911 0.008401	0.021703 0.007754	0.000000 0.000000	0.000000 0.000000	0.000000 0.000000	0.000000 0.000000	0.000000 0.000000	0.000000 0.000000	
2 100 2 2.050000	0.015985 0.002624	0.999744 0.000084	0.269048 0.005084	0.081542 0.005216	0.026065 0.005223	0.000000 0.000000	0.000000 0.000000	0.000000 0.000000	0.000000 0.000000	0.000000 0.000000	0.000000 0.000000	
2 100 2 2.060000	0.016904 0.004375	0.999712 0.000154	0.270098 0.008989	0.079161 0.006297	0.023628 0.009222	0.001990 0.009949	0.000000 0.000000	0.000000 0.000000	0.000000 0.000000	0.000000 0.000000	0.000000 0.000000	
2 100 2 2.070000	0.017601 0.003600	0.999689 0.000126	0.266990 0.001668	0.080379 0.008934	0.024213 0.006348	0.001997 0.009983	0.000000 0.000000	0.000000 0.000000	0.000000 0.000000	0.000000 0.000000	0.000000 0.000000	
2 100 2 2.080000	0.015774 0.004104	0.999749 0.000128	0.266563 0.005618	0.077519 0.003921	0.023370 0.004838	0.001925 0.009627	0.000000 0.000000	0.000000 0.000000	0.000000 0.000000	0.000000 0.000000	0.000000 0.000000	
2 100 2 2.090000	0.015510 0.002600	0.999759 0.000082	0.264144 0.004507	0.075201 0.007208	0.022044 0.007293	0.001993 0.009963	0.000000 0.000000	0.000000 0.000000	0.000000 0.000000	0.000000 0.000000	0.000000 0.000000	
2 100 2 2.100000	0.015815 0.003493	0.999748 0.000108	0.259234 0.002410	0.076444 0.009970	0.024954 0.002944	0.000000 0.000000	0.000000 0.000000	0.000000 0.000000	0.000000 0.000000	0.000000 0.000000	0.000000 0.000000	
2 100 2 2.110000	0.015959 0.001873	0.999745 0.000060	0.263163 0.005320	0.075732 0.005213	0.023365 0.006142	0.001952 0.009761	0.000000 0.000000	0.000000 0.000000	0.000000 0.000000	0.000000 0.000000	0.000000 0.000000	
2 100 2 2.120000	0.016244 0.002690	0.999735 0.000089	0.259343 0.005084	0.073429 0.003536	0.022763 0.005109	0.000000 0.000000	0.000000 0.000000	0.000000 0.000000	0.000000 0.000000	0.000000 0.000000	0.000000 0.000000	
2 100 2 2.130000	0.015044 0.003953	0.999772 0.000114	0.258069 0.005192	0.074028 0.003927	0.021525 0.004198	0.000000 0.000000	0.000000 0.000000	0.000000 0.000000	0.000000 0.000000	0.000000 0.000000	0.000000 0.000000	
2 100 2 2.140000	0.016464 0.002332	0.999728 0.000077	0.254670 0.007037	0.070894 0.009802	0.021362 0.008243	0.000000 0.000000	0.000000 0.000000	0.000000 0.000000	0.000000 0.000000	0.000000 0.000000	0.000000 0.000000	
2 100 2 2.150000	0.016693 0.005858	0.999717 0.000190	0.254192 0.009038	0.070429 0.005563	0.019635 0.009753	0.000000 0.000000	0.000000 0.000000	0.000000 0.000000	0.000000 0.000000	0.000000 0.000000	0.000000 0.000000	
2 100 2 2.160000	0.015589 0.003282	0.999755 0.000098	0.250967 0.005452	0.069607 0.009535	0.019068 0.004007	0.000000 0.000000	0.000000 0.000000	0.000000 0.000000	0.000000 0.000000	0.000000 0.000000	0.000000 0.000000	
2 100 2 2.170000	0.014079 0.002307	0.999801 0.000064	0.250029 0.008582	0.070385 0.005410	0.019026 0.009876	0.001878 0.009392	0.000000 0.000000	0.000000 0.000000	0.000000 0.000000	0.000000 0.000000	0.000000 0.000000	
2 100 2 2.180000	0.014793 0.003207	0.999780 0.000096	0.250930 0.005686	0.064758 0.009332	0.018234 0.004833	0.000000 0.000000	0.000000 0.000000	0.000000 0.000000	0.000000 0.000000	0.000000 0.000000	0.000000 0.000000	
2 100 2 2.190000	0.015045 0.002750	0.999772 0.000084	0.250600 0.008509	0.066489 0.005809	0.021369 0.007553	0.001970 0.009850	0.000000 0.000000	0.000000 0.000000	0.000000 0.000000	0.000000 0.000000	0.000000 0.000000	
2 100 2 2.200000	0.013716 0.003010	0.999810 0.000083	0.246646 0.008860	0.068307 0.008512	0.018655 0.002915	0.000000 0.000000	0.000000 0.000000	0.000000 0.000000	0.000000 0.000000	0.000000 0.000000	0.000000 0.000000	
2 100 2 2.210000	0.014658 0.002957	0.999784 0.000087	0.247355 0.006611	0.063659 0.008472	0.016361 0.008751	0.000000 0.000000	0.000000 0.000000	0.000000 0.000000	0.000000 0.000000	0.000000 0.000000	0.000000 0.000000	
2 100 2 2.220000	0.014965 0.003195	0.999774 0.000096	0.244619 0.007005	0.066559 0.009775	0.017316 0.007834	0.001976 0.009878	0.000000 0.000000	0.000000 0.000000	0.000000 0.000000	0.000000 0.000000	0.000000 0.000000	
2 100 2 2.230000	0.015397 0.003531	0.999761 0.000112	0.243151 0.004498	0.065259 0.006701	0.018735 0.009284	0.000000 0.000000	0.000000 0.000000	0.000000 0.000000	0.000000 0.000000	0.000000 0.000000	0.000000 0.000000	
2 100 2 2.240000	0.015998 0.007327	0.999738 0.000236	0.244529 0.007863	0.061203 0.007707	0.020718 0.007858	0.000000 0.000000	0.000000 0.000000	0.000000 0.000000	0.000000 0.000000	0.000000 0.000000	0.000000 0.000000	
2 100 2 2.250000	0.015498 0.006903	0.999755 0.000209	0.242787 0.009590	0.061045 0.008528	0.019590 0.009784	0.000000 0.000000	0.000000 0.000000	0.000000 0.000000	0.000000 0.000000	0.000000 0.000000	0.000000 0.000000	
2 100 2 2.260000	0.013562 0.003452	0.999815 0.000092	0.240325 0.003347	0.063836 0.009347	0.017379 0.009741	0.000000 0.000000	0.000000 0.000000	0.000000 0.000000	0.000000 0.000000	0.000000 0.000000	0.000000 0.000000	
2 100 2 2.270000	0.015402 0.003768	0.999761 0.000119	0.240440 0.007477	0.062851 0.009497	0.017568 0.005484	0.000000 0.000000	0.000000 0.000000	0.000000 0.000000	0.000000 0.000000	0.000000 0.000000	0.000000 0.000000	
2 100 2 2.280000	0.014221 0.002456	0.999797 0.000069	0.236834 0.005496	0.062560 0.002878	0.015522 0.006240	0.001999 0.009997	0.000000 0.000000	0.000000 0.000000	0.000000 0.000000	0.000000 0.000000	0.000000 0.000000	
2 100 2 2.290000	0.014905 0.004679	0.999774 0.000139	0.237196 0.004502	0.062438 0.009997	0.017219 0.006999	0.000000 0.000000	0.000000 0.000000	0.000000 0.000000	0.000000 0.000000	0.000000 0.000000	0.000000 0.000000	
2 100 2 2.300000	0.013906 0.003431	0.999805 0.000095	0.233034 0.006772	0.059673 0.005409	0.017286 0.007970	0.000000 0.000000	0.000000 0.000000	0.000000 0.000000	0.000000 0.000000	0.000000 0.000000	0.000000 0.000000	
2 100 2 2.310000	0.014201 0.004968	0.999795 0.000141	0.238064 0.008644	0.060741 0.007879	0.013108 0.006927	0.000000 0.000000	0.000000 0.000000	0.000000 0.000000	0.000000 0.000000	0.000000 0.000000	0.000000 0.000000	
2 100 2 2.320000	0.014594 0.002021	0.999787 0.000059	0.234267 0.009967	0.057413 0.009420	0.013443 0.002968	0.000000 0.000000	0.000000 0.000000	0.000000 0.000000	0.000000 0.000000	0.000000 0.000000	0.000000 0.000000	
2 100 2 2.330000	0.013365 0.002100	0.999821 0.000055	0.231459 0.006429	0.056897 0.004299	0.016158 0.009904	0.000000 0.000000	0.000000 0.000000	0.000000 0.000000	0.000000 0.000000	0.000000 0.000000	0.000000 0.000000	
2 100 2 2.340000	0.015183 0.002522	0.999769 0.000077	0.228163 0.006509	0.060101 0.008791	0.014394 0.007974	0.000000 0.000000	0.000000 0.000000	0.000000 0.000000	0.000000 0.000000	0.000000 0.000000	0.000000 0.000000	
2 100 2 2.350000	0.014736 0.003120	0.999781 0.000093	0.230685 0.008749	0.057821 0.007915	0.015849 0.009573	0.000000 0.000000	0.000000 0.000000	0.000000 0.000000	0.000000 0.000000	0.000000 0.000000	0.000000 0.000000	
2 100 2 2.360000	0.013559 0.003782	0.999814 0.000108	0.226865 0.003853	0.056083 0.008728	0.014593 0.009472	0.000000 0.000000	0.000000 0.000000	0.000000 0.000000	0.000000 0.000000	0.000000 0.000000	0.000000 0.000000	
2 100 2 2.370000	0.013037 0.003533	0.999828 0.000096	0.227803 0.009647	0.057649 0.009814	0.011625 0.002160	0.000000 0.000000	0.000000 0.000000	0.000000 0.000000	0.000000 0.000000	0.000000 0.000000	0.000000 0.000000	
2 100 2 2.380000	0.013422 0.003682	0.999818 0.000101	0.229877 0.008627	0.056045 0.003104	0.013214 0.005574	0.000000 0.000000	0.000000 0.000000	0.000000 0.000000	0.000000 0.000000	0.000000 0.000000	0.000000 0.000000	
2 100 2 2.390000	0.013437 0.000733	0.999819 0.000020	0.225491 0.009881	0.055922 0.008635	0.014520 0.009187	0.000000 0.000000	0.000000 0.000000	0.000000 0.000000	0.000000 0.000000	0.000000 0.000000	0.000000 0.000000	
2 100 2 2.400000	0.013569 0.004191	0.999814 0.000114	0.224304 0.006413	0.051851 0.004817	0.014785 0.008728	0.000000 0.000000	0.000000 0.000000	0.000000 0.000000	0.000000 0.000000	0.000000 0.000000	0.000000 0.000000	
2 100 2 2.410000	0.013490 0.004471	0.999815 0.000119	0.222013 0.007270	0.053966 0.005913	0.012512 0.003458	0.000000 0.000000	0.000000 0.000000	0.000000 0.000000	0.000000 0.000000	0.000000 0.000000	0.000000 0.000000	
2 100 2 2.420000	0.013839 0.004645	0.999806 0.000128	0.221034 0.007615	0.052172 0.005011	0.011203 0.001877	0.000000 0.000000	0.000000 0.000000	0.000000 0.000000	0.000000 0.000000	0.000000 0.000000	0.000000 0.000000	
2 100 2 2.430000	0.014086 0.003687	0.999800 0.000100	0.218889 0.009608	0.051081 0.009877	0.012452 0.003683	0.000000 0.000000	0.000000 0.000000	0.000000 0.000000	0.000000 0.000000	0.000000 0.000000	0.000000 0.000000	
2 100 2 2.440000	0.014025 0.003604	0.999801 0.000099	0.219071 0.004165	0.051448 0.005755	0.012263 0.004319	0.000000 0.000000	0.000000 0.000000	0.000000 0.000000	0.000000 0.000000	0.000000 0.000000	0.000000 0.000000	
2 100 2 2.450000	0.013849 0.002189	0.999808 0.000060	0.219706 0.009744	0.049393 0.007176	0.013092 0.006082	0.000000 0.000000	0.000000 0.000000	0.000000 0.000000	0.000000 0.000000	0.000000 0.000000	0.000000 0.000000	
2 100 2 2.460000	0.014432 0.002886	0.999791 0.000084	0.220021 0.009872	0.049141 0.006470	0.014541 0.005096	0.000000 0.000000	0.000000 0.000000	0.000000 0.000000	0.000000 0.000000	0.000000 0.000000	0.000000 0.000000	
2 100 2 2.470000	0.013863 0.001574	0.999808 0.000044	0.215378 0.006569	0.051359 0.007675	0.012967 0.004713	0.000000 0.000000	0.000000 0.000000	0.000000 0.000000	0.000000 0.000000	0.000000 0.000000	0.000000 0.000000	
2 100 2 2.480000	0.013295 0.003800	0.999821 0.000098	0.215974 0.007176	0.049722 0.007839	0.013006 0.006200	0.000000 0.000000	0.000000 0.000000	0.000000 0.000000	0.000000 0.000000	0.000000 0.000000	0.000000 0.000000	
2 100 2 2.490000	0.012847 0.001046	0.999835 0.000027	0.214598 0.006363	0.051039 0.004342	0.013272 0.004538	0.000000 0.000000	0.000000 0.000000	0.000000 0.000000	0.000000 0.000000	0.000000 0.000000	0.000000 0.000000	
2 100 2 2.500000	0.013538 0.002000	0.999816 0.000053	0.217919 0.008192	0.051278 0.008020	0.013978 0.005527	0.000000 0.000000	0.000000 0.000000	0.000000 0.000000	0.000000 0.000000	0.000000 0.000000	0.000000 0.000000	
