2 24 100 0.400000	0.053865 0.006105	0.997094 0.000650	0.131784 0.006135	0.020982 0.009993	0.000000 0.000000	0.000000 0.000000	0.000000 0.000000	0.000000 0.000000	0.000000 0.000000	0.000000 0.000000	0.000000 0.000000	
2 24 100 0.410000	0.050882 0.009670	0.997398 0.001019	0.116611 0.009898	0.015371 0.009021	0.000000 0.000000	0.000000 0.000000	0.000000 0.000000	0.000000 0.000000	0.000000 0.000000	0.000000 0.000000	0.000000 0.000000	
2 24 100 0.420000	0.048526 0.003997	0.997643 0.000385	0.106407 0.009937	0.012072 0.002789	0.000000 0.000000	0.000000 0.000000	0.000000 0.000000	0.000000 0.000000	0.000000 0.000000	0.000000 0.000000	0.000000 0.000000	
2 24 100 0.430000	0.044918 0.002402	0.997982 0.000216	0.096705 0.009841	0.000000 0.000000	0.000000 0.000000	0.000000 0.000000	0.000000 0.000000	0.000000 0.000000	0.000000 0.000000	0.000000 0.000000	0.000000 0.000000	
2 24 100 0.440000	0.047205 0.004996	0.997769 0.000462	0.088890 0.009957	0.000000 0.000000	0.000000 0.000000	0.000000 0.000000	0.000000 0.000000	0.000000 0.000000	0.000000 0.000000	0.000000 0.000000	0.000000 0.000000	
2 24 100 0.450000	0.045654 0.004749	0.997913 0.000435	0.082213 0.009848	0.000000 0.000000	0.000000 0.000000	0.000000 0.000000	0.000000 0.000000	0.000000 0.000000	0.000000 0.000000	0.000000 0.000000	0.000000 0.000000	
2 24 100 0.460000	0.043531 0.004477	0.998102 0.000384	0.076508 0.009847	0.000000 0.000000	0.000000 0.000000	0.000000 0.000000	0.000000 0.000000	0.000000 0.000000	0.000000 0.000000	0.000000 0.000000	0.000000 0.000000	
2 24 100 0.470000	0.044980 0.007191	0.997970 0.000638	0.072404 0.009150	0.000000 0.000000	0.000000 0.000000	0.000000 0.000000	0.000000 0.000000	0.000000 0.000000	0.000000 0.000000	0.000000 0.000000	0.000000 0.000000	
2 24 100 0.480000	0.044177 0.005445	0.998045 0.000489	0.069079 0.009953	0.000000 0.000000	0.000000 0.000000	0.000000 0.000000	0.000000 0.000000	0.000000 0.000000	0.000000 0.000000	0.000000 0.000000	0.000000 0.000000	
2 24 100 0.490000	0.040886 0.006068	0.998324 0.000498	0.060420 0.009329	0.000000 0.000000	0.000000 0.000000	0.000000 0.000000	0.000000 0.000000	0.000000 0.000000	0.000000 0.000000	0.000000 0.000000	0.000000 0.000000	
2 24 100 0.500000	0.039893 0.009351	0.998399 0.000727	0.061422 0.008437	0.000000 0.000000	0.000000 0.000000	0.000000 0.000000	0.000000 0.000000	0.000000 0.000000	0.000000 0.000000	0.000000 0.000000	0.000000 0.000000	
2 24 100 0.510000	0.039282 0.008941	0.998444 0.000710	0.059424 0.009021	0.000000 0.000000	0.000000 0.000000	0.000000 0.000000	0.000000 0.000000	0.000000 0.000000	0.000000 0.000000	0.000000 0.000000	0.000000 0.000000	
2 24 100 0.520000	0.040455 0.007172	0.998355 0.000595	0.054081 0.009322	0.000000 0.000000	0.000000 0.000000	0.000000 0.000000	0.000000 0.000000	0.000000 0.000000	0.000000 0.000000	0.000000 0.000000	0.000000 0.000000	
2 24 100 0.530000	0.040753 0.001134	0.998339 0.000093	0.051236 0.009635	0.000000 0.000000	0.000000 0.000000	0.000000 0.000000	0.000000 0.000000	0.000000 0.000000	0.000000 0.000000	0.000000 0.000000	0.000000 0.000000	
2 24 100 0.540000	0.041659 0.006905	0.998255 0.000581	0.051345 0.009787	0.000000 0.000000	0.000000 0.000000	0.000000 0.000000	0.000000 0.000000	0.000000 0.000000	0.000000 0.000000	0.000000 0.000000	0.000000 0.000000	
2 24 100 0.550000	0.040378 0.008745	0.998359 0.000676	0.044694 0.009281	0.000000 0.000000	0.000000 0.000000	0.000000 0.000000	0.000000 0.000000	0.000000 0.000000	0.000000 0.000000	0.000000 0.000000	0.000000 0.000000	
2 24 100 0.560000	0.040867 0.003371	0.998328 0.000275	0.045935 0.009916	0.000000 0.000000	0.000000 0.000000	0.000000 0.000000	0.000000 0.000000	0.000000 0.000000	0.000000 0.000000	0.000000 0.000000	0.000000 0.000000	
2 24 100 0.570000	0.039668 0.005448	0.998422 0.000420	0.045941 0.009799	0.000000 0.000000	0.000000 0.000000	0.000000 0.000000	0.000000 0.000000	0.000000 0.000000	0.000000 0.000000	0.000000 0.000000	0.000000 0.000000	
2 24 100 0.580000	0.040251 0.007880	0.998371 0.000635	0.042282 0.009952	0.000000 0.000000	0.000000 0.000000	0.000000 0.000000	0.000000 0.000000	0.000000 0.000000	0.000000 0.000000	0.000000 0.000000	0.000000 0.000000	
2 24 100 0.590000	0.033207 0.008323	0.998889 0.000571	0.044414 0.009951	0.000000 0.000000	0.000000 0.000000	0.000000 0.000000	0.000000 0.000000	0.000000 0.000000	0.000000 0.000000	0.000000 0.000000	0.000000 0.000000	
2 24 100 0.600000	0.039314 0.009878	0.998440 0.000765	0.036856 0.004920	0.000000 0.000000	0.000000 0.000000	0.000000 0.000000	0.000000 0.000000	0.000000 0.000000	0.000000 0.000000	0.000000 0.000000	0.000000 0.000000	
2 24 100 0.610000	0.041647 0.006693	0.998259 0.000578	0.040278 0.009890	0.000000 0.000000	0.000000 0.000000	0.000000 0.000000	0.000000 0.000000	0.000000 0.000000	0.000000 0.000000	0.000000 0.000000	0.000000 0.000000	
2 24 100 0.620000	0.042235 0.003994	0.998214 0.000345	0.037272 0.009996	0.000000 0.000000	0.000000 0.000000	0.000000 0.000000	0.000000 0.000000	0.000000 0.000000	0.000000 0.000000	0.000000 0.000000	0.000000 0.000000	
2 24 100 0.630000	0.038172 0.005934	0.998537 0.000459	0.037253 0.009866	0.000000 0.000000	0.000000 0.000000	0.000000 0.000000	0.000000 0.000000	0.000000 0.000000	0.000000 0.000000	0.000000 0.000000	0.000000 0.000000	
2 24 100 0.640000	0.040548 0.007416	0.998349 0.000589	0.035578 0.009902	0.000000 0.000000	0.000000 0.000000	0.000000 0.000000	0.000000 0.000000	0.000000 0.000000	0.000000 0.000000	0.000000 0.000000	0.000000 0.000000	
2 24 100 0.650000	0.042487 0.006295	0.998190 0.000541	0.035325 0.009389	0.000000 0.000000	0.000000 0.000000	0.000000 0.000000	0.000000 0.000000	0.000000 0.000000	0.000000 0.000000	0.000000 0.000000	0.000000 0.000000	
2 24 100 0.660000	0.041910 0.007477	0.998236 0.000606	0.033735 0.008202	0.000000 0.000000	0.000000 0.000000	0.000000 0.000000	0.000000 0.000000	0.000000 0.000000	0.000000 0.000000	0.000000 0.000000	0.000000 0.000000	
2 24 100 0.670000	0.039645 0.009914	0.998418 0.000792	0.033431 0.009911	0.000000 0.000000	0.000000 0.000000	0.000000 0.000000	0.000000 0.000000	0.000000 0.000000	0.000000 0.000000	0.000000 0.000000	0.000000 0.000000	
2 24 100 0.680000	0.036892 0.007874	0.998630 0.000590	0.029868 0.009712	0.000000 0.000000	0.000000 0.000000	0.000000 0.000000	0.000000 0.000000	0.000000 0.000000	0.000000 0.000000	0.000000 0.000000	0.000000 0.000000	
2 24 100 0.690000	0.041236 0.004255	0.998297 0.000352	0.027146 0.009704	0.000000 0.000000	0.000000 0.000000	0.000000 0.000000	0.000000 0.000000	0.000000 0.000000	0.000000 0.000000	0.000000 0.000000	0.000000 0.000000	
2 24 100 0.700000	0.045803 0.009270	0.997890 0.000818	0.030978 0.009291	0.000000 0.000000	0.000000 0.000000	0.000000 0.000000	0.000000 0.000000	0.000000 0.000000	0.000000 0.000000	0.000000 0.000000	0.000000 0.000000	
2 24 100 0.710000	0.040029 0.009333	0.998384 0.000754	0.030609 0.006333	0.000000 0.000000	0.000000 0.000000	0.000000 0.000000	0.000000 0.000000	0.000000 0.000000	0.000000 0.000000	0.000000 0.000000	0.000000 0.000000	
2 24 100 0.720000	0.038315 0.009571	0.998519 0.000755	0.026421 0.007909	0.000000 0.000000	0.000000 0.000000	0.000000 0.000000	0.000000 0.000000	0.000000 0.000000	0.000000 0.000000	0.000000 0.000000	0.000000 0.000000	
2 24 100 0.730000	0.037232 0.009858	0.998604 0.000742	0.026226 0.008400	0.000000 0.000000	0.000000 0.000000	0.000000 0.000000	0.000000 0.000000	0.000000 0.000000	0.000000 0.000000	0.000000 0.000000	0.000000 0.000000	
2 24 100 0.740000	0.038986 0.008117	0.998469 0.000643	0.028229 0.009326	0.000000 0.000000	0.000000 0.000000	0.000000 0.000000	0.000000 0.000000	0.000000 0.000000	0.000000 0.000000	0.000000 0.000000	0.000000 0.000000	
2 24 100 0.750000	0.037893 0.008785	0.998554 0.000674	0.021534 0.007628	0.000000 0.000000	0.000000 0.000000	0.000000 0.000000	0.000000 0.000000	0.000000 0.000000	0.000000 0.000000	0.000000 0.000000	0.000000 0.000000	
2 24 100 0.760000	0.039977 0.004751	0.998398 0.000392	0.026169 0.009987	0.000000 0.000000	0.000000 0.000000	0.000000 0.000000	0.000000 0.000000	0.000000 0.000000	0.000000 0.000000	0.000000 0.000000	0.000000 0.000000	
2 24 100 0.770000	0.041223 0.006843	0.998295 0.000574	0.023472 0.008737	0.000000 0.000000	0.000000 0.000000	0.000000 0.000000	0.000000 0.000000	0.000000 0.000000	0.000000 0.000000	0.000000 0.000000	0.000000 0.000000	
2 24 100 0.780000	0.039874 0.007829	0.998403 0.000608	0.025089 0.009842	0.000000 0.000000	0.000000 0.000000	0.000000 0.000000	0.000000 0.000000	0.000000 0.000000	0.000000 0.000000	0.000000 0.000000	0.000000 0.000000	
2 24 100 0.790000	0.037868 0.007052	0.998560 0.000524	0.021778 0.009946	0.000000 0.000000	0.000000 0.000000	0.000000 0.000000	0.000000 0.000000	0.000000 0.000000	0.000000 0.000000	0.000000 0.000000	0.000000 0.000000	
2 24 100 0.800000	0.035898 0.008976	0.998703 0.000640	0.025417 0.007752	0.000000 0.000000	0.000000 0.000000	0.000000 0.000000	0.000000 0.000000	0.000000 0.000000	0.000000 0.000000	0.000000 0.000000	0.000000 0.000000	
2 24 100 0.810000	0.038950 0.009808	0.998466 0.000760	0.022551 0.004407	0.000000 0.000000	0.000000 0.000000	0.000000 0.000000	0.000000 0.000000	0.000000 0.000000	0.000000 0.000000	0.000000 0.000000	0.000000 0.000000	
2 24 100 0.820000	0.039933 0.005679	0.998401 0.000450	0.020493 0.008818	0.000000 0.000000	0.000000 0.000000	0.000000 0.000000	0.000000 0.000000	0.000000 0.000000	0.000000 0.000000	0.000000 0.000000	0.000000 0.000000	
2 24 100 0.830000	0.039479 0.009775	0.998423 0.000786	0.019998 0.009536	0.000000 0.000000	0.000000 0.000000	0.000000 0.000000	0.000000 0.000000	0.000000 0.000000	0.000000 0.000000	0.000000 0.000000	0.000000 0.000000	
2 24 100 0.840000	0.039796 0.009604	0.998401 0.000757	0.015118 0.006761	0.000000 0.000000	0.000000 0.000000	0.000000 0.000000	0.000000 0.000000	0.000000 0.000000	0.000000 0.000000	0.000000 0.000000	0.000000 0.000000	
2 24 100 0.850000	0.036709 0.007961	0.998644 0.000601	0.017280 0.007283	0.000000 0.000000	0.000000 0.000000	0.000000 0.000000	0.000000 0.000000	0.000000 0.000000	0.000000 0.000000	0.000000 0.000000	0.000000 0.000000	
2 24 100 0.860000	0.040108 0.009095	0.998378 0.000723	0.019023 0.009760	0.000000 0.000000	0.000000 0.000000	0.000000 0.000000	0.000000 0.000000	0.000000 0.000000	0.000000 0.000000	0.000000 0.000000	0.000000 0.000000	
2 24 100 0.870000	0.039897 0.009941	0.998395 0.000826	0.019171 0.008423	0.000000 0.000000	0.000000 0.000000	0.000000 0.000000	0.000000 0.000000	0.000000 0.000000	0.000000 0.000000	0.000000 0.000000	0.000000 0.000000	
2 24 100 0.880000	0.035828 0.008377	0.998708 0.000620	0.020158 0.009202	0.000000 0.000000	0.000000 0.000000	0.000000 0.000000	0.000000 0.000000	0.000000 0.000000	0.000000 0.000000	0.000000 0.000000	0.000000 0.000000	
2 24 100 0.890000	0.040633 0.009162	0.998337 0.000728	0.019435 0.009252	0.000000 0.000000	0.000000 0.000000	0.000000 0.000000	0.000000 0.000000	0.000000 0.000000	0.000000 0.000000	0.000000 0.000000	0.000000 0.000000	
2 24 100 0.900000	0.034174 0.008246	0.998822 0.000559	0.014069 0.008421	0.000000 0.000000	0.000000 0.000000	0.000000 0.000000	0.000000 0.000000	0.000000 0.000000	0.000000 0.000000	0.000000 0.000000	0.000000 0.000000	
2 24 100 0.910000	0.039294 0.009301	0.998443 0.000719	0.016803 0.007934	0.000000 0.000000	0.000000 0.000000	0.000000 0.000000	0.000000 0.000000	0.000000 0.000000	0.000000 0.000000	0.000000 0.000000	0.000000 0.000000	
2 24 100 0.920000	0.038075 0.004792	0.998547 0.000365	0.015635 0.009234	0.000000 0.000000	0.000000 0.000000	0.000000 0.000000	0.000000 0.000000	0.000000 0.000000	0.000000 0.000000	0.000000 0.000000	0.000000 0.000000	
2 24 100 0.930000	0.040259 0.009050	0.998370 0.000713	0.016889 0.006320	0.000000 0.000000	0.000000 0.000000	0.000000 0.000000	0.000000 0.000000	0.000000 0.000000	0.000000 0.000000	0.000000 0.000000	0.000000 0.000000	
2 24 100 0.940000	0.038454 0.006295	0.998515 0.000478	0.016392 0.008380	0.000000 0.000000	0.000000 0.000000	0.000000 0.000000	0.000000 0.000000	0.000000 0.000000	0.000000 0.000000	0.000000 0.000000	0.000000 0.000000	
2 24 100 0.950000	0.039227 0.009422	0.998450 0.000705	0.019213 0.006350	0.000000 0.000000	0.000000 0.000000	0.000000 0.000000	0.000000 0.000000	0.000000 0.000000	0.000000 0.000000	0.000000 0.000000	0.000000 0.000000	
2 24 100 0.960000	0.035199 0.006355	0.998754 0.000455	0.017227 0.009636	0.000000 0.000000	0.000000 0.000000	0.000000 0.000000	0.000000 0.000000	0.000000 0.000000	0.000000 0.000000	0.000000 0.000000	0.000000 0.000000	
2 24 100 0.970000	0.033623 0.006565	0.998863 0.000437	0.015906 0.007384	0.000000 0.000000	0.000000 0.000000	0.000000 0.000000	0.000000 0.000000	0.000000 0.000000	0.000000 0.000000	0.000000 0.000000	0.000000 0.000000	
2 24 100 0.980000	0.035838 0.008692	0.998707 0.000620	0.018643 0.009661	0.000000 0.000000	0.000000 0.000000	0.000000 0.000000	0.000000 0.000000	0.000000 0.000000	0.000000 0.000000	0.000000 0.000000	0.000000 0.000000	
2 24 100 0.990000	0.036895 0.009291	0.998625 0.000682	0.017446 0.007405	0.000000 0.000000	0.000000 0.000000	0.000000 0.000000	0.000000 0.000000	0.000000 0.000000	0.000000 0.000000	0.000000 0.000000	0.000000 0.000000	
2 24 100 1.000000	0.036485 0.007412	0.998659 0.000534	0.015631 0.009024	0.000000 0.000000	0.000000 0.000000	0.000000 0.000000	0.000000 0.000000	0.000000 0.000000	0.000000 0.000000	0.000000 0.000000	0.000000 0.000000	
2 24 100 1.010000	0.038783 0.006905	0.998489 0.000545	0.014509 0.008704	0.000000 0.000000	0.000000 0.000000	0.000000 0.000000	0.000000 0.000000	0.000000 0.000000	0.000000 0.000000	0.000000 0.000000	0.000000 0.000000	
2 24 100 1.020000	0.036346 0.009901	0.998668 0.000750	0.017774 0.008983	0.000000 0.000000	0.000000 0.000000	0.000000 0.000000	0.000000 0.000000	0.000000 0.000000	0.000000 0.000000	0.000000 0.000000	0.000000 0.000000	
2 24 100 1.030000	0.034615 0.007396	0.998794 0.000502	0.016554 0.008642	0.000000 0.000000	0.000000 0.000000	0.000000 0.000000	0.000000 0.000000	0.000000 0.000000	0.000000 0.000000	0.000000 0.000000	0.000000 0.000000	
2 24 100 1.040000	0.038167 0.009502	0.998529 0.000707	0.015350 0.004741	0.000000 0.000000	0.000000 0.000000	0.000000 0.000000	0.000000 0.000000	0.000000 0.000000	0.000000 0.000000	0.000000 0.000000	0.000000 0.000000	
2 24 100 1.050000	0.038329 0.009658	0.998519 0.000730	0.017004 0.006153	0.000000 0.000000	0.000000 0.000000	0.000000 0.000000	0.000000 0.000000	0.000000 0.000000	0.000000 0.000000	0.000000 0.000000	0.000000 0.000000	
2 24 100 1.060000	0.042862 0.007310	0.998155 0.000635	0.014021 0.007256	0.000000 0.000000	0.000000 0.000000	0.000000 0.000000	0.000000 0.000000	0.000000 0.000000	0.000000 0.000000	0.000000 0.000000	0.000000 0.000000	
2 24 100 1.070000	0.037628 0.009536	0.998570 0.000737	0.014074 0.005657	0.000000 0.000000	0.000000 0.000000	0.000000 0.000000	0.000000 0.000000	0.000000 0.000000	0.000000 0.000000	0.000000 0.000000	0.000000 0.000000	
2 24 100 1.080000	0.041270 0.006484	0.998292 0.000532	0.013759 0.005705	0.000000 0.000000	0.000000 0.000000	0.000000 0.000000	0.000000 0.000000	0.000000 0.000000	0.000000 0.000000	0.000000 0.000000	0.000000 0.000000	
2 24 100 1.090000	0.034903 0.007446	0.998775 0.000534	0.014531 0.007021	0.000000 0.000000	0.000000 0.000000	0.000000 0.000000	0.000000 0.000000	0.000000 0.000000	0.000000 0.000000	0.000000 0.000000	0.000000 0.000000	
2 24 100 1.100000	0.038354 0.009715	0.998517 0.000749	0.014360 0.006989	0.000000 0.000000	0.000000 0.000000	0.000000 0.000000	0.000000 0.000000	0.000000 0.000000	0.000000 0.000000	0.000000 0.000000	0.000000 0.000000	
2 24 100 1.110000	0.039522 0.009576	0.998426 0.000783	0.014187 0.008946	0.000000 0.000000	0.000000 0.000000	0.000000 0.000000	0.000000 0.000000	0.000000 0.000000	0.000000 0.000000	0.000000 0.000000	0.000000 0.000000	
2 24 100 1.120000	0.034058 0.008750	0.998830 0.000578	0.014645 0.005546	0.000000 0.000000	0.000000 0.000000	0.000000 0.000000	0.000000 0.000000	0.000000 0.000000	0.000000 0.000000	0.000000 0.000000	0.000000 0.000000	
2 24 100 1.130000	0.037442 0.003008	0.998597 0.000223	0.011930 0.003552	0.000000 0.000000	0.000000 0.000000	0.000000 0.000000	0.000000 0.000000	0.000000 0.000000	0.000000 0.000000	0.000000 0.000000	0.000000 0.000000	
2 24 100 1.140000	0.038010 0.009861	0.998545 0.000746	0.012547 0.001939	0.000000 0.000000	0.000000 0.000000	0.000000 0.000000	0.000000 0.000000	0.000000 0.000000	0.000000 0.000000	0.000000 0.000000	0.000000 0.000000	
2 24 100 1.150000	0.037918 0.005272	0.998558 0.000395	0.012911 0.006476	0.000000 0.000000	0.000000 0.000000	0.000000 0.000000	0.000000 0.000000	0.000000 0.000000	0.000000 0.000000	0.000000 0.000000	0.000000 0.000000	
2 24 100 1.160000	0.037374 0.007935	0.998596 0.000611	0.012673 0.006994	0.000000 0.000000	0.000000 0.000000	0.000000 0.000000	0.000000 0.000000	0.000000 0.000000	0.000000 0.000000	0.000000 0.000000	0.000000 0.000000	
2 24 100 1.170000	0.036795 0.008973	0.998637 0.000653	0.011897 0.002753	0.000000 0.000000	0.000000 0.000000	0.000000 0.000000	0.000000 0.000000	0.000000 0.000000	0.000000 0.000000	0.000000 0.000000	0.000000 0.000000	
2 24 100 1.180000	0.038163 0.009952	0.998530 0.000765	0.012567 0.004579	0.000000 0.000000	0.000000 0.000000	0.000000 0.000000	0.000000 0.000000	0.000000 0.000000	0.000000 0.000000	0.000000 0.000000	0.000000 0.000000	
2 24 100 1.190000	0.038088 0.005285	0.998545 0.000389	0.011397 0.002655	0.000000 0.000000	0.000000 0.000000	0.000000 0.000000	0.000000 0.000000	0.000000 0.000000	0.000000 0.000000	0.000000 0.000000	0.000000 0.000000	
2 24 100 1.200000	0.038840 0.008029	0.998481 0.000636	0.001962 0.009809	0.000000 0.000000	0.000000 0.000000	0.000000 0.000000	0.000000 0.000000	0.000000 0.000000	0.000000 0.000000	0.000000 0.000000	0.000000 0.000000	
2 24 100 1.210000	0.038924 0.005946	0.998481 0.000470	0.000000 0.000000	0.000000 0.000000	0.000000 0.000000	0.000000 0.000000	0.000000 0.000000	0.000000 0.000000	0.000000 0.000000	0.000000 0.000000	0.000000 0.000000	
2 24 100 1.220000	0.038795 0.003975	0.998493 0.000311	0.011528 0.005014	0.000000 0.000000	0.000000 0.000000	0.000000 0.000000	0.000000 0.000000	0.000000 0.000000	0.000000 0.000000	0.000000 0.000000	0.000000 0.000000	
2 24 100 1.230000	0.036515 0.007759	0.998660 0.000558	0.011689 0.003229	0.000000 0.000000	0.000000 0.000000	0.000000 0.000000	0.000000 0.000000	0.000000 0.000000	0.000000 0.000000	0.000000 0.000000	0.000000 0.000000	
2 24 100 1.240000	0.037969 0.002536	0.998558 0.000190	0.010568 0.001168	0.000000 0.000000	0.000000 0.000000	0.000000 0.000000	0.000000 0.000000	0.000000 0.000000	0.000000 0.000000	0.000000 0.000000	0.000000 0.000000	
2 24 100 1.250000	0.035675 0.006712	0.998720 0.000472	0.010857 0.003207	0.000000 0.000000	0.000000 0.000000	0.000000 0.000000	0.000000 0.000000	0.000000 0.000000	0.000000 0.000000	0.000000 0.000000	0.000000 0.000000	
2 24 100 1.260000	0.035449 0.007628	0.998735 0.000547	0.013802 0.004789	0.000000 0.000000	0.000000 0.000000	0.000000 0.000000	0.000000 0.000000	0.000000 0.000000	0.000000 0.000000	0.000000 0.000000	0.000000 0.000000	
2 24 100 1.270000	0.039375 0.004531	0.998446 0.000360	0.000000 0.000000	0.000000 0.000000	0.000000 0.000000	0.000000 0.000000	0.000000 0.000000	0.000000 0.000000	0.000000 0.000000	0.000000 0.000000	0.000000 0.000000	
2 24 100 1.280000	0.038377 0.007842	0.998519 0.000607	0.012226 0.002398	0.000000 0.000000	0.000000 0.000000	0.000000 0.000000	0.000000 0.000000	0.000000 0.000000	0.000000 0.000000	0.000000 0.000000	0.000000 0.000000	
2 24 100 1.290000	0.038055 0.005802	0.998547 0.000437	0.001959 0.009795	0.000000 0.000000	0.000000 0.000000	0.000000 0.000000	0.000000 0.000000	0.000000 0.000000	0.000000 0.000000	0.000000 0.000000	0.000000 0.000000	
2 24 100 1.300000	0.038535 0.003956	0.998513 0.000299	0.001999 0.009995	0.000000 0.000000	0.000000 0.000000	0.000000 0.000000	0.000000 0.000000	0.000000 0.000000	0.000000 0.000000	0.000000 0.000000	0.000000 0.000000	
2 24 100 1.310000	0.038833 0.005789	0.998487 0.000448	0.001987 0.009937	0.000000 0.000000	0.000000 0.000000	0.000000 0.000000	0.000000 0.000000	0.000000 0.000000	0.000000 0.000000	0.000000 0.000000	0.000000 0.000000	
2 24 100 1.320000	0.035104 0.006712	0.998762 0.000485	0.000000 0.000000	0.000000 0.000000	0.000000 0.000000	0.000000 0.000000	0.000000 0.000000	0.000000 0.000000	0.000000 0.000000	0.000000 0.000000	0.000000 0.000000	
2 24 100 1.330000	0.038837 0.003554	0.998490 0.000277	0.001998 0.009989	0.000000 0.000000	0.000000 0.000000	0.000000 0.000000	0.000000 0.000000	0.000000 0.000000	0.000000 0.000000	0.000000 0.000000	0.000000 0.000000	
2 24 100 1.340000	0.036814 0.007865	0.998635 0.000587	0.000000 0.000000	0.000000 0.000000	0.000000 0.000000	0.000000 0.000000	0.000000 0.000000	0.000000 0.000000	0.000000 0.000000	0.000000 0.000000	0.000000 0.000000	
2 24 100 1.350000	0.038124 0.007319	0.998539 0.000569	0.001999 0.009995	0.000000 0.000000	0.000000 0.000000	0.000000 0.000000	0.000000 0.000000	0.000000 0.000000	0.000000 0.000000	0.000000 0.000000	0.000000 0.000000	
2 24 100 1.360000	0.038338 0.005494	0.998527 0.000429	0.000000 0.000000	0.000000 0.000000	0.000000 0.000000	0.000000 0.000000	0.000000 0.000000	0.000000 0.000000	0.000000 0.000000	0.000000 0.000000	0.000000 0.000000	
2 24 100 1.370000	0.037896 0.007699	0.998557 0.000597	0.001994 0.009969	0.000000 0.000000	0.000000 0.000000	0.000000 0.000000	0.000000 0.000000	0.000000 0.000000	0.000000 0.000000	0.000000 0.000000	0.000000 0.000000	
2 24 100 1.380000	0.038462 0.008416	0.998511 0.000648	0.000000 0.000000	0.000000 0.000000	0.000000 0.000000	0.000000 0.000000	0.000000 0.000000	0.000000 0.000000	0.000000 0.000000	0.000000 0.000000	0.000000 0.000000	
2 24 100 1.390000	0.038872 0.006984	0.998484 0.000546	0.000000 0.000000	0.000000 0.000000	0.000000 0.000000	0.000000 0.000000	0.000000 0.000000	0.000000 0.000000	0.000000 0.000000	0.000000 0.000000	0.000000 0.000000	
2 24 100 1.400000	0.035762 0.008286	0.998710 0.000599	0.001469 0.007344	0.000000 0.000000	0.000000 0.000000	0.000000 0.000000	0.000000 0.000000	0.000000 0.000000	0.000000 0.000000	0.000000 0.000000	0.000000 0.000000	
2 24 100 1.410000	0.042572 0.009480	0.998174 0.000823	0.000000 0.000000	0.000000 0.000000	0.000000 0.000000	0.000000 0.000000	0.000000 0.000000	0.000000 0.000000	0.000000 0.000000	0.000000 0.000000	0.000000 0.000000	
2 24 100 1.420000	0.037409 0.009830	0.998585 0.000743	0.000000 0.000000	0.000000 0.000000	0.000000 0.000000	0.000000 0.000000	0.000000 0.000000	0.000000 0.000000	0.000000 0.000000	0.000000 0.000000	0.000000 0.000000	
2 24 100 1.430000	0.037129 0.008743	0.998613 0.000632	0.001987 0.009933	0.000000 0.000000	0.000000 0.000000	0.000000 0.000000	0.000000 0.000000	0.000000 0.000000	0.000000 0.000000	0.000000 0.000000	0.000000 0.000000	
2 24 100 1.440000	0.035206 0.009041	0.998750 0.000618	0.000000 0.000000	0.000000 0.000000	0.000000 0.000000	0.000000 0.000000	0.000000 0.000000	0.000000 0.000000	0.000000 0.000000	0.000000 0.000000	0.000000 0.000000	
2 24 100 1.450000	0.037667 0.007586	0.998574 0.000576	0.001955 0.009775	0.000000 0.000000	0.000000 0.000000	0.000000 0.000000	0.000000 0.000000	0.000000 0.000000	0.000000 0.000000	0.000000 0.000000	0.000000 0.000000	
2 24 100 1.460000	0.036984 0.009748	0.998617 0.000717	0.001849 0.009243	0.000000 0.000000	0.000000 0.000000	0.000000 0.000000	0.000000 0.000000	0.000000 0.000000	0.000000 0.000000	0.000000 0.000000	0.000000 0.000000	
2 24 100 1.470000	0.037274 0.009720	0.998597 0.000683	0.000000 0.000000	0.000000 0.000000	0.000000 0.000000	0.000000 0.000000	0.000000 0.000000	0.000000 0.000000	0.000000 0.000000	0.000000 0.000000	0.000000 0.000000	
2 24 100 1.480000	0.038315 0.009114	0.998521 0.000681	0.000000 0.000000	0.000000 0.000000	0.000000 0.000000	0.000000 0.000000	0.000000 0.000000	0.000000 0.000000	0.000000 0.000000	0.000000 0.000000	0.000000 0.000000	
2 24 100 1.490000	0.038396 0.008994	0.998515 0.000720	0.000000 0.000000	0.000000 0.000000	0.000000 0.000000	0.000000 0.000000	0.000000 0.000000	0.000000 0.000000	0.000000 0.000000	0.000000 0.000000	0.000000 0.000000	
2 24 100 1.500000	0.037085 0.008714	0.998615 0.000671	0.001966 0.009828	0.000000 0.000000	0.000000 0.000000	0.000000 0.000000	0.000000 0.000000	0.000000 0.000000	0.000000 0.000000	0.000000 0.000000	0.000000 0.000000	
2 24 100 1.510000	0.036632 0.009270	0.998646 0.000713	0.000000 0.000000	0.000000 0.000000	0.000000 0.000000	0.000000 0.000000	0.000000 0.000000	0.000000 0.000000	0.000000 0.000000	0.000000 0.000000	0.000000 0.000000	
2 24 100 1.520000	0.039042 0.007077	0.998470 0.000557	0.000000 0.000000	0.000000 0.000000	0.000000 0.000000	0.000000 0.000000	0.000000 0.000000	0.000000 0.000000	0.000000 0.000000	0.000000 0.000000	0.000000 0.000000	
2 24 100 1.530000	0.037779 0.005634	0.998568 0.000422	0.000000 0.000000	0.000000 0.000000	0.000000 0.000000	0.000000 0.000000	0.000000 0.000000	0.000000 0.000000	0.000000 0.000000	0.000000 0.000000	0.000000 0.000000	
2 24 100 1.540000	0.035324 0.009757	0.998741 0.000714	0.000000 0.000000	0.000000 0.000000	0.000000 0.000000	0.000000 0.000000	0.000000 0.000000	0.000000 0.000000	0.000000 0.000000	0.000000 0.000000	0.000000 0.000000	
2 24 100 1.550000	0.036018 0.008195	0.998693 0.000575	0.000000 0.000000	0.000000 0.000000	0.000000 0.000000	0.000000 0.000000	0.000000 0.000000	0.000000 0.000000	0.000000 0.000000	0.000000 0.000000	0.000000 0.000000	
2 24 100 1.560000	0.035160 0.003756	0.998761 0.000268	0.000000 0.000000	0.000000 0.000000	0.000000 0.000000	0.000000 0.000000	0.000000 0.000000	0.000000 0.000000	0.000000 0.000000	0.000000 0.000000	0.000000 0.000000	
2 24 100 1.570000	0.036561 0.009975	0.998652 0.000739	0.000000 0.000000	0.000000 0.000000	0.000000 0.000000	0.000000 0.000000	0.000000 0.000000	0.000000 0.000000	0.000000 0.000000	0.000000 0.000000	0.000000 0.000000	
2 24 100 1.580000	0.035144 0.009807	0.998749 0.000692	0.000000 0.000000	0.000000 0.000000	0.000000 0.000000	0.000000 0.000000	0.000000 0.000000	0.000000 0.000000	0.000000 0.000000	0.000000 0.000000	0.000000 0.000000	
2 24 100 1.590000	0.036025 0.009953	0.998692 0.000722	0.000000 0.000000	0.000000 0.000000	0.000000 0.000000	0.000000 0.000000	0.000000 0.000000	0.000000 0.000000	0.000000 0.000000	0.000000 0.000000	0.000000 0.000000	
2 24 100 1.600000	0.039426 0.008610	0.998431 0.000689	0.000000 0.000000	0.000000 0.000000	0.000000 0.000000	0.000000 0.000000	0.000000 0.000000	0.000000 0.000000	0.000000 0.000000	0.000000 0.000000	0.000000 0.000000	
2 24 100 1.610000	0.039738 0.009932	0.998409 0.000789	0.000000 0.000000	0.000000 0.000000	0.000000 0.000000	0.000000 0.000000	0.000000 0.000000	0.000000 0.000000	0.000000 0.000000	0.000000 0.000000	0.000000 0.000000	
2 24 100 1.620000	0.038811 0.007485	0.998486 0.000562	0.000000 0.000000	0.000000 0.000000	0.000000 0.000000	0.000000 0.000000	0.000000 0.000000	0.000000 0.000000	0.000000 0.000000	0.000000 0.000000	0.000000 0.000000	
2 24 100 1.630000	0.034651 0.009635	0.998789 0.000681	0.000000 0.000000	0.000000 0.000000	0.000000 0.000000	0.000000 0.000000	0.000000 0.000000	0.000000 0.000000	0.000000 0.000000	0.000000 0.000000	0.000000 0.000000	
2 24 100 1.640000	0.037233 0.007618	0.998606 0.000557	0.000000 0.000000	0.000000 0.000000	0.000000 0.000000	0.000000 0.000000	0.000000 0.000000	0.000000 0.000000	0.000000 0.000000	0.000000 0.000000	0.000000 0.000000	
2 24 100 1.650000	0.038816 0.008811	0.998483 0.000658	0.000000 0.000000	0.000000 0.000000	0.000000 0.000000	0.000000 0.000000	0.000000 0.000000	0.000000 0.000000	0.000000 0.000000	0.000000 0.000000	0.000000 0.000000	
2 24 100 1.660000	0.038313 0.009628	0.998522 0.000722	0.000000 0.000000	0.000000 0.000000	0.000000 0.000000	0.000000 0.000000	0.000000 0.000000	0.000000 0.000000	0.000000 0.000000	0.000000 0.000000	0.000000 0.000000	
2 24 100 1.670000	0.034753 0.007813	0.998785 0.000538	0.001946 0.009728	0.000000 0.000000	0.000000 0.000000	0.000000 0.000000	0.000000 0.000000	0.000000 0.000000	0.000000 0.000000	0.000000 0.000000	0.000000 0.000000	
2 24 100 1.680000	0.032613 0.007168	0.998927 0.000475	0.001933 0.009664	0.000000 0.000000	0.000000 0.000000	0.000000 0.000000	0.000000 0.000000	0.000000 0.000000	0.000000 0.000000	0.000000 0.000000	0.000000 0.000000	
2 24 100 1.690000	0.040374 0.007855	0.998362 0.000633	0.000000 0.000000	0.000000 0.000000	0.000000 0.000000	0.000000 0.000000	0.000000 0.000000	0.000000 0.000000	0.000000 0.000000	0.000000 0.000000	0.000000 0.000000	
2 24 100 1.700000	0.036231 0.009961	0.998673 0.000725	0.000000 0.000000	0.000000 0.000000	0.000000 0.000000	0.000000 0.000000	0.000000 0.000000	0.000000 0.000000	0.000000 0.000000	0.000000 0.000000	0.000000 0.000000	
2 24 100 1.710000	0.036893 0.008042	0.998630 0.000613	0.000000 0.000000	0.000000 0.000000	0.000000 0.000000	0.000000 0.000000	0.000000 0.000000	0.000000 0.000000	0.000000 0.000000	0.000000 0.000000	0.000000 0.000000	
2 24 100 1.720000	0.035441 0.009377	0.998733 0.000683	0.000000 0.000000	0.000000 0.000000	0.000000 0.000000	0.000000 0.000000	0.000000 0.000000	0.000000 0.000000	0.000000 0.000000	0.000000 0.000000	0.000000 0.000000	
2 24 100 1.730000	0.039189 0.009606	0.998451 0.000773	0.000000 0.000000	0.000000 0.000000	0.000000 0.000000	0.000000 0.000000	0.000000 0.000000	0.000000 0.000000	0.000000 0.000000	0.000000 0.000000	0.000000 0.000000	
2 24 100 1.740000	0.039219 0.006622	0.998454 0.000524	0.001919 0.009596	0.000000 0.000000	0.000000 0.000000	0.000000 0.000000	0.000000 0.000000	0.000000 0.000000	0.000000 0.000000	0.000000 0.000000	0.000000 0.000000	
2 24 100 1.750000	0.032667 0.006901	0.998926 0.000460	0.000000 0.000000	0.000000 0.000000	0.000000 0.000000	0.000000 0.000000	0.000000 0.000000	0.000000 0.000000	0.000000 0.000000	0.000000 0.000000	0.000000 0.000000	
2 24 100 1.760000	0.030148 0.007533	0.999081 0.000438	0.000000 0.000000	0.000000 0.000000	0.000000 0.000000	0.000000 0.000000	0.000000 0.000000	0.000000 0.000000	0.000000 0.000000	0.000000 0.000000	0.000000 0.000000	
2 24 100 1.770000	0.036722 0.006025	0.998645 0.000447	0.000000 0.000000	0.000000 0.000000	0.000000 0.000000	0.000000 0.000000	0.000000 0.000000	0.000000 0.000000	0.000000 0.000000	0.000000 0.000000	0.000000 0.000000	
2 24 100 1.780000	0.037807 0.009009	0.998560 0.000664	0.000000 0.000000	0.000000 0.000000	0.000000 0.000000	0.000000 0.000000	0.000000 0.000000	0.000000 0.000000	0.000000 0.000000	0.000000 0.000000	0.000000 0.000000	
2 24 100 1.790000	0.039770 0.008659	0.998407 0.000710	0.000000 0.000000	0.000000 0.000000	0.000000 0.000000	0.000000 0.000000	0.000000 0.000000	0.000000 0.000000	0.000000 0.000000	0.000000 0.000000	0.000000 0.000000	
2 24 100 1.800000	0.037166 0.009386	0.998609 0.000709	0.000000 0.000000	0.000000 0.000000	0.000000 0.000000	0.000000 0.000000	0.000000 0.000000	0.000000 0.000000	0.000000 0.000000	0.000000 0.000000	0.000000 0.000000	
2 24 100 1.810000	0.033445 0.004641	0.998879 0.000305	0.001837 0.009185	0.000000 0.000000	0.000000 0.000000	0.000000 0.000000	0.000000 0.000000	0.000000 0.000000	0.000000 0.000000	0.000000 0.000000	0.000000 0.000000	
2 24 100 1.820000	0.037391 0.007746	0.998590 0.000570	0.000000 0.000000	0.000000 0.000000	0.000000 0.000000	0.000000 0.000000	0.000000 0.000000	0.000000 0.000000	0.000000 0.000000	0.000000 0.000000	0.000000 0.000000	
2 24 100 1.830000	0.038914 0.009488	0.998474 0.000745	0.000000 0.000000	0.000000 0.000000	0.000000 0.000000	0.000000 0.000000	0.000000 0.000000	0.000000 0.000000	0.000000 0.000000	0.000000 0.000000	0.000000 0.000000	
2 24 100 1.840000	0.034975 0.006692	0.998771 0.000487	0.000000 0.000000	0.000000 0.000000	0.000000 0.000000	0.000000 0.000000	0.000000 0.000000	0.000000 0.000000	0.000000 0.000000	0.000000 0.000000	0.000000 0.000000	
2 24 100 1.850000	0.041497 0.005887	0.998273 0.000487	0.001821 0.009104	0.000000 0.000000	0.000000 0.000000	0.000000 0.000000	0.000000 0.000000	0.000000 0.000000	0.000000 0.000000	0.000000 0.000000	0.000000 0.000000	
2 24 100 1.860000	0.032555 0.008162	0.998931 0.000516	0.000000 0.000000	0.000000 0.000000	0.000000 0.000000	0.000000 0.000000	0.000000 0.000000	0.000000 0.000000	0.000000 0.000000	0.000000 0.000000	0.000000 0.000000	
2 24 100 1.870000	0.039460 0.008039	0.998432 0.000630	0.000000 0.000000	0.000000 0.000000	0.000000 0.000000	0.000000 0.000000	0.000000 0.000000	0.000000 0.000000	0.000000 0.000000	0.000000 0.000000	0.000000 0.000000	
2 24 100 1.880000	0.037974 0.009876	0.998543 0.000769	0.000000 0.000000	0.000000 0.000000	0.000000 0.000000	0.000000 0.000000	0.000000 0.000000	0.000000 0.000000	0.000000 0.000000	0.000000 0.000000	0.000000 0.000000	
2 24 100 1.890000	0.035345 0.008966	0.998740 0.000608	0.000000 0.000000	0.000000 0.000000	0.000000 0.000000	0.000000 0.000000	0.000000 0.000000	0.000000 0.000000	0.000000 0.000000	0.000000 0.000000	0.000000 0.000000	
2 24 100 1.900000	0.036243 0.009611	0.998677 0.000681	0.000000 0.000000	0.000000 0.000000	0.000000 0.000000	0.000000 0.000000	0.000000 0.000000	0.000000 0.000000	0.000000 0.000000	0.000000 0.000000	0.000000 0.000000	
2 24 100 1.910000	0.035668 0.006202	0.998722 0.000459	0.000000 0.000000	0.000000 0.000000	0.000000 0.000000	0.000000 0.000000	0.000000 0.000000	0.000000 0.000000	0.000000 0.000000	0.000000 0.000000	0.000000 0.000000	
2 24 100 1.920000	0.037308 0.009982	0.998595 0.000774	0.000000 0.000000	0.000000 0.000000	0.000000 0.000000	0.000000 0.000000	0.000000 0.000000	0.000000 0.000000	0.000000 0.000000	0.000000 0.000000	0.000000 0.000000	
2 24 100 1.930000	0.037363 0.008016	0.998595 0.000621	0.000000 0.000000	0.000000 0.000000	0.000000 0.000000	0.000000 0.000000	0.000000 0.000000	0.000000 0.000000	0.000000 0.000000	0.000000 0.000000	0.000000 0.000000	
2 24 100 1.940000	0.038244 0.006550	0.998532 0.000488	0.000000 0.000000	0.000000 0.000000	0.000000 0.000000	0.000000 0.000000	0.000000 0.000000	0.000000 0.000000	0.000000 0.000000	0.000000 0.000000	0.000000 0.000000	
2 24 100 1.950000	0.037904 0.009751	0.998551 0.000762	0.000000 0.000000	0.000000 0.000000	0.000000 0.000000	0.000000 0.000000	0.000000 0.000000	0.000000 0.000000	0.000000 0.000000	0.000000 0.000000	0.000000 0.000000	
2 24 100 1.960000	0.040252 0.009936	0.998367 0.000761	0.000000 0.000000	0.000000 0.000000	0.000000 0.000000	0.000000 0.000000	0.000000 0.000000	0.000000 0.000000	0.000000 0.000000	0.000000 0.000000	0.000000 0.000000	
2 24 100 1.970000	0.039261 0.008184	0.998450 0.000646	0.000000 0.000000	0.000000 0.000000	0.000000 0.000000	0.000000 0.000000	0.000000 0.000000	0.000000 0.000000	0.000000 0.000000	0.000000 0.000000	0.000000 0.000000	
2 24 100 1.980000	0.034217 0.007058	0.998823 0.000482	0.001893 0.009466	0.000000 0.000000	0.000000 0.000000	0.000000 0.000000	0.000000 0.000000	0.000000 0.000000	0.000000 0.000000	0.000000 0.000000	0.000000 0.000000	
2 24 100 1.990000	0.040827 0.009218	0.998317 0.000738	0.000000 0.000000	0.000000 0.000000	0.000000 0.000000	0.000000 0.000000	0.000000 0.000000	0.000000 0.000000	0.000000 0.000000	0.000000 0.000000	0.000000 0.000000	
2 24 100 2.000000	0.035771 0.008317	0.998707 0.000580	0.000000 0.000000	0.000000 0.000000	0.000000 0.000000	0.000000 0.000000	0.000000 0.000000	0.000000 0.000000	0.000000 0.000000	0.000000 0.000000	0.000000 0.000000	
2 24 100 2.010000	0.037876 0.008726	0.998554 0.000667	0.000000 0.000000	0.000000 0.000000	0.000000 0.000000	0.000000 0.000000	0.000000 0.000000	0.000000 0.000000	0.000000 0.000000	0.000000 0.000000	0.000000 0.000000	
2 24 100 2.020000	0.029115 0.006449	0.999147 0.000385	0.000000 0.000000	0.000000 0.000000	0.000000 0.000000	0.000000 0.000000	0.000000 0.000000	0.000000 0.000000	0.000000 0.000000	0.000000 0.000000	0.000000 0.000000	
2 24 100 2.030000	0.039327 0.007472	0.998447 0.000576	0.000000 0.000000	0.000000 0.000000	0.000000 0.000000	0.000000 0.000000	0.000000 0.000000	0.000000 0.000000	0.000000 0.000000	0.000000 0.000000	0.000000 0.000000	
2 24 100 2.040000	0.036033 0.007118	0.998695 0.000493	0.000000 0.000000	0.000000 0.000000	0.000000 0.000000	0.000000 0.000000	0.000000 0.000000	0.000000 0.000000	0.000000 0.000000	0.000000 0.000000	0.000000 0.000000	
2 24 100 2.050000	0.037870 0.007882	0.998554 0.000603	0.000000 0.000000	0.000000 0.000000	0.000000 0.000000	0.000000 0.000000	0.000000 0.000000	0.000000 0.000000	0.000000 0.000000	0.000000 0.000000	0.000000 0.000000	
2 24 100 2.060000	0.035699 0.007035	0.998717 0.000500	0.000000 0.000000	0.000000 0.000000	0.000000 0.000000	0.000000 0.000000	0.000000 0.000000	0.000000 0.000000	0.000000 0.000000	0.000000 0.000000	0.000000 0.000000	
2 24 100 2.070000	0.035754 0.009883	0.998709 0.000687	0.000000 0.000000	0.000000 0.000000	0.000000 0.000000	0.000000 0.000000	0.000000 0.000000	0.000000 0.000000	0.000000 0.000000	0.000000 0.000000	0.000000 0.000000	
2 24 100 2.080000	0.035220 0.006707	0.998751 0.000471	0.000000 0.000000	0.000000 0.000000	0.000000 0.000000	0.000000 0.000000	0.000000 0.000000	0.000000 0.000000	0.000000 0.000000	0.000000 0.000000	0.000000 0.000000	
2 24 100 2.090000	0.043496 0.007761	0.998099 0.000681	0.000000 0.000000	0.000000 0.000000	0.000000 0.000000	0.000000 0.000000	0.000000 0.000000	0.000000 0.000000	0.000000 0.000000	0.000000 0.000000	0.000000 0.000000	
2 24 100 2.100000	0.033783 0.007811	0.998850 0.000513	0.000000 0.000000	0.000000 0.000000	0.000000 0.000000	0.000000 0.000000	0.000000 0.000000	0.000000 0.000000	0.000000 0.000000	0.000000 0.000000	0.000000 0.000000	
2 24 100 2.110000	0.037246 0.009044	0.998603 0.000665	0.000000 0.000000	0.000000 0.000000	0.000000 0.000000	0.000000 0.000000	0.000000 0.000000	0.000000 0.000000	0.000000 0.000000	0.000000 0.000000	0.000000 0.000000	
2 24 100 2.120000	0.037246 0.009044	0.998603 0.000665	0.000000 0.000000	0.000000 0.000000	0.000000 0.000000	0.000000 0.000000	0.000000 0.000000	0.000000 0.000000	0.000000 0.000000	0.000000 0.000000	0.000000 0.000000	
2 24 100 2.130000	0.036046 0.009418	0.998689 0.000680	0.000000 0.000000	0.000000 0.000000	0.000000 0.000000	0.000000 0.000000	0.000000 0.000000	0.000000 0.000000	0.000000 0.000000	0.000000 0.000000	0.000000 0.000000	
2 24 100 2.140000	0.033295 0.006470	0.998885 0.000426	0.000000 0.000000	0.000000 0.000000	0.000000 0.000000	0.000000 0.000000	0.000000 0.000000	0.000000 0.000000	0.000000 0.000000	0.000000 0.000000	0.000000 0.000000	
2 24 100 2.150000	0.035524 0.007324	0.998730 0.000529	0.000000 0.000000	0.000000 0.000000	0.000000 0.000000	0.000000 0.000000	0.000000 0.000000	0.000000 0.000000	0.000000 0.000000	0.000000 0.000000	0.000000 0.000000	
2 24 100 2.160000	0.039829 0.009627	0.998401 0.000785	0.000000 0.000000	0.000000 0.000000	0.000000 0.000000	0.000000 0.000000	0.000000 0.000000	0.000000 0.000000	0.000000 0.000000	0.000000 0.000000	0.000000 0.000000	
2 24 100 2.170000	0.033612 0.007338	0.998864 0.000500	0.000000 0.000000	0.000000 0.000000	0.000000 0.000000	0.000000 0.000000	0.000000 0.000000	0.000000 0.000000	0.000000 0.000000	0.000000 0.000000	0.000000 0.000000	
2 24 100 2.180000	0.040722 0.009020	0.998332 0.000740	0.000000 0.000000	0.000000 0.000000	0.000000 0.000000	0.000000 0.000000	0.000000 0.000000	0.000000 0.000000	0.000000 0.000000	0.000000 0.000000	0.000000 0.000000	
2 24 100 2.190000	0.033917 0.008367	0.998842 0.000578	0.001692 0.008461	0.000000 0.000000	0.000000 0.000000	0.000000 0.000000	0.000000 0.000000	0.000000 0.000000	0.000000 0.000000	0.000000 0.000000	0.000000 0.000000	
2 24 100 2.200000	0.035534 0.009959	0.998722 0.000701	0.000000 0.000000	0.000000 0.000000	0.000000 0.000000	0.000000 0.000000	0.000000 0.000000	0.000000 0.000000	0.000000 0.000000	0.000000 0.000000	0.000000 0.000000	
2 24 100 2.210000	0.034051 0.008880	0.998829 0.000610	0.000000 0.000000	0.000000 0.000000	0.000000 0.000000	0.000000 0.000000	0.000000 0.000000	0.000000 0.000000	0.000000 0.000000	0.000000 0.000000	0.000000 0.000000	
2 24 100 2.220000	0.035603 0.008527	0.998723 0.000613	0.000000 0.000000	0.000000 0.000000	0.000000 0.000000	0.000000 0.000000	0.000000 0.000000	0.000000 0.000000	0.000000 0.000000	0.000000 0.000000	0.000000 0.000000	
2 24 100 2.230000	0.035665 0.009959	0.998712 0.000701	0.000000 0.000000	0.000000 0.000000	0.000000 0.000000	0.000000 0.000000	0.000000 0.000000	0.000000 0.000000	0.000000 0.000000	0.000000 0.000000	0.000000 0.000000	
2 24 100 2.240000	0.039801 0.006105	0.998411 0.000495	0.000000 0.000000	0.000000 0.000000	0.001595 0.007973	0.000000 0.000000	0.000000 0.000000	0.000000 0.000000	0.000000 0.000000	0.000000 0.000000	0.000000 0.000000	
2 24 100 2.250000	0.035821 0.009278	0.998706 0.000636	0.000000 0.000000	0.000000 0.000000	0.000000 0.000000	0.000000 0.000000	0.000000 0.000000	0.000000 0.000000	0.000000 0.000000	0.000000 0.000000	0.000000 0.000000	
2 24 100 2.260000	0.038978 0.009683	0.998469 0.000753	0.000000 0.000000	0.000000 0.000000	0.000000 0.000000	0.000000 0.000000	0.000000 0.000000	0.000000 0.000000	0.000000 0.000000	0.000000 0.000000	0.000000 0.000000	
2 24 100 2.270000	0.038489 0.009940	0.998505 0.000785	0.000000 0.000000	0.000000 0.000000	0.000000 0.000000	0.000000 0.000000	0.000000 0.000000	0.000000 0.000000	0.000000 0.000000	0.000000 0.000000	0.000000 0.000000	
2 24 100 2.280000	0.041208 0.009277	0.998290 0.000784	0.000000 0.000000	0.000000 0.000000	0.000000 0.000000	0.000000 0.000000	0.000000 0.000000	0.000000 0.000000	0.000000 0.000000	0.000000 0.000000	0.000000 0.000000	
2 24 100 2.290000	0.030671 0.007317	0.999050 0.000451	0.000000 0.000000	0.000000 0.000000	0.000000 0.000000	0.000000 0.000000	0.000000 0.000000	0.000000 0.000000	0.000000 0.000000	0.000000 0.000000	0.000000 0.000000	
2 24 100 2.300000	0.036261 0.009965	0.998673 0.000749	0.000000 0.000000	0.000000 0.000000	0.000000 0.000000	0.000000 0.000000	0.000000 0.000000	0.000000 0.000000	0.000000 0.000000	0.000000 0.000000	0.000000 0.000000	
2 24 100 2.310000	0.035497 0.005909	0.998735 0.000429	0.001430 0.007148	0.000000 0.000000	0.000000 0.000000	0.000000 0.000000	0.000000 0.000000	0.000000 0.000000	0.000000 0.000000	0.000000 0.000000	0.000000 0.000000	
2 24 100 2.320000	0.032501 0.005011	0.998940 0.000316	0.000000 0.000000	0.000000 0.000000	0.000000 0.000000	0.000000 0.000000	0.000000 0.000000	0.000000 0.000000	0.000000 0.000000	0.000000 0.000000	0.000000 0.000000	
2 24 100 2.330000	0.038041 0.007385	0.998547 0.000561	0.000000 0.000000	0.000000 0.000000	0.000000 0.000000	0.000000 0.000000	0.000000 0.000000	0.000000 0.000000	0.000000 0.000000	0.000000 0.000000	0.000000 0.000000	
2 24 100 2.340000	0.039251 0.008377	0.998451 0.000661	0.000000 0.000000	0.000000 0.000000	0.000000 0.000000	0.000000 0.000000	0.000000 0.000000	0.000000 0.000000	0.000000 0.000000	0.000000 0.000000	0.000000 0.000000	
2 24 100 2.350000	0.036593 0.007438	0.998654 0.000531	0.000000 0.000000	0.000000 0.000000	0.000000 0.000000	0.000000 0.000000	0.000000 0.000000	0.000000 0.000000	0.000000 0.000000	0.000000 0.000000	0.000000 0.000000	
2 24 100 2.360000	0.033962 0.009292	0.998830 0.000632	0.000000 0.000000	0.000000 0.000000	0.000000 0.000000	0.000000 0.000000	0.000000 0.000000	0.000000 0.000000	0.000000 0.000000	0.000000 0.000000	0.000000 0.000000	
2 24 100 2.370000	0.037610 0.009838	0.998572 0.000742	0.000000 0.000000	0.000000 0.000000	0.000000 0.000000	0.000000 0.000000	0.000000 0.000000	0.000000 0.000000	0.000000 0.000000	0.000000 0.000000	0.000000 0.000000	
2 24 100 2.380000	0.042421 0.009779	0.998188 0.000822	0.000000 0.000000	0.000000 0.000000	0.000000 0.000000	0.000000 0.000000	0.000000 0.000000	0.000000 0.000000	0.000000 0.000000	0.000000 0.000000	0.000000 0.000000	
2 24 100 2.390000	0.035699 0.009516	0.998716 0.000681	0.000000 0.000000	0.000000 0.000000	0.000000 0.000000	0.000000 0.000000	0.000000 0.000000	0.000000 0.000000	0.000000 0.000000	0.000000 0.000000	0.000000 0.000000	
2 24 100 2.400000	0.039782 0.009847	0.998402 0.000781	0.001905 0.009523	0.000000 0.000000	0.000000 0.000000	0.000000 0.000000	0.000000 0.000000	0.000000 0.000000	0.000000 0.000000	0.000000 0.000000	0.000000 0.000000	
2 24 100 2.410000	0.039890 0.008974	0.998398 0.000697	0.000000 0.000000	0.000000 0.000000	0.000000 0.000000	0.000000 0.000000	0.000000 0.000000	0.000000 0.000000	0.000000 0.000000	0.000000 0.000000	0.000000 0.000000	
2 24 100 2.420000	0.037973 0.009749	0.998548 0.000740	0.000000 0.000000	0.000000 0.000000	0.000000 0.000000	0.000000 0.000000	0.000000 0.000000	0.000000 0.000000	0.000000 0.000000	0.000000 0.000000	0.000000 0.000000	
2 24 100 2.430000	0.036992 0.009499	0.998614 0.000680	0.000000 0.000000	0.000000 0.000000	0.000000 0.000000	0.000000 0.000000	0.000000 0.000000	0.000000 0.000000	0.000000 0.000000	0.000000 0.000000	0.000000 0.000000	
2 24 100 2.440000	0.038370 0.009770	0.998517 0.000772	0.000000 0.000000	0.000000 0.000000	0.000000 0.000000	0.000000 0.000000	0.000000 0.000000	0.000000 0.000000	0.000000 0.000000	0.000000 0.000000	0.000000 0.000000	
2 24 100 2.450000	0.032791 0.009933	0.998912 0.000659	0.000000 0.000000	0.000000 0.000000	0.000000 0.000000	0.000000 0.000000	0.000000 0.000000	0.000000 0.000000	0.000000 0.000000	0.000000 0.000000	0.000000 0.000000	
2 24 100 2.460000	0.032217 0.008987	0.998953 0.000587	0.000000 0.000000	0.000000 0.000000	0.000000 0.000000	0.000000 0.000000	0.000000 0.000000	0.000000 0.000000	0.000000 0.000000	0.000000 0.000000	0.000000 0.000000	
2 24 100 2.470000	0.028771 0.008215	0.999165 0.000481	0.000000 0.000000	0.000000 0.000000	0.000000 0.000000	0.000000 0.000000	0.000000 0.000000	0.000000 0.000000	0.000000 0.000000	0.000000 0.000000	0.000000 0.000000	
2 24 100 2.480000	0.035225 0.007078	0.998750 0.000498	0.000000 0.000000	0.000000 0.000000	0.000000 0.000000	0.000000 0.000000	0.000000 0.000000	0.000000 0.000000	0.000000 0.000000	0.000000 0.000000	0.000000 0.000000	
2 24 100 2.490000	0.039362 0.008914	0.998441 0.000699	0.000000 0.000000	0.000000 0.000000	0.000000 0.000000	0.000000 0.000000	0.000000 0.000000	0.000000 0.000000	0.000000 0.000000	0.000000 0.000000	0.000000 0.000000	
2 24 100 2.500000	0.039555 0.008343	0.998425 0.000669	0.000000 0.000000	0.000000 0.000000	0.000000 0.000000	0.000000 0.000000	0.000000 0.000000	0.000000 0.000000	0.000000 0.000000	0.000000 0.000000	0.000000 0.000000	
