2 24 5 0.400000	0.999210 0.003950	0.000000 0.000000	0.000000 0.000000	0.000000 0.000000	0.000000 0.000000	0.000000 0.000000	0.000000 0.000000	0.000000 0.000000	0.000000 0.000000	0.000000 0.000000	0.000000 0.000000	
2 24 5 0.410000	0.999085 0.003320	0.000000 0.000000	0.000000 0.000000	0.000000 0.000000	0.000000 0.000000	0.000000 0.000000	0.000000 0.000000	0.000000 0.000000	0.000000 0.000000	0.000000 0.000000	0.000000 0.000000	
2 24 5 0.420000	0.999418 0.001988	0.000000 0.000000	0.000000 0.000000	0.000000 0.000000	0.000000 0.000000	0.000000 0.000000	0.000000 0.000000	0.000000 0.000000	0.000000 0.000000	0.000000 0.000000	0.000000 0.000000	
2 24 5 0.430000	0.999103 0.003139	0.000000 0.000000	0.000000 0.000000	0.000000 0.000000	0.000000 0.000000	0.000000 0.000000	0.000000 0.000000	0.000000 0.000000	0.000000 0.000000	0.000000 0.000000	0.000000 0.000000	
2 24 5 0.440000	0.997708 0.004954	0.000000 0.000000	0.000000 0.000000	0.000000 0.000000	0.000000 0.000000	0.000000 0.000000	0.000000 0.000000	0.000000 0.000000	0.000000 0.000000	0.000000 0.000000	0.000000 0.000000	
2 24 5 0.450000	0.999472 0.002641	0.000000 0.000000	0.000000 0.000000	0.000000 0.000000	0.000000 0.000000	0.000000 0.000000	0.000000 0.000000	0.000000 0.000000	0.000000 0.000000	0.000000 0.000000	0.000000 0.000000	
2 24 5 0.460000	0.999256 0.002611	0.000000 0.000000	0.000000 0.000000	0.000000 0.000000	0.000000 0.000000	0.000000 0.000000	0.000000 0.000000	0.000000 0.000000	0.000000 0.000000	0.000000 0.000000	0.000000 0.000000	
2 24 5 0.470000	0.998628 0.002928	0.000000 0.000000	0.000000 0.000000	0.000000 0.000000	0.000000 0.000000	0.000000 0.000000	0.000000 0.000000	0.000000 0.000000	0.000000 0.000000	0.000000 0.000000	0.000000 0.000000	
2 24 5 0.480000	0.998800 0.004372	0.000000 0.000000	0.000000 0.000000	0.000000 0.000000	0.000000 0.000000	0.000000 0.000000	0.000000 0.000000	0.000000 0.000000	0.000000 0.000000	0.000000 0.000000	0.000000 0.000000	
2 24 5 0.490000	0.998774 0.004483	0.000000 0.000000	0.000000 0.000000	0.000000 0.000000	0.000000 0.000000	0.000000 0.000000	0.000000 0.000000	0.000000 0.000000	0.000000 0.000000	0.000000 0.000000	0.000000 0.000000	
2 24 5 0.500000	0.996484 0.001800	0.000000 0.000000	0.000000 0.000000	0.000000 0.000000	0.000000 0.000000	0.000000 0.000000	0.000000 0.000000	0.000000 0.000000	0.000000 0.000000	0.000000 0.000000	0.000000 0.000000	
2 24 5 0.510000	0.997786 0.003854	0.000000 0.000000	0.000000 0.000000	0.000000 0.000000	0.000000 0.000000	0.000000 0.000000	0.000000 0.000000	0.000000 0.000000	0.000000 0.000000	0.000000 0.000000	0.000000 0.000000	
2 24 5 0.520000	0.998302 0.001776	0.000000 0.000000	0.000000 0.000000	0.000000 0.000000	0.000000 0.000000	0.000000 0.000000	0.000000 0.000000	0.000000 0.000000	0.000000 0.000000	0.000000 0.000000	0.000000 0.000000	
2 24 5 0.530000	0.997402 0.003541	0.000000 0.000000	0.000000 0.000000	0.000000 0.000000	0.000000 0.000000	0.000000 0.000000	0.000000 0.000000	0.000000 0.000000	0.000000 0.000000	0.000000 0.000000	0.000000 0.000000	
2 24 5 0.540000	0.996771 0.004083	0.000000 0.000000	0.000000 0.000000	0.000000 0.000000	0.000000 0.000000	0.000000 0.000000	0.000000 0.000000	0.000000 0.000000	0.000000 0.000000	0.000000 0.000000	0.000000 0.000000	
2 24 5 0.550000	0.997362 0.004309	0.000000 0.000000	0.000000 0.000000	0.000000 0.000000	0.000000 0.000000	0.000000 0.000000	0.000000 0.000000	0.000000 0.000000	0.000000 0.000000	0.000000 0.000000	0.000000 0.000000	
2 24 5 0.560000	0.995718 0.001984	0.000000 0.000000	0.000000 0.000000	0.000000 0.000000	0.000000 0.000000	0.000000 0.000000	0.000000 0.000000	0.000000 0.000000	0.000000 0.000000	0.000000 0.000000	0.000000 0.000000	
2 24 5 0.570000	0.994416 0.000915	0.011137 0.001820	0.000000 0.000000	0.000000 0.000000	0.000000 0.000000	0.000000 0.000000	0.000000 0.000000	0.000000 0.000000	0.000000 0.000000	0.000000 0.000000	0.000000 0.000000	
2 24 5 0.580000	0.994891 0.000221	0.010191 0.000440	0.000000 0.000000	0.000000 0.000000	0.000000 0.000000	0.000000 0.000000	0.000000 0.000000	0.000000 0.000000	0.000000 0.000000	0.000000 0.000000	0.000000 0.000000	
2 24 5 0.590000	0.993509 0.002704	0.012938 0.005373	0.000000 0.000000	0.000000 0.000000	0.000000 0.000000	0.000000 0.000000	0.000000 0.000000	0.000000 0.000000	0.000000 0.000000	0.000000 0.000000	0.000000 0.000000	
2 24 5 0.600000	0.991710 0.004940	0.016508 0.009797	0.000000 0.000000	0.000000 0.000000	0.000000 0.000000	0.000000 0.000000	0.000000 0.000000	0.000000 0.000000	0.000000 0.000000	0.000000 0.000000	0.000000 0.000000	
2 24 5 0.610000	0.991559 0.003640	0.016810 0.007219	0.000000 0.000000	0.000000 0.000000	0.000000 0.000000	0.000000 0.000000	0.000000 0.000000	0.000000 0.000000	0.000000 0.000000	0.000000 0.000000	0.000000 0.000000	
2 24 5 0.620000	0.991405 0.004765	0.017113 0.009446	0.000000 0.000000	0.000000 0.000000	0.000000 0.000000	0.000000 0.000000	0.000000 0.000000	0.000000 0.000000	0.000000 0.000000	0.000000 0.000000	0.000000 0.000000	
2 24 5 0.630000	0.988390 0.004162	0.023083 0.008220	0.000000 0.000000	0.000000 0.000000	0.001991 0.009955	0.000000 0.000000	0.000000 0.000000	0.000000 0.000000	0.000000 0.000000	0.000000 0.000000	0.000000 0.000000	
2 24 5 0.640000	0.988020 0.004958	0.023813 0.009794	0.000000 0.000000	0.000000 0.000000	0.000000 0.000000	0.000000 0.000000	0.000000 0.000000	0.000000 0.000000	0.000000 0.000000	0.000000 0.000000	0.000000 0.000000	
2 24 5 0.650000	0.984197 0.003262	0.031354 0.006418	0.000000 0.000000	0.000000 0.000000	0.000000 0.000000	0.000000 0.000000	0.000000 0.000000	0.000000 0.000000	0.000000 0.000000	0.000000 0.000000	0.000000 0.000000	
2 24 5 0.660000	0.981840 0.003762	0.035988 0.007388	0.001914 0.009569	0.000000 0.000000	0.000000 0.000000	0.000000 0.000000	0.000000 0.000000	0.000000 0.000000	0.000000 0.000000	0.000000 0.000000	0.000000 0.000000	
2 24 5 0.670000	0.981935 0.005014	0.035801 0.009850	0.000000 0.000000	0.000000 0.000000	0.000000 0.000000	0.000000 0.000000	0.000000 0.000000	0.000000 0.000000	0.000000 0.000000	0.000000 0.000000	0.000000 0.000000	
2 24 5 0.680000	0.977317 0.004960	0.044848 0.009695	0.000000 0.000000	0.001946 0.009729	0.000000 0.000000	0.000000 0.000000	0.000000 0.000000	0.000000 0.000000	0.000000 0.000000	0.000000 0.000000	0.000000 0.000000	
2 24 5 0.690000	0.977623 0.001874	0.044253 0.003663	0.001996 0.009982	0.000000 0.000000	0.000000 0.000000	0.000000 0.000000	0.000000 0.000000	0.000000 0.000000	0.000000 0.000000	0.000000 0.000000	0.000000 0.000000	
2 24 5 0.700000	0.974054 0.005126	0.051215 0.009999	0.000000 0.000000	0.000000 0.000000	0.000000 0.000000	0.000000 0.000000	0.000000 0.000000	0.000000 0.000000	0.000000 0.000000	0.000000 0.000000	0.000000 0.000000	
2 24 5 0.710000	0.970208 0.004828	0.058693 0.009375	0.000000 0.000000	0.000000 0.000000	0.000000 0.000000	0.000000 0.000000	0.000000 0.000000	0.000000 0.000000	0.000000 0.000000	0.000000 0.000000	0.000000 0.000000	
2 24 5 0.720000	0.967467 0.003681	0.064005 0.007129	0.000000 0.000000	0.000000 0.000000	0.000000 0.000000	0.000000 0.000000	0.000000 0.000000	0.000000 0.000000	0.000000 0.000000	0.000000 0.000000	0.000000 0.000000	
2 24 5 0.730000	0.962543 0.003673	0.073509 0.007072	0.012201 0.005540	0.000000 0.000000	0.000000 0.000000	0.000000 0.000000	0.000000 0.000000	0.000000 0.000000	0.000000 0.000000	0.000000 0.000000	0.000000 0.000000	
2 24 5 0.740000	0.958839 0.002067	0.080627 0.003965	0.011441 0.003196	0.000000 0.000000	0.000000 0.000000	0.000000 0.000000	0.000000 0.000000	0.000000 0.000000	0.000000 0.000000	0.000000 0.000000	0.000000 0.000000	
2 24 5 0.750000	0.953841 0.005138	0.090183 0.009796	0.012653 0.007440	0.000000 0.000000	0.000000 0.000000	0.000000 0.000000	0.000000 0.000000	0.000000 0.000000	0.000000 0.000000	0.000000 0.000000	0.000000 0.000000	
2 24 5 0.760000	0.948582 0.004368	0.100191 0.008292	0.016272 0.009805	0.000000 0.000000	0.000000 0.000000	0.000000 0.000000	0.000000 0.000000	0.000000 0.000000	0.000000 0.000000	0.000000 0.000000	0.000000 0.000000	
2 24 5 0.770000	0.941431 0.004162	0.113706 0.007833	0.017607 0.009610	0.000000 0.000000	0.000000 0.000000	0.000000 0.000000	0.000000 0.000000	0.000000 0.000000	0.000000 0.000000	0.000000 0.000000	0.000000 0.000000	
2 24 5 0.780000	0.935126 0.004752	0.125537 0.008889	0.021042 0.006986	0.001974 0.009872	0.000000 0.000000	0.000000 0.000000	0.000000 0.000000	0.000000 0.000000	0.000000 0.000000	0.000000 0.000000	0.000000 0.000000	
2 24 5 0.790000	0.927008 0.005368	0.140652 0.009950	0.026632 0.009931	0.000000 0.000000	0.000000 0.000000	0.000000 0.000000	0.000000 0.000000	0.000000 0.000000	0.000000 0.000000	0.000000 0.000000	0.000000 0.000000	
2 24 5 0.800000	0.915346 0.002124	0.162141 0.003887	0.033630 0.004405	0.001999 0.009993	0.000000 0.000000	0.000000 0.000000	0.000000 0.000000	0.000000 0.000000	0.000000 0.000000	0.000000 0.000000	0.000000 0.000000	
2 24 5 0.810000	0.905576 0.004266	0.179929 0.007731	0.039790 0.004315	0.012754 0.006597	0.000000 0.000000	0.000000 0.000000	0.000000 0.000000	0.000000 0.000000	0.000000 0.000000	0.000000 0.000000	0.000000 0.000000	
2 24 5 0.820000	0.886075 0.005469	0.214867 0.009692	0.054219 0.008866	0.018922 0.002561	0.000000 0.000000	0.000000 0.000000	0.000000 0.000000	0.000000 0.000000	0.000000 0.000000	0.000000 0.000000	0.000000 0.000000	
2 24 5 0.830000	0.861833 0.005800	0.257240 0.009984	0.072352 0.005465	0.028266 0.005251	0.012122 0.002937	0.000000 0.000000	0.000000 0.000000	0.000000 0.000000	0.000000 0.000000	0.000000 0.000000	0.000000 0.000000	
2 24 5 0.840000	0.831692 0.006013	0.308284 0.009991	0.096556 0.007609	0.041562 0.006887	0.022890 0.004845	0.011221 0.002407	0.000000 0.000000	0.000000 0.000000	0.000000 0.000000	0.000000 0.000000	0.000000 0.000000	
2 24 5 0.850000	0.760475 0.016423	0.421632 0.024954	0.160419 0.012570	0.084516 0.012264	0.053727 0.010527	0.036513 0.008768	0.025865 0.005735	0.020253 0.007739	0.015360 0.009355	0.009527 0.020344	0.005089 0.015477	
2 24 5 0.860000	0.628490 0.057486	0.604535 0.071808	0.271668 0.042680	0.162210 0.028003	0.109704 0.022388	0.079934 0.018853	0.060898 0.015509	0.047342 0.009927	0.036938 0.012009	0.030691 0.013584	0.025993 0.010802	
2 24 5 0.870000	0.425998 0.013055	0.818505 0.011144	0.390416 0.009431	0.240064 0.007281	0.162905 0.008524	0.116354 0.004070	0.086220 0.003021	0.064019 0.004041	0.048467 0.005427	0.036326 0.003164	0.025019 0.011130	
2 24 5 0.880000	0.287197 0.009299	0.917503 0.005345	0.427686 0.003064	0.247621 0.003206	0.157476 0.002785	0.105525 0.002918	0.070548 0.002706	0.046685 0.002816	0.029501 0.003252	0.017031 0.009977	0.000000 0.000000	
2 24 5 0.890000	0.226028 0.009860	0.948901 0.004447	0.427622 0.005232	0.237169 0.005012	0.143048 0.004012	0.089313 0.002173	0.055408 0.002130	0.032858 0.002093	0.015799 0.003902	0.000000 0.000000	0.000000 0.000000	
2 24 5 0.900000	0.187126 0.008425	0.964974 0.003135	0.420743 0.009947	0.219702 0.007294	0.125967 0.007823	0.074139 0.005251	0.043992 0.006766	0.022010 0.003623	0.000000 0.000000	0.000000 0.000000	0.000000 0.000000	
2 24 5 0.910000	0.164392 0.009980	0.972962 0.003291	0.406614 0.009940	0.207117 0.005853	0.113561 0.005501	0.063212 0.005605	0.033025 0.006195	0.015508 0.009530	0.000000 0.000000	0.000000 0.000000	0.000000 0.000000	
2 24 5 0.920000	0.151607 0.004305	0.977013 0.001305	0.397587 0.003153	0.195038 0.003300	0.103446 0.004540	0.054860 0.002727	0.027612 0.001821	0.000000 0.000000	0.000000 0.000000	0.000000 0.000000	0.000000 0.000000	
2 24 5 0.930000	0.136819 0.007182	0.981270 0.001954	0.384038 0.009894	0.176723 0.006250	0.089857 0.009091	0.044335 0.007525	0.020393 0.004193	0.000000 0.000000	0.000000 0.000000	0.000000 0.000000	0.000000 0.000000	
2 24 5 0.940000	0.129009 0.007620	0.983347 0.001977	0.375100 0.007944	0.170777 0.009957	0.083687 0.007335	0.040288 0.002404	0.016577 0.007244	0.000000 0.000000	0.000000 0.000000	0.000000 0.000000	0.000000 0.000000	
2 24 5 0.950000	0.120312 0.009862	0.985508 0.002370	0.366377 0.008894	0.157149 0.009955	0.073404 0.004308	0.036190 0.005241	0.012048 0.003318	0.000000 0.000000	0.000000 0.000000	0.000000 0.000000	0.000000 0.000000	
2 24 5 0.960000	0.115766 0.003244	0.986597 0.000749	0.357145 0.007355	0.152875 0.005142	0.071261 0.004302	0.029911 0.004317	0.011958 0.004848	0.000000 0.000000	0.000000 0.000000	0.000000 0.000000	0.000000 0.000000	
2 24 5 0.970000	0.111785 0.009608	0.987494 0.002169	0.354248 0.009141	0.148462 0.008408	0.066478 0.003380	0.026987 0.006275	0.000000 0.000000	0.000000 0.000000	0.000000 0.000000	0.000000 0.000000	0.000000 0.000000	
2 24 5 0.980000	0.104724 0.009927	0.989016 0.002076	0.344805 0.007037	0.139813 0.008066	0.060848 0.009248	0.024088 0.003554	0.001968 0.009841	0.000000 0.000000	0.000000 0.000000	0.000000 0.000000	0.000000 0.000000	
2 24 5 0.990000	0.102758 0.008905	0.989428 0.001838	0.333524 0.009962	0.129427 0.008942	0.053993 0.009113	0.019632 0.004910	0.000000 0.000000	0.000000 0.000000	0.000000 0.000000	0.000000 0.000000	0.000000 0.000000	
2 24 5 1.000000	0.098126 0.009032	0.990362 0.001793	0.331007 0.009780	0.126255 0.004651	0.050451 0.001892	0.017087 0.003155	0.000000 0.000000	0.000000 0.000000	0.000000 0.000000	0.000000 0.000000	0.000000 0.000000	
2 24 5 1.010000	0.095919 0.004990	0.990795 0.000956	0.322763 0.008655	0.117665 0.009949	0.047087 0.009234	0.016086 0.004793	0.000000 0.000000	0.000000 0.000000	0.000000 0.000000	0.000000 0.000000	0.000000 0.000000	
2 24 5 1.020000	0.092552 0.008809	0.991426 0.001634	0.315999 0.009356	0.111918 0.009728	0.042432 0.008734	0.015317 0.006610	0.000000 0.000000	0.000000 0.000000	0.000000 0.000000	0.000000 0.000000	0.000000 0.000000	
2 24 5 1.030000	0.091517 0.009688	0.991611 0.001764	0.305913 0.008214	0.107614 0.008115	0.038668 0.006921	0.012876 0.005547	0.000000 0.000000	0.000000 0.000000	0.000000 0.000000	0.000000 0.000000	0.000000 0.000000	
2 24 5 1.040000	0.087931 0.003716	0.992266 0.000653	0.303541 0.005920	0.105088 0.003447	0.037841 0.000987	0.011127 0.001873	0.000000 0.000000	0.000000 0.000000	0.000000 0.000000	0.000000 0.000000	0.000000 0.000000	
2 24 5 1.050000	0.086105 0.003985	0.992584 0.000688	0.297306 0.009870	0.099607 0.005481	0.035110 0.002413	0.010965 0.002754	0.000000 0.000000	0.000000 0.000000	0.000000 0.000000	0.000000 0.000000	0.000000 0.000000	
2 24 5 1.060000	0.083426 0.009878	0.993025 0.001637	0.286925 0.009779	0.095244 0.007815	0.031762 0.004050	0.000000 0.000000	0.000000 0.000000	0.000000 0.000000	0.000000 0.000000	0.000000 0.000000	0.000000 0.000000	
2 24 5 1.070000	0.082650 0.003209	0.993168 0.000533	0.283412 0.009511	0.096490 0.007222	0.031383 0.008504	0.000000 0.000000	0.000000 0.000000	0.000000 0.000000	0.000000 0.000000	0.000000 0.000000	0.000000 0.000000	
2 24 5 1.080000	0.081812 0.009197	0.993296 0.001514	0.283456 0.009451	0.088973 0.007709	0.027204 0.009893	0.000000 0.000000	0.000000 0.000000	0.000000 0.000000	0.000000 0.000000	0.000000 0.000000	0.000000 0.000000	
2 24 5 1.090000	0.079695 0.006095	0.993644 0.000989	0.277800 0.009915	0.081682 0.007207	0.025264 0.007820	0.000000 0.000000	0.000000 0.000000	0.000000 0.000000	0.000000 0.000000	0.000000 0.000000	0.000000 0.000000	
2 24 5 1.100000	0.077746 0.003997	0.993954 0.000618	0.272013 0.009811	0.083301 0.004453	0.027314 0.005749	0.000000 0.000000	0.000000 0.000000	0.000000 0.000000	0.000000 0.000000	0.000000 0.000000	0.000000 0.000000	
2 24 5 1.110000	0.075976 0.006803	0.994222 0.001048	0.265681 0.009708	0.077052 0.007030	0.023686 0.008126	0.000000 0.000000	0.000000 0.000000	0.000000 0.000000	0.000000 0.000000	0.000000 0.000000	0.000000 0.000000	
2 24 5 1.120000	0.073407 0.003453	0.994610 0.000505	0.267445 0.009975	0.078248 0.005488	0.021445 0.006156	0.000000 0.000000	0.000000 0.000000	0.000000 0.000000	0.000000 0.000000	0.000000 0.000000	0.000000 0.000000	
2 24 5 1.130000	0.076358 0.008479	0.994161 0.001301	0.255875 0.009769	0.075170 0.008318	0.017114 0.007963	0.000000 0.000000	0.000000 0.000000	0.000000 0.000000	0.000000 0.000000	0.000000 0.000000	0.000000 0.000000	
2 24 5 1.140000	0.075780 0.008058	0.994250 0.001231	0.259705 0.009769	0.073547 0.006498	0.018207 0.009591	0.000000 0.000000	0.000000 0.000000	0.000000 0.000000	0.000000 0.000000	0.000000 0.000000	0.000000 0.000000	
2 24 5 1.150000	0.074671 0.009193	0.994415 0.001377	0.253332 0.009717	0.068861 0.009464	0.017618 0.006457	0.000000 0.000000	0.000000 0.000000	0.000000 0.000000	0.000000 0.000000	0.000000 0.000000	0.000000 0.000000	
2 24 5 1.160000	0.072568 0.007632	0.994722 0.001113	0.247468 0.009330	0.063826 0.007391	0.018427 0.009564	0.000000 0.000000	0.000000 0.000000	0.000000 0.000000	0.000000 0.000000	0.000000 0.000000	0.000000 0.000000	
2 24 5 1.170000	0.072896 0.006255	0.994682 0.000919	0.244093 0.004833	0.061512 0.009130	0.017235 0.004021	0.000000 0.000000	0.000000 0.000000	0.000000 0.000000	0.000000 0.000000	0.000000 0.000000	0.000000 0.000000	
2 24 5 1.180000	0.070350 0.004340	0.995048 0.000611	0.243972 0.009970	0.066107 0.006100	0.013825 0.003013	0.000000 0.000000	0.000000 0.000000	0.000000 0.000000	0.000000 0.000000	0.000000 0.000000	0.000000 0.000000	
2 24 5 1.190000	0.068460 0.007533	0.995307 0.001048	0.243127 0.008015	0.061248 0.009684	0.012468 0.007369	0.000000 0.000000	0.000000 0.000000	0.000000 0.000000	0.000000 0.000000	0.000000 0.000000	0.000000 0.000000	
2 24 5 1.200000	0.068155 0.005270	0.995352 0.000717	0.237469 0.007592	0.058921 0.004057	0.013359 0.006741	0.000000 0.000000	0.000000 0.000000	0.000000 0.000000	0.000000 0.000000	0.000000 0.000000	0.000000 0.000000	
2 24 5 1.210000	0.067971 0.006079	0.995374 0.000822	0.232074 0.006367	0.057684 0.006795	0.015118 0.007402	0.000000 0.000000	0.000000 0.000000	0.000000 0.000000	0.000000 0.000000	0.000000 0.000000	0.000000 0.000000	
2 24 5 1.220000	0.067087 0.005562	0.995495 0.000753	0.227590 0.009827	0.056266 0.007821	0.011738 0.002379	0.000000 0.000000	0.000000 0.000000	0.000000 0.000000	0.000000 0.000000	0.000000 0.000000	0.000000 0.000000	
2 24 5 1.230000	0.067343 0.002901	0.995464 0.000389	0.225534 0.007722	0.056708 0.005347	0.012907 0.008707	0.000000 0.000000	0.000000 0.000000	0.000000 0.000000	0.000000 0.000000	0.000000 0.000000	0.000000 0.000000	
2 24 5 1.240000	0.065105 0.004160	0.995759 0.000542	0.223455 0.006842	0.052664 0.009588	0.011909 0.005109	0.000000 0.000000	0.000000 0.000000	0.000000 0.000000	0.000000 0.000000	0.000000 0.000000	0.000000 0.000000	
2 24 5 1.250000	0.065414 0.002231	0.995720 0.000292	0.223462 0.005240	0.052095 0.001726	0.010610 0.001848	0.000000 0.000000	0.000000 0.000000	0.000000 0.000000	0.000000 0.000000	0.000000 0.000000	0.000000 0.000000	
2 24 5 1.260000	0.065171 0.003194	0.995752 0.000416	0.220051 0.003212	0.050244 0.002474	0.000000 0.000000	0.000000 0.000000	0.000000 0.000000	0.000000 0.000000	0.000000 0.000000	0.000000 0.000000	0.000000 0.000000	
2 24 5 1.270000	0.065406 0.003471	0.995721 0.000454	0.211435 0.009963	0.046322 0.009983	0.000000 0.000000	0.001904 0.009521	0.000000 0.000000	0.000000 0.000000	0.000000 0.000000	0.000000 0.000000	0.000000 0.000000	
2 24 5 1.280000	0.063429 0.004080	0.995974 0.000520	0.214653 0.006815	0.047315 0.002898	0.000000 0.000000	0.000000 0.000000	0.000000 0.000000	0.000000 0.000000	0.000000 0.000000	0.000000 0.000000	0.000000 0.000000	
2 24 5 1.290000	0.062344 0.009874	0.996100 0.001208	0.214743 0.009601	0.047085 0.009255	0.000000 0.000000	0.000000 0.000000	0.000000 0.000000	0.000000 0.000000	0.000000 0.000000	0.000000 0.000000	0.000000 0.000000	
2 24 5 1.300000	0.062303 0.006823	0.996110 0.000851	0.206820 0.009895	0.044987 0.007895	0.000000 0.000000	0.000000 0.000000	0.000000 0.000000	0.000000 0.000000	0.000000 0.000000	0.000000 0.000000	0.000000 0.000000	
2 24 5 1.310000	0.060588 0.003721	0.996327 0.000450	0.204899 0.009878	0.043804 0.006127	0.000000 0.000000	0.000000 0.000000	0.000000 0.000000	0.000000 0.000000	0.000000 0.000000	0.000000 0.000000	0.000000 0.000000	
2 24 5 1.320000	0.059094 0.008616	0.996498 0.001034	0.206436 0.009670	0.040008 0.009313	0.001950 0.009752	0.000000 0.000000	0.000000 0.000000	0.000000 0.000000	0.000000 0.000000	0.000000 0.000000	0.000000 0.000000	
2 24 5 1.330000	0.061984 0.004373	0.996156 0.000549	0.204037 0.009743	0.039888 0.008641	0.000000 0.000000	0.000000 0.000000	0.000000 0.000000	0.000000 0.000000	0.000000 0.000000	0.000000 0.000000	0.000000 0.000000	
2 24 5 1.340000	0.061114 0.006207	0.996260 0.000749	0.197900 0.007531	0.042801 0.009501	0.000000 0.000000	0.000000 0.000000	0.000000 0.000000	0.000000 0.000000	0.000000 0.000000	0.000000 0.000000	0.000000 0.000000	
2 24 5 1.350000	0.062156 0.008148	0.996128 0.000988	0.195073 0.008542	0.040756 0.008339	0.000000 0.000000	0.000000 0.000000	0.000000 0.000000	0.000000 0.000000	0.000000 0.000000	0.000000 0.000000	0.000000 0.000000	
2 24 5 1.360000	0.060607 0.004417	0.996325 0.000533	0.193240 0.009529	0.036523 0.008254	0.000000 0.000000	0.000000 0.000000	0.000000 0.000000	0.000000 0.000000	0.000000 0.000000	0.000000 0.000000	0.000000 0.000000	
2 24 5 1.370000	0.062534 0.007512	0.996081 0.000948	0.189678 0.009654	0.036652 0.008280	0.001968 0.009842	0.000000 0.000000	0.000000 0.000000	0.000000 0.000000	0.000000 0.000000	0.000000 0.000000	0.000000 0.000000	
2 24 5 1.380000	0.059090 0.005853	0.996504 0.000683	0.193157 0.009874	0.036408 0.009157	0.000000 0.000000	0.000000 0.000000	0.000000 0.000000	0.000000 0.000000	0.000000 0.000000	0.000000 0.000000	0.000000 0.000000	
2 24 5 1.390000	0.061536 0.002898	0.996212 0.000355	0.192589 0.007206	0.037145 0.009413	0.000000 0.000000	0.000000 0.000000	0.000000 0.000000	0.000000 0.000000	0.000000 0.000000	0.000000 0.000000	0.000000 0.000000	
2 24 5 1.400000	0.056611 0.005730	0.996791 0.000658	0.188668 0.006998	0.036276 0.009918	0.000000 0.000000	0.000000 0.000000	0.000000 0.000000	0.000000 0.000000	0.000000 0.000000	0.000000 0.000000	0.000000 0.000000	
2 24 5 1.410000	0.055886 0.009087	0.996861 0.001027	0.183728 0.007853	0.034859 0.006801	0.000000 0.000000	0.000000 0.000000	0.000000 0.000000	0.000000 0.000000	0.000000 0.000000	0.000000 0.000000	0.000000 0.000000	
2 24 5 1.420000	0.060280 0.004534	0.996364 0.000549	0.186513 0.009773	0.030889 0.004977	0.000000 0.000000	0.000000 0.000000	0.000000 0.000000	0.000000 0.000000	0.000000 0.000000	0.000000 0.000000	0.000000 0.000000	
2 24 5 1.430000	0.058195 0.006746	0.996607 0.000782	0.183484 0.008779	0.036359 0.007418	0.000000 0.000000	0.000000 0.000000	0.000000 0.000000	0.000000 0.000000	0.000000 0.000000	0.000000 0.000000	0.000000 0.000000	
2 24 5 1.440000	0.058331 0.009360	0.996586 0.001064	0.186011 0.005219	0.034598 0.009946	0.000000 0.000000	0.000000 0.000000	0.000000 0.000000	0.000000 0.000000	0.000000 0.000000	0.000000 0.000000	0.000000 0.000000	
2 24 5 1.450000	0.056614 0.009901	0.996783 0.001144	0.177614 0.004762	0.032651 0.008132	0.000000 0.000000	0.000000 0.000000	0.000000 0.000000	0.000000 0.000000	0.000000 0.000000	0.000000 0.000000	0.000000 0.000000	
2 24 5 1.460000	0.060091 0.005421	0.996385 0.000654	0.180412 0.009842	0.027961 0.007087	0.000000 0.000000	0.000000 0.000000	0.000000 0.000000	0.000000 0.000000	0.000000 0.000000	0.000000 0.000000	0.000000 0.000000	
2 24 5 1.470000	0.056062 0.005674	0.996853 0.000649	0.176694 0.009804	0.031652 0.008824	0.000000 0.000000	0.000000 0.000000	0.000000 0.000000	0.000000 0.000000	0.000000 0.000000	0.000000 0.000000	0.000000 0.000000	
2 24 5 1.480000	0.054890 0.006107	0.996982 0.000656	0.171405 0.009536	0.030612 0.009932	0.000000 0.000000	0.000000 0.000000	0.000000 0.000000	0.000000 0.000000	0.000000 0.000000	0.000000 0.000000	0.000000 0.000000	
2 24 5 1.490000	0.053220 0.002041	0.997167 0.000218	0.168531 0.006091	0.030682 0.009909	0.000000 0.000000	0.000000 0.000000	0.000000 0.000000	0.000000 0.000000	0.000000 0.000000	0.000000 0.000000	0.000000 0.000000	
2 24 5 1.500000	0.055080 0.003673	0.996965 0.000407	0.169397 0.009879	0.030261 0.007637	0.000000 0.000000	0.000000 0.000000	0.000000 0.000000	0.000000 0.000000	0.000000 0.000000	0.000000 0.000000	0.000000 0.000000	
2 24 5 1.510000	0.056660 0.006047	0.996784 0.000690	0.170236 0.008405	0.028149 0.009356	0.000000 0.000000	0.000000 0.000000	0.000000 0.000000	0.000000 0.000000	0.000000 0.000000	0.000000 0.000000	0.000000 0.000000	
2 24 5 1.520000	0.055462 0.004277	0.996921 0.000472	0.167999 0.009994	0.023922 0.009517	0.000000 0.000000	0.000000 0.000000	0.000000 0.000000	0.000000 0.000000	0.000000 0.000000	0.000000 0.000000	0.000000 0.000000	
2 24 5 1.530000	0.051916 0.004194	0.997302 0.000430	0.162266 0.008879	0.026893 0.006492	0.001998 0.009991	0.000000 0.000000	0.000000 0.000000	0.000000 0.000000	0.000000 0.000000	0.000000 0.000000	0.000000 0.000000	
2 24 5 1.540000	0.054449 0.005383	0.997030 0.000589	0.162572 0.007766	0.027256 0.009615	0.000000 0.000000	0.000000 0.000000	0.000000 0.000000	0.000000 0.000000	0.000000 0.000000	0.000000 0.000000	0.000000 0.000000	
2 24 5 1.550000	0.054118 0.004461	0.997069 0.000482	0.163126 0.009871	0.026060 0.005895	0.000000 0.000000	0.000000 0.000000	0.000000 0.000000	0.000000 0.000000	0.000000 0.000000	0.000000 0.000000	0.000000 0.000000	
2 24 5 1.560000	0.053095 0.004110	0.997178 0.000439	0.161720 0.008692	0.025029 0.009884	0.000000 0.000000	0.000000 0.000000	0.000000 0.000000	0.000000 0.000000	0.000000 0.000000	0.000000 0.000000	0.000000 0.000000	
2 24 5 1.570000	0.055783 0.007563	0.996882 0.000832	0.161657 0.007650	0.024797 0.008009	0.000000 0.000000	0.000000 0.000000	0.000000 0.000000	0.000000 0.000000	0.000000 0.000000	0.000000 0.000000	0.000000 0.000000	
2 24 5 1.580000	0.053112 0.007639	0.997170 0.000818	0.163268 0.009843	0.025087 0.005052	0.000000 0.000000	0.000000 0.000000	0.000000 0.000000	0.000000 0.000000	0.000000 0.000000	0.000000 0.000000	0.000000 0.000000	
2 24 5 1.590000	0.054599 0.008081	0.997011 0.000875	0.155022 0.007458	0.023050 0.009597	0.000000 0.000000	0.000000 0.000000	0.000000 0.000000	0.000000 0.000000	0.000000 0.000000	0.000000 0.000000	0.000000 0.000000	
2 24 5 1.600000	0.054134 0.002811	0.997069 0.000303	0.156231 0.008267	0.023491 0.009991	0.000000 0.000000	0.000000 0.000000	0.000000 0.000000	0.000000 0.000000	0.000000 0.000000	0.000000 0.000000	0.000000 0.000000	
2 24 5 1.610000	0.053174 0.009886	0.997160 0.001087	0.155871 0.003913	0.022339 0.005033	0.000000 0.000000	0.000000 0.000000	0.000000 0.000000	0.000000 0.000000	0.000000 0.000000	0.000000 0.000000	0.000000 0.000000	
2 24 5 1.620000	0.051959 0.009176	0.997289 0.000969	0.151821 0.009541	0.017018 0.005568	0.000000 0.000000	0.000000 0.000000	0.000000 0.000000	0.000000 0.000000	0.000000 0.000000	0.000000 0.000000	0.000000 0.000000	
2 24 5 1.630000	0.053951 0.003671	0.997087 0.000398	0.152769 0.009940	0.022487 0.008067	0.000000 0.000000	0.000000 0.000000	0.000000 0.000000	0.000000 0.000000	0.000000 0.000000	0.000000 0.000000	0.000000 0.000000	
2 24 5 1.640000	0.049302 0.003940	0.997567 0.000393	0.146437 0.008100	0.023146 0.008117	0.001998 0.009990	0.000000 0.000000	0.000000 0.000000	0.000000 0.000000	0.000000 0.000000	0.000000 0.000000	0.000000 0.000000	
2 24 5 1.650000	0.054389 0.007611	0.997033 0.000809	0.149146 0.006275	0.023580 0.009948	0.000000 0.000000	0.000000 0.000000	0.000000 0.000000	0.000000 0.000000	0.000000 0.000000	0.000000 0.000000	0.000000 0.000000	
2 24 5 1.660000	0.053423 0.007173	0.997139 0.000768	0.148988 0.008699	0.020315 0.007847	0.000000 0.000000	0.000000 0.000000	0.000000 0.000000	0.000000 0.000000	0.000000 0.000000	0.000000 0.000000	0.000000 0.000000	
2 24 5 1.670000	0.051566 0.004840	0.997338 0.000499	0.147949 0.009940	0.020140 0.004351	0.000000 0.000000	0.000000 0.000000	0.000000 0.000000	0.000000 0.000000	0.000000 0.000000	0.000000 0.000000	0.000000 0.000000	
2 24 5 1.680000	0.053367 0.009893	0.997140 0.001079	0.142412 0.008675	0.020561 0.009860	0.000000 0.000000	0.000000 0.000000	0.000000 0.000000	0.000000 0.000000	0.000000 0.000000	0.000000 0.000000	0.000000 0.000000	
2 24 5 1.690000	0.051755 0.007769	0.997312 0.000812	0.145158 0.009480	0.020901 0.008481	0.000000 0.000000	0.000000 0.000000	0.000000 0.000000	0.000000 0.000000	0.000000 0.000000	0.000000 0.000000	0.000000 0.000000	
2 24 5 1.700000	0.051363 0.005587	0.997358 0.000573	0.138153 0.009826	0.021560 0.009896	0.000000 0.000000	0.000000 0.000000	0.000000 0.000000	0.000000 0.000000	0.000000 0.000000	0.000000 0.000000	0.000000 0.000000	
2 24 5 1.710000	0.051532 0.006304	0.997340 0.000654	0.146134 0.009615	0.019386 0.007333	0.000000 0.000000	0.000000 0.000000	0.000000 0.000000	0.000000 0.000000	0.000000 0.000000	0.000000 0.000000	0.000000 0.000000	
2 24 5 1.720000	0.051867 0.004597	0.997307 0.000479	0.140217 0.008776	0.018368 0.009868	0.000000 0.000000	0.000000 0.000000	0.000000 0.000000	0.000000 0.000000	0.000000 0.000000	0.000000 0.000000	0.000000 0.000000	
2 24 5 1.730000	0.051325 0.004837	0.997363 0.000504	0.142054 0.009313	0.016719 0.009097	0.000000 0.000000	0.000000 0.000000	0.000000 0.000000	0.000000 0.000000	0.000000 0.000000	0.000000 0.000000	0.000000 0.000000	
2 24 5 1.740000	0.051650 0.006273	0.997328 0.000654	0.135905 0.009825	0.019593 0.003589	0.000000 0.000000	0.000000 0.000000	0.000000 0.000000	0.000000 0.000000	0.000000 0.000000	0.000000 0.000000	0.000000 0.000000	
2 24 5 1.750000	0.051987 0.005816	0.997293 0.000611	0.137273 0.009621	0.016585 0.006517	0.000000 0.000000	0.000000 0.000000	0.000000 0.000000	0.000000 0.000000	0.000000 0.000000	0.000000 0.000000	0.000000 0.000000	
2 24 5 1.760000	0.049976 0.004729	0.997499 0.000469	0.137802 0.009739	0.015650 0.008331	0.000000 0.000000	0.000000 0.000000	0.000000 0.000000	0.000000 0.000000	0.000000 0.000000	0.000000 0.000000	0.000000 0.000000	
2 24 5 1.770000	0.050365 0.009428	0.997451 0.000958	0.139062 0.009888	0.019734 0.007607	0.000000 0.000000	0.000000 0.000000	0.000000 0.000000	0.000000 0.000000	0.000000 0.000000	0.000000 0.000000	0.000000 0.000000	
2 24 5 1.780000	0.051596 0.008217	0.997326 0.000846	0.134779 0.006676	0.015223 0.009745	0.000000 0.000000	0.000000 0.000000	0.000000 0.000000	0.000000 0.000000	0.000000 0.000000	0.000000 0.000000	0.000000 0.000000	
2 24 5 1.790000	0.049562 0.009699	0.997531 0.000985	0.135436 0.009933	0.014905 0.005469	0.000000 0.000000	0.000000 0.000000	0.000000 0.000000	0.000000 0.000000	0.000000 0.000000	0.000000 0.000000	0.000000 0.000000	
2 24 5 1.800000	0.052274 0.007355	0.997260 0.000746	0.130623 0.008495	0.014998 0.009777	0.000000 0.000000	0.000000 0.000000	0.000000 0.000000	0.000000 0.000000	0.000000 0.000000	0.000000 0.000000	0.000000 0.000000	
2 24 5 1.810000	0.049934 0.002017	0.997506 0.000202	0.132337 0.009166	0.013178 0.005032	0.000000 0.000000	0.000000 0.000000	0.000000 0.000000	0.000000 0.000000	0.000000 0.000000	0.000000 0.000000	0.000000 0.000000	
2 24 5 1.820000	0.050805 0.005768	0.997415 0.000584	0.132864 0.009860	0.017432 0.004134	0.000000 0.000000	0.000000 0.000000	0.000000 0.000000	0.000000 0.000000	0.000000 0.000000	0.000000 0.000000	0.000000 0.000000	
2 24 5 1.830000	0.051409 0.005284	0.997353 0.000554	0.132341 0.009092	0.017032 0.009385	0.000000 0.000000	0.000000 0.000000	0.000000 0.000000	0.000000 0.000000	0.000000 0.000000	0.000000 0.000000	0.000000 0.000000	
2 24 5 1.840000	0.049456 0.002120	0.997554 0.000209	0.129943 0.009485	0.015041 0.005411	0.000000 0.000000	0.000000 0.000000	0.000000 0.000000	0.000000 0.000000	0.000000 0.000000	0.000000 0.000000	0.000000 0.000000	
2 24 5 1.850000	0.048779 0.009670	0.997609 0.000960	0.123797 0.009488	0.014840 0.005124	0.000000 0.000000	0.000000 0.000000	0.000000 0.000000	0.000000 0.000000	0.000000 0.000000	0.000000 0.000000	0.000000 0.000000	
2 24 5 1.860000	0.049131 0.004884	0.997583 0.000485	0.129694 0.009667	0.014546 0.004602	0.000000 0.000000	0.000000 0.000000	0.000000 0.000000	0.000000 0.000000	0.000000 0.000000	0.000000 0.000000	0.000000 0.000000	
2 24 5 1.870000	0.049072 0.007106	0.997586 0.000701	0.127183 0.008021	0.014831 0.007519	0.000000 0.000000	0.000000 0.000000	0.000000 0.000000	0.000000 0.000000	0.000000 0.000000	0.000000 0.000000	0.000000 0.000000	
2 24 5 1.880000	0.047381 0.009174	0.997745 0.000864	0.129261 0.009790	0.014515 0.004033	0.000000 0.000000	0.000000 0.000000	0.000000 0.000000	0.000000 0.000000	0.000000 0.000000	0.000000 0.000000	0.000000 0.000000	
2 24 5 1.890000	0.050874 0.009057	0.997399 0.000925	0.126810 0.008324	0.015075 0.009976	0.000000 0.000000	0.000000 0.000000	0.000000 0.000000	0.000000 0.000000	0.000000 0.000000	0.000000 0.000000	0.000000 0.000000	
2 24 5 1.900000	0.050681 0.007060	0.997426 0.000722	0.126160 0.002962	0.011094 0.001379	0.000000 0.000000	0.000000 0.000000	0.000000 0.000000	0.000000 0.000000	0.000000 0.000000	0.000000 0.000000	0.000000 0.000000	
2 24 5 1.910000	0.049180 0.005291	0.997577 0.000517	0.123101 0.008408	0.014424 0.006947	0.000000 0.000000	0.000000 0.000000	0.000000 0.000000	0.000000 0.000000	0.000000 0.000000	0.000000 0.000000	0.000000 0.000000	
2 24 5 1.920000	0.049668 0.005579	0.997528 0.000553	0.123162 0.009742	0.011938 0.003461	0.000000 0.000000	0.000000 0.000000	0.000000 0.000000	0.000000 0.000000	0.000000 0.000000	0.000000 0.000000	0.000000 0.000000	
2 24 5 1.930000	0.049376 0.006030	0.997558 0.000591	0.124831 0.005350	0.013424 0.005487	0.000000 0.000000	0.000000 0.000000	0.000000 0.000000	0.000000 0.000000	0.000000 0.000000	0.000000 0.000000	0.000000 0.000000	
2 24 5 1.940000	0.047479 0.007533	0.997740 0.000726	0.121991 0.009776	0.014825 0.006487	0.000000 0.000000	0.000000 0.000000	0.000000 0.000000	0.000000 0.000000	0.000000 0.000000	0.000000 0.000000	0.000000 0.000000	
2 24 5 1.950000	0.048507 0.003865	0.997645 0.000375	0.121136 0.003587	0.013895 0.007466	0.000000 0.000000	0.000000 0.000000	0.000000 0.000000	0.000000 0.000000	0.000000 0.000000	0.000000 0.000000	0.000000 0.000000	
2 24 5 1.960000	0.047523 0.006162	0.997735 0.000585	0.118884 0.009042	0.016155 0.008059	0.000000 0.000000	0.000000 0.000000	0.000000 0.000000	0.000000 0.000000	0.000000 0.000000	0.000000 0.000000	0.000000 0.000000	
2 24 5 1.970000	0.048856 0.002835	0.997612 0.000277	0.121610 0.009622	0.014731 0.008947	0.000000 0.000000	0.000000 0.000000	0.000000 0.000000	0.000000 0.000000	0.000000 0.000000	0.000000 0.000000	0.000000 0.000000	
2 24 5 1.980000	0.050926 0.007668	0.997400 0.000779	0.118720 0.009763	0.013898 0.006710	0.000000 0.000000	0.000000 0.000000	0.000000 0.000000	0.000000 0.000000	0.000000 0.000000	0.000000 0.000000	0.000000 0.000000	
2 24 5 1.990000	0.047586 0.002361	0.997735 0.000223	0.116905 0.008557	0.011933 0.004494	0.000000 0.000000	0.000000 0.000000	0.000000 0.000000	0.000000 0.000000	0.000000 0.000000	0.000000 0.000000	0.000000 0.000000	
2 24 5 2.000000	0.049129 0.001935	0.997586 0.000189	0.119367 0.006491	0.012079 0.007193	0.000000 0.000000	0.000000 0.000000	0.000000 0.000000	0.000000 0.000000	0.000000 0.000000	0.000000 0.000000	0.000000 0.000000	
2 24 5 2.010000	0.048840 0.007377	0.997608 0.000718	0.116212 0.007043	0.014575 0.009914	0.000000 0.000000	0.000000 0.000000	0.000000 0.000000	0.000000 0.000000	0.000000 0.000000	0.000000 0.000000	0.000000 0.000000	
2 24 5 2.020000	0.048873 0.003898	0.997609 0.000382	0.118960 0.006515	0.011670 0.003748	0.000000 0.000000	0.000000 0.000000	0.000000 0.000000	0.000000 0.000000	0.000000 0.000000	0.000000 0.000000	0.000000 0.000000	
2 24 5 2.030000	0.048329 0.003579	0.997663 0.000346	0.115204 0.009078	0.012743 0.006065	0.000000 0.000000	0.000000 0.000000	0.000000 0.000000	0.000000 0.000000	0.000000 0.000000	0.000000 0.000000	0.000000 0.000000	
2 24 5 2.040000	0.048186 0.006083	0.997674 0.000587	0.114205 0.005947	0.012539 0.004553	0.000000 0.000000	0.000000 0.000000	0.000000 0.000000	0.000000 0.000000	0.000000 0.000000	0.000000 0.000000	0.000000 0.000000	
2 24 5 2.050000	0.047610 0.002292	0.997733 0.000219	0.113111 0.009152	0.010924 0.001946	0.000000 0.000000	0.000000 0.000000	0.000000 0.000000	0.000000 0.000000	0.000000 0.000000	0.000000 0.000000	0.000000 0.000000	
2 24 5 2.060000	0.049025 0.003840	0.997594 0.000376	0.111652 0.009902	0.012811 0.005466	0.000000 0.000000	0.000000 0.000000	0.000000 0.000000	0.000000 0.000000	0.000000 0.000000	0.000000 0.000000	0.000000 0.000000	
2 24 5 2.070000	0.048426 0.006740	0.997649 0.000645	0.112237 0.007791	0.012031 0.005262	0.000000 0.000000	0.000000 0.000000	0.000000 0.000000	0.000000 0.000000	0.000000 0.000000	0.000000 0.000000	0.000000 0.000000	
2 24 5 2.080000	0.046097 0.002986	0.997874 0.000278	0.111864 0.009992	0.011877 0.001972	0.000000 0.000000	0.000000 0.000000	0.000000 0.000000	0.000000 0.000000	0.000000 0.000000	0.000000 0.000000	0.000000 0.000000	
2 24 5 2.090000	0.047900 0.002504	0.997705 0.000239	0.108651 0.003333	0.011519 0.003237	0.000000 0.000000	0.000000 0.000000	0.000000 0.000000	0.000000 0.000000	0.000000 0.000000	0.000000 0.000000	0.000000 0.000000	
2 24 5 2.100000	0.047755 0.000625	0.997719 0.000060	0.109963 0.002089	0.010593 0.001314	0.000000 0.000000	0.000000 0.000000	0.000000 0.000000	0.000000 0.000000	0.000000 0.000000	0.000000 0.000000	0.000000 0.000000	
2 24 5 2.110000	0.047128 0.002416	0.997778 0.000227	0.112258 0.002773	0.011737 0.005154	0.000000 0.000000	0.000000 0.000000	0.000000 0.000000	0.000000 0.000000	0.000000 0.000000	0.000000 0.000000	0.000000 0.000000	
2 24 5 2.120000	0.047870 0.005212	0.997705 0.000493	0.110007 0.003749	0.011182 0.003424	0.000000 0.000000	0.000000 0.000000	0.000000 0.000000	0.000000 0.000000	0.000000 0.000000	0.000000 0.000000	0.000000 0.000000	
2 24 5 2.130000	0.046344 0.002329	0.997851 0.000215	0.107628 0.003721	0.001990 0.009950	0.000000 0.000000	0.000000 0.000000	0.000000 0.000000	0.000000 0.000000	0.000000 0.000000	0.000000 0.000000	0.000000 0.000000	
2 24 5 2.140000	0.047000 0.007212	0.997785 0.000692	0.107388 0.005637	0.000000 0.000000	0.000000 0.000000	0.000000 0.000000	0.000000 0.000000	0.000000 0.000000	0.000000 0.000000	0.000000 0.000000	0.000000 0.000000	
2 24 5 2.150000	0.047461 0.002387	0.997747 0.000228	0.108054 0.003796	0.010648 0.001690	0.000000 0.000000	0.000000 0.000000	0.000000 0.000000	0.000000 0.000000	0.000000 0.000000	0.000000 0.000000	0.000000 0.000000	
2 24 5 2.160000	0.046881 0.005483	0.997798 0.000511	0.103684 0.005284	0.000000 0.000000	0.000000 0.000000	0.000000 0.000000	0.000000 0.000000	0.000000 0.000000	0.000000 0.000000	0.000000 0.000000	0.000000 0.000000	
2 24 5 2.170000	0.047200 0.004436	0.997769 0.000416	0.105908 0.003306	0.001999 0.009993	0.000000 0.000000	0.000000 0.000000	0.000000 0.000000	0.000000 0.000000	0.000000 0.000000	0.000000 0.000000	0.000000 0.000000	
2 24 5 2.180000	0.045884 0.004751	0.997891 0.000437	0.101222 0.008910	0.001993 0.009964	0.000000 0.000000	0.000000 0.000000	0.000000 0.000000	0.000000 0.000000	0.000000 0.000000	0.000000 0.000000	0.000000 0.000000	
2 24 5 2.190000	0.046994 0.000733	0.997791 0.000069	0.104935 0.003422	0.001996 0.009978	0.000000 0.000000	0.000000 0.000000	0.000000 0.000000	0.000000 0.000000	0.000000 0.000000	0.000000 0.000000	0.000000 0.000000	
2 24 5 2.200000	0.046601 0.004913	0.997825 0.000467	0.103373 0.004096	0.000000 0.000000	0.000000 0.000000	0.000000 0.000000	0.000000 0.000000	0.000000 0.000000	0.000000 0.000000	0.000000 0.000000	0.000000 0.000000	
2 24 5 2.210000	0.047158 0.004730	0.997773 0.000454	0.103337 0.002685	0.001999 0.009993	0.000000 0.000000	0.000000 0.000000	0.000000 0.000000	0.000000 0.000000	0.000000 0.000000	0.000000 0.000000	0.000000 0.000000	
2 24 5 2.220000	0.046691 0.003049	0.997819 0.000285	0.103191 0.003347	0.000000 0.000000	0.000000 0.000000	0.000000 0.000000	0.000000 0.000000	0.000000 0.000000	0.000000 0.000000	0.000000 0.000000	0.000000 0.000000	
2 24 5 2.230000	0.047504 0.009145	0.997733 0.000850	0.104945 0.008583	0.001958 0.009791	0.000000 0.000000	0.000000 0.000000	0.000000 0.000000	0.000000 0.000000	0.000000 0.000000	0.000000 0.000000	0.000000 0.000000	
2 24 5 2.240000	0.046224 0.005226	0.997860 0.000483	0.102645 0.006855	0.001997 0.009983	0.000000 0.000000	0.000000 0.000000	0.000000 0.000000	0.000000 0.000000	0.000000 0.000000	0.000000 0.000000	0.000000 0.000000	
2 24 5 2.250000	0.046270 0.009161	0.997850 0.000870	0.102789 0.009137	0.000000 0.000000	0.000000 0.000000	0.000000 0.000000	0.000000 0.000000	0.000000 0.000000	0.000000 0.000000	0.000000 0.000000	0.000000 0.000000	
2 24 5 2.260000	0.045390 0.004749	0.997937 0.000436	0.099044 0.009426	0.001997 0.009983	0.000000 0.000000	0.000000 0.000000	0.000000 0.000000	0.000000 0.000000	0.000000 0.000000	0.000000 0.000000	0.000000 0.000000	
2 24 5 2.270000	0.044593 0.004988	0.998008 0.000452	0.104448 0.003135	0.001943 0.009715	0.000000 0.000000	0.000000 0.000000	0.000000 0.000000	0.000000 0.000000	0.000000 0.000000	0.000000 0.000000	0.000000 0.000000	
2 24 5 2.280000	0.044488 0.008944	0.998012 0.000809	0.098391 0.009355	0.000000 0.000000	0.000000 0.000000	0.000000 0.000000	0.000000 0.000000	0.000000 0.000000	0.000000 0.000000	0.000000 0.000000	0.001999 0.009997	
2 24 5 2.290000	0.044727 0.001263	0.997999 0.000113	0.099257 0.008428	0.000000 0.000000	0.000000 0.000000	0.000000 0.000000	0.000000 0.000000	0.000000 0.000000	0.000000 0.000000	0.000000 0.000000	0.000000 0.000000	
2 24 5 2.300000	0.045452 0.004542	0.997932 0.000409	0.098447 0.006605	0.001973 0.009864	0.000000 0.000000	0.000000 0.000000	0.000000 0.000000	0.000000 0.000000	0.000000 0.000000	0.000000 0.000000	0.000000 0.000000	
2 24 5 2.310000	0.045593 0.006112	0.997917 0.000549	0.098887 0.009753	0.000000 0.000000	0.000000 0.000000	0.000000 0.000000	0.000000 0.000000	0.000000 0.000000	0.000000 0.000000	0.000000 0.000000	0.000000 0.000000	
2 24 5 2.320000	0.045886 0.004061	0.997892 0.000378	0.098200 0.009892	0.000000 0.000000	0.000000 0.000000	0.000000 0.000000	0.000000 0.000000	0.000000 0.000000	0.000000 0.000000	0.000000 0.000000	0.000000 0.000000	
2 24 5 2.330000	0.046588 0.009264	0.997820 0.000853	0.099324 0.004596	0.000000 0.000000	0.000000 0.000000	0.000000 0.000000	0.000000 0.000000	0.000000 0.000000	0.000000 0.000000	0.000000 0.000000	0.000000 0.000000	
2 24 5 2.340000	0.045522 0.004386	0.997926 0.000400	0.096895 0.009715	0.000000 0.000000	0.000000 0.000000	0.000000 0.000000	0.000000 0.000000	0.000000 0.000000	0.000000 0.000000	0.000000 0.000000	0.000000 0.000000	
2 24 5 2.350000	0.046435 0.008613	0.997833 0.000786	0.093058 0.009564	0.003965 0.009963	0.000000 0.000000	0.000000 0.000000	0.000000 0.000000	0.000000 0.000000	0.000000 0.000000	0.000000 0.000000	0.000000 0.000000	
2 24 5 2.360000	0.044998 0.003734	0.997973 0.000336	0.095980 0.007567	0.001999 0.009995	0.000000 0.000000	0.000000 0.000000	0.000000 0.000000	0.000000 0.000000	0.000000 0.000000	0.000000 0.000000	0.000000 0.000000	
2 24 5 2.370000	0.044623 0.004457	0.998006 0.000394	0.095924 0.006779	0.001955 0.009773	0.000000 0.000000	0.000000 0.000000	0.000000 0.000000	0.000000 0.000000	0.000000 0.000000	0.000000 0.000000	0.000000 0.000000	
2 24 5 2.380000	0.046371 0.008703	0.997838 0.000834	0.092376 0.008444	0.001900 0.009502	0.000000 0.000000	0.000000 0.000000	0.000000 0.000000	0.000000 0.000000	0.000000 0.000000	0.000000 0.000000	0.000000 0.000000	
2 24 5 2.390000	0.047051 0.001553	0.997786 0.000146	0.097269 0.009622	0.000000 0.000000	0.000000 0.000000	0.000000 0.000000	0.000000 0.000000	0.000000 0.000000	0.000000 0.000000	0.000000 0.000000	0.000000 0.000000	
2 24 5 2.400000	0.045522 0.004261	0.997925 0.000382	0.092751 0.009600	0.000000 0.000000	0.000000 0.000000	0.000000 0.000000	0.000000 0.000000	0.000000 0.000000	0.000000 0.000000	0.000000 0.000000	0.000000 0.000000	
2 24 5 2.410000	0.047559 0.009708	0.997728 0.000914	0.095011 0.005453	0.000000 0.000000	0.000000 0.000000	0.000000 0.000000	0.000000 0.000000	0.000000 0.000000	0.000000 0.000000	0.000000 0.000000	0.000000 0.000000	
2 24 5 2.420000	0.047456 0.005083	0.997744 0.000485	0.093744 0.009430	0.000000 0.000000	0.000000 0.000000	0.000000 0.000000	0.000000 0.000000	0.000000 0.000000	0.000000 0.000000	0.000000 0.000000	0.000000 0.000000	
2 24 5 2.430000	0.048204 0.009457	0.997666 0.000923	0.090613 0.008175	0.001962 0.009812	0.000000 0.000000	0.000000 0.000000	0.000000 0.000000	0.000000 0.000000	0.000000 0.000000	0.000000 0.000000	0.000000 0.000000	
2 24 5 2.440000	0.044962 0.009415	0.997967 0.000818	0.090463 0.008288	0.001984 0.009922	0.000000 0.000000	0.000000 0.000000	0.000000 0.000000	0.000000 0.000000	0.000000 0.000000	0.000000 0.000000	0.000000 0.000000	
2 24 5 2.450000	0.048564 0.005836	0.997637 0.000563	0.095685 0.004370	0.001876 0.009380	0.000000 0.000000	0.000000 0.000000	0.000000 0.000000	0.000000 0.000000	0.000000 0.000000	0.000000 0.000000	0.000000 0.000000	
2 24 5 2.460000	0.044436 0.009557	0.998014 0.000820	0.089062 0.007705	0.001700 0.008499	0.000000 0.000000	0.000000 0.000000	0.000000 0.000000	0.000000 0.000000	0.000000 0.000000	0.000000 0.000000	0.000000 0.000000	
2 24 5 2.470000	0.046508 0.008735	0.997828 0.000796	0.091367 0.009776	0.000000 0.000000	0.000000 0.000000	0.000000 0.000000	0.000000 0.000000	0.000000 0.000000	0.000000 0.000000	0.000000 0.000000	0.000000 0.000000	
2 24 5 2.480000	0.044702 0.005597	0.997998 0.000502	0.086738 0.009545	0.001989 0.009944	0.000000 0.000000	0.000000 0.000000	0.000000 0.000000	0.000000 0.000000	0.000000 0.000000	0.000000 0.000000	0.000000 0.000000	
2 24 5 2.490000	0.046851 0.009373	0.997790 0.000882	0.091794 0.007077	0.000000 0.000000	0.000000 0.000000	0.000000 0.000000	0.000000 0.000000	0.000000 0.000000	0.000000 0.000000	0.000000 0.000000	0.000000 0.000000	
2 24 5 2.500000	0.043097 0.003980	0.998141 0.000339	0.092043 0.009249	0.000000 0.000000	0.000000 0.000000	0.000000 0.000000	0.000000 0.000000	0.000000 0.000000	0.000000 0.000000	0.000000 0.000000	0.000000 0.000000	
