0.500000	0.997061 0.006297	0.004424 0.008939	0.001553 0.007801	-0.001688 0.008434	-0.002166 0.007845	0.000110 0.006529	-0.001568 0.007834	-0.000729 0.003556	0.000708 0.002402	0.000588 0.002338	0.000472 0.008932	
0.600000	0.995230 0.001349	0.004240 0.007180	0.000699 0.007207	0.000459 0.006600	-0.000801 0.004488	-0.000558 0.006601	0.000402 0.006610	-0.001699 0.005109	0.001181 0.003610	-0.002056 0.006588	0.001480 0.003606	
0.700000	0.985226 0.003253	0.017195 0.003809	0.001260 0.006980	-0.000554 0.009290	0.002264 0.008613	-0.000307 0.009682	-0.000101 0.005953	-0.000608 0.009185	0.000614 0.006005	0.001646 0.009018	0.000379 0.004880	
0.800000	0.967016 0.007154	0.031393 0.008514	0.003778 0.006032	0.002039 0.009819	-0.003066 0.006169	0.000030 0.008577	-0.003221 0.004176	0.000354 0.009190	0.001167 0.007651	0.001182 0.006847	0.002780 0.005696	
0.900000	0.915491 0.001369	0.078596 0.006520	0.021512 0.005226	0.006405 0.007496	0.004464 0.008666	-0.000334 0.005671	0.000481 0.008057	0.004315 0.009916	-0.000148 0.004152	0.001242 0.002824	-0.000022 0.009212	
1.000000	0.595043 0.009914	0.240899 0.002627	0.158903 0.001544	0.118939 0.001431	0.094712 0.004468	0.078911 0.002900	0.066518 0.003153	0.056621 0.002997	0.049785 0.001504	0.042619 0.003396	0.037831 0.004074	
1.100000	0.088936 0.008510	0.087218 0.005599	0.062769 0.007372	0.052666 0.006014	0.044411 0.006106	0.038985 0.007854	0.035030 0.002947	0.031521 0.008496	0.030457 0.006256	0.030030 0.004706	0.028509 0.009072	
1.200000	0.060797 0.004710	0.067276 0.006737	0.045304 0.004351	0.037141 0.004391	0.032202 0.006235	0.030182 0.005425	0.030885 0.008476	0.029008 0.008814	0.027283 0.003650	0.028200 0.009682	0.027324 0.003115	
1.300000	0.050337 0.008218	0.058171 0.002503	0.040141 0.008743	0.033592 0.006165	0.032897 0.005012	0.028353 0.009287	0.027165 0.005048	0.029022 0.005064	0.028114 0.009227	0.027986 0.007206	0.028832 0.005772	
1.400000	0.041985 0.006419	0.050529 0.009448	0.034907 0.007196	0.030944 0.007467	0.028703 0.003657	0.027499 0.005884	0.025878 0.005141	0.027347 0.003913	0.028598 0.004042	0.027472 0.006180	0.029167 0.006866	
1.500000	0.038527 0.008438	0.047082 0.009971	0.030561 0.003583	0.030528 0.005965	0.026452 0.002268	0.027822 0.004548	0.026866 0.004476	0.029407 0.003110	0.027800 0.009544	0.029653 0.002379	0.028154 0.008493	
1.600000	0.034727 0.008883	0.052640 0.008912	0.031462 0.006041	0.030583 0.009531	0.028782 0.004292	0.029899 0.004199	0.028173 0.006467	0.028309 0.006053	0.030043 0.009312	0.032800 0.005596	0.027681 0.006288	
1.700000	0.030779 0.006743	0.044714 0.008823	0.034779 0.009885	0.027214 0.005014	0.029107 0.005507	0.029494 0.007086	0.029147 0.008246	0.031528 0.005376	0.030098 0.005043	0.027116 0.008810	0.027799 0.004048	
1.800000	0.028524 0.007087	0.044822 0.008334	0.029081 0.006294	0.028869 0.005492	0.029208 0.007140	0.027814 0.007224	0.028147 0.002518	0.027976 0.009637	0.026443 0.006080	0.025943 0.007692	0.027034 0.006210	
1.900000	0.030353 0.003845	0.046749 0.007388	0.029700 0.006765	0.028873 0.008553	0.024627 0.003555	0.027228 0.007308	0.025973 0.007769	0.030018 0.008096	0.026736 0.007146	0.027758 0.006116	0.029492 0.008799	
2.000000	0.027846 0.005728	0.047555 0.008658	0.030333 0.007373	0.027816 0.004970	0.026974 0.005406	0.030846 0.004623	0.027418 0.007474	0.026931 0.008921	0.027416 0.009605	0.029279 0.003925	0.027140 0.002902	
2.100000	0.027011 0.002625	0.046337 0.009796	0.028776 0.004122	0.028449 0.008780	0.026899 0.009952	0.025502 0.004712	0.029355 0.009047	0.029128 0.004467	0.027637 0.007496	0.027742 0.009297	0.028717 0.006152	
2.200000	0.027517 0.003204	0.043025 0.006054	0.029728 0.001621	0.025873 0.003272	0.027714 0.004287	0.025722 0.005576	0.025713 0.003636	0.027028 0.009716	0.028799 0.003825	0.025944 0.004851	0.027792 0.004734	
2.300000	0.026830 0.003673	0.040585 0.008389	0.030044 0.008812	0.025501 0.004058	0.028177 0.007960	0.027633 0.005199	0.030015 0.003644	0.026225 0.006908	0.026711 0.004373	0.028779 0.008989	0.029586 0.007392	
2.400000	0.025760 0.007610	0.041688 0.009698	0.030497 0.008160	0.026483 0.005640	0.027530 0.009851	0.028059 0.007437	0.025186 0.006237	0.025325 0.006838	0.026937 0.009774	0.029787 0.009828	0.027323 0.007977	
2.500000	0.025186 0.004866	0.043752 0.008549	0.029477 0.002650	0.028296 0.005601	0.027682 0.003157	0.026975 0.002148	0.027888 0.007821	0.026793 0.003501	0.025926 0.006078	0.029851 0.008690	0.028259 0.004586	
2.600000	0.022509 0.007832	0.038855 0.008737	0.027728 0.007515	0.025617 0.005170	0.028505 0.008410	0.025977 0.007945	0.029064 0.004938	0.026287 0.005204	0.028423 0.007805	0.027329 0.005919	0.028931 0.006825	
2.700000	0.024295 0.003204	0.041808 0.009270	0.028570 0.005000	0.027500 0.006763	0.026627 0.008941	0.027048 0.007331	0.028279 0.003720	0.027816 0.007590	0.028780 0.004577	0.028678 0.005255	0.026718 0.006746	
2.800000	0.023375 0.004585	0.040867 0.009564	0.027942 0.005625	0.028024 0.003073	0.025954 0.003032	0.025330 0.007287	0.027105 0.004318	0.028601 0.007153	0.028851 0.002611	0.027520 0.003930	0.029710 0.006390	
2.900000	0.022634 0.005598	0.042535 0.002867	0.029011 0.009063	0.027663 0.009981	0.026873 0.006468	0.026216 0.004632	0.026880 0.002607	0.027455 0.004979	0.027597 0.005851	0.025220 0.004052	0.026544 0.008058	
3.000000	0.024904 0.002346	0.044734 0.008063	0.028690 0.005853	0.027964 0.004565	0.029452 0.008194	0.027558 0.006661	0.026797 0.007029	0.030162 0.009350	0.027225 0.005363	0.027426 0.005079	0.025543 0.004296	
3.100000	0.023640 0.008805	0.042387 0.008399	0.031530 0.009675	0.025986 0.004125	0.029409 0.006512	0.027719 0.004447	0.026050 0.007025	0.025597 0.007172	0.027233 0.006725	0.028109 0.007370	0.029116 0.007645	
3.200000	0.022321 0.004163	0.037216 0.002069	0.027742 0.003851	0.027001 0.007238	0.028144 0.007637	0.029221 0.004900	0.029094 0.009807	0.028102 0.005701	0.030113 0.008396	0.028182 0.006981	0.027290 0.001296	
3.300000	0.022088 0.004302	0.042794 0.007789	0.028499 0.007642	0.027930 0.008912	0.028751 0.009155	0.030288 0.009813	0.028402 0.008230	0.029356 0.004686	0.027757 0.003362	0.026648 0.008427	0.030580 0.009992	
3.400000	0.024303 0.005468	0.043790 0.008681	0.030258 0.008666	0.027042 0.008110	0.026136 0.006689	0.027125 0.006008	0.028819 0.006813	0.028589 0.007267	0.028674 0.004077	0.030855 0.005494	0.027129 0.006431	
3.500000	0.022718 0.006039	0.038979 0.008229	0.029028 0.007383	0.028205 0.006835	0.024987 0.006366	0.027215 0.008337	0.028928 0.006659	0.029116 0.001934	0.026728 0.008347	0.028110 0.005878	0.028279 0.006207	
3.600000	0.022324 0.005548	0.041488 0.007275	0.028876 0.005347	0.027629 0.009295	0.026439 0.003146	0.027805 0.006151	0.027025 0.006120	0.026926 0.004157	0.027911 0.009376	0.027090 0.005831	0.027091 0.007580	
3.700000	0.022040 0.002640	0.042918 0.009853	0.030526 0.005034	0.026552 0.003378	0.028688 0.005196	0.027030 0.006949	0.028295 0.002325	0.028122 0.009211	0.028273 0.002761	0.028539 0.006607	0.030055 0.003936	
3.800000	0.022057 0.003390	0.039204 0.009354	0.030951 0.003373	0.027115 0.006047	0.028367 0.009857	0.027149 0.007743	0.026561 0.004150	0.027847 0.004480	0.028561 0.009977	0.025023 0.005806	0.024824 0.007160	
3.900000	0.022578 0.005623	0.043657 0.007693	0.027617 0.005752	0.030461 0.009473	0.026783 0.007517	0.026688 0.003524	0.026789 0.005159	0.027210 0.005547	0.029963 0.008101	0.025740 0.007022	0.026229 0.004659	
4.000000	0.020791 0.006098	0.039793 0.009604	0.027261 0.002811	0.027304 0.009319	0.026408 0.006930	0.029161 0.004538	0.026539 0.008135	0.025848 0.002952	0.028846 0.005002	0.028680 0.007130	0.029281 0.007273	
