2 48 2 0.400000	1.000000 0.000000	0.000000 0.000000	0.000000 0.000000	0.000000 0.000000	0.000000 0.000000	0.000000 0.000000	0.000000 0.000000	0.000000 0.000000	0.000000 0.000000	0.000000 0.000000	0.000000 0.000000	
2 48 2 0.410000	1.000000 0.000000	0.000000 0.000000	0.000000 0.000000	0.000000 0.000000	0.000000 0.000000	0.000000 0.000000	0.000000 0.000000	0.000000 0.000000	0.000000 0.000000	0.000000 0.000000	0.000000 0.000000	
2 48 2 0.420000	0.999826 0.000868	0.000000 0.000000	0.000000 0.000000	0.000000 0.000000	0.000000 0.000000	0.000000 0.000000	0.000000 0.000000	0.000000 0.000000	0.000000 0.000000	0.000000 0.000000	0.000000 0.000000	
2 48 2 0.430000	0.999826 0.000868	0.000000 0.000000	0.000000 0.000000	0.000000 0.000000	0.000000 0.000000	0.000000 0.000000	0.000000 0.000000	0.000000 0.000000	0.000000 0.000000	0.000000 0.000000	0.000000 0.000000	
2 48 2 0.440000	0.999826 0.000868	0.000000 0.000000	0.000000 0.000000	0.000000 0.000000	0.000000 0.000000	0.000000 0.000000	0.000000 0.000000	0.000000 0.000000	0.000000 0.000000	0.000000 0.000000	0.000000 0.000000	
2 48 2 0.450000	0.999479 0.000868	0.000000 0.000000	0.000000 0.000000	0.000000 0.000000	0.000000 0.000000	0.000000 0.000000	0.000000 0.000000	0.000000 0.000000	0.000000 0.000000	0.000000 0.000000	0.000000 0.000000	
2 48 2 0.460000	0.999653 0.000868	0.000000 0.000000	0.000000 0.000000	0.000000 0.000000	0.000000 0.000000	0.000000 0.000000	0.000000 0.000000	0.000000 0.000000	0.000000 0.000000	0.000000 0.000000	0.000000 0.000000	
2 48 2 0.470000	0.999653 0.001736	0.000000 0.000000	0.000000 0.000000	0.000000 0.000000	0.000000 0.000000	0.000000 0.000000	0.000000 0.000000	0.000000 0.000000	0.000000 0.000000	0.000000 0.000000	0.000000 0.000000	
2 48 2 0.480000	0.999306 0.001736	0.000000 0.000000	0.000000 0.000000	0.000000 0.000000	0.000000 0.000000	0.000000 0.000000	0.000000 0.000000	0.000000 0.000000	0.000000 0.000000	0.000000 0.000000	0.000000 0.000000	
2 48 2 0.490000	0.999306 0.000868	0.000000 0.000000	0.000000 0.000000	0.000000 0.000000	0.000000 0.000000	0.000000 0.000000	0.000000 0.000000	0.000000 0.000000	0.000000 0.000000	0.000000 0.000000	0.000000 0.000000	
2 48 2 0.500000	0.999826 0.000868	0.000000 0.000000	0.000000 0.000000	0.000000 0.000000	0.000000 0.000000	0.000000 0.000000	0.000000 0.000000	0.000000 0.000000	0.000000 0.000000	0.000000 0.000000	0.000000 0.000000	
2 48 2 0.510000	0.999306 0.001736	0.000000 0.000000	0.000000 0.000000	0.000000 0.000000	0.000000 0.000000	0.000000 0.000000	0.000000 0.000000	0.000000 0.000000	0.000000 0.000000	0.000000 0.000000	0.000000 0.000000	
2 48 2 0.520000	0.998090 0.002604	0.000000 0.000000	0.000000 0.000000	0.000000 0.000000	0.000000 0.000000	0.000000 0.000000	0.000000 0.000000	0.000000 0.000000	0.000000 0.000000	0.000000 0.000000	0.000000 0.000000	
2 48 2 0.530000	0.998958 0.001736	0.000000 0.000000	0.000000 0.000000	0.000000 0.000000	0.000000 0.000000	0.000000 0.000000	0.000000 0.000000	0.000000 0.000000	0.000000 0.000000	0.000000 0.000000	0.000000 0.000000	
2 48 2 0.540000	0.998611 0.001736	0.000000 0.000000	0.000000 0.000000	0.000000 0.000000	0.000000 0.000000	0.000000 0.000000	0.000000 0.000000	0.000000 0.000000	0.000000 0.000000	0.000000 0.000000	0.000000 0.000000	
2 48 2 0.550000	0.997569 0.002604	0.000000 0.000000	0.000000 0.000000	0.000000 0.000000	0.000000 0.000000	0.000000 0.000000	0.000000 0.000000	0.000000 0.000000	0.000000 0.000000	0.000000 0.000000	0.000000 0.000000	
2 48 2 0.560000	0.998264 0.004340	0.000000 0.000000	0.000000 0.000000	0.000000 0.000000	0.000000 0.000000	0.000000 0.000000	0.000000 0.000000	0.000000 0.000000	0.000000 0.000000	0.000000 0.000000	0.000000 0.000000	
2 48 2 0.570000	0.997743 0.001736	0.000000 0.000000	0.000000 0.000000	0.000000 0.000000	0.000000 0.000000	0.000000 0.000000	0.000000 0.000000	0.000000 0.000000	0.000000 0.000000	0.000000 0.000000	0.000000 0.000000	
2 48 2 0.580000	0.997222 0.003472	0.000000 0.000000	0.000000 0.000000	0.000000 0.000000	0.000000 0.000000	0.000000 0.000000	0.000000 0.000000	0.000000 0.000000	0.000000 0.000000	0.000000 0.000000	0.000000 0.000000	
2 48 2 0.590000	0.997049 0.001302	0.000000 0.000000	0.000000 0.000000	0.000000 0.000000	0.000000 0.000000	0.000000 0.000000	0.000000 0.000000	0.000000 0.000000	0.000000 0.000000	0.000000 0.000000	0.000000 0.000000	
2 48 2 0.600000	0.997396 0.004340	0.000000 0.000000	0.000000 0.000000	0.000000 0.000000	0.000000 0.000000	0.000000 0.000000	0.000000 0.000000	0.000000 0.000000	0.000000 0.000000	0.000000 0.000000	0.000000 0.000000	
2 48 2 0.610000	0.996441 0.001591	0.000000 0.000000	0.000000 0.000000	0.000000 0.000000	0.000000 0.000000	0.000000 0.000000	0.000000 0.000000	0.000000 0.000000	0.000000 0.000000	0.000000 0.000000	0.000000 0.000000	
2 48 2 0.620000	0.996181 0.002170	0.000000 0.000000	0.000000 0.000000	0.000000 0.000000	0.000000 0.000000	0.000000 0.000000	0.000000 0.000000	0.000000 0.000000	0.000000 0.000000	0.000000 0.000000	0.000000 0.000000	
2 48 2 0.630000	0.995563 0.000868	0.000000 0.000000	0.000000 0.000000	0.000000 0.000000	0.000000 0.000000	0.000000 0.000000	0.000000 0.000000	0.000000 0.000000	0.000000 0.000000	0.000000 0.000000	0.000000 0.000000	
2 48 2 0.640000	0.995891 0.002025	0.000000 0.000000	0.000000 0.000000	0.000000 0.000000	0.000000 0.000000	0.000000 0.000000	0.000000 0.000000	0.000000 0.000000	0.000000 0.000000	0.000000 0.000000	0.000000 0.000000	
2 48 2 0.650000	0.994676 0.000772	0.010620 0.001535	0.000000 0.000000	0.000000 0.000000	0.000000 0.000000	0.000000 0.000000	0.000000 0.000000	0.000000 0.000000	0.000000 0.000000	0.000000 0.000000	0.000000 0.000000	
2 48 2 0.660000	0.993750 0.001085	0.012461 0.002157	0.000000 0.000000	0.000000 0.000000	0.000000 0.000000	0.000000 0.000000	0.000000 0.000000	0.000000 0.000000	0.000000 0.000000	0.000000 0.000000	0.000000 0.000000	
2 48 2 0.670000	0.993268 0.003376	0.013417 0.006706	0.000000 0.000000	0.000000 0.000000	0.000000 0.000000	0.000000 0.000000	0.000000 0.000000	0.000000 0.000000	0.000000 0.000000	0.000000 0.000000	0.000000 0.000000	
2 48 2 0.680000	0.991927 0.003472	0.016079 0.006890	0.000000 0.000000	0.000000 0.000000	0.000000 0.000000	0.000000 0.000000	0.000000 0.000000	0.000000 0.000000	0.000000 0.000000	0.000000 0.000000	0.000000 0.000000	
2 48 2 0.690000	0.992593 0.004051	0.014758 0.008041	0.000000 0.000000	0.000000 0.000000	0.000000 0.000000	0.000000 0.000000	0.000000 0.000000	0.000000 0.000000	0.000000 0.000000	0.000000 0.000000	0.000000 0.000000	
2 48 2 0.700000	0.991059 0.003038	0.017800 0.006022	0.000000 0.000000	0.000000 0.000000	0.000000 0.000000	0.000000 0.000000	0.000000 0.000000	0.000000 0.000000	0.000000 0.000000	0.000000 0.000000	0.000000 0.000000	
2 48 2 0.710000	0.991319 0.003762	0.017284 0.007455	0.000000 0.000000	0.000000 0.000000	0.000000 0.000000	0.000000 0.000000	0.000000 0.000000	0.000000 0.000000	0.000000 0.000000	0.000000 0.000000	0.000000 0.000000	
2 48 2 0.720000	0.989132 0.004514	0.021615 0.008932	0.000000 0.000000	0.000000 0.000000	0.000000 0.000000	0.000000 0.000000	0.000000 0.000000	0.000000 0.000000	0.000000 0.000000	0.000000 0.000000	0.000000 0.000000	
2 48 2 0.730000	0.987963 0.003183	0.023927 0.006291	0.000000 0.000000	0.000000 0.000000	0.000000 0.000000	0.000000 0.000000	0.000000 0.000000	0.000000 0.000000	0.000000 0.000000	0.000000 0.000000	0.000000 0.000000	
2 48 2 0.740000	0.986979 0.003646	0.025871 0.007200	0.000000 0.000000	0.000000 0.000000	0.000000 0.000000	0.000000 0.000000	0.000000 0.000000	0.000000 0.000000	0.000000 0.000000	0.000000 0.000000	0.000000 0.000000	
2 48 2 0.750000	0.986748 0.001157	0.026329 0.002284	0.000000 0.000000	0.000000 0.000000	0.000000 0.000000	0.000000 0.000000	0.000000 0.000000	0.000000 0.000000	0.000000 0.000000	0.000000 0.000000	0.000000 0.000000	
2 48 2 0.760000	0.984158 0.003472	0.031431 0.006837	0.000000 0.000000	0.000000 0.000000	0.000000 0.000000	0.001938 0.009689	0.000000 0.000000	0.000000 0.000000	0.000000 0.000000	0.000000 0.000000	0.000000 0.000000	
2 48 2 0.770000	0.983565 0.003472	0.032598 0.006832	0.001787 0.008937	0.000000 0.000000	0.000000 0.000000	0.001907 0.009537	0.000000 0.000000	0.000000 0.000000	0.000000 0.000000	0.000000 0.000000	0.000000 0.000000	
2 48 2 0.780000	0.983264 0.005035	0.033188 0.009902	0.000000 0.000000	0.000000 0.000000	0.000000 0.000000	0.000000 0.000000	0.000000 0.000000	0.000000 0.000000	0.000000 0.000000	0.000000 0.000000	0.000000 0.000000	
2 48 2 0.790000	0.981944 0.004991	0.035782 0.009801	0.000000 0.000000	0.000000 0.000000	0.000000 0.000000	0.000000 0.000000	0.000000 0.000000	0.000000 0.000000	0.000000 0.000000	0.000000 0.000000	0.000000 0.000000	
2 48 2 0.800000	0.980853 0.004960	0.037924 0.009730	0.000000 0.000000	0.000000 0.000000	0.000000 0.000000	0.000000 0.000000	0.000000 0.000000	0.000000 0.000000	0.000000 0.000000	0.000000 0.000000	0.000000 0.000000	
2 48 2 0.810000	0.976458 0.003993	0.046527 0.007795	0.000000 0.000000	0.001965 0.009826	0.000000 0.000000	0.000000 0.000000	0.000000 0.000000	0.000000 0.000000	0.000000 0.000000	0.000000 0.000000	0.000000 0.000000	
2 48 2 0.820000	0.975521 0.004092	0.048357 0.007988	0.000000 0.000000	0.000000 0.000000	0.000000 0.000000	0.000000 0.000000	0.000000 0.000000	0.000000 0.000000	0.000000 0.000000	0.000000 0.000000	0.000000 0.000000	
2 48 2 0.830000	0.975203 0.004774	0.048976 0.009310	0.000000 0.000000	0.000000 0.000000	0.000000 0.000000	0.000000 0.000000	0.000000 0.000000	0.000000 0.000000	0.000000 0.000000	0.000000 0.000000	0.000000 0.000000	
2 48 2 0.840000	0.970208 0.005035	0.058693 0.009768	0.001716 0.008580	0.000000 0.000000	0.000000 0.000000	0.000000 0.000000	0.000000 0.000000	0.000000 0.000000	0.000000 0.000000	0.000000 0.000000	0.000000 0.000000	
2 48 2 0.850000	0.970226 0.003183	0.058661 0.006174	0.001883 0.009417	0.000000 0.000000	0.000000 0.000000	0.000000 0.000000	0.000000 0.000000	0.000000 0.000000	0.000000 0.000000	0.000000 0.000000	0.000000 0.000000	
2 48 2 0.860000	0.966853 0.004836	0.065193 0.009346	0.000000 0.000000	0.000000 0.000000	0.000000 0.000000	0.000000 0.000000	0.000000 0.000000	0.000000 0.000000	0.000000 0.000000	0.000000 0.000000	0.000000 0.000000	
2 48 2 0.870000	0.965978 0.001958	0.066885 0.003784	0.003940 0.009985	0.000000 0.000000	0.000000 0.000000	0.000000 0.000000	0.000000 0.000000	0.000000 0.000000	0.000000 0.000000	0.000000 0.000000	0.000000 0.000000	
2 48 2 0.880000	0.962976 0.001876	0.072677 0.003612	0.011933 0.003432	0.000000 0.000000	0.000000 0.000000	0.000000 0.000000	0.000000 0.000000	0.000000 0.000000	0.000000 0.000000	0.000000 0.000000	0.000000 0.000000	
2 48 2 0.890000	0.960658 0.004718	0.077133 0.009067	0.013865 0.006510	0.000000 0.000000	0.000000 0.000000	0.000000 0.000000	0.000000 0.000000	0.000000 0.000000	0.000000 0.000000	0.000000 0.000000	0.000000 0.000000	
2 48 2 0.900000	0.956718 0.004919	0.084688 0.009413	0.013413 0.006097	0.000000 0.000000	0.000000 0.000000	0.000000 0.000000	0.000000 0.000000	0.000000 0.000000	0.000000 0.000000	0.000000 0.000000	0.000000 0.000000	
2 48 2 0.910000	0.952503 0.005064	0.092735 0.009640	0.020746 0.009864	0.000000 0.000000	0.000000 0.000000	0.000000 0.000000	0.000000 0.000000	0.000000 0.000000	0.000000 0.000000	0.000000 0.000000	0.000000 0.000000	
2 48 2 0.920000	0.950630 0.005015	0.096299 0.009533	0.016262 0.006372	0.000000 0.000000	0.000000 0.000000	0.000000 0.000000	0.000000 0.000000	0.000000 0.000000	0.000000 0.000000	0.000000 0.000000	0.000000 0.000000	
2 48 2 0.930000	0.947208 0.004304	0.102796 0.008153	0.019106 0.009120	0.001875 0.009373	0.000000 0.000000	0.000000 0.000000	0.000000 0.000000	0.000000 0.000000	0.000000 0.000000	0.000000 0.000000	0.000000 0.000000	
2 48 2 0.940000	0.943715 0.004991	0.109397 0.009420	0.019995 0.008502	0.000000 0.000000	0.000000 0.000000	0.000000 0.000000	0.000000 0.000000	0.000000 0.000000	0.000000 0.000000	0.000000 0.000000	0.000000 0.000000	
2 48 2 0.950000	0.937542 0.003264	0.121014 0.006119	0.022758 0.008595	0.000000 0.000000	0.000000 0.000000	0.000000 0.000000	0.000000 0.000000	0.000000 0.000000	0.000000 0.000000	0.000000 0.000000	0.000000 0.000000	
2 48 2 0.960000	0.936519 0.005246	0.122929 0.009812	0.023134 0.008982	0.000000 0.000000	0.000000 0.000000	0.000000 0.000000	0.000000 0.000000	0.000000 0.000000	0.000000 0.000000	0.000000 0.000000	0.000000 0.000000	
2 48 2 0.970000	0.928525 0.003510	0.137839 0.006515	0.029131 0.004882	0.000000 0.000000	0.000000 0.000000	0.000000 0.000000	0.000000 0.000000	0.000000 0.000000	0.000000 0.000000	0.000000 0.000000	0.000000 0.000000	
2 48 2 0.980000	0.923486 0.004805	0.147170 0.008875	0.033580 0.008224	0.012413 0.007779	0.000000 0.000000	0.000000 0.000000	0.000000 0.000000	0.000000 0.000000	0.000000 0.000000	0.000000 0.000000	0.000000 0.000000	
2 48 2 0.990000	0.918488 0.005400	0.156375 0.009926	0.036654 0.006267	0.014366 0.003041	0.000000 0.000000	0.000000 0.000000	0.000000 0.000000	0.000000 0.000000	0.000000 0.000000	0.000000 0.000000	0.000000 0.000000	
2 48 2 1.000000	0.910835 0.003472	0.170378 0.006325	0.042861 0.002995	0.013411 0.008468	0.000000 0.000000	0.000000 0.000000	0.000000 0.000000	0.000000 0.000000	0.000000 0.000000	0.000000 0.000000	0.000000 0.000000	
2 48 2 1.010000	0.905340 0.004704	0.180357 0.008522	0.046794 0.005919	0.012628 0.005299	0.000000 0.000000	0.000000 0.000000	0.000000 0.000000	0.000000 0.000000	0.000000 0.000000	0.000000 0.000000	0.000000 0.000000	
2 48 2 1.020000	0.896830 0.005566	0.195692 0.009979	0.052958 0.007714	0.018627 0.006495	0.000000 0.000000	0.000000 0.000000	0.000000 0.000000	0.000000 0.000000	0.000000 0.000000	0.000000 0.000000	0.000000 0.000000	
2 48 2 1.030000	0.888835 0.003282	0.209972 0.005835	0.058621 0.002848	0.022370 0.002523	0.000000 0.000000	0.000000 0.000000	0.000000 0.000000	0.000000 0.000000	0.000000 0.000000	0.000000 0.000000	0.000000 0.000000	
2 48 2 1.040000	0.879042 0.005158	0.227282 0.009070	0.066070 0.002772	0.025228 0.006023	0.013280 0.005506	0.000000 0.000000	0.000000 0.000000	0.000000 0.000000	0.000000 0.000000	0.000000 0.000000	0.000000 0.000000	
2 48 2 1.050000	0.869727 0.005413	0.243572 0.009413	0.074506 0.007271	0.031733 0.007094	0.013525 0.006180	0.000000 0.000000	0.000000 0.000000	0.000000 0.000000	0.000000 0.000000	0.000000 0.000000	0.000000 0.000000	
2 48 2 1.060000	0.856980 0.001890	0.265585 0.003240	0.086914 0.002990	0.037575 0.002395	0.018484 0.001531	0.001994 0.009969	0.000000 0.000000	0.000000 0.000000	0.000000 0.000000	0.000000 0.000000	0.000000 0.000000	
2 48 2 1.070000	0.842662 0.005902	0.289917 0.009933	0.100415 0.008613	0.045942 0.007550	0.023886 0.006025	0.014773 0.005949	0.000000 0.000000	0.000000 0.000000	0.000000 0.000000	0.000000 0.000000	0.000000 0.000000	
2 48 2 1.080000	0.828558 0.002559	0.313490 0.004238	0.113084 0.005966	0.053298 0.004823	0.029648 0.005972	0.018392 0.001685	0.011536 0.005101	0.000000 0.000000	0.000000 0.000000	0.000000 0.000000	0.000000 0.000000	
2 48 2 1.090000	0.809040 0.006011	0.345447 0.009724	0.131755 0.003628	0.066297 0.006000	0.038395 0.008129	0.024772 0.009228	0.017568 0.004939	0.012960 0.007638	0.000000 0.000000	0.000000 0.000000	0.000000 0.000000	
2 48 2 1.100000	0.787741 0.004811	0.379461 0.007584	0.153311 0.006076	0.081777 0.003897	0.050417 0.002644	0.033156 0.003190	0.024935 0.002717	0.017795 0.001481	0.014300 0.003229	0.000000 0.000000	0.001991 0.009954	
2 48 2 1.110000	0.757850 0.005099	0.425660 0.007726	0.185330 0.007723	0.105601 0.009924	0.068112 0.006386	0.047926 0.005556	0.036310 0.004233	0.026967 0.005948	0.021771 0.005437	0.015818 0.005154	0.012603 0.007221	
2 48 2 1.120000	0.730161 0.006444	0.466860 0.009421	0.212236 0.005822	0.124749 0.007485	0.083930 0.005940	0.061913 0.007058	0.047871 0.006930	0.035971 0.007981	0.028186 0.002816	0.023543 0.006517	0.017919 0.008773	
2 48 2 1.130000	0.684031 0.006327	0.532095 0.008646	0.260772 0.008520	0.162815 0.009656	0.114385 0.006000	0.088318 0.008898	0.068430 0.008663	0.055815 0.008635	0.046596 0.009918	0.036975 0.008328	0.031812 0.008089	
2 48 2 1.140000	0.635261 0.006605	0.596438 0.008379	0.308139 0.009372	0.201264 0.006737	0.147163 0.007983	0.114730 0.005275	0.091275 0.004304	0.075019 0.003928	0.061357 0.002349	0.053223 0.005452	0.043672 0.003970	
2 48 2 1.150000	0.571572 0.008487	0.673296 0.009730	0.366115 0.008230	0.246675 0.006266	0.185713 0.005456	0.147105 0.004954	0.120734 0.006308	0.098823 0.006105	0.083703 0.007000	0.070360 0.004921	0.060269 0.005438	
2 48 2 1.160000	0.504560 0.009650	0.745407 0.009771	0.418625 0.007191	0.291428 0.006739	0.220744 0.005953	0.176734 0.009973	0.145082 0.006905	0.121623 0.006595	0.102944 0.006362	0.086290 0.006711	0.075021 0.005173	
2 48 2 1.170000	0.439407 0.008787	0.806912 0.007745	0.465961 0.009472	0.327452 0.004932	0.252722 0.009255	0.204244 0.009873	0.168692 0.006970	0.141652 0.008806	0.119539 0.007640	0.100622 0.007859	0.086675 0.007569	
2 48 2 1.180000	0.384301 0.010000	0.852299 0.007660	0.497315 0.008818	0.349591 0.008972	0.268108 0.005258	0.216099 0.007118	0.177924 0.007205	0.148797 0.003976	0.125114 0.004280	0.106398 0.004726	0.089476 0.001373	
2 48 2 1.190000	0.319985 0.009866	0.897595 0.006319	0.524344 0.005812	0.368485 0.006696	0.282075 0.007283	0.224780 0.004315	0.183761 0.004173	0.152543 0.005451	0.126402 0.005662	0.106468 0.007396	0.089246 0.006964	
2 48 2 1.200000	0.269624 0.009801	0.927292 0.005285	0.539992 0.004687	0.377955 0.004072	0.287638 0.005168	0.228098 0.005315	0.185149 0.004521	0.151007 0.002791	0.125307 0.002512	0.103356 0.002849	0.086437 0.002458	
2 48 2 1.210000	0.237902 0.009891	0.943390 0.004711	0.543797 0.003658	0.375640 0.003331	0.282325 0.003897	0.221686 0.003569	0.178608 0.005037	0.145137 0.008418	0.118851 0.004475	0.097197 0.005869	0.079219 0.008202	
2 48 2 1.220000	0.205836 0.009789	0.957618 0.004023	0.546834 0.006691	0.372378 0.004224	0.277056 0.006427	0.213936 0.003245	0.169984 0.004737	0.136568 0.003210	0.110042 0.005611	0.088044 0.002996	0.070222 0.003939	
2 48 2 1.230000	0.179706 0.009897	0.967687 0.003574	0.546464 0.003443	0.368268 0.009244	0.267679 0.006155	0.205981 0.009225	0.160623 0.003775	0.127031 0.004317	0.099967 0.009658	0.080263 0.006164	0.063464 0.006729	
2 48 2 1.240000	0.162972 0.004962	0.973437 0.001615	0.542140 0.005690	0.359709 0.005713	0.261211 0.006956	0.196537 0.009966	0.153261 0.005449	0.119782 0.003436	0.093309 0.006403	0.072937 0.005783	0.056800 0.006643	
2 48 2 1.250000	0.149830 0.009601	0.977539 0.002838	0.539969 0.006714	0.353281 0.002538	0.252762 0.006658	0.188329 0.008111	0.143769 0.004569	0.112113 0.007846	0.085664 0.005157	0.066901 0.006373	0.050581 0.007047	
2 48 2 1.260000	0.141693 0.009107	0.979914 0.002574	0.529693 0.003404	0.340548 0.005400	0.239821 0.008779	0.174461 0.008162	0.131529 0.003872	0.099502 0.009062	0.075648 0.004271	0.057133 0.003514	0.043124 0.006031	
2 48 2 1.270000	0.125790 0.009745	0.984166 0.002439	0.524403 0.003215	0.332705 0.005890	0.229105 0.006454	0.166780 0.005360	0.122141 0.004062	0.090162 0.007694	0.068488 0.006417	0.049605 0.007358	0.036216 0.008454	
2 48 2 1.280000	0.121796 0.009457	0.985149 0.002308	0.521786 0.008531	0.326421 0.005849	0.223749 0.009910	0.160383 0.006501	0.114724 0.008043	0.085435 0.007041	0.062167 0.005543	0.045570 0.001633	0.034127 0.003928	
2 48 2 1.290000	0.114319 0.009945	0.986919 0.002247	0.511079 0.005782	0.314687 0.005073	0.210956 0.008132	0.147733 0.005296	0.106228 0.005491	0.076758 0.003306	0.055660 0.001455	0.039033 0.005564	0.027344 0.003547	
2 48 2 1.300000	0.108714 0.005301	0.988178 0.001153	0.505142 0.007342	0.305802 0.008204	0.202010 0.009085	0.139827 0.009937	0.099684 0.007424	0.070708 0.005049	0.049384 0.002472	0.034489 0.004003	0.023805 0.003098	
2 48 2 1.310000	0.101183 0.009618	0.989750 0.001952	0.501060 0.003548	0.299151 0.004691	0.192690 0.003320	0.133180 0.004860	0.093565 0.007560	0.065482 0.006535	0.046216 0.008573	0.032564 0.007409	0.021732 0.005357	
2 48 2 1.320000	0.093573 0.006852	0.991237 0.001290	0.493675 0.008531	0.291550 0.009700	0.186015 0.007308	0.124732 0.005524	0.086261 0.009873	0.060440 0.006695	0.040983 0.007719	0.026419 0.006602	0.017671 0.008185	
2 48 2 1.330000	0.092181 0.009667	0.991491 0.001783	0.489640 0.007443	0.286210 0.009058	0.182150 0.006540	0.122765 0.009990	0.083015 0.003926	0.056200 0.005017	0.038403 0.005178	0.027389 0.001845	0.018122 0.005538	
2 48 2 1.340000	0.087170 0.007202	0.992395 0.001255	0.483062 0.002472	0.275709 0.006829	0.173923 0.004019	0.113926 0.005372	0.076008 0.002309	0.051353 0.006194	0.035321 0.009714	0.023954 0.009390	0.014485 0.005716	
2 48 2 1.350000	0.085331 0.005087	0.992715 0.000871	0.477602 0.004436	0.271096 0.009483	0.169283 0.009661	0.109162 0.003853	0.073048 0.009921	0.048222 0.006007	0.032903 0.003632	0.021170 0.006745	0.013666 0.005074	
2 48 2 1.360000	0.079955 0.006388	0.993601 0.001020	0.472065 0.007093	0.264622 0.001710	0.162382 0.005265	0.102859 0.007225	0.066570 0.004161	0.045887 0.006143	0.027778 0.002274	0.017993 0.005077	0.011919 0.003000	
2 48 2 1.370000	0.080062 0.007711	0.993581 0.001237	0.467093 0.004730	0.257108 0.004940	0.155790 0.003946	0.097356 0.003049	0.062607 0.009249	0.038764 0.008072	0.026903 0.006928	0.014722 0.002910	0.001993 0.009963	
2 48 2 1.380000	0.077814 0.009182	0.993932 0.001422	0.459366 0.004419	0.250570 0.006137	0.149193 0.001703	0.094715 0.007614	0.060801 0.006841	0.038241 0.003288	0.023114 0.004934	0.014218 0.006839	0.001999 0.009995	
2 48 2 1.390000	0.075447 0.009278	0.994298 0.001401	0.456148 0.006389	0.245427 0.006230	0.143770 0.009960	0.088835 0.006291	0.055666 0.006075	0.035891 0.006415	0.022466 0.002663	0.012717 0.003937	0.000000 0.000000	
2 48 2 1.400000	0.072177 0.005967	0.994786 0.000860	0.450966 0.006431	0.240715 0.005632	0.140033 0.005757	0.086270 0.005723	0.052148 0.005211	0.031579 0.006009	0.019046 0.009721	0.011705 0.003573	0.000000 0.000000	
2 48 2 1.410000	0.070539 0.002791	0.995023 0.000393	0.447496 0.005558	0.234836 0.005279	0.134223 0.004810	0.081726 0.000871	0.049636 0.002395	0.030559 0.004262	0.018790 0.004496	0.011555 0.003117	0.000000 0.000000	
2 48 2 1.420000	0.068936 0.007150	0.995240 0.000990	0.440551 0.006668	0.226844 0.009563	0.129338 0.008223	0.075524 0.008048	0.046565 0.004295	0.026003 0.009340	0.015937 0.006764	0.000000 0.000000	0.000000 0.000000	
2 48 2 1.430000	0.067197 0.002956	0.995483 0.000396	0.436791 0.004057	0.224170 0.003233	0.125476 0.003328	0.073118 0.002147	0.043708 0.002897	0.026267 0.001632	0.015581 0.003554	0.001992 0.009958	0.000000 0.000000	
2 48 2 1.440000	0.065780 0.008178	0.995662 0.001074	0.432204 0.005864	0.219931 0.005455	0.118260 0.006127	0.070679 0.006781	0.043142 0.009794	0.024475 0.004809	0.017810 0.009908	0.000000 0.000000	0.000000 0.000000	
2 48 2 1.450000	0.063173 0.009730	0.995995 0.001223	0.425653 0.003632	0.212367 0.007167	0.117694 0.009231	0.067598 0.004213	0.039400 0.009885	0.022377 0.005945	0.011839 0.003353	0.000000 0.000000	0.000000 0.000000	
2 48 2 1.460000	0.060947 0.003867	0.996284 0.000470	0.422954 0.009793	0.208129 0.009883	0.111650 0.007281	0.062110 0.001864	0.034238 0.006212	0.020851 0.008467	0.001958 0.009792	0.000000 0.000000	0.000000 0.000000	
2 48 2 1.470000	0.059595 0.006430	0.996442 0.000761	0.418446 0.004433	0.204401 0.006254	0.109504 0.004455	0.061268 0.009985	0.033213 0.006217	0.017755 0.003023	0.000000 0.000000	0.000000 0.000000	0.000000 0.000000	
2 48 2 1.480000	0.059571 0.004114	0.996449 0.000488	0.415261 0.003881	0.200119 0.006328	0.105459 0.008937	0.056798 0.006077	0.028776 0.009847	0.016173 0.009724	0.000000 0.000000	0.000000 0.000000	0.000000 0.000000	
2 48 2 1.490000	0.059589 0.005475	0.996446 0.000649	0.410236 0.004539	0.196177 0.003726	0.103714 0.007142	0.055989 0.001854	0.030563 0.005516	0.016064 0.002917	0.000000 0.000000	0.000000 0.000000	0.000000 0.000000	
2 48 2 1.500000	0.058840 0.009969	0.996523 0.001152	0.405949 0.003173	0.192844 0.008377	0.098203 0.007229	0.052198 0.007495	0.028072 0.009594	0.015550 0.005333	0.000000 0.000000	0.000000 0.000000	0.000000 0.000000	
2 48 2 1.510000	0.054837 0.004741	0.996989 0.000521	0.402543 0.007633	0.186753 0.005498	0.094702 0.009217	0.050404 0.007504	0.029156 0.007112	0.015469 0.008717	0.000000 0.000000	0.000000 0.000000	0.000000 0.000000	
2 48 2 1.520000	0.055920 0.004297	0.996871 0.000482	0.397393 0.004765	0.184160 0.009984	0.092941 0.007354	0.046965 0.005201	0.024755 0.005496	0.012502 0.006868	0.000000 0.000000	0.000000 0.000000	0.000000 0.000000	
2 48 2 1.530000	0.051738 0.005576	0.997319 0.000568	0.395652 0.008859	0.183381 0.007198	0.089055 0.007916	0.045768 0.008385	0.022905 0.008141	0.013745 0.006558	0.000000 0.000000	0.000000 0.000000	0.000000 0.000000	
2 48 2 1.540000	0.052395 0.002398	0.997254 0.000251	0.392217 0.003896	0.178515 0.006463	0.090857 0.005322	0.045049 0.006091	0.022398 0.007327	0.013880 0.005777	0.000000 0.000000	0.000000 0.000000	0.000000 0.000000	
2 48 2 1.550000	0.052484 0.002750	0.997244 0.000288	0.387500 0.004800	0.172607 0.002047	0.084243 0.003933	0.041974 0.004007	0.021926 0.002780	0.011421 0.003029	0.000000 0.000000	0.000000 0.000000	0.000000 0.000000	
2 48 2 1.560000	0.051121 0.004573	0.997383 0.000467	0.383495 0.004096	0.169794 0.009963	0.080812 0.005654	0.039785 0.009503	0.019970 0.002867	0.000000 0.000000	0.000000 0.000000	0.000000 0.000000	0.000000 0.000000	
2 48 2 1.570000	0.055691 0.008074	0.996890 0.000904	0.381693 0.004448	0.167747 0.008895	0.080928 0.009971	0.041053 0.008825	0.020849 0.004457	0.000000 0.000000	0.000000 0.000000	0.000000 0.000000	0.000000 0.000000	
2 48 2 1.580000	0.052209 0.006625	0.997268 0.000703	0.376808 0.002996	0.162794 0.002987	0.076967 0.006888	0.036591 0.005583	0.018650 0.007052	0.001983 0.009913	0.000000 0.000000	0.000000 0.000000	0.000000 0.000000	
2 48 2 1.590000	0.048718 0.004226	0.997625 0.000412	0.374821 0.007340	0.163022 0.003911	0.074668 0.009810	0.039111 0.007075	0.016205 0.005812	0.001986 0.009931	0.000000 0.000000	0.000000 0.000000	0.000000 0.000000	
2 48 2 1.600000	0.050588 0.008347	0.997433 0.000857	0.371681 0.006373	0.157988 0.009343	0.071832 0.009543	0.035799 0.004744	0.016920 0.007844	0.000000 0.000000	0.000000 0.000000	0.000000 0.000000	0.000000 0.000000	
2 48 2 1.610000	0.047608 0.005023	0.997729 0.000483	0.368429 0.008962	0.154512 0.005227	0.070775 0.009741	0.035035 0.005798	0.015318 0.003564	0.000000 0.000000	0.000000 0.000000	0.000000 0.000000	0.000000 0.000000	
2 48 2 1.620000	0.047317 0.006201	0.997756 0.000597	0.363909 0.009688	0.150859 0.006268	0.070530 0.009402	0.034717 0.008031	0.016653 0.006642	0.000000 0.000000	0.000000 0.000000	0.000000 0.000000	0.000000 0.000000	
2 48 2 1.630000	0.047048 0.004887	0.997782 0.000461	0.360983 0.009838	0.149138 0.005900	0.068163 0.009919	0.030957 0.008007	0.014542 0.006689	0.000000 0.000000	0.000000 0.000000	0.000000 0.000000	0.000000 0.000000	
2 48 2 1.640000	0.048174 0.006273	0.997673 0.000605	0.358546 0.007435	0.146530 0.004906	0.066357 0.009577	0.030425 0.009613	0.013090 0.005984	0.000000 0.000000	0.000000 0.000000	0.000000 0.000000	0.000000 0.000000	
2 48 2 1.650000	0.047221 0.002003	0.997770 0.000191	0.357634 0.008248	0.144976 0.009613	0.063064 0.003422	0.029289 0.005409	0.011478 0.003073	0.000000 0.000000	0.000000 0.000000	0.000000 0.000000	0.000000 0.000000	
2 48 2 1.660000	0.045451 0.002899	0.997933 0.000263	0.353477 0.008830	0.142953 0.007025	0.061287 0.002417	0.030347 0.005136	0.013611 0.008428	0.000000 0.000000	0.000000 0.000000	0.000000 0.000000	0.000000 0.000000	
2 48 2 1.670000	0.045419 0.003450	0.997935 0.000313	0.348524 0.006346	0.139190 0.004657	0.060177 0.003716	0.026188 0.002610	0.012690 0.007510	0.000000 0.000000	0.000000 0.000000	0.000000 0.000000	0.000000 0.000000	
2 48 2 1.680000	0.044932 0.005307	0.997978 0.000478	0.347604 0.008928	0.137848 0.003386	0.057642 0.007021	0.024662 0.004271	0.010975 0.002701	0.000000 0.000000	0.000000 0.000000	0.000000 0.000000	0.000000 0.000000	
2 48 2 1.690000	0.043914 0.000514	0.998072 0.000045	0.343985 0.001069	0.134821 0.001729	0.056916 0.001621	0.024691 0.001357	0.008959 0.011796	0.000000 0.000000	0.000000 0.000000	0.000000 0.000000	0.000000 0.000000	
2 48 2 1.700000	0.043952 0.006392	0.998063 0.000554	0.340257 0.003267	0.134285 0.004063	0.055215 0.004215	0.024276 0.004510	0.000000 0.000000	0.000000 0.000000	0.000000 0.000000	0.000000 0.000000	0.000000 0.000000	
2 48 2 1.710000	0.042774 0.004914	0.998167 0.000415	0.339941 0.009840	0.130101 0.009502	0.052473 0.006682	0.021075 0.009871	0.000000 0.000000	0.000000 0.000000	0.000000 0.000000	0.000000 0.000000	0.000000 0.000000	
2 48 2 1.720000	0.042388 0.006300	0.998199 0.000541	0.338302 0.006110	0.129644 0.004395	0.052572 0.007533	0.022634 0.007029	0.001990 0.009948	0.000000 0.000000	0.000000 0.000000	0.000000 0.000000	0.000000 0.000000	
2 48 2 1.730000	0.041332 0.007341	0.998285 0.000590	0.333127 0.007188	0.124398 0.007995	0.049737 0.008551	0.019117 0.009695	0.000000 0.000000	0.000000 0.000000	0.000000 0.000000	0.000000 0.000000	0.000000 0.000000	
2 48 2 1.740000	0.039190 0.005128	0.998461 0.000406	0.331803 0.005492	0.123486 0.004224	0.045627 0.007617	0.020382 0.007085	0.000000 0.000000	0.000000 0.000000	0.000000 0.000000	0.000000 0.000000	0.000000 0.000000	
2 48 2 1.750000	0.042037 0.003020	0.998232 0.000253	0.329848 0.007310	0.122524 0.003103	0.048721 0.001738	0.021536 0.006436	0.001995 0.009977	0.000000 0.000000	0.000000 0.000000	0.000000 0.000000	0.000000 0.000000	
2 48 2 1.760000	0.040344 0.004812	0.998369 0.000386	0.326015 0.004935	0.120893 0.003512	0.048795 0.009276	0.023085 0.008592	0.000000 0.000000	0.000000 0.000000	0.000000 0.000000	0.000000 0.000000	0.000000 0.000000	
2 48 2 1.770000	0.038450 0.005214	0.998518 0.000397	0.324544 0.004922	0.117165 0.004336	0.043899 0.005486	0.017317 0.007220	0.001934 0.009669	0.000000 0.000000	0.000000 0.000000	0.000000 0.000000	0.000000 0.000000	
2 48 2 1.780000	0.039916 0.004094	0.998405 0.000328	0.320631 0.006200	0.118491 0.004605	0.044581 0.002122	0.017546 0.002768	0.000000 0.000000	0.000000 0.000000	0.000000 0.000000	0.000000 0.000000	0.000000 0.000000	
2 48 2 1.790000	0.039491 0.003155	0.998439 0.000249	0.321605 0.009085	0.115668 0.005970	0.044069 0.009544	0.019102 0.009667	0.000000 0.000000	0.000000 0.000000	0.000000 0.000000	0.000000 0.000000	0.000000 0.000000	
2 48 2 1.800000	0.039727 0.009379	0.998411 0.000778	0.317376 0.009564	0.113846 0.009175	0.045959 0.005755	0.015295 0.008139	0.000000 0.000000	0.000000 0.000000	0.000000 0.000000	0.000000 0.000000	0.000000 0.000000	
2 48 2 1.810000	0.039543 0.005875	0.998433 0.000459	0.313021 0.006234	0.109610 0.009854	0.040733 0.008705	0.016262 0.009850	0.000000 0.000000	0.000000 0.000000	0.000000 0.000000	0.000000 0.000000	0.000000 0.000000	
2 48 2 1.820000	0.038881 0.009448	0.998476 0.000754	0.310170 0.009692	0.107999 0.008164	0.039841 0.003143	0.013414 0.008427	0.000000 0.000000	0.000000 0.000000	0.000000 0.000000	0.000000 0.000000	0.000000 0.000000	
2 48 2 1.830000	0.038197 0.002542	0.998540 0.000193	0.310654 0.007889	0.108530 0.003580	0.040152 0.009703	0.014272 0.008874	0.000000 0.000000	0.000000 0.000000	0.000000 0.000000	0.000000 0.000000	0.000000 0.000000	
2 48 2 1.840000	0.040072 0.007283	0.998386 0.000595	0.310969 0.006102	0.106308 0.007557	0.042124 0.009091	0.018201 0.008955	0.000000 0.000000	0.000000 0.000000	0.000000 0.000000	0.000000 0.000000	0.000000 0.000000	
2 48 2 1.850000	0.037434 0.007041	0.998593 0.000526	0.305306 0.009811	0.105820 0.003167	0.039445 0.007280	0.013864 0.009217	0.000000 0.000000	0.000000 0.000000	0.000000 0.000000	0.000000 0.000000	0.000000 0.000000	
2 48 2 1.860000	0.037847 0.005591	0.998563 0.000435	0.305456 0.009523	0.103236 0.006666	0.037068 0.007770	0.016762 0.004623	0.000000 0.000000	0.000000 0.000000	0.000000 0.000000	0.000000 0.000000	0.000000 0.000000	
2 48 2 1.870000	0.039361 0.005700	0.998447 0.000442	0.304193 0.003556	0.103693 0.008789	0.039364 0.006726	0.013587 0.005838	0.000000 0.000000	0.000000 0.000000	0.000000 0.000000	0.000000 0.000000	0.000000 0.000000	
2 48 2 1.880000	0.036700 0.006362	0.998648 0.000472	0.302238 0.007724	0.100133 0.003113	0.034185 0.008010	0.011200 0.001853	0.000000 0.000000	0.000000 0.000000	0.000000 0.000000	0.000000 0.000000	0.000000 0.000000	
2 48 2 1.890000	0.034915 0.007058	0.998775 0.000491	0.301280 0.004475	0.100063 0.003236	0.038361 0.009931	0.013640 0.003740	0.000000 0.000000	0.000000 0.000000	0.000000 0.000000	0.000000 0.000000	0.000000 0.000000	
2 48 2 1.900000	0.037573 0.006527	0.998583 0.000498	0.297216 0.009489	0.099320 0.009883	0.034979 0.009718	0.013692 0.004196	0.000000 0.000000	0.000000 0.000000	0.000000 0.000000	0.000000 0.000000	0.000000 0.000000	
2 48 2 1.910000	0.036345 0.002567	0.998678 0.000184	0.293523 0.006319	0.094620 0.006967	0.032777 0.009406	0.012428 0.007594	0.000000 0.000000	0.000000 0.000000	0.000000 0.000000	0.000000 0.000000	0.000000 0.000000	
2 48 2 1.920000	0.035428 0.004068	0.998742 0.000288	0.292965 0.003358	0.093505 0.007660	0.030788 0.005641	0.001976 0.009880	0.000000 0.000000	0.000000 0.000000	0.000000 0.000000	0.000000 0.000000	0.000000 0.000000	
2 48 2 1.930000	0.035934 0.002065	0.998708 0.000147	0.290354 0.005015	0.094447 0.005027	0.032192 0.005918	0.003990 0.009976	0.000000 0.000000	0.000000 0.000000	0.000000 0.000000	0.000000 0.000000	0.000000 0.000000	
2 48 2 1.940000	0.035390 0.003772	0.998746 0.000268	0.287848 0.005252	0.092901 0.005299	0.031913 0.007517	0.001999 0.009995	0.000000 0.000000	0.000000 0.000000	0.000000 0.000000	0.000000 0.000000	0.000000 0.000000	
2 48 2 1.950000	0.035232 0.005732	0.998754 0.000403	0.286424 0.004680	0.090261 0.004296	0.031228 0.002732	0.001960 0.009801	0.000000 0.000000	0.000000 0.000000	0.000000 0.000000	0.000000 0.000000	0.000000 0.000000	
2 48 2 1.960000	0.034484 0.008206	0.998800 0.000561	0.284458 0.008376	0.087172 0.007509	0.026165 0.006170	0.003928 0.009836	0.000000 0.000000	0.000000 0.000000	0.000000 0.000000	0.000000 0.000000	0.000000 0.000000	
2 48 2 1.970000	0.035077 0.001481	0.998769 0.000104	0.282753 0.001963	0.088434 0.002729	0.029537 0.003505	0.000000 0.000000	0.000000 0.000000	0.000000 0.000000	0.000000 0.000000	0.000000 0.000000	0.000000 0.000000	
2 48 2 1.980000	0.034670 0.004865	0.998796 0.000338	0.280681 0.006062	0.087385 0.006527	0.027565 0.004507	0.001993 0.009965	0.000000 0.000000	0.000000 0.000000	0.000000 0.000000	0.000000 0.000000	0.000000 0.000000	
2 48 2 1.990000	0.033112 0.007115	0.998898 0.000469	0.279286 0.008819	0.086414 0.004309	0.025624 0.009995	0.000000 0.000000	0.000000 0.000000	0.000000 0.000000	0.000000 0.000000	0.000000 0.000000	0.000000 0.000000	
2 48 2 2.000000	0.034443 0.006801	0.998806 0.000470	0.278237 0.004356	0.085889 0.007883	0.028770 0.009195	0.001992 0.009960	0.000000 0.000000	0.000000 0.000000	0.000000 0.000000	0.000000 0.000000	0.000000 0.000000	
2 48 2 2.010000	0.035618 0.006286	0.998725 0.000441	0.275616 0.008028	0.086395 0.008742	0.029591 0.006694	0.000000 0.000000	0.000000 0.000000	0.000000 0.000000	0.000000 0.000000	0.000000 0.000000	0.000000 0.000000	
2 48 2 2.020000	0.033608 0.005707	0.998865 0.000391	0.274182 0.003278	0.082075 0.007473	0.024566 0.009863	0.000000 0.000000	0.000000 0.000000	0.000000 0.000000	0.000000 0.000000	0.000000 0.000000	0.000000 0.000000	
2 48 2 2.030000	0.034142 0.004821	0.998831 0.000338	0.272242 0.006150	0.080574 0.005492	0.025563 0.006253	0.000000 0.000000	0.000000 0.000000	0.000000 0.000000	0.000000 0.000000	0.000000 0.000000	0.000000 0.000000	
2 48 2 2.040000	0.034918 0.004469	0.998778 0.000314	0.277180 0.005618	0.078620 0.006394	0.025736 0.009935	0.000000 0.000000	0.000000 0.000000	0.000000 0.000000	0.000000 0.000000	0.000000 0.000000	0.000000 0.000000	
2 48 2 2.050000	0.033779 0.004042	0.998857 0.000275	0.266986 0.005132	0.078220 0.004756	0.020723 0.009551	0.001989 0.009943	0.000000 0.000000	0.000000 0.000000	0.000000 0.000000	0.000000 0.000000	0.000000 0.000000	
2 48 2 2.060000	0.033321 0.003188	0.998888 0.000213	0.268211 0.009191	0.076606 0.006131	0.023088 0.009504	0.001968 0.009840	0.000000 0.000000	0.000000 0.000000	0.000000 0.000000	0.000000 0.000000	0.000000 0.000000	
2 48 2 2.070000	0.030564 0.002775	0.999065 0.000170	0.267503 0.007863	0.078283 0.008869	0.027159 0.007356	0.000000 0.000000	0.000000 0.000000	0.000000 0.000000	0.000000 0.000000	0.000000 0.000000	0.000000 0.000000	
2 48 2 2.080000	0.033175 0.003187	0.998898 0.000211	0.267963 0.005913	0.074861 0.007300	0.025440 0.009555	0.000000 0.000000	0.000000 0.000000	0.000000 0.000000	0.000000 0.000000	0.000000 0.000000	0.000000 0.000000	
2 48 2 2.090000	0.032093 0.008772	0.998960 0.000581	0.261979 0.002902	0.074464 0.009734	0.022044 0.007208	0.000000 0.000000	0.000000 0.000000	0.000000 0.000000	0.000000 0.000000	0.000000 0.000000	0.000000 0.000000	
2 48 2 2.100000	0.031605 0.004899	0.998997 0.000307	0.260783 0.006287	0.073736 0.009661	0.021395 0.005078	0.000000 0.000000	0.000000 0.000000	0.000000 0.000000	0.000000 0.000000	0.000000 0.000000	0.000000 0.000000	
2 48 2 2.110000	0.031814 0.005118	0.998984 0.000324	0.262011 0.009777	0.076231 0.008830	0.021312 0.004964	0.000000 0.000000	0.000000 0.000000	0.000000 0.000000	0.000000 0.000000	0.000000 0.000000	0.000000 0.000000	
2 48 2 2.120000	0.031446 0.003034	0.999010 0.000186	0.257918 0.009256	0.075074 0.005806	0.021814 0.002125	0.001987 0.009936	0.000000 0.000000	0.000000 0.000000	0.000000 0.000000	0.000000 0.000000	0.000000 0.000000	
2 48 2 2.130000	0.031360 0.009954	0.999005 0.000628	0.257455 0.009211	0.072630 0.008143	0.020687 0.009679	0.000000 0.000000	0.000000 0.000000	0.000000 0.000000	0.000000 0.000000	0.000000 0.000000	0.000000 0.000000	
2 48 2 2.140000	0.032296 0.009960	0.998946 0.000650	0.258312 0.005664	0.071908 0.006189	0.025473 0.005883	0.000000 0.000000	0.000000 0.000000	0.000000 0.000000	0.000000 0.000000	0.000000 0.000000	0.000000 0.000000	
2 48 2 2.150000	0.033405 0.003024	0.998883 0.000204	0.255160 0.007322	0.069928 0.009909	0.018826 0.004803	0.000000 0.000000	0.000000 0.000000	0.000000 0.000000	0.000000 0.000000	0.000000 0.000000	0.000000 0.000000	
2 48 2 2.160000	0.032247 0.008126	0.998952 0.000550	0.254577 0.008797	0.071477 0.007299	0.018354 0.009337	0.000000 0.000000	0.000000 0.000000	0.000000 0.000000	0.000000 0.000000	0.000000 0.000000	0.000000 0.000000	
2 48 2 2.170000	0.032902 0.009471	0.998906 0.000619	0.250891 0.006849	0.070721 0.009338	0.019544 0.006073	0.000000 0.000000	0.000000 0.000000	0.000000 0.000000	0.000000 0.000000	0.000000 0.000000	0.001875 0.009373	
2 48 2 2.180000	0.031109 0.003966	0.999030 0.000245	0.249940 0.007864	0.067352 0.007437	0.018372 0.009331	0.000000 0.000000	0.000000 0.000000	0.000000 0.000000	0.000000 0.000000	0.000000 0.000000	0.000000 0.000000	
2 48 2 2.190000	0.030010 0.005197	0.999095 0.000311	0.252313 0.006148	0.069394 0.005762	0.018618 0.006692	0.000000 0.000000	0.000000 0.000000	0.000000 0.000000	0.000000 0.000000	0.000000 0.000000	0.000000 0.000000	
2 48 2 2.200000	0.031775 0.005971	0.998986 0.000384	0.248831 0.009803	0.064431 0.006668	0.016310 0.009402	0.000000 0.000000	0.000000 0.000000	0.000000 0.000000	0.000000 0.000000	0.000000 0.000000	0.000000 0.000000	
2 48 2 2.210000	0.031177 0.003057	0.999027 0.000189	0.246212 0.009609	0.065621 0.006657	0.017234 0.004511	0.000000 0.000000	0.000000 0.000000	0.000000 0.000000	0.000000 0.000000	0.000000 0.000000	0.000000 0.000000	
2 48 2 2.220000	0.028232 0.005814	0.999198 0.000335	0.244554 0.009966	0.064541 0.006122	0.019250 0.007979	0.000000 0.000000	0.000000 0.000000	0.000000 0.000000	0.000000 0.000000	0.000000 0.000000	0.000000 0.000000	
2 48 2 2.230000	0.030696 0.005780	0.999052 0.000365	0.241487 0.009791	0.064242 0.007170	0.016336 0.008526	0.000000 0.000000	0.000000 0.000000	0.000000 0.000000	0.000000 0.000000	0.000000 0.000000	0.000000 0.000000	
2 48 2 2.240000	0.032382 0.004597	0.998949 0.000305	0.242708 0.006981	0.066686 0.008048	0.016721 0.002041	0.000000 0.000000	0.000000 0.000000	0.000000 0.000000	0.000000 0.000000	0.000000 0.000000	0.000000 0.000000	
2 48 2 2.250000	0.030822 0.007113	0.999042 0.000437	0.235417 0.008539	0.062791 0.009479	0.017664 0.009400	0.000000 0.000000	0.000000 0.000000	0.000000 0.000000	0.000000 0.000000	0.000000 0.000000	0.000000 0.000000	
2 48 2 2.260000	0.031885 0.006704	0.998977 0.000432	0.238634 0.009487	0.066330 0.008410	0.017405 0.004477	0.000000 0.000000	0.000000 0.000000	0.000000 0.000000	0.000000 0.000000	0.000000 0.000000	0.000000 0.000000	
2 48 2 2.270000	0.029938 0.004562	0.999101 0.000266	0.238499 0.008564	0.061903 0.004539	0.014852 0.007646	0.000000 0.000000	0.000000 0.000000	0.000000 0.000000	0.000000 0.000000	0.000000 0.000000	0.000000 0.000000	
2 48 2 2.280000	0.029857 0.008542	0.999101 0.000509	0.241707 0.008953	0.058350 0.009847	0.017546 0.009033	0.000000 0.000000	0.000000 0.000000	0.000000 0.000000	0.000000 0.000000	0.000000 0.000000	0.000000 0.000000	
2 48 2 2.290000	0.030997 0.002781	0.999038 0.000177	0.235947 0.008894	0.061639 0.006225	0.018621 0.009444	0.000000 0.000000	0.000000 0.000000	0.000000 0.000000	0.000000 0.000000	0.000000 0.000000	0.000000 0.000000	
2 48 2 2.300000	0.031315 0.002861	0.999018 0.000180	0.236349 0.009529	0.058577 0.009689	0.015912 0.003669	0.000000 0.000000	0.000000 0.000000	0.000000 0.000000	0.000000 0.000000	0.000000 0.000000	0.000000 0.000000	
2 48 2 2.310000	0.031990 0.009466	0.998962 0.000596	0.233856 0.007160	0.057647 0.009876	0.018595 0.009435	0.000000 0.000000	0.000000 0.000000	0.000000 0.000000	0.000000 0.000000	0.000000 0.000000	0.000000 0.000000	
2 48 2 2.320000	0.031965 0.006332	0.998972 0.000392	0.233238 0.005576	0.058170 0.007843	0.015221 0.008683	0.000000 0.000000	0.000000 0.000000	0.000000 0.000000	0.000000 0.000000	0.000000 0.000000	0.000000 0.000000	
2 48 2 2.330000	0.028706 0.006243	0.999171 0.000358	0.233833 0.008452	0.059536 0.008570	0.014897 0.006797	0.001971 0.009855	0.000000 0.000000	0.000000 0.000000	0.000000 0.000000	0.000000 0.000000	0.000000 0.000000	
2 48 2 2.340000	0.029203 0.004673	0.999144 0.000274	0.231728 0.005709	0.056372 0.003304	0.014056 0.007481	0.000000 0.000000	0.000000 0.000000	0.000000 0.000000	0.000000 0.000000	0.000000 0.000000	0.000000 0.000000	
2 48 2 2.350000	0.029674 0.002664	0.999118 0.000158	0.226498 0.009089	0.059434 0.009384	0.015406 0.009704	0.000000 0.000000	0.000000 0.000000	0.000000 0.000000	0.000000 0.000000	0.000000 0.000000	0.000000 0.000000	
2 48 2 2.360000	0.029565 0.003755	0.999124 0.000221	0.225458 0.008874	0.055931 0.008531	0.014782 0.009072	0.000000 0.000000	0.000000 0.000000	0.000000 0.000000	0.000000 0.000000	0.000000 0.000000	0.000000 0.000000	
2 48 2 2.370000	0.029092 0.002840	0.999153 0.000169	0.224671 0.009543	0.055145 0.004824	0.012654 0.003863	0.000000 0.000000	0.000000 0.000000	0.000000 0.000000	0.000000 0.000000	0.000000 0.000000	0.000000 0.000000	
2 48 2 2.380000	0.030958 0.006269	0.999037 0.000387	0.229488 0.008922	0.055056 0.009400	0.016240 0.008997	0.000000 0.000000	0.000000 0.000000	0.000000 0.000000	0.000000 0.000000	0.000000 0.000000	0.000000 0.000000	
2 48 2 2.390000	0.028759 0.005409	0.999170 0.000310	0.223813 0.007628	0.054072 0.005083	0.013907 0.005056	0.000000 0.000000	0.000000 0.000000	0.000000 0.000000	0.000000 0.000000	0.000000 0.000000	0.000000 0.000000	
2 48 2 2.400000	0.028140 0.009918	0.999197 0.000563	0.221541 0.006658	0.051886 0.005236	0.012940 0.006816	0.000000 0.000000	0.000000 0.000000	0.000000 0.000000	0.000000 0.000000	0.000000 0.000000	0.000000 0.000000	
2 48 2 2.410000	0.029665 0.000899	0.999120 0.000053	0.224771 0.002615	0.051214 0.008871	0.015139 0.009799	0.000000 0.000000	0.000000 0.000000	0.000000 0.000000	0.000000 0.000000	0.000000 0.000000	0.000000 0.000000	
2 48 2 2.420000	0.028443 0.005220	0.999187 0.000296	0.222215 0.009825	0.051027 0.004328	0.014791 0.004649	0.000000 0.000000	0.000000 0.000000	0.000000 0.000000	0.000000 0.000000	0.000000 0.000000	0.000000 0.000000	
2 48 2 2.430000	0.029491 0.003443	0.999129 0.000204	0.224354 0.004862	0.051241 0.008835	0.013600 0.005272	0.000000 0.000000	0.000000 0.000000	0.000000 0.000000	0.000000 0.000000	0.000000 0.000000	0.000000 0.000000	
2 48 2 2.440000	0.027870 0.004173	0.999220 0.000230	0.221025 0.009129	0.051681 0.008467	0.013648 0.005205	0.000000 0.000000	0.000000 0.000000	0.000000 0.000000	0.000000 0.000000	0.000000 0.000000	0.000000 0.000000	
2 48 2 2.450000	0.029274 0.005533	0.999139 0.000322	0.215819 0.007659	0.050189 0.007109	0.011893 0.005249	0.000000 0.000000	0.000000 0.000000	0.000000 0.000000	0.000000 0.000000	0.000000 0.000000	0.000000 0.000000	
2 48 2 2.460000	0.028115 0.004566	0.999206 0.000259	0.216614 0.008474	0.052148 0.006470	0.012600 0.005953	0.000000 0.000000	0.000000 0.000000	0.000000 0.000000	0.000000 0.000000	0.000000 0.000000	0.000000 0.000000	
2 48 2 2.470000	0.028402 0.005186	0.999190 0.000293	0.215109 0.009231	0.050506 0.004262	0.011736 0.005325	0.000000 0.000000	0.000000 0.000000	0.000000 0.000000	0.000000 0.000000	0.000000 0.000000	0.000000 0.000000	
2 48 2 2.480000	0.029773 0.005626	0.999110 0.000330	0.214034 0.002167	0.052480 0.006284	0.012402 0.005176	0.000000 0.000000	0.000000 0.000000	0.000000 0.000000	0.000000 0.000000	0.000000 0.000000	0.000000 0.000000	
2 48 2 2.490000	0.028394 0.003548	0.999192 0.000198	0.215090 0.005558	0.049028 0.009832	0.015960 0.007568	0.000000 0.000000	0.000000 0.000000	0.000000 0.000000	0.000000 0.000000	0.000000 0.000000	0.000000 0.000000	
2 48 2 2.500000	0.027991 0.001801	0.999216 0.000100	0.213665 0.003095	0.050249 0.005117	0.010640 0.001380	0.000000 0.000000	0.000000 0.000000	0.000000 0.000000	0.000000 0.000000	0.000000 0.000000	0.000000 0.000000	
