0.500000	0.996271 0.006410	0.004370 0.009663	0.000572 0.001740	-0.000357 0.003309	0.001404 0.002769	0.000643 0.004106	0.000338 0.001787	0.000666 0.003424	0.000399 0.002932	-0.000897 0.002680	-0.000743 0.003444	
0.600000	0.990389 0.005063	0.008521 0.009605	0.002389 0.008925	0.001537 0.003280	0.001469 0.004215	-0.001226 0.007590	0.001331 0.005188	0.000273 0.006855	0.000135 0.005885	0.001530 0.004401	0.001401 0.006523	
0.700000	0.971724 0.005249	0.028457 0.006522	0.005539 0.009576	-0.000021 0.005171	-0.001480 0.001579	-0.001593 0.007468	0.001441 0.003691	-0.000020 0.006468	0.001875 0.002969	0.002312 0.006704	-0.000067 0.005033	
0.800000	0.914595 0.002122	0.077022 0.004801	0.023694 0.008173	0.006431 0.009921	0.004664 0.005694	0.000598 0.003319	0.001870 0.004601	0.000697 0.004910	-0.000546 0.008093	-0.000956 0.003564	-0.000457 0.002966	
0.900000	0.037566 0.009751	0.049218 0.008358	0.035111 0.004333	0.032584 0.005795	0.026943 0.003918	0.024464 0.006090	0.023901 0.005812	0.023851 0.007685	0.023809 0.004469	0.023100 0.005570	0.021822 0.007794	
1.000000	0.021839 0.007217	0.035759 0.009956	0.026090 0.008114	0.022332 0.002051	0.020722 0.003703	0.018886 0.003571	0.019684 0.004961	0.020572 0.006417	0.021154 0.008001	0.020576 0.006398	0.021494 0.009026	
1.100000	0.018382 0.007559	0.032208 0.009932	0.024636 0.008121	0.022341 0.005589	0.021095 0.008148	0.020682 0.004335	0.021477 0.007164	0.019998 0.009669	0.018989 0.004193	0.020288 0.007801	0.019026 0.004596	
1.200000	0.015940 0.005598	0.030892 0.005286	0.022496 0.007959	0.021315 0.007864	0.023229 0.008588	0.019966 0.007119	0.019675 0.004776	0.019292 0.005446	0.018969 0.006790	0.023758 0.008802	0.020678 0.008648	
1.300000	0.014322 0.005726	0.030557 0.008611	0.021544 0.002647	0.020573 0.003643	0.021247 0.005643	0.023660 0.006905	0.021487 0.005909	0.020591 0.006002	0.021725 0.006546	0.022754 0.009415	0.020318 0.005999	
1.400000	0.014058 0.002312	0.030053 0.009740	0.020503 0.006783	0.021019 0.009180	0.021169 0.003710	0.022588 0.003933	0.019299 0.004166	0.020825 0.006623	0.020568 0.001928	0.020349 0.007155	0.020452 0.004713	
1.500000	0.013838 0.005426	0.030246 0.006822	0.022299 0.006320	0.022283 0.003758	0.020109 0.006700	0.019941 0.009105	0.018559 0.006815	0.020642 0.004054	0.020066 0.005400	0.021046 0.005720	0.022501 0.001662	
1.600000	0.012555 0.005341	0.029786 0.007888	0.021036 0.002678	0.021743 0.005721	0.020369 0.009956	0.019976 0.002912	0.019612 0.006614	0.020728 0.005651	0.018584 0.005360	0.019872 0.003090	0.020973 0.007252	
1.700000	0.010698 0.004162	0.031437 0.008645	0.022983 0.007757	0.019675 0.006227	0.022607 0.008655	0.019240 0.008804	0.017996 0.009135	0.018321 0.003804	0.020526 0.008476	0.021475 0.004922	0.019339 0.006623	
1.800000	0.011408 0.004217	0.031122 0.005830	0.022983 0.009287	0.019791 0.004583	0.020580 0.008710	0.018510 0.005736	0.023047 0.002806	0.022253 0.006284	0.019316 0.008311	0.020679 0.005529	0.017759 0.006428	
1.900000	0.012126 0.003504	0.031052 0.009413	0.020832 0.004497	0.019289 0.006819	0.019710 0.009246	0.021549 0.009461	0.019818 0.006325	0.020066 0.007366	0.021174 0.004560	0.020289 0.006396	0.021360 0.009306	
2.000000	0.011154 0.004340	0.027139 0.009756	0.020052 0.007236	0.021286 0.008469	0.021678 0.006483	0.021579 0.003731	0.020531 0.004751	0.021061 0.003038	0.020956 0.004202	0.019937 0.004313	0.021401 0.008683	
2.100000	0.012078 0.002116	0.027677 0.009442	0.020617 0.004431	0.021651 0.006331	0.020060 0.004208	0.020600 0.001970	0.022591 0.006319	0.018645 0.004083	0.020826 0.001397	0.021388 0.003870	0.021724 0.006592	
2.200000	0.010338 0.003721	0.027321 0.009062	0.021329 0.008710	0.021389 0.003658	0.019683 0.004196	0.022303 0.006279	0.019186 0.005086	0.023928 0.004039	0.020710 0.006494	0.020839 0.004276	0.019647 0.003518	
2.300000	0.011440 0.002676	0.031036 0.008621	0.021007 0.003313	0.020871 0.007633	0.021156 0.006890	0.022027 0.009197	0.019362 0.005458	0.021334 0.008469	0.020307 0.005796	0.019268 0.005377	0.023345 0.007577	
2.400000	0.011348 0.002026	0.030124 0.008780	0.019758 0.001406	0.020505 0.003572	0.020111 0.004815	0.020029 0.002528	0.020766 0.004256	0.020380 0.002472	0.021777 0.002737	0.019720 0.003754	0.020450 0.004758	
2.500000	0.011006 0.004165	0.030468 0.008011	0.022210 0.005127	0.022275 0.009668	0.020130 0.004867	0.021185 0.008791	0.019343 0.001678	0.021014 0.007075	0.021373 0.002054	0.021522 0.004866	0.019615 0.008844	
2.600000	0.011071 0.002108	0.030795 0.006561	0.021678 0.008674	0.020338 0.004787	0.019799 0.003091	0.018871 0.003225	0.022009 0.007771	0.021094 0.004461	0.021190 0.007415	0.022248 0.008538	0.019849 0.009506	
2.700000	0.009576 0.001480	0.032823 0.006067	0.023214 0.009027	0.020118 0.007635	0.018633 0.007135	0.020873 0.003942	0.020717 0.009013	0.020124 0.009706	0.019046 0.009494	0.019948 0.006656	0.020393 0.004260	
2.800000	0.010617 0.002510	0.029064 0.007339	0.020571 0.004787	0.021679 0.004046	0.020116 0.006736	0.020144 0.006531	0.018039 0.006531	0.021177 0.009672	0.020366 0.003000	0.020400 0.006305	0.021989 0.006534	
2.900000	0.011458 0.003390	0.033354 0.007762	0.019360 0.007522	0.020105 0.003392	0.021871 0.005643	0.019817 0.008250	0.021455 0.005121	0.022455 0.005363	0.021259 0.005156	0.020339 0.003373	0.019204 0.006187	
3.000000	0.010361 0.002551	0.026875 0.005788	0.019499 0.009946	0.020789 0.005569	0.020130 0.003508	0.020169 0.005816	0.018194 0.004664	0.020461 0.006329	0.019013 0.004467	0.020600 0.007823	0.020591 0.005237	
3.100000	0.011528 0.001825	0.030090 0.007668	0.022134 0.006559	0.021682 0.008881	0.020046 0.008281	0.020706 0.009941	0.021349 0.003130	0.020016 0.004711	0.020611 0.008063	0.020113 0.004032	0.019426 0.002558	
3.200000	0.009769 0.001861	0.029933 0.008916	0.021030 0.007486	0.020713 0.003205	0.020311 0.004136	0.020498 0.003531	0.020637 0.003979	0.021344 0.004122	0.021640 0.002950	0.020026 0.002989	0.020714 0.004025	
3.300000	0.010800 0.003615	0.029805 0.009803	0.021599 0.006955	0.019613 0.007235	0.020642 0.004674	0.022137 0.004200	0.020385 0.005487	0.022414 0.006884	0.020750 0.006552	0.023489 0.002697	0.021542 0.003053	
3.400000	0.010126 0.001144	0.026686 0.009909	0.019400 0.003865	0.019517 0.006296	0.020209 0.002522	0.019999 0.004032	0.019039 0.004978	0.020348 0.004550	0.020970 0.004076	0.021018 0.004192	0.019933 0.007309	
3.500000	0.010372 0.001262	0.027110 0.007629	0.020010 0.009600	0.022195 0.008318	0.020496 0.007461	0.021243 0.006343	0.018476 0.008620	0.019685 0.007517	0.019958 0.008172	0.021820 0.002522	0.019890 0.005112	
3.600000	0.010354 0.003874	0.030636 0.006805	0.022635 0.007747	0.019570 0.008367	0.021540 0.006011	0.019681 0.003080	0.019936 0.007037	0.021382 0.006062	0.022190 0.007849	0.019048 0.002660	0.021516 0.007219	
3.700000	0.010279 0.001149	0.030303 0.008141	0.021305 0.006867	0.019574 0.005504	0.020786 0.008363	0.021892 0.009052	0.020229 0.006687	0.017363 0.004281	0.020332 0.006609	0.018943 0.004552	0.020943 0.003621	
3.800000	0.009524 0.002401	0.032380 0.009473	0.022446 0.004910	0.021405 0.004092	0.020464 0.005802	0.022332 0.005590	0.020165 0.004710	0.020695 0.007577	0.021203 0.008341	0.019824 0.003944	0.020626 0.005668	
3.900000	0.008720 0.003273	0.029015 0.002654	0.020616 0.008904	0.020590 0.008304	0.018434 0.006451	0.019989 0.004185	0.018213 0.003865	0.019505 0.007714	0.023472 0.007865	0.020473 0.005151	0.019092 0.006111	
4.000000	0.009262 0.002409	0.030359 0.008229	0.021232 0.002231	0.020880 0.006570	0.020880 0.004560	0.019675 0.004948	0.020547 0.003165	0.020379 0.003932	0.019638 0.006577	0.022923 0.004615	0.022929 0.002941	
