0.500000	0.996645 0.002659	0.002819 0.006032	0.000481 0.003840	0.000758 0.004934	0.001008 0.004630	0.000057 0.006742	0.000007 0.004447	-0.000569 0.006493	-0.000651 0.005602	-0.000767 0.004839	-0.000332 0.004090	
0.600000	0.990769 0.004292	0.011418 0.009334	0.001633 0.004225	-0.001184 0.005801	-0.001198 0.009138	0.001684 0.007836	0.000111 0.008331	0.001765 0.002324	-0.000174 0.009741	-0.001243 0.008760	0.000220 0.005511	
0.700000	0.972607 0.005335	0.025766 0.007418	0.003703 0.008147	0.001812 0.006045	0.000938 0.003332	0.002191 0.009619	-0.001083 0.008533	-0.000206 0.009272	0.001051 0.007228	0.000861 0.009368	-0.000271 0.004157	
0.800000	0.915842 0.006329	0.077247 0.009179	0.023914 0.005062	0.006230 0.009844	0.003205 0.004171	0.001708 0.008866	0.000340 0.009885	-0.001543 0.007933	0.000832 0.006642	-0.000846 0.005728	0.002819 0.009275	
0.900000	0.077698 0.007619	0.080761 0.007484	0.058234 0.008416	0.045828 0.004612	0.039017 0.003620	0.036111 0.004357	0.032684 0.004040	0.031491 0.006160	0.029726 0.003693	0.028355 0.003757	0.028278 0.003024	
1.000000	0.045211 0.003849	0.057897 0.007623	0.039799 0.009708	0.030672 0.007677	0.031081 0.007136	0.030017 0.009459	0.028179 0.008128	0.029000 0.007503	0.029014 0.006650	0.027577 0.005074	0.026767 0.006242	
1.100000	0.037545 0.007008	0.049753 0.009330	0.034715 0.005313	0.029994 0.004642	0.028714 0.006549	0.029646 0.004896	0.027445 0.005447	0.028754 0.002483	0.027364 0.003607	0.027963 0.005397	0.028235 0.003329	
1.200000	0.033025 0.004769	0.046528 0.007696	0.034273 0.005330	0.028373 0.004709	0.025219 0.009450	0.028295 0.006524	0.026960 0.007408	0.024779 0.007369	0.028025 0.004629	0.025869 0.004916	0.031408 0.008464	
1.300000	0.030322 0.009030	0.042660 0.009858	0.030751 0.008981	0.025900 0.006537	0.027497 0.006184	0.026499 0.006372	0.024836 0.003423	0.028140 0.005807	0.030273 0.007260	0.025279 0.007775	0.025227 0.002984	
1.400000	0.025225 0.008915	0.046883 0.009013	0.027853 0.006549	0.027279 0.009583	0.027543 0.009815	0.029953 0.007424	0.025335 0.009893	0.025263 0.008514	0.029349 0.009262	0.030501 0.009187	0.028517 0.002829	
1.500000	0.027218 0.005643	0.047914 0.009369	0.028832 0.005502	0.028503 0.008447	0.026846 0.007546	0.027906 0.003847	0.026803 0.007153	0.028818 0.004971	0.026654 0.004534	0.029521 0.006747	0.027901 0.007765	
1.600000	0.027120 0.007947	0.038895 0.008484	0.028045 0.009168	0.026932 0.005055	0.028872 0.006766	0.027050 0.007929	0.025702 0.007507	0.027953 0.008379	0.023944 0.005425	0.029046 0.007792	0.028751 0.008177	
1.700000	0.024537 0.006319	0.041377 0.008105	0.030820 0.003425	0.026764 0.008799	0.030154 0.009758	0.028770 0.004888	0.026982 0.007825	0.024004 0.009507	0.025886 0.008976	0.029624 0.005610	0.026757 0.004765	
1.800000	0.023575 0.006415	0.040010 0.008396	0.028215 0.009526	0.028466 0.006444	0.027689 0.005590	0.026710 0.006177	0.025696 0.007021	0.029430 0.009546	0.025977 0.009553	0.029004 0.003239	0.028858 0.006567	
1.900000	0.021970 0.009630	0.038444 0.006337	0.029121 0.008705	0.026959 0.008512	0.027926 0.006245	0.028045 0.006268	0.027314 0.006236	0.027776 0.001529	0.029640 0.004888	0.026649 0.006251	0.025997 0.009925	
2.000000	0.023218 0.007162	0.041429 0.007136	0.027634 0.005214	0.027359 0.005938	0.029054 0.007581	0.027374 0.007810	0.025344 0.004279	0.027459 0.008979	0.027141 0.005489	0.028168 0.005178	0.027548 0.005244	
2.100000	0.020891 0.003684	0.043523 0.009384	0.026307 0.007157	0.026362 0.008895	0.026738 0.005409	0.027260 0.004924	0.025259 0.006671	0.026969 0.008363	0.029967 0.005034	0.026132 0.004981	0.028162 0.008548	
2.200000	0.022761 0.005342	0.039225 0.007653	0.026447 0.006471	0.027163 0.007851	0.028271 0.005414	0.024880 0.004905	0.025422 0.009268	0.026736 0.004786	0.028827 0.002975	0.029503 0.000878	0.027181 0.006039	
2.300000	0.020467 0.004464	0.043147 0.009735	0.030438 0.008179	0.027177 0.002514	0.028816 0.008379	0.026413 0.004040	0.028819 0.004495	0.027894 0.005178	0.026276 0.007422	0.026709 0.009575	0.027174 0.004087	
2.400000	0.022426 0.006905	0.040922 0.007454	0.027994 0.008619	0.025471 0.002860	0.028053 0.009367	0.027637 0.004634	0.026412 0.003995	0.028732 0.009912	0.029097 0.006259	0.027199 0.003334	0.026234 0.004191	
2.500000	0.021281 0.003156	0.039767 0.008149	0.029391 0.008343	0.028230 0.004610	0.025774 0.009144	0.026415 0.006460	0.025724 0.008112	0.027383 0.007007	0.025788 0.009220	0.026028 0.007274	0.025403 0.008555	
2.600000	0.020321 0.001671	0.042482 0.005743	0.026559 0.005545	0.027718 0.004959	0.030294 0.004923	0.027156 0.006478	0.028341 0.008239	0.028343 0.007637	0.027127 0.006455	0.028568 0.001280	0.028274 0.007876	
2.700000	0.020886 0.004760	0.039540 0.009284	0.026882 0.005531	0.027647 0.003960	0.027782 0.009444	0.028876 0.004889	0.027408 0.006333	0.026447 0.001312	0.029070 0.006312	0.027472 0.005112	0.030104 0.008808	
2.800000	0.021013 0.009870	0.047467 0.009440	0.028134 0.004833	0.029862 0.007123	0.027028 0.003294	0.028121 0.005108	0.027989 0.005676	0.027677 0.004361	0.027919 0.008231	0.027154 0.006319	0.027533 0.005746	
2.900000	0.020093 0.005692	0.037421 0.008609	0.027879 0.005648	0.027306 0.008013	0.026065 0.009410	0.026307 0.008560	0.027710 0.005780	0.027036 0.004164	0.026244 0.005901	0.028953 0.008659	0.028266 0.005558	
3.000000	0.022603 0.003221	0.040200 0.006006	0.027985 0.004569	0.026270 0.008603	0.029528 0.005291	0.027189 0.003366	0.027863 0.009570	0.029553 0.005689	0.028412 0.005398	0.027421 0.008554	0.028027 0.009902	
3.100000	0.020058 0.006351	0.037963 0.006914	0.028744 0.009449	0.025456 0.006139	0.026228 0.005082	0.027693 0.009692	0.028593 0.006905	0.027091 0.003941	0.026826 0.007275	0.026322 0.005604	0.030042 0.004474	
3.200000	0.020153 0.002306	0.037585 0.006931	0.028002 0.003630	0.029079 0.006077	0.029187 0.005207	0.026986 0.004527	0.028392 0.009999	0.030049 0.009930	0.028307 0.005217	0.027486 0.006526	0.027032 0.009298	
3.300000	0.019538 0.005719	0.038863 0.009883	0.028429 0.009252	0.028769 0.007764	0.025865 0.007756	0.028146 0.006071	0.026614 0.005278	0.029371 0.003856	0.027741 0.004167	0.026796 0.008064	0.027948 0.006730	
3.400000	0.020865 0.005450	0.043528 0.006638	0.026981 0.002813	0.028746 0.005560	0.027041 0.006574	0.028235 0.006369	0.025579 0.004961	0.031339 0.007343	0.027814 0.003596	0.027385 0.009542	0.029048 0.002775	
3.500000	0.019542 0.005756	0.038922 0.002315	0.028213 0.004152	0.027229 0.005057	0.026284 0.009948	0.029832 0.007278	0.026819 0.006056	0.026169 0.003286	0.026631 0.007731	0.029995 0.005438	0.026115 0.004450	
3.600000	0.018545 0.005306	0.039740 0.009679	0.025836 0.008801	0.028262 0.007127	0.026629 0.006388	0.029109 0.008731	0.028871 0.001003	0.027709 0.009095	0.028071 0.008166	0.029358 0.006948	0.028165 0.006667	
3.700000	0.019908 0.003026	0.038841 0.008422	0.027256 0.008892	0.026849 0.009595	0.026426 0.008976	0.025823 0.009078	0.024621 0.005473	0.029451 0.004288	0.030279 0.009761	0.026864 0.003865	0.027930 0.005346	
3.800000	0.019219 0.003915	0.039232 0.008676	0.026589 0.006827	0.028746 0.006826	0.026937 0.007398	0.027150 0.001484	0.027183 0.009040	0.029105 0.005045	0.029038 0.002949	0.027831 0.004789	0.025926 0.007828	
3.900000	0.018190 0.003486	0.040193 0.008166	0.027201 0.006730	0.029106 0.008687	0.028645 0.008307	0.027907 0.009630	0.027195 0.007887	0.025919 0.005590	0.028001 0.009909	0.029079 0.004841	0.025960 0.009569	
4.000000	0.020274 0.002249	0.038675 0.007556	0.026057 0.007539	0.027229 0.005994	0.030434 0.002806	0.027801 0.005541	0.027202 0.006364	0.025643 0.005098	0.026667 0.006417	0.028162 0.003452	0.026756 0.003594	
