2 32 2 0.400000	1.000000 0.000000	0.000000 0.000000	0.000000 0.000000	0.000000 0.000000	0.000000 0.000000	0.000000 0.000000	0.000000 0.000000	0.000000 0.000000	0.000000 0.000000	0.000000 0.000000	0.000000 0.000000	
2 32 2 0.410000	0.999609 0.001953	0.000000 0.000000	0.000000 0.000000	0.000000 0.000000	0.000000 0.000000	0.000000 0.000000	0.000000 0.000000	0.000000 0.000000	0.000000 0.000000	0.000000 0.000000	0.000000 0.000000	
2 32 2 0.420000	1.000000 0.000000	0.000000 0.000000	0.000000 0.000000	0.000000 0.000000	0.000000 0.000000	0.000000 0.000000	0.000000 0.000000	0.000000 0.000000	0.000000 0.000000	0.000000 0.000000	0.000000 0.000000	
2 32 2 0.430000	1.000000 0.000000	0.000000 0.000000	0.000000 0.000000	0.000000 0.000000	0.000000 0.000000	0.000000 0.000000	0.000000 0.000000	0.000000 0.000000	0.000000 0.000000	0.000000 0.000000	0.000000 0.000000	
2 32 2 0.440000	0.999609 0.001953	0.000000 0.000000	0.000000 0.000000	0.000000 0.000000	0.000000 0.000000	0.000000 0.000000	0.000000 0.000000	0.000000 0.000000	0.000000 0.000000	0.000000 0.000000	0.000000 0.000000	
2 32 2 0.450000	0.999609 0.001953	0.000000 0.000000	0.000000 0.000000	0.000000 0.000000	0.000000 0.000000	0.000000 0.000000	0.000000 0.000000	0.000000 0.000000	0.000000 0.000000	0.000000 0.000000	0.000000 0.000000	
2 32 2 0.460000	1.000000 0.000000	0.000000 0.000000	0.000000 0.000000	0.000000 0.000000	0.000000 0.000000	0.000000 0.000000	0.000000 0.000000	0.000000 0.000000	0.000000 0.000000	0.000000 0.000000	0.000000 0.000000	
2 32 2 0.470000	0.999609 0.001953	0.000000 0.000000	0.000000 0.000000	0.000000 0.000000	0.000000 0.000000	0.000000 0.000000	0.000000 0.000000	0.000000 0.000000	0.000000 0.000000	0.000000 0.000000	0.000000 0.000000	
2 32 2 0.480000	0.999219 0.001953	0.000000 0.000000	0.000000 0.000000	0.000000 0.000000	0.000000 0.000000	0.000000 0.000000	0.000000 0.000000	0.000000 0.000000	0.000000 0.000000	0.000000 0.000000	0.000000 0.000000	
2 32 2 0.490000	1.000000 0.000000	0.000000 0.000000	0.000000 0.000000	0.000000 0.000000	0.000000 0.000000	0.000000 0.000000	0.000000 0.000000	0.000000 0.000000	0.000000 0.000000	0.000000 0.000000	0.000000 0.000000	
2 32 2 0.500000	0.998828 0.003906	0.000000 0.000000	0.000000 0.000000	0.000000 0.000000	0.000000 0.000000	0.000000 0.000000	0.000000 0.000000	0.000000 0.000000	0.000000 0.000000	0.000000 0.000000	0.000000 0.000000	
2 32 2 0.510000	0.999219 0.001953	0.000000 0.000000	0.000000 0.000000	0.000000 0.000000	0.000000 0.000000	0.000000 0.000000	0.000000 0.000000	0.000000 0.000000	0.000000 0.000000	0.000000 0.000000	0.000000 0.000000	
2 32 2 0.520000	0.998828 0.001953	0.000000 0.000000	0.000000 0.000000	0.000000 0.000000	0.000000 0.000000	0.000000 0.000000	0.000000 0.000000	0.000000 0.000000	0.000000 0.000000	0.000000 0.000000	0.000000 0.000000	
2 32 2 0.530000	1.000000 0.000000	0.000000 0.000000	0.000000 0.000000	0.000000 0.000000	0.000000 0.000000	0.000000 0.000000	0.000000 0.000000	0.000000 0.000000	0.000000 0.000000	0.000000 0.000000	0.000000 0.000000	
2 32 2 0.540000	0.997266 0.001953	0.000000 0.000000	0.000000 0.000000	0.000000 0.000000	0.000000 0.000000	0.000000 0.000000	0.000000 0.000000	0.000000 0.000000	0.000000 0.000000	0.000000 0.000000	0.000000 0.000000	
2 32 2 0.550000	0.999219 0.001953	0.000000 0.000000	0.000000 0.000000	0.000000 0.000000	0.000000 0.000000	0.000000 0.000000	0.000000 0.000000	0.000000 0.000000	0.000000 0.000000	0.000000 0.000000	0.000000 0.000000	
2 32 2 0.560000	0.999609 0.001953	0.000000 0.000000	0.000000 0.000000	0.000000 0.000000	0.000000 0.000000	0.000000 0.000000	0.000000 0.000000	0.000000 0.000000	0.000000 0.000000	0.000000 0.000000	0.000000 0.000000	
2 32 2 0.570000	0.998828 0.003906	0.000000 0.000000	0.000000 0.000000	0.000000 0.000000	0.000000 0.000000	0.000000 0.000000	0.000000 0.000000	0.000000 0.000000	0.000000 0.000000	0.000000 0.000000	0.000000 0.000000	
2 32 2 0.580000	0.998828 0.003906	0.000000 0.000000	0.000000 0.000000	0.000000 0.000000	0.000000 0.000000	0.000000 0.000000	0.000000 0.000000	0.000000 0.000000	0.000000 0.000000	0.000000 0.000000	0.000000 0.000000	
2 32 2 0.590000	0.997656 0.003906	0.000000 0.000000	0.000000 0.000000	0.000000 0.000000	0.000000 0.000000	0.000000 0.000000	0.000000 0.000000	0.000000 0.000000	0.000000 0.000000	0.000000 0.000000	0.000000 0.000000	
2 32 2 0.600000	0.998242 0.002930	0.000000 0.000000	0.000000 0.000000	0.000000 0.000000	0.000000 0.000000	0.000000 0.000000	0.000000 0.000000	0.000000 0.000000	0.000000 0.000000	0.000000 0.000000	0.000000 0.000000	
2 32 2 0.610000	0.997266 0.001953	0.000000 0.000000	0.000000 0.000000	0.000000 0.000000	0.000000 0.000000	0.000000 0.000000	0.000000 0.000000	0.000000 0.000000	0.000000 0.000000	0.000000 0.000000	0.000000 0.000000	
2 32 2 0.620000	0.997852 0.003906	0.000000 0.000000	0.000000 0.000000	0.000000 0.000000	0.000000 0.000000	0.000000 0.000000	0.000000 0.000000	0.000000 0.000000	0.000000 0.000000	0.000000 0.000000	0.000000 0.000000	
2 32 2 0.630000	0.995850 0.001587	0.000000 0.000000	0.000000 0.000000	0.000000 0.000000	0.000000 0.000000	0.000000 0.000000	0.000000 0.000000	0.000000 0.000000	0.000000 0.000000	0.000000 0.000000	0.000000 0.000000	
2 32 2 0.640000	0.997070 0.004883	0.000000 0.000000	0.000000 0.000000	0.000000 0.000000	0.000000 0.000000	0.000000 0.000000	0.000000 0.000000	0.000000 0.000000	0.000000 0.000000	0.000000 0.000000	0.000000 0.000000	
2 32 2 0.650000	0.994141 0.002232	0.011684 0.004437	0.000000 0.000000	0.000000 0.000000	0.000000 0.000000	0.000000 0.000000	0.000000 0.000000	0.000000 0.000000	0.000000 0.000000	0.000000 0.000000	0.000000 0.000000	
2 32 2 0.660000	0.994475 0.001256	0.011018 0.002497	0.000000 0.000000	0.000000 0.000000	0.000000 0.000000	0.000000 0.000000	0.000000 0.000000	0.000000 0.000000	0.000000 0.000000	0.000000 0.000000	0.000000 0.000000	
2 32 2 0.670000	0.991875 0.004687	0.016181 0.009305	0.000000 0.000000	0.000000 0.000000	0.000000 0.000000	0.000000 0.000000	0.000000 0.000000	0.000000 0.000000	0.000000 0.000000	0.000000 0.000000	0.000000 0.000000	
2 32 2 0.680000	0.993594 0.004297	0.012769 0.008532	0.000000 0.000000	0.000000 0.000000	0.000000 0.000000	0.000000 0.000000	0.000000 0.000000	0.000000 0.000000	0.000000 0.000000	0.000000 0.000000	0.000000 0.000000	
2 32 2 0.690000	0.992383 0.002930	0.015175 0.005816	0.000000 0.000000	0.000000 0.000000	0.000000 0.000000	0.000000 0.000000	0.000000 0.000000	0.000000 0.000000	0.000000 0.000000	0.000000 0.000000	0.000000 0.000000	
2 32 2 0.700000	0.992090 0.004395	0.015756 0.008718	0.000000 0.000000	0.000000 0.000000	0.000000 0.000000	0.000000 0.000000	0.000000 0.000000	0.000000 0.000000	0.000000 0.000000	0.000000 0.000000	0.000000 0.000000	
2 32 2 0.710000	0.987305 0.004883	0.025227 0.009637	0.001921 0.009604	0.001921 0.009604	0.000000 0.000000	0.000000 0.000000	0.000000 0.000000	0.000000 0.000000	0.000000 0.000000	0.000000 0.000000	0.000000 0.000000	
2 32 2 0.720000	0.989286 0.004743	0.021310 0.009382	0.000000 0.000000	0.000000 0.000000	0.000000 0.000000	0.000000 0.000000	0.000000 0.000000	0.000000 0.000000	0.000000 0.000000	0.000000 0.000000	0.000000 0.000000	
2 32 2 0.730000	0.989502 0.004395	0.020883 0.008690	0.000000 0.000000	0.000000 0.000000	0.000000 0.000000	0.000000 0.000000	0.000000 0.000000	0.000000 0.000000	0.000000 0.000000	0.000000 0.000000	0.000000 0.000000	
2 32 2 0.740000	0.984766 0.004688	0.030234 0.009240	0.001383 0.006917	0.000000 0.000000	0.000000 0.000000	0.000000 0.000000	0.000000 0.000000	0.000000 0.000000	0.000000 0.000000	0.000000 0.000000	0.000000 0.000000	
2 32 2 0.750000	0.986849 0.001628	0.026129 0.003213	0.000000 0.000000	0.000000 0.000000	0.000000 0.000000	0.000000 0.000000	0.000000 0.000000	0.000000 0.000000	0.000000 0.000000	0.000000 0.000000	0.000000 0.000000	
2 32 2 0.760000	0.984933 0.005022	0.029902 0.009890	0.000000 0.000000	0.000000 0.000000	0.000000 0.000000	0.000000 0.000000	0.000000 0.000000	0.000000 0.000000	0.000000 0.000000	0.000000 0.000000	0.000000 0.000000	
2 32 2 0.770000	0.983984 0.004687	0.031772 0.009230	0.000000 0.000000	0.000000 0.000000	0.000000 0.000000	0.000000 0.000000	0.000000 0.000000	0.000000 0.000000	0.000000 0.000000	0.000000 0.000000	0.000000 0.000000	
2 32 2 0.780000	0.983507 0.004557	0.032712 0.008969	0.000000 0.000000	0.000000 0.000000	0.000000 0.000000	0.000000 0.000000	0.000000 0.000000	0.000000 0.000000	0.000000 0.000000	0.001756 0.008782	0.000000 0.000000	
2 32 2 0.790000	0.980391 0.004883	0.038830 0.009574	0.000000 0.000000	0.000000 0.000000	0.000000 0.000000	0.000000 0.000000	0.000000 0.000000	0.000000 0.000000	0.000000 0.000000	0.000000 0.000000	0.000000 0.000000	
2 32 2 0.800000	0.979688 0.004136	0.040209 0.008102	0.001918 0.009591	0.000000 0.000000	0.000000 0.000000	0.000000 0.000000	0.000000 0.000000	0.000000 0.000000	0.000000 0.000000	0.000000 0.000000	0.000000 0.000000	
2 32 2 0.810000	0.977905 0.004883	0.043698 0.009546	0.000000 0.000000	0.000000 0.000000	0.000000 0.000000	0.000000 0.000000	0.000000 0.000000	0.000000 0.000000	0.000000 0.000000	0.000000 0.000000	0.000000 0.000000	
2 32 2 0.820000	0.976241 0.004940	0.046951 0.009643	0.000000 0.000000	0.000000 0.000000	0.000000 0.000000	0.000000 0.000000	0.000000 0.000000	0.001785 0.008926	0.000000 0.000000	0.000000 0.000000	0.000000 0.000000	
2 32 2 0.830000	0.975312 0.002734	0.048765 0.005335	0.000000 0.000000	0.000000 0.000000	0.000000 0.000000	0.000000 0.000000	0.000000 0.000000	0.000000 0.000000	0.000000 0.000000	0.000000 0.000000	0.000000 0.000000	
2 32 2 0.840000	0.973861 0.004720	0.051593 0.009186	0.000000 0.000000	0.000000 0.000000	0.000000 0.000000	0.000000 0.000000	0.000000 0.000000	0.000000 0.000000	0.000000 0.000000	0.000000 0.000000	0.000000 0.000000	
2 32 2 0.850000	0.970434 0.002559	0.058258 0.004967	0.001954 0.009768	0.000000 0.000000	0.000000 0.000000	0.000000 0.000000	0.000000 0.000000	0.000000 0.000000	0.000000 0.000000	0.000000 0.000000	0.000000 0.000000	
2 32 2 0.860000	0.968164 0.004616	0.062656 0.008941	0.001957 0.009783	0.000000 0.000000	0.000000 0.000000	0.000000 0.000000	0.000000 0.000000	0.000000 0.000000	0.000000 0.000000	0.000000 0.000000	0.000000 0.000000	
2 32 2 0.870000	0.965113 0.004743	0.068552 0.009158	0.000000 0.000000	0.000000 0.000000	0.000000 0.000000	0.000000 0.000000	0.000000 0.000000	0.000000 0.000000	0.000000 0.000000	0.000000 0.000000	0.000000 0.000000	
2 32 2 0.880000	0.963281 0.004193	0.072087 0.008080	0.013846 0.006005	0.000000 0.000000	0.000000 0.000000	0.000000 0.000000	0.000000 0.000000	0.000000 0.000000	0.000000 0.000000	0.000000 0.000000	0.000000 0.000000	
2 32 2 0.890000	0.960167 0.002623	0.078078 0.005037	0.001892 0.009461	0.000000 0.000000	0.000000 0.000000	0.000000 0.000000	0.000000 0.000000	0.000000 0.000000	0.000000 0.000000	0.000000 0.000000	0.000000 0.000000	
2 32 2 0.900000	0.955306 0.002658	0.087390 0.005079	0.015403 0.009763	0.000000 0.000000	0.000000 0.000000	0.000000 0.000000	0.000000 0.000000	0.000000 0.000000	0.000000 0.000000	0.000000 0.000000	0.000000 0.000000	
2 32 2 0.910000	0.951523 0.002441	0.094602 0.004647	0.015141 0.009597	0.000000 0.000000	0.000000 0.000000	0.001703 0.008517	0.000000 0.000000	0.000000 0.000000	0.000000 0.000000	0.000000 0.000000	0.000000 0.000000	
2 32 2 0.920000	0.950068 0.004883	0.097367 0.009287	0.016252 0.005142	0.000000 0.000000	0.000000 0.000000	0.000000 0.000000	0.000000 0.000000	0.000000 0.000000	0.000000 0.000000	0.000000 0.000000	0.000000 0.000000	
2 32 2 0.930000	0.945728 0.005280	0.105594 0.009983	0.019293 0.007225	0.001943 0.009713	0.000000 0.000000	0.000000 0.000000	0.000000 0.000000	0.000000 0.000000	0.000000 0.000000	0.000000 0.000000	0.000000 0.000000	
2 32 2 0.940000	0.943640 0.004639	0.109540 0.008752	0.021753 0.008516	0.001928 0.009638	0.000000 0.000000	0.000000 0.000000	0.000000 0.000000	0.000000 0.000000	0.000000 0.000000	0.000000 0.000000	0.000000 0.000000	
2 32 2 0.950000	0.939126 0.003997	0.118040 0.007506	0.021637 0.009591	0.000000 0.000000	0.000000 0.000000	0.000000 0.000000	0.000000 0.000000	0.000000 0.000000	0.000000 0.000000	0.000000 0.000000	0.000000 0.000000	
2 32 2 0.960000	0.933474 0.005359	0.128623 0.009997	0.027431 0.005475	0.000000 0.000000	0.000000 0.000000	0.000000 0.000000	0.000000 0.000000	0.000000 0.000000	0.000000 0.000000	0.000000 0.000000	0.000000 0.000000	
2 32 2 0.970000	0.928906 0.004325	0.137130 0.008034	0.027547 0.005008	0.001989 0.009945	0.000000 0.000000	0.000000 0.000000	0.000000 0.000000	0.000000 0.000000	0.000000 0.000000	0.000000 0.000000	0.000000 0.000000	
2 32 2 0.980000	0.923422 0.002231	0.147291 0.004120	0.034165 0.005155	0.000000 0.000000	0.000000 0.000000	0.000000 0.000000	0.000000 0.000000	0.000000 0.000000	0.000000 0.000000	0.000000 0.000000	0.000000 0.000000	
2 32 2 0.990000	0.918415 0.002901	0.156513 0.005327	0.036606 0.004677	0.011087 0.003038	0.000000 0.000000	0.000000 0.000000	0.000000 0.000000	0.000000 0.000000	0.000000 0.000000	0.000000 0.000000	0.000000 0.000000	
2 32 2 1.000000	0.911114 0.005415	0.169868 0.009864	0.043426 0.008639	0.014622 0.002842	0.000000 0.000000	0.000000 0.000000	0.000000 0.000000	0.000000 0.000000	0.000000 0.000000	0.000000 0.000000	0.000000 0.000000	
2 32 2 1.010000	0.903399 0.003090	0.183869 0.005585	0.045400 0.004321	0.015264 0.009550	0.000000 0.000000	0.000000 0.000000	0.000000 0.000000	0.000000 0.000000	0.000000 0.000000	0.000000 0.000000	0.000000 0.000000	
2 32 2 1.020000	0.896603 0.005378	0.196099 0.009650	0.050766 0.004419	0.017721 0.005561	0.000000 0.000000	0.000000 0.000000	0.000000 0.000000	0.000000 0.000000	0.000000 0.000000	0.000000 0.000000	0.000000 0.000000	
2 32 2 1.030000	0.889823 0.002216	0.208215 0.003942	0.057952 0.004456	0.021195 0.005816	0.001991 0.009957	0.000000 0.000000	0.000000 0.000000	0.000000 0.000000	0.000000 0.000000	0.000000 0.000000	0.000000 0.000000	
2 32 2 1.040000	0.878696 0.004719	0.227891 0.008296	0.068790 0.008097	0.026155 0.006939	0.012800 0.006957	0.001998 0.009988	0.000000 0.000000	0.000000 0.000000	0.000000 0.000000	0.000000 0.000000	0.000000 0.000000	
2 32 2 1.050000	0.870667 0.001788	0.241939 0.003112	0.074722 0.006893	0.028485 0.004722	0.014548 0.003456	0.000000 0.000000	0.000000 0.000000	0.000000 0.000000	0.000000 0.000000	0.000000 0.000000	0.000000 0.000000	
2 32 2 1.060000	0.858277 0.001559	0.263360 0.002677	0.085065 0.000912	0.036082 0.002202	0.018349 0.001111	0.010555 0.001133	0.000000 0.000000	0.000000 0.000000	0.000000 0.000000	0.000000 0.000000	0.000000 0.000000	
2 32 2 1.070000	0.844119 0.004145	0.287460 0.006994	0.099090 0.005966	0.044616 0.003994	0.023795 0.003064	0.014920 0.001693	0.001996 0.009982	0.000000 0.000000	0.000000 0.000000	0.000000 0.000000	0.000000 0.000000	
2 32 2 1.080000	0.830256 0.004633	0.310672 0.007683	0.111410 0.004855	0.052322 0.004607	0.030047 0.003624	0.017719 0.002485	0.012055 0.003184	0.000000 0.000000	0.000000 0.000000	0.000000 0.000000	0.000000 0.000000	
2 32 2 1.090000	0.813762 0.005583	0.337787 0.009091	0.127479 0.007666	0.062111 0.004453	0.035920 0.001943	0.022919 0.005227	0.014976 0.003765	0.000000 0.000000	0.000000 0.000000	0.000000 0.000000	0.000000 0.000000	
2 32 2 1.100000	0.792907 0.003871	0.371296 0.006140	0.147359 0.005534	0.077206 0.004344	0.046313 0.003354	0.030475 0.003623	0.021383 0.003558	0.015633 0.002959	0.010954 0.003095	0.000000 0.000000	0.000000 0.000000	
2 32 2 1.110000	0.769031 0.004387	0.408588 0.006741	0.170806 0.008741	0.093614 0.009148	0.057507 0.009403	0.039086 0.007193	0.028648 0.006445	0.021160 0.005125	0.015809 0.006793	0.012557 0.007915	0.000000 0.000000	
2 32 2 1.120000	0.741313 0.006493	0.450448 0.009630	0.198883 0.008247	0.112623 0.007867	0.073372 0.008181	0.052096 0.006725	0.038963 0.005404	0.027704 0.008010	0.022158 0.004153	0.016907 0.003515	0.012377 0.005369	
2 32 2 1.130000	0.710400 0.006826	0.495326 0.009708	0.229622 0.008677	0.135987 0.004595	0.090799 0.004061	0.065457 0.003441	0.048952 0.002204	0.037193 0.003707	0.028852 0.002165	0.023124 0.002222	0.016808 0.002047	
2 32 2 1.140000	0.672761 0.006395	0.547388 0.008593	0.265290 0.009034	0.163058 0.008879	0.112851 0.006838	0.082906 0.009951	0.062826 0.009419	0.049338 0.006804	0.039212 0.007041	0.030213 0.006623	0.024592 0.007573	
2 32 2 1.150000	0.633052 0.001123	0.599245 0.001422	0.300421 0.003241	0.188676 0.005826	0.132733 0.006865	0.097555 0.006207	0.076250 0.009316	0.059362 0.004737	0.044728 0.008911	0.036667 0.009693	0.030537 0.007210	
2 32 2 1.160000	0.591619 0.008453	0.649979 0.009981	0.336795 0.006008	0.215330 0.002514	0.154889 0.005563	0.116389 0.006512	0.090499 0.003186	0.070734 0.006310	0.056532 0.004517	0.045569 0.005212	0.036486 0.002983	
2 32 2 1.170000	0.545103 0.008169	0.702849 0.008908	0.372118 0.007471	0.243523 0.007662	0.177063 0.004655	0.134425 0.006925	0.105049 0.009640	0.081496 0.009447	0.065156 0.009935	0.053908 0.007611	0.040746 0.009439	
2 32 2 1.180000	0.497971 0.009432	0.752010 0.009395	0.406969 0.009763	0.268422 0.006741	0.197653 0.003960	0.150695 0.002758	0.117390 0.002578	0.092811 0.003048	0.073233 0.002899	0.058437 0.005229	0.046898 0.003342	
2 32 2 1.190000	0.449421 0.009824	0.798004 0.008838	0.436174 0.009979	0.289858 0.007071	0.210558 0.002006	0.160391 0.003881	0.125053 0.002906	0.097335 0.004911	0.077447 0.005208	0.061589 0.006116	0.049052 0.005305	
2 32 2 1.200000	0.411142 0.009704	0.830947 0.007986	0.457228 0.009787	0.303589 0.007197	0.220275 0.009554	0.167342 0.009808	0.130102 0.006639	0.101161 0.006643	0.079368 0.006184	0.062452 0.005755	0.048667 0.005759	
2 32 2 1.210000	0.368562 0.009907	0.864150 0.007305	0.478870 0.008992	0.314982 0.008371	0.229539 0.007691	0.171481 0.009932	0.131643 0.008533	0.100175 0.005879	0.078314 0.009099	0.056955 0.003885	0.046234 0.006602	
2 32 2 1.220000	0.333849 0.009956	0.888533 0.006680	0.488143 0.004137	0.320942 0.004412	0.231670 0.002760	0.172969 0.001764	0.131503 0.003777	0.099662 0.003757	0.076906 0.003906	0.059206 0.005808	0.043471 0.004686	
2 32 2 1.230000	0.297422 0.009921	0.911524 0.005905	0.498576 0.003166	0.327976 0.004517	0.234635 0.002998	0.173648 0.003409	0.133585 0.003656	0.100166 0.005539	0.077681 0.009209	0.057381 0.008291	0.042310 0.007595	
2 32 2 1.240000	0.272402 0.009890	0.925782 0.005380	0.501921 0.006154	0.324273 0.006041	0.229448 0.005300	0.167585 0.004065	0.123544 0.007006	0.093252 0.004187	0.068152 0.005287	0.050692 0.005885	0.035041 0.005736	
2 32 2 1.250000	0.245546 0.008247	0.939698 0.004032	0.506577 0.003315	0.325358 0.005291	0.225825 0.005702	0.163247 0.007072	0.119115 0.009567	0.088815 0.006646	0.067218 0.009089	0.048548 0.003743	0.032450 0.008211	
2 32 2 1.260000	0.229201 0.009933	0.947453 0.004513	0.504227 0.006797	0.319817 0.006337	0.220236 0.002465	0.158898 0.004801	0.115939 0.006255	0.083730 0.008713	0.059700 0.002579	0.042234 0.004267	0.027945 0.002378	
2 32 2 1.270000	0.208417 0.007381	0.956556 0.003092	0.505924 0.005469	0.318317 0.009153	0.217925 0.008029	0.154585 0.006302	0.109649 0.002778	0.080567 0.007798	0.057543 0.009799	0.039595 0.005383	0.025095 0.003262	
2 32 2 1.280000	0.199660 0.009725	0.960121 0.003848	0.499288 0.003045	0.309067 0.005995	0.209867 0.006671	0.147126 0.005007	0.105434 0.007160	0.073905 0.005814	0.051006 0.005551	0.034818 0.005593	0.021518 0.002906	
2 32 2 1.290000	0.186800 0.008984	0.965095 0.003355	0.495545 0.007722	0.303127 0.009559	0.199412 0.007334	0.138285 0.009981	0.098141 0.002064	0.066829 0.005779	0.045922 0.007789	0.028756 0.006558	0.016429 0.004654	
2 32 2 1.300000	0.173999 0.006782	0.969719 0.002372	0.490494 0.009866	0.295023 0.006800	0.193253 0.005218	0.130922 0.008620	0.089801 0.008886	0.061208 0.008507	0.042678 0.009777	0.026159 0.006466	0.014261 0.005768	
2 32 2 1.310000	0.163591 0.004876	0.973234 0.001598	0.489253 0.004727	0.290838 0.007571	0.187193 0.003759	0.125395 0.006257	0.085578 0.003382	0.057124 0.004934	0.037849 0.005436	0.023894 0.004019	0.012470 0.006154	
2 32 2 1.320000	0.158009 0.009659	0.975023 0.003031	0.483551 0.008794	0.283617 0.007804	0.182297 0.003069	0.121885 0.004324	0.081358 0.006308	0.053507 0.004344	0.033315 0.004515	0.020131 0.006525	0.000000 0.000000	
2 32 2 1.330000	0.145109 0.009583	0.978928 0.002778	0.479644 0.004044	0.278866 0.003547	0.174629 0.004641	0.114096 0.002341	0.075123 0.003985	0.048187 0.009953	0.030304 0.009102	0.017603 0.005354	0.001974 0.009869	
2 32 2 1.340000	0.140728 0.009947	0.980183 0.002810	0.474754 0.009058	0.272788 0.008746	0.168607 0.009037	0.107078 0.007582	0.071420 0.007118	0.042473 0.007327	0.027604 0.009347	0.015072 0.005341	0.000000 0.000000	
2 32 2 1.350000	0.132745 0.008228	0.982370 0.002162	0.471249 0.004205	0.266214 0.004972	0.164063 0.007170	0.104622 0.004538	0.067344 0.005942	0.040842 0.005903	0.024558 0.004468	0.014619 0.004411	0.001991 0.009954	
2 32 2 1.360000	0.128738 0.006392	0.983421 0.001649	0.465974 0.003305	0.258123 0.002222	0.155074 0.004331	0.097357 0.002496	0.062289 0.003409	0.039030 0.002853	0.022292 0.005052	0.011475 0.003987	0.000000 0.000000	
2 32 2 1.370000	0.123794 0.009810	0.984659 0.002429	0.460941 0.005987	0.252577 0.007579	0.149898 0.009199	0.092802 0.004425	0.060142 0.006198	0.034614 0.004991	0.020877 0.008155	0.000000 0.000000	0.000000 0.000000	
2 32 2 1.380000	0.125507 0.008573	0.984238 0.002149	0.455862 0.007433	0.245116 0.002513	0.145596 0.006288	0.088434 0.008976	0.054222 0.009966	0.032390 0.008697	0.016419 0.008228	0.000000 0.000000	0.000000 0.000000	
2 32 2 1.390000	0.113549 0.009794	0.987095 0.002199	0.452731 0.004899	0.240305 0.003421	0.138409 0.005163	0.082985 0.008192	0.049575 0.009350	0.028623 0.004938	0.014570 0.008588	0.000000 0.000000	0.000000 0.000000	
2 32 2 1.400000	0.114430 0.009877	0.986892 0.002246	0.446807 0.009087	0.237730 0.006984	0.139432 0.009334	0.083102 0.008176	0.048300 0.009303	0.027820 0.006604	0.014129 0.008634	0.000000 0.000000	0.000000 0.000000	
2 32 2 1.410000	0.110575 0.006910	0.987768 0.001525	0.442442 0.006058	0.232973 0.004728	0.130496 0.005187	0.076186 0.004650	0.045293 0.003980	0.026440 0.005140	0.012866 0.004780	0.000000 0.000000	0.000000 0.000000	
2 32 2 1.420000	0.106102 0.006565	0.988736 0.001398	0.437304 0.005416	0.225730 0.003095	0.126310 0.005185	0.072625 0.004428	0.041065 0.003559	0.021645 0.002784	0.011405 0.003056	0.000000 0.000000	0.000000 0.000000	
2 32 2 1.430000	0.102162 0.002895	0.989562 0.000592	0.432819 0.006635	0.220731 0.006185	0.121711 0.008649	0.070310 0.008276	0.039106 0.004189	0.022001 0.002948	0.012590 0.006071	0.000000 0.000000	0.000000 0.000000	
2 32 2 1.440000	0.103294 0.008264	0.989318 0.001713	0.429050 0.004399	0.216497 0.001625	0.117872 0.009529	0.066173 0.009933	0.036419 0.005130	0.019828 0.005050	0.000000 0.000000	0.000000 0.000000	0.000000 0.000000	
2 32 2 1.450000	0.099490 0.009787	0.990088 0.001971	0.425456 0.004361	0.212486 0.007096	0.114848 0.004810	0.063620 0.002236	0.034776 0.004924	0.019501 0.005522	0.000000 0.000000	0.000000 0.000000	0.000000 0.000000	
2 32 2 1.460000	0.097925 0.007244	0.990405 0.001415	0.420672 0.009319	0.206811 0.006365	0.109771 0.001579	0.063608 0.006603	0.035374 0.005359	0.019173 0.005115	0.012017 0.003935	0.000000 0.000000	0.000000 0.000000	
2 32 2 1.470000	0.094986 0.004601	0.990975 0.000879	0.416274 0.007806	0.201122 0.008222	0.108722 0.006150	0.058903 0.003848	0.032707 0.005264	0.014998 0.006376	0.000000 0.000000	0.000000 0.000000	0.000000 0.000000	
2 32 2 1.480000	0.091524 0.007469	0.991616 0.001384	0.411618 0.006041	0.195125 0.007813	0.104830 0.008998	0.051592 0.006921	0.029760 0.006518	0.014916 0.007297	0.001952 0.009762	0.000000 0.000000	0.000000 0.000000	
2 32 2 1.490000	0.092666 0.006981	0.991407 0.001285	0.409357 0.008218	0.197491 0.006759	0.100276 0.007056	0.053743 0.007947	0.028457 0.005543	0.012177 0.006417	0.000000 0.000000	0.000000 0.000000	0.000000 0.000000	
2 32 2 1.500000	0.088801 0.009903	0.992103 0.001779	0.403928 0.006802	0.190024 0.007081	0.097462 0.008753	0.050488 0.006772	0.026299 0.003381	0.012857 0.004222	0.000000 0.000000	0.000000 0.000000	0.000000 0.000000	
2 32 2 1.510000	0.085162 0.009734	0.992733 0.001671	0.401198 0.002867	0.185302 0.003261	0.093074 0.006714	0.047981 0.001575	0.025647 0.009022	0.012590 0.005127	0.000000 0.000000	0.000000 0.000000	0.000000 0.000000	
2 32 2 1.520000	0.084303 0.004051	0.992891 0.000684	0.397192 0.004467	0.183848 0.003812	0.092629 0.008425	0.047970 0.009546	0.025052 0.004606	0.011672 0.002694	0.000000 0.000000	0.000000 0.000000	0.000000 0.000000	
2 32 2 1.530000	0.082936 0.002975	0.993121 0.000496	0.394546 0.003226	0.179870 0.002990	0.088278 0.003456	0.043867 0.004019	0.021399 0.004082	0.001994 0.009971	0.000000 0.000000	0.000000 0.000000	0.000000 0.000000	
2 32 2 1.540000	0.082500 0.009730	0.993181 0.001562	0.390823 0.003829	0.172662 0.008310	0.084575 0.008388	0.041455 0.007469	0.020442 0.009525	0.002000 0.009998	0.000000 0.000000	0.000000 0.000000	0.000000 0.000000	
2 32 2 1.550000	0.079844 0.006861	0.993618 0.001108	0.387128 0.007531	0.172558 0.008949	0.085547 0.009574	0.041567 0.003261	0.020976 0.009688	0.000000 0.000000	0.000000 0.000000	0.000000 0.000000	0.000000 0.000000	
2 32 2 1.560000	0.076673 0.005740	0.994118 0.000881	0.381675 0.009811	0.169092 0.009533	0.080694 0.006091	0.037122 0.005170	0.016193 0.008201	0.000000 0.000000	0.000000 0.000000	0.000000 0.000000	0.000000 0.000000	
2 32 2 1.570000	0.079799 0.003156	0.993630 0.000502	0.380300 0.009464	0.165131 0.008918	0.076913 0.003400	0.037285 0.008805	0.016455 0.006465	0.000000 0.000000	0.000000 0.000000	0.000000 0.000000	0.000000 0.000000	
2 32 2 1.580000	0.075149 0.009984	0.994337 0.001508	0.375166 0.007585	0.161852 0.005770	0.074471 0.002528	0.035768 0.009892	0.015611 0.005275	0.000000 0.000000	0.000000 0.000000	0.000000 0.000000	0.000000 0.000000	
2 32 2 1.590000	0.076295 0.008219	0.994171 0.001232	0.372717 0.006669	0.159505 0.005136	0.075268 0.006793	0.032604 0.004107	0.015875 0.006845	0.000000 0.000000	0.000000 0.000000	0.000000 0.000000	0.000000 0.000000	
2 32 2 1.600000	0.074364 0.005176	0.994467 0.000778	0.368979 0.004719	0.156641 0.007968	0.073871 0.007238	0.031657 0.006124	0.016482 0.009842	0.000000 0.000000	0.000000 0.000000	0.000000 0.000000	0.000000 0.000000	
2 32 2 1.610000	0.074367 0.009026	0.994461 0.001344	0.364643 0.009558	0.151518 0.009926	0.066706 0.006375	0.029268 0.005862	0.013482 0.004826	0.000000 0.000000	0.000000 0.000000	0.000000 0.000000	0.000000 0.000000	
2 32 2 1.620000	0.072602 0.005829	0.994725 0.000838	0.364736 0.009724	0.150629 0.007167	0.067143 0.003398	0.030869 0.006042	0.011244 0.003427	0.000000 0.000000	0.000000 0.000000	0.000000 0.000000	0.000000 0.000000	
2 32 2 1.630000	0.069671 0.008914	0.995137 0.001231	0.361360 0.007168	0.148830 0.007392	0.062504 0.009974	0.027591 0.008690	0.013099 0.006508	0.000000 0.000000	0.000000 0.000000	0.000000 0.000000	0.000000 0.000000	
2 32 2 1.640000	0.070892 0.001368	0.994974 0.000194	0.357339 0.003653	0.146493 0.003858	0.063355 0.001921	0.028761 0.001261	0.011329 0.002827	0.000000 0.000000	0.000000 0.000000	0.000000 0.000000	0.000000 0.000000	
2 32 2 1.650000	0.068364 0.001297	0.995326 0.000177	0.354826 0.002855	0.143060 0.004489	0.062713 0.001468	0.027895 0.002663	0.012198 0.002759	0.000000 0.000000	0.000000 0.000000	0.000000 0.000000	0.000000 0.000000	
2 32 2 1.660000	0.069607 0.003227	0.995153 0.000451	0.351264 0.005252	0.140672 0.009137	0.060547 0.003596	0.027384 0.004048	0.010431 0.001078	0.000000 0.000000	0.000000 0.000000	0.000000 0.000000	0.000000 0.000000	
2 32 2 1.670000	0.067615 0.007195	0.995422 0.000967	0.351525 0.003157	0.138312 0.000863	0.058816 0.006784	0.025623 0.008896	0.000000 0.000000	0.000000 0.000000	0.000000 0.000000	0.000000 0.000000	0.000000 0.000000	
2 32 2 1.680000	0.067047 0.002395	0.995504 0.000322	0.345353 0.005145	0.136070 0.007342	0.055344 0.007667	0.025293 0.004803	0.001991 0.009954	0.000000 0.000000	0.000000 0.000000	0.000000 0.000000	0.000000 0.000000	
2 32 2 1.690000	0.065862 0.004457	0.995659 0.000589	0.344246 0.001815	0.134105 0.009847	0.056342 0.006248	0.025282 0.007959	0.000000 0.000000	0.000000 0.000000	0.000000 0.000000	0.000000 0.000000	0.000000 0.000000	
2 32 2 1.700000	0.061611 0.003827	0.996201 0.000469	0.341577 0.005922	0.130701 0.004768	0.052213 0.008530	0.022110 0.009806	0.000000 0.000000	0.000000 0.000000	0.000000 0.000000	0.000000 0.000000	0.000000 0.000000	
2 32 2 1.710000	0.067463 0.004808	0.995446 0.000643	0.337909 0.009310	0.128623 0.009959	0.053233 0.003064	0.022470 0.006449	0.000000 0.000000	0.000000 0.000000	0.000000 0.000000	0.000000 0.000000	0.000000 0.000000	
2 32 2 1.720000	0.066071 0.003548	0.995633 0.000468	0.334373 0.005469	0.125895 0.009424	0.049255 0.008102	0.020875 0.006742	0.000000 0.000000	0.000000 0.000000	0.000000 0.000000	0.000000 0.000000	0.000000 0.000000	
2 32 2 1.730000	0.063521 0.004944	0.995962 0.000622	0.331451 0.009417	0.121358 0.006251	0.049812 0.008855	0.019910 0.007336	0.000000 0.000000	0.000000 0.000000	0.000000 0.000000	0.000000 0.000000	0.000000 0.000000	
2 32 2 1.740000	0.063246 0.007588	0.995993 0.000958	0.328404 0.009920	0.119262 0.006461	0.048404 0.008398	0.014497 0.001681	0.000000 0.000000	0.000000 0.000000	0.000000 0.000000	0.000000 0.000000	0.000000 0.000000	
2 32 2 1.750000	0.063231 0.005249	0.995999 0.000661	0.326543 0.007974	0.120943 0.009749	0.047505 0.009512	0.019930 0.006907	0.000000 0.000000	0.000000 0.000000	0.000000 0.000000	0.000000 0.000000	0.000000 0.000000	
2 32 2 1.760000	0.061393 0.006609	0.996225 0.000834	0.328919 0.008512	0.118294 0.007533	0.044908 0.009866	0.017515 0.006231	0.000000 0.000000	0.000000 0.000000	0.000000 0.000000	0.000000 0.000000	0.000000 0.000000	
2 32 2 1.770000	0.062571 0.006726	0.996079 0.000831	0.323066 0.009919	0.119747 0.009072	0.044860 0.006452	0.016993 0.008089	0.000000 0.000000	0.000000 0.000000	0.000000 0.000000	0.000000 0.000000	0.000000 0.000000	
2 32 2 1.780000	0.062406 0.005208	0.996103 0.000649	0.321956 0.005106	0.116085 0.009757	0.044924 0.007095	0.013776 0.005609	0.000000 0.000000	0.000000 0.000000	0.000000 0.000000	0.000000 0.000000	0.000000 0.000000	
2 32 2 1.790000	0.059798 0.006241	0.996420 0.000746	0.320672 0.005476	0.113259 0.009878	0.043021 0.006266	0.015805 0.004073	0.000000 0.000000	0.000000 0.000000	0.000000 0.000000	0.000000 0.000000	0.000000 0.000000	
2 32 2 1.800000	0.058648 0.007236	0.996555 0.000854	0.315360 0.004869	0.113614 0.007539	0.041889 0.008899	0.016113 0.009401	0.000000 0.000000	0.000000 0.000000	0.000000 0.000000	0.000000 0.000000	0.000000 0.000000	
2 32 2 1.810000	0.059062 0.008714	0.996501 0.001052	0.316826 0.009623	0.111224 0.008520	0.040779 0.007935	0.016118 0.009210	0.001988 0.009940	0.000000 0.000000	0.000000 0.000000	0.000000 0.000000	0.000000 0.000000	
2 32 2 1.820000	0.060032 0.009662	0.996385 0.001166	0.311290 0.003558	0.105157 0.008457	0.039759 0.005998	0.014830 0.007526	0.000000 0.000000	0.000000 0.000000	0.000000 0.000000	0.000000 0.000000	0.000000 0.000000	
2 32 2 1.830000	0.057369 0.002146	0.996708 0.000246	0.309472 0.009663	0.107126 0.001211	0.038157 0.005878	0.012323 0.004927	0.000000 0.000000	0.000000 0.000000	0.000000 0.000000	0.000000 0.000000	0.000000 0.000000	
2 32 2 1.840000	0.056589 0.002840	0.996797 0.000324	0.309512 0.009651	0.104640 0.005770	0.038679 0.005972	0.010653 0.001686	0.000000 0.000000	0.000000 0.000000	0.000000 0.000000	0.000000 0.000000	0.000000 0.000000	
2 32 2 1.850000	0.058160 0.007997	0.996608 0.000926	0.302775 0.008798	0.102729 0.006773	0.035188 0.009406	0.014372 0.008402	0.000000 0.000000	0.000000 0.000000	0.000000 0.000000	0.000000 0.000000	0.000000 0.000000	
2 32 2 1.860000	0.056602 0.004130	0.996794 0.000468	0.302972 0.004054	0.103233 0.004692	0.035428 0.003578	0.013450 0.005708	0.000000 0.000000	0.000000 0.000000	0.000000 0.000000	0.000000 0.000000	0.000000 0.000000	
2 32 2 1.870000	0.056136 0.007035	0.996841 0.000796	0.303809 0.009337	0.101684 0.009952	0.034314 0.009158	0.013187 0.005120	0.000000 0.000000	0.000000 0.000000	0.000000 0.000000	0.000000 0.000000	0.000000 0.000000	
2 32 2 1.880000	0.056931 0.003571	0.996756 0.000409	0.299662 0.004793	0.099716 0.002560	0.035645 0.003125	0.011473 0.002581	0.000000 0.000000	0.000000 0.000000	0.000000 0.000000	0.000000 0.000000	0.000000 0.000000	
2 32 2 1.890000	0.055241 0.007771	0.996941 0.000868	0.296400 0.009463	0.098207 0.009516	0.030371 0.009131	0.011705 0.002090	0.000000 0.000000	0.000000 0.000000	0.000000 0.000000	0.000000 0.000000	0.000000 0.000000	
2 32 2 1.900000	0.056007 0.003353	0.996862 0.000378	0.296720 0.007171	0.096158 0.006547	0.034009 0.002070	0.012521 0.004201	0.000000 0.000000	0.000000 0.000000	0.000000 0.000000	0.000000 0.000000	0.000000 0.000000	
2 32 2 1.910000	0.055892 0.003215	0.996875 0.000356	0.293138 0.007457	0.094318 0.003094	0.032945 0.008022	0.011229 0.003300	0.000000 0.000000	0.000000 0.000000	0.000000 0.000000	0.000000 0.000000	0.000000 0.000000	
2 32 2 1.920000	0.055089 0.003169	0.996964 0.000346	0.292908 0.004629	0.092620 0.005647	0.031668 0.005718	0.010974 0.001678	0.000000 0.000000	0.000000 0.000000	0.000000 0.000000	0.000000 0.000000	0.000000 0.000000	
2 32 2 1.930000	0.053948 0.002416	0.997089 0.000261	0.290187 0.004142	0.092772 0.004606	0.030633 0.004045	0.001996 0.009981	0.000000 0.000000	0.000000 0.000000	0.000000 0.000000	0.000000 0.000000	0.000000 0.000000	
2 32 2 1.940000	0.054735 0.004478	0.997002 0.000486	0.287603 0.005724	0.091945 0.002329	0.029702 0.005021	0.001993 0.009964	0.000000 0.000000	0.000000 0.000000	0.000000 0.000000	0.000000 0.000000	0.000000 0.000000	
2 32 2 1.950000	0.054930 0.007516	0.996975 0.000830	0.286840 0.004883	0.089089 0.003606	0.030348 0.006477	0.000000 0.000000	0.000000 0.000000	0.000000 0.000000	0.000000 0.000000	0.000000 0.000000	0.000000 0.000000	
2 32 2 1.960000	0.053498 0.005171	0.997135 0.000556	0.283467 0.004424	0.088632 0.003937	0.029923 0.004973	0.001998 0.009989	0.000000 0.000000	0.000000 0.000000	0.000000 0.000000	0.000000 0.000000	0.000000 0.000000	
2 32 2 1.970000	0.054097 0.005296	0.997070 0.000570	0.280775 0.003826	0.087535 0.005223	0.028553 0.008995	0.000000 0.000000	0.000000 0.000000	0.000000 0.000000	0.000000 0.000000	0.000000 0.000000	0.000000 0.000000	
2 32 2 1.980000	0.050204 0.008459	0.997472 0.000856	0.283818 0.006597	0.082537 0.006349	0.028390 0.008740	0.000000 0.000000	0.000000 0.000000	0.000000 0.000000	0.000000 0.000000	0.001969 0.009847	0.000000 0.000000	
2 32 2 1.990000	0.052273 0.000899	0.997267 0.000094	0.278342 0.003409	0.084887 0.005716	0.025303 0.003870	0.001999 0.009997	0.000000 0.000000	0.000000 0.000000	0.000000 0.000000	0.000000 0.000000	0.000000 0.000000	
2 32 2 2.000000	0.053123 0.007829	0.997169 0.000842	0.277414 0.006402	0.082361 0.009776	0.028783 0.009932	0.000000 0.000000	0.000000 0.000000	0.000000 0.000000	0.000000 0.000000	0.000000 0.000000	0.000000 0.000000	
2 32 2 2.010000	0.053703 0.005415	0.997112 0.000582	0.278368 0.009544	0.086469 0.007549	0.026510 0.005846	0.000000 0.000000	0.000000 0.000000	0.000000 0.000000	0.000000 0.000000	0.000000 0.000000	0.000000 0.000000	
2 32 2 2.020000	0.051025 0.005753	0.997393 0.000590	0.275065 0.009926	0.082320 0.009109	0.027694 0.003894	0.000000 0.000000	0.000000 0.000000	0.000000 0.000000	0.000000 0.000000	0.000000 0.000000	0.000000 0.000000	
2 32 2 2.030000	0.050800 0.007205	0.997413 0.000722	0.271761 0.009787	0.078630 0.006538	0.024673 0.007457	0.000000 0.000000	0.000000 0.000000	0.000000 0.000000	0.000000 0.000000	0.000000 0.000000	0.000000 0.000000	
2 32 2 2.040000	0.049890 0.006967	0.997505 0.000682	0.269214 0.009973	0.081356 0.005850	0.024107 0.008761	0.000000 0.000000	0.000000 0.000000	0.000000 0.000000	0.000000 0.000000	0.000000 0.000000	0.000000 0.000000	
2 32 2 2.050000	0.050109 0.007898	0.997479 0.000800	0.270099 0.004319	0.080937 0.008444	0.023531 0.008101	0.000000 0.000000	0.000000 0.000000	0.000000 0.000000	0.000000 0.000000	0.000000 0.000000	0.000000 0.000000	
2 32 2 2.060000	0.048727 0.004194	0.997623 0.000412	0.269046 0.009886	0.079342 0.006456	0.024337 0.006592	0.000000 0.000000	0.000000 0.000000	0.000000 0.000000	0.000000 0.000000	0.000000 0.000000	0.000000 0.000000	
2 32 2 2.070000	0.046474 0.006887	0.997834 0.000654	0.269505 0.003857	0.077664 0.009388	0.023124 0.002964	0.000000 0.000000	0.000000 0.000000	0.000000 0.000000	0.000000 0.000000	0.000000 0.000000	0.000000 0.000000	
2 32 2 2.080000	0.049721 0.006198	0.997522 0.000611	0.264253 0.009589	0.075877 0.008238	0.021479 0.009498	0.000000 0.000000	0.000000 0.000000	0.000000 0.000000	0.000000 0.000000	0.000000 0.000000	0.000000 0.000000	
2 32 2 2.090000	0.048856 0.009558	0.997602 0.000929	0.262649 0.009504	0.074012 0.009898	0.019184 0.007063	0.000000 0.000000	0.000000 0.000000	0.000000 0.000000	0.000000 0.000000	0.000000 0.000000	0.000000 0.000000	
2 32 2 2.100000	0.048365 0.009519	0.997646 0.000932	0.264988 0.009683	0.075218 0.007714	0.021409 0.009676	0.000000 0.000000	0.000000 0.000000	0.000000 0.000000	0.000000 0.000000	0.000000 0.000000	0.000000 0.000000	
2 32 2 2.110000	0.048871 0.002774	0.997610 0.000270	0.257681 0.009832	0.072249 0.006740	0.021484 0.007696	0.000000 0.000000	0.000000 0.000000	0.000000 0.000000	0.000000 0.000000	0.000000 0.000000	0.000000 0.000000	
2 32 2 2.120000	0.048061 0.003643	0.997689 0.000348	0.258082 0.009868	0.073342 0.009968	0.019219 0.005888	0.000000 0.000000	0.000000 0.000000	0.000000 0.000000	0.000000 0.000000	0.000000 0.000000	0.000000 0.000000	
2 32 2 2.130000	0.049275 0.006593	0.997567 0.000647	0.256713 0.005067	0.071303 0.003730	0.018359 0.009340	0.000000 0.000000	0.000000 0.000000	0.000000 0.000000	0.000000 0.000000	0.000000 0.000000	0.000000 0.000000	
2 32 2 2.140000	0.051156 0.007129	0.997377 0.000727	0.258582 0.008103	0.071661 0.006568	0.023046 0.004982	0.000000 0.000000	0.000000 0.000000	0.000000 0.000000	0.000000 0.000000	0.000000 0.000000	0.000000 0.000000	
2 32 2 2.150000	0.049091 0.009819	0.997576 0.000958	0.253862 0.009487	0.070481 0.008232	0.019083 0.008332	0.000000 0.000000	0.000000 0.000000	0.000000 0.000000	0.000000 0.000000	0.000000 0.000000	0.000000 0.000000	
2 32 2 2.160000	0.046852 0.002533	0.997804 0.000239	0.252708 0.007215	0.064776 0.009438	0.018694 0.006490	0.000000 0.000000	0.000000 0.000000	0.000000 0.000000	0.000000 0.000000	0.000000 0.000000	0.000000 0.000000	
2 32 2 2.170000	0.047493 0.006887	0.997737 0.000663	0.250299 0.009935	0.068801 0.007428	0.020252 0.008157	0.000000 0.000000	0.000000 0.000000	0.000000 0.000000	0.000000 0.000000	0.000000 0.000000	0.000000 0.000000	
2 32 2 2.180000	0.047742 0.006032	0.997716 0.000582	0.248888 0.008483	0.065019 0.007310	0.016315 0.009712	0.000000 0.000000	0.000000 0.000000	0.000000 0.000000	0.000000 0.000000	0.000000 0.000000	0.000000 0.000000	
2 32 2 2.190000	0.046965 0.008867	0.997784 0.000863	0.249216 0.007922	0.067771 0.009695	0.019884 0.008109	0.000000 0.000000	0.000000 0.000000	0.000000 0.000000	0.000000 0.000000	0.000000 0.000000	0.000000 0.000000	
2 32 2 2.200000	0.046685 0.006040	0.997816 0.000556	0.248007 0.009573	0.067013 0.004095	0.021218 0.005761	0.000000 0.000000	0.000000 0.000000	0.000000 0.000000	0.000000 0.000000	0.000000 0.000000	0.000000 0.000000	
2 32 2 2.210000	0.046377 0.002840	0.997848 0.000265	0.244723 0.007568	0.066445 0.009604	0.016711 0.006862	0.000000 0.000000	0.000000 0.000000	0.000000 0.000000	0.000000 0.000000	0.000000 0.000000	0.000000 0.000000	
2 32 2 2.220000	0.046820 0.004335	0.997806 0.000410	0.242325 0.002546	0.062510 0.009623	0.015960 0.009733	0.000000 0.000000	0.000000 0.000000	0.000000 0.000000	0.000000 0.000000	0.000000 0.000000	0.000000 0.000000	
2 32 2 2.230000	0.045075 0.002769	0.997967 0.000248	0.243161 0.009914	0.063735 0.005452	0.014066 0.008235	0.000000 0.000000	0.000000 0.000000	0.000000 0.000000	0.000000 0.000000	0.000000 0.000000	0.000000 0.000000	
2 32 2 2.240000	0.045022 0.006034	0.997969 0.000549	0.237933 0.009087	0.062752 0.006368	0.017859 0.009057	0.001973 0.009863	0.000000 0.000000	0.000000 0.000000	0.000000 0.000000	0.000000 0.000000	0.000000 0.000000	
2 32 2 2.250000	0.045487 0.007004	0.997926 0.000630	0.243460 0.009367	0.063199 0.003489	0.016965 0.008926	0.000000 0.000000	0.000000 0.000000	0.000000 0.000000	0.000000 0.000000	0.000000 0.000000	0.000000 0.000000	
2 32 2 2.260000	0.045796 0.009033	0.997892 0.000847	0.233293 0.009839	0.053869 0.009700	0.013804 0.004002	0.000000 0.000000	0.000000 0.000000	0.000000 0.000000	0.000000 0.000000	0.000000 0.000000	0.000000 0.000000	
2 32 2 2.270000	0.045736 0.006212	0.997904 0.000566	0.235729 0.006996	0.061080 0.004305	0.017186 0.009718	0.000000 0.000000	0.000000 0.000000	0.000000 0.000000	0.000000 0.000000	0.000000 0.000000	0.000000 0.000000	
2 32 2 2.280000	0.045853 0.009492	0.997884 0.000842	0.238202 0.005245	0.062630 0.009419	0.016493 0.008889	0.000000 0.000000	0.000000 0.000000	0.000000 0.000000	0.000000 0.000000	0.000000 0.000000	0.000000 0.000000	
2 32 2 2.290000	0.046311 0.002902	0.997854 0.000269	0.237013 0.009329	0.061913 0.007182	0.014925 0.008074	0.000000 0.000000	0.000000 0.000000	0.000000 0.000000	0.000000 0.000000	0.000000 0.000000	0.000000 0.000000	
2 32 2 2.300000	0.045502 0.004953	0.997927 0.000446	0.232755 0.009800	0.060947 0.009131	0.014975 0.007119	0.000000 0.000000	0.000000 0.000000	0.000000 0.000000	0.000000 0.000000	0.000000 0.000000	0.000000 0.000000	
2 32 2 2.310000	0.045055 0.007591	0.997961 0.000679	0.233343 0.009270	0.062019 0.007905	0.015462 0.002410	0.000000 0.000000	0.000000 0.000000	0.000000 0.000000	0.000000 0.000000	0.000000 0.000000	0.000000 0.000000	
2 32 2 2.320000	0.044377 0.008157	0.998019 0.000726	0.228919 0.009994	0.056684 0.006018	0.013229 0.005380	0.000000 0.000000	0.000000 0.000000	0.000000 0.000000	0.000000 0.000000	0.000000 0.000000	0.000000 0.000000	
2 32 2 2.330000	0.045312 0.006535	0.997942 0.000587	0.233510 0.007610	0.059076 0.009600	0.014577 0.007891	0.000000 0.000000	0.000000 0.000000	0.000000 0.000000	0.000000 0.000000	0.000000 0.000000	0.000000 0.000000	
2 32 2 2.340000	0.044909 0.005196	0.997980 0.000471	0.230292 0.009906	0.052865 0.008986	0.015707 0.009075	0.000000 0.000000	0.000000 0.000000	0.000000 0.000000	0.000000 0.000000	0.000000 0.000000	0.000000 0.000000	
2 32 2 2.350000	0.044047 0.003317	0.998058 0.000290	0.229815 0.008135	0.055702 0.009699	0.012702 0.005256	0.000000 0.000000	0.000000 0.000000	0.000000 0.000000	0.000000 0.000000	0.000000 0.000000	0.000000 0.000000	
2 32 2 2.360000	0.044446 0.004681	0.998022 0.000417	0.225258 0.009157	0.056797 0.005905	0.011410 0.002666	0.000000 0.000000	0.000000 0.000000	0.000000 0.000000	0.000000 0.000000	0.000000 0.000000	0.000000 0.000000	
2 32 2 2.370000	0.043868 0.005488	0.998072 0.000478	0.228645 0.005619	0.056166 0.009843	0.015208 0.009933	0.000000 0.000000	0.000000 0.000000	0.000000 0.000000	0.000000 0.000000	0.000000 0.000000	0.000000 0.000000	
2 32 2 2.380000	0.044355 0.006239	0.998026 0.000560	0.225913 0.009955	0.055705 0.002697	0.011798 0.004037	0.000000 0.000000	0.000000 0.000000	0.000000 0.000000	0.000000 0.000000	0.000000 0.000000	0.000000 0.000000	
2 32 2 2.390000	0.044042 0.005646	0.998057 0.000497	0.221378 0.005385	0.054231 0.008452	0.012069 0.004269	0.000000 0.000000	0.000000 0.000000	0.000000 0.000000	0.000000 0.000000	0.000000 0.000000	0.000000 0.000000	
2 32 2 2.400000	0.044026 0.001993	0.998061 0.000175	0.221662 0.008560	0.048506 0.009719	0.000000 0.000000	0.000000 0.000000	0.000000 0.000000	0.000000 0.000000	0.000000 0.000000	0.000000 0.000000	0.000000 0.000000	
2 32 2 2.410000	0.043945 0.003881	0.998067 0.000343	0.222980 0.005631	0.052367 0.003833	0.011445 0.001849	0.000000 0.000000	0.000000 0.000000	0.000000 0.000000	0.000000 0.000000	0.000000 0.000000	0.000000 0.000000	
2 32 2 2.420000	0.042250 0.002271	0.998214 0.000192	0.220914 0.002004	0.053260 0.003249	0.010913 0.002668	0.000000 0.000000	0.000000 0.000000	0.000000 0.000000	0.000000 0.000000	0.000000 0.000000	0.000000 0.000000	
2 32 2 2.430000	0.043284 0.002460	0.998126 0.000213	0.223913 0.009101	0.051514 0.008592	0.011863 0.003433	0.000000 0.000000	0.000000 0.000000	0.000000 0.000000	0.000000 0.000000	0.000000 0.000000	0.000000 0.000000	
2 32 2 2.440000	0.043280 0.006169	0.998122 0.000529	0.216051 0.004284	0.049304 0.009841	0.011736 0.004188	0.000000 0.000000	0.000000 0.000000	0.000000 0.000000	0.000000 0.000000	0.000000 0.000000	0.000000 0.000000	
2 32 2 2.450000	0.042057 0.002463	0.998230 0.000208	0.218492 0.008450	0.051422 0.008752	0.011812 0.004306	0.000000 0.000000	0.000000 0.000000	0.000000 0.000000	0.000000 0.000000	0.000000 0.000000	0.000000 0.000000	
2 32 2 2.460000	0.043752 0.004117	0.998084 0.000361	0.219578 0.008701	0.048517 0.007412	0.013973 0.005755	0.000000 0.000000	0.000000 0.000000	0.000000 0.000000	0.000000 0.000000	0.000000 0.000000	0.000000 0.000000	
2 32 2 2.470000	0.042581 0.001371	0.998187 0.000116	0.215635 0.002225	0.049584 0.003317	0.011190 0.002521	0.000000 0.000000	0.000000 0.000000	0.000000 0.000000	0.000000 0.000000	0.000000 0.000000	0.000000 0.000000	
2 32 2 2.480000	0.043072 0.004584	0.998143 0.000397	0.218108 0.006999	0.046982 0.006650	0.014257 0.008448	0.000000 0.000000	0.000000 0.000000	0.000000 0.000000	0.000000 0.000000	0.000000 0.000000	0.000000 0.000000	
2 32 2 2.490000	0.045292 0.008909	0.997937 0.000820	0.214178 0.009048	0.051713 0.009180	0.001936 0.009679	0.000000 0.000000	0.000000 0.000000	0.000000 0.000000	0.000000 0.000000	0.000000 0.000000	0.000000 0.000000	
2 32 2 2.500000	0.040553 0.006086	0.998352 0.000489	0.216021 0.009940	0.050208 0.008929	0.012331 0.005203	0.000000 0.000000	0.000000 0.000000	0.000000 0.000000	0.000000 0.000000	0.000000 0.000000	0.000000 0.000000	
