2 64 10 0.400000	0.997754 0.003767	0.000000 0.000000	0.000000 0.000000	0.000000 0.000000	0.000000 0.000000	0.000000 0.000000	0.000000 0.000000	0.000000 0.000000	0.000000 0.000000	0.000000 0.000000	0.000000 0.000000	
2 64 10 0.410000	0.998104 0.003324	0.000000 0.000000	0.000000 0.000000	0.000000 0.000000	0.000000 0.000000	0.000000 0.000000	0.000000 0.000000	0.000000 0.000000	0.000000 0.000000	0.000000 0.000000	0.000000 0.000000	
2 64 10 0.420000	0.998059 0.004144	0.000000 0.000000	0.000000 0.000000	0.000000 0.000000	0.000000 0.000000	0.000000 0.000000	0.000000 0.000000	0.000000 0.000000	0.000000 0.000000	0.000000 0.000000	0.000000 0.000000	
2 64 10 0.430000	0.997356 0.003815	0.000000 0.000000	0.000000 0.000000	0.000000 0.000000	0.000000 0.000000	0.000000 0.000000	0.000000 0.000000	0.000000 0.000000	0.000000 0.000000	0.000000 0.000000	0.000000 0.000000	
2 64 10 0.440000	0.997760 0.003015	0.000000 0.000000	0.000000 0.000000	0.000000 0.000000	0.000000 0.000000	0.000000 0.000000	0.000000 0.000000	0.000000 0.000000	0.000000 0.000000	0.000000 0.000000	0.000000 0.000000	
2 64 10 0.450000	0.997734 0.003861	0.000000 0.000000	0.000000 0.000000	0.000000 0.000000	0.000000 0.000000	0.000000 0.000000	0.000000 0.000000	0.000000 0.000000	0.000000 0.000000	0.000000 0.000000	0.000000 0.000000	
2 64 10 0.460000	0.997086 0.002241	0.000000 0.000000	0.000000 0.000000	0.000000 0.000000	0.000000 0.000000	0.000000 0.000000	0.000000 0.000000	0.000000 0.000000	0.000000 0.000000	0.000000 0.000000	0.000000 0.000000	
2 64 10 0.470000	0.997002 0.002718	0.000000 0.000000	0.000000 0.000000	0.000000 0.000000	0.000000 0.000000	0.000000 0.000000	0.000000 0.000000	0.000000 0.000000	0.000000 0.000000	0.000000 0.000000	0.000000 0.000000	
2 64 10 0.480000	0.996935 0.002562	0.000000 0.000000	0.000000 0.000000	0.000000 0.000000	0.000000 0.000000	0.000000 0.000000	0.000000 0.000000	0.000000 0.000000	0.000000 0.000000	0.000000 0.000000	0.000000 0.000000	
2 64 10 0.490000	0.996360 0.001802	0.000000 0.000000	0.000000 0.000000	0.000000 0.000000	0.000000 0.000000	0.000000 0.000000	0.000000 0.000000	0.000000 0.000000	0.000000 0.000000	0.000000 0.000000	0.000000 0.000000	
2 64 10 0.500000	0.996076 0.001682	0.000000 0.000000	0.000000 0.000000	0.000000 0.000000	0.000000 0.000000	0.000000 0.000000	0.000000 0.000000	0.000000 0.000000	0.000000 0.000000	0.000000 0.000000	0.000000 0.000000	
2 64 10 0.510000	0.995223 0.000437	0.000000 0.000000	0.000000 0.000000	0.000000 0.000000	0.000000 0.000000	0.000000 0.000000	0.000000 0.000000	0.000000 0.000000	0.000000 0.000000	0.000000 0.000000	0.000000 0.000000	
2 64 10 0.520000	0.994386 0.001435	0.011197 0.002853	0.000000 0.000000	0.000000 0.000000	0.000000 0.000000	0.000000 0.000000	0.000000 0.000000	0.000000 0.000000	0.000000 0.000000	0.000000 0.000000	0.000000 0.000000	
2 64 10 0.530000	0.991114 0.004903	0.017689 0.009721	0.000000 0.000000	0.000000 0.000000	0.000000 0.000000	0.000000 0.000000	0.000000 0.000000	0.000000 0.000000	0.000000 0.000000	0.000000 0.000000	0.000000 0.000000	
2 64 10 0.540000	0.988685 0.004465	0.022500 0.008826	0.000000 0.000000	0.000000 0.000000	0.000000 0.000000	0.000000 0.000000	0.000000 0.000000	0.000000 0.000000	0.000000 0.000000	0.000000 0.000000	0.000000 0.000000	
2 64 10 0.550000	0.989599 0.004446	0.020691 0.008795	0.000000 0.000000	0.000000 0.000000	0.000000 0.000000	0.000000 0.000000	0.000000 0.000000	0.000000 0.000000	0.000000 0.000000	0.000000 0.000000	0.000000 0.000000	
2 64 10 0.560000	0.986610 0.004840	0.026597 0.009551	0.000000 0.000000	0.000000 0.000000	0.000000 0.000000	0.000000 0.000000	0.000000 0.000000	0.000000 0.000000	0.000000 0.000000	0.000000 0.000000	0.000000 0.000000	
2 64 10 0.570000	0.987159 0.004687	0.025514 0.009252	0.000000 0.000000	0.000000 0.000000	0.000000 0.000000	0.000000 0.000000	0.000000 0.000000	0.000000 0.000000	0.000000 0.000000	0.000000 0.000000	0.000000 0.000000	
2 64 10 0.580000	0.983460 0.004830	0.032803 0.009496	0.000000 0.000000	0.000000 0.000000	0.000000 0.000000	0.000000 0.000000	0.000000 0.000000	0.000000 0.000000	0.000000 0.000000	0.000000 0.000000	0.000000 0.000000	
2 64 10 0.590000	0.981994 0.004740	0.035684 0.009304	0.000000 0.000000	0.000000 0.000000	0.000000 0.000000	0.000000 0.000000	0.000000 0.000000	0.000000 0.000000	0.000000 0.000000	0.000000 0.000000	0.000000 0.000000	
2 64 10 0.600000	0.979522 0.005018	0.040534 0.009828	0.000000 0.000000	0.000000 0.000000	0.000000 0.000000	0.000000 0.000000	0.000000 0.000000	0.000000 0.000000	0.000000 0.000000	0.000000 0.000000	0.000000 0.000000	
2 64 10 0.610000	0.976312 0.004892	0.046813 0.009551	0.000000 0.000000	0.000000 0.000000	0.000000 0.000000	0.000000 0.000000	0.000000 0.000000	0.000000 0.000000	0.000000 0.000000	0.000000 0.000000	0.000000 0.000000	
2 64 10 0.620000	0.973353 0.004670	0.052581 0.009093	0.000000 0.000000	0.000000 0.000000	0.000000 0.000000	0.000000 0.000000	0.000000 0.000000	0.000000 0.000000	0.000000 0.000000	0.000000 0.000000	0.000000 0.000000	
2 64 10 0.630000	0.969463 0.004797	0.060138 0.009303	0.000000 0.000000	0.000000 0.000000	0.000000 0.000000	0.000000 0.000000	0.000000 0.000000	0.000000 0.000000	0.000000 0.000000	0.000000 0.000000	0.000000 0.000000	
2 64 10 0.640000	0.964400 0.004510	0.069930 0.008701	0.000000 0.000000	0.000000 0.000000	0.000000 0.000000	0.000000 0.000000	0.000000 0.000000	0.000000 0.000000	0.000000 0.000000	0.000000 0.000000	0.000000 0.000000	
2 64 10 0.650000	0.957461 0.001651	0.083269 0.003162	0.011437 0.004275	0.000000 0.000000	0.000000 0.000000	0.000000 0.000000	0.000000 0.000000	0.000000 0.000000	0.000000 0.000000	0.000000 0.000000	0.000000 0.000000	
2 64 10 0.660000	0.950762 0.005074	0.096048 0.009645	0.014163 0.004420	0.000000 0.000000	0.000000 0.000000	0.000000 0.000000	0.000000 0.000000	0.000000 0.000000	0.000000 0.000000	0.000000 0.000000	0.000000 0.000000	
2 64 10 0.670000	0.942529 0.005098	0.111635 0.009601	0.020378 0.004718	0.000000 0.000000	0.000000 0.000000	0.000000 0.000000	0.000000 0.000000	0.000000 0.000000	0.000000 0.000000	0.000000 0.000000	0.000000 0.000000	
2 64 10 0.680000	0.928437 0.005301	0.138000 0.009839	0.023497 0.006868	0.000000 0.000000	0.000000 0.000000	0.000000 0.000000	0.000000 0.000000	0.000000 0.000000	0.000000 0.000000	0.000000 0.000000	0.000000 0.000000	
2 64 10 0.690000	0.912131 0.005460	0.168012 0.009955	0.035553 0.004916	0.012818 0.006402	0.000000 0.000000	0.000000 0.000000	0.000000 0.000000	0.000000 0.000000	0.000000 0.000000	0.000000 0.000000	0.000000 0.000000	
2 64 10 0.700000	0.871280 0.004262	0.240869 0.007428	0.065782 0.003651	0.028836 0.004806	0.016073 0.001690	0.005037 0.013022	0.000000 0.000000	0.000000 0.000000	0.000000 0.000000	0.000000 0.000000	0.000000 0.000000	
2 64 10 0.710000	0.053870 0.002207	0.997097 0.000237	0.381397 0.006132	0.186886 0.004714	0.105882 0.004615	0.064001 0.002963	0.039960 0.001779	0.025640 0.002300	0.016487 0.001487	0.010686 0.001320	0.000000 0.000000	
2 64 10 0.720000	0.044888 0.005460	0.997982 0.000496	0.355830 0.005133	0.158582 0.009981	0.083184 0.006851	0.045027 0.005327	0.025784 0.003209	0.014689 0.001869	0.000000 0.000000	0.000000 0.000000	0.000000 0.000000	
2 64 10 0.730000	0.039349 0.004444	0.998449 0.000351	0.332171 0.005762	0.136871 0.008085	0.063848 0.004014	0.031829 0.002687	0.015907 0.002515	0.001992 0.009962	0.000000 0.000000	0.000000 0.000000	0.000000 0.000000	
2 64 10 0.740000	0.035177 0.006085	0.998758 0.000413	0.313982 0.009745	0.122355 0.007971	0.053185 0.006891	0.023204 0.006627	0.011945 0.002318	0.000000 0.000000	0.000000 0.000000	0.000000 0.000000	0.000000 0.000000	
2 64 10 0.750000	0.032618 0.002978	0.998935 0.000195	0.301266 0.009933	0.110185 0.009870	0.045266 0.008779	0.019627 0.007127	0.000000 0.000000	0.000000 0.000000	0.000000 0.000000	0.000000 0.000000	0.000000 0.000000	
2 64 10 0.760000	0.031629 0.008192	0.998991 0.000537	0.285753 0.004670	0.097641 0.009618	0.037164 0.007971	0.015215 0.003924	0.000000 0.000000	0.000000 0.000000	0.000000 0.000000	0.000000 0.000000	0.000000 0.000000	
2 64 10 0.770000	0.030396 0.006019	0.999071 0.000355	0.277092 0.009950	0.090792 0.008519	0.031756 0.002878	0.012144 0.002306	0.000000 0.000000	0.000000 0.000000	0.000000 0.000000	0.000000 0.000000	0.000000 0.000000	
2 64 10 0.780000	0.029088 0.002174	0.999153 0.000127	0.268487 0.003377	0.083493 0.002525	0.028987 0.001312	0.010341 0.000658	0.000000 0.000000	0.000000 0.000000	0.000000 0.000000	0.000000 0.000000	0.000000 0.000000	
2 64 10 0.790000	0.028146 0.005156	0.999202 0.000286	0.260991 0.009484	0.079164 0.006428	0.025446 0.005801	0.000000 0.000000	0.000000 0.000000	0.000000 0.000000	0.000000 0.000000	0.000000 0.000000	0.000000 0.000000	
2 64 10 0.800000	0.028211 0.000641	0.999204 0.000036	0.250484 0.009978	0.071764 0.003692	0.021048 0.001518	0.000000 0.000000	0.000000 0.000000	0.000000 0.000000	0.000000 0.000000	0.000000 0.000000	0.000000 0.000000	
2 64 10 0.810000	0.026146 0.006385	0.999311 0.000337	0.238541 0.001750	0.067571 0.009403	0.021563 0.005157	0.000000 0.000000	0.000000 0.000000	0.000000 0.000000	0.000000 0.000000	0.000000 0.000000	0.000000 0.000000	
2 64 10 0.820000	0.024432 0.002320	0.999402 0.000113	0.236324 0.009468	0.064328 0.005903	0.020315 0.006591	0.000000 0.000000	0.000000 0.000000	0.000000 0.000000	0.000000 0.000000	0.000000 0.000000	0.000000 0.000000	
2 64 10 0.830000	0.024709 0.008213	0.999380 0.000407	0.229009 0.008434	0.062715 0.009960	0.015930 0.006871	0.000000 0.000000	0.000000 0.000000	0.000000 0.000000	0.000000 0.000000	0.000000 0.000000	0.000000 0.000000	
2 64 10 0.840000	0.025350 0.003227	0.999356 0.000162	0.227241 0.008819	0.056151 0.009623	0.013698 0.004134	0.000000 0.000000	0.000000 0.000000	0.000000 0.000000	0.000000 0.000000	0.000000 0.000000	0.000000 0.000000	
2 64 10 0.850000	0.024395 0.005961	0.999400 0.000281	0.220106 0.008146	0.052798 0.003775	0.013447 0.005638	0.000000 0.000000	0.000000 0.000000	0.000000 0.000000	0.000000 0.000000	0.000000 0.000000	0.000000 0.000000	
2 64 10 0.860000	0.022508 0.005392	0.999489 0.000245	0.213012 0.006898	0.050891 0.006386	0.012403 0.004518	0.000000 0.000000	0.000000 0.000000	0.000000 0.000000	0.000000 0.000000	0.000000 0.000000	0.000000 0.000000	
2 64 10 0.870000	0.021503 0.008129	0.999529 0.000380	0.206560 0.008041	0.045687 0.006563	0.012403 0.005294	0.000000 0.000000	0.000000 0.000000	0.000000 0.000000	0.000000 0.000000	0.000000 0.000000	0.000000 0.000000	
2 64 10 0.880000	0.023032 0.000315	0.999470 0.000015	0.202714 0.006620	0.045783 0.001861	0.011868 0.003401	0.000000 0.000000	0.000000 0.000000	0.000000 0.000000	0.000000 0.000000	0.000000 0.000000	0.000000 0.000000	
2 64 10 0.890000	0.022411 0.008763	0.999489 0.000400	0.200737 0.008182	0.044293 0.009537	0.001948 0.009739	0.000000 0.000000	0.000000 0.000000	0.000000 0.000000	0.000000 0.000000	0.000000 0.000000	0.000000 0.000000	
2 64 10 0.900000	0.022024 0.003492	0.999513 0.000152	0.195106 0.003468	0.040131 0.003614	0.001971 0.009854	0.000000 0.000000	0.000000 0.000000	0.000000 0.000000	0.000000 0.000000	0.000000 0.000000	0.000000 0.000000	
2 64 10 0.910000	0.022958 0.008255	0.999462 0.000362	0.190790 0.009704	0.041423 0.001967	0.000000 0.000000	0.000000 0.000000	0.000000 0.000000	0.000000 0.000000	0.000000 0.000000	0.000000 0.000000	0.000000 0.000000	
2 64 10 0.920000	0.022828 0.004039	0.999477 0.000190	0.185360 0.009708	0.037091 0.003452	0.000000 0.000000	0.000000 0.000000	0.000000 0.000000	0.000000 0.000000	0.000000 0.000000	0.000000 0.000000	0.000000 0.000000	
2 64 10 0.930000	0.020285 0.007488	0.999583 0.000299	0.183653 0.009841	0.038151 0.005190	0.000000 0.000000	0.000000 0.000000	0.000000 0.000000	0.000000 0.000000	0.000000 0.000000	0.000000 0.000000	0.000000 0.000000	
2 64 10 0.940000	0.020987 0.004503	0.999557 0.000187	0.176606 0.009441	0.034152 0.007531	0.000000 0.000000	0.000000 0.000000	0.000000 0.000000	0.000000 0.000000	0.000000 0.000000	0.000000 0.000000	0.000000 0.000000	
2 64 10 0.950000	0.020124 0.005204	0.999591 0.000199	0.179633 0.009906	0.033963 0.007898	0.000000 0.000000	0.000000 0.000000	0.000000 0.000000	0.000000 0.000000	0.000000 0.000000	0.000000 0.000000	0.000000 0.000000	
2 64 10 0.960000	0.021235 0.003157	0.999548 0.000133	0.172298 0.008349	0.031610 0.006785	0.000000 0.000000	0.000000 0.000000	0.000000 0.000000	0.000000 0.000000	0.000000 0.000000	0.000000 0.000000	0.000000 0.000000	
2 64 10 0.970000	0.021528 0.006890	0.999531 0.000294	0.166517 0.009765	0.031511 0.007772	0.000000 0.000000	0.000000 0.000000	0.000000 0.000000	0.000000 0.000000	0.000000 0.000000	0.000000 0.000000	0.000000 0.000000	
2 64 10 0.980000	0.020193 0.004759	0.999589 0.000187	0.165448 0.009442	0.028834 0.006798	0.000000 0.000000	0.000000 0.000000	0.000000 0.000000	0.000000 0.000000	0.000000 0.000000	0.000000 0.000000	0.000000 0.000000	
2 64 10 0.990000	0.021377 0.007346	0.999535 0.000320	0.162480 0.009750	0.028357 0.005202	0.000000 0.000000	0.000000 0.000000	0.000000 0.000000	0.000000 0.000000	0.000000 0.000000	0.000000 0.000000	0.000000 0.000000	
2 64 10 1.000000	0.021317 0.008146	0.999536 0.000336	0.162519 0.009759	0.023659 0.007757	0.000000 0.000000	0.000000 0.000000	0.000000 0.000000	0.000000 0.000000	0.000000 0.000000	0.000000 0.000000	0.000000 0.000000	
2 64 10 1.010000	0.019473 0.006227	0.999616 0.000231	0.153660 0.009926	0.026186 0.009421	0.000000 0.000000	0.000000 0.000000	0.000000 0.000000	0.000000 0.000000	0.000000 0.000000	0.000000 0.000000	0.000000 0.000000	
2 64 10 1.020000	0.021964 0.003008	0.999516 0.000136	0.160561 0.009669	0.026472 0.004056	0.000000 0.000000	0.000000 0.000000	0.000000 0.000000	0.000000 0.000000	0.000000 0.000000	0.000000 0.000000	0.000000 0.000000	
2 64 10 1.030000	0.021339 0.009880	0.999532 0.000396	0.154164 0.009995	0.024241 0.008063	0.000000 0.000000	0.000000 0.000000	0.000000 0.000000	0.000000 0.000000	0.000000 0.000000	0.000000 0.000000	0.000000 0.000000	
2 64 10 1.040000	0.020889 0.003993	0.999562 0.000162	0.151028 0.008398	0.024036 0.005800	0.000000 0.000000	0.000000 0.000000	0.000000 0.000000	0.000000 0.000000	0.000000 0.000000	0.000000 0.000000	0.000000 0.000000	
2 64 10 1.050000	0.019531 0.008393	0.999610 0.000347	0.150407 0.009339	0.024569 0.005844	0.000000 0.000000	0.000000 0.000000	0.000000 0.000000	0.000000 0.000000	0.000000 0.000000	0.000000 0.000000	0.000000 0.000000	
2 64 10 1.060000	0.019783 0.009918	0.999596 0.000395	0.151118 0.005649	0.021382 0.004006	0.000000 0.000000	0.000000 0.000000	0.000000 0.000000	0.000000 0.000000	0.000000 0.000000	0.000000 0.000000	0.000000 0.000000	
2 64 10 1.070000	0.019763 0.009384	0.999597 0.000373	0.138745 0.007755	0.019730 0.006079	0.000000 0.000000	0.000000 0.000000	0.000000 0.000000	0.000000 0.000000	0.000000 0.000000	0.000000 0.000000	0.000000 0.000000	
2 64 10 1.080000	0.021604 0.009241	0.999520 0.000402	0.144779 0.005391	0.021804 0.008342	0.000000 0.000000	0.000000 0.000000	0.000000 0.000000	0.000000 0.000000	0.000000 0.000000	0.000000 0.000000	0.000000 0.000000	
2 64 10 1.090000	0.020896 0.004358	0.999561 0.000183	0.142391 0.009601	0.019781 0.005763	0.000000 0.000000	0.000000 0.000000	0.000000 0.000000	0.000000 0.000000	0.000000 0.000000	0.000000 0.000000	0.000000 0.000000	
2 64 10 1.100000	0.018565 0.005305	0.999652 0.000191	0.141731 0.007607	0.020588 0.008561	0.000000 0.000000	0.000000 0.000000	0.000000 0.000000	0.000000 0.000000	0.000000 0.000000	0.000000 0.000000	0.000000 0.000000	
2 64 10 1.110000	0.016846 0.002383	0.999716 0.000082	0.134528 0.009472	0.017543 0.005075	0.000000 0.000000	0.000000 0.000000	0.000000 0.000000	0.000000 0.000000	0.000000 0.000000	0.000000 0.000000	0.000000 0.000000	
2 64 10 1.120000	0.018483 0.004176	0.999656 0.000158	0.131713 0.009778	0.017290 0.001275	0.000000 0.000000	0.000000 0.000000	0.000000 0.000000	0.000000 0.000000	0.000000 0.000000	0.000000 0.000000	0.000000 0.000000	
2 64 10 1.130000	0.019480 0.003391	0.999619 0.000135	0.134093 0.009127	0.017749 0.004307	0.000000 0.000000	0.000000 0.000000	0.000000 0.000000	0.000000 0.000000	0.000000 0.000000	0.000000 0.000000	0.000000 0.000000	
2 64 10 1.140000	0.020221 0.008773	0.999581 0.000385	0.127029 0.008607	0.016807 0.008496	0.000000 0.000000	0.000000 0.000000	0.000000 0.000000	0.000000 0.000000	0.000000 0.000000	0.000000 0.000000	0.000000 0.000000	
2 64 10 1.150000	0.017740 0.006308	0.999680 0.000237	0.128619 0.009865	0.017033 0.008425	0.000000 0.000000	0.000000 0.000000	0.000000 0.000000	0.000000 0.000000	0.000000 0.000000	0.000000 0.000000	0.000000 0.000000	
2 64 10 1.160000	0.018364 0.006011	0.999658 0.000223	0.127514 0.006587	0.016360 0.006706	0.000000 0.000000	0.000000 0.000000	0.000000 0.000000	0.000000 0.000000	0.000000 0.000000	0.000000 0.000000	0.000000 0.000000	
2 64 10 1.170000	0.018905 0.006983	0.999636 0.000282	0.124138 0.009760	0.016374 0.007663	0.000000 0.000000	0.000000 0.000000	0.000000 0.000000	0.000000 0.000000	0.000000 0.000000	0.000000 0.000000	0.000000 0.000000	
2 64 10 1.180000	0.018474 0.009839	0.999648 0.000366	0.128682 0.008800	0.015600 0.009444	0.000000 0.000000	0.000000 0.000000	0.000000 0.000000	0.000000 0.000000	0.000000 0.000000	0.000000 0.000000	0.000000 0.000000	
2 64 10 1.190000	0.017726 0.009208	0.999672 0.000325	0.124075 0.006449	0.014978 0.004669	0.000000 0.000000	0.000000 0.000000	0.000000 0.000000	0.000000 0.000000	0.000000 0.000000	0.000000 0.000000	0.000000 0.000000	
2 64 10 1.200000	0.018645 0.008963	0.999643 0.000320	0.120500 0.006237	0.012708 0.003849	0.000000 0.000000	0.000000 0.000000	0.000000 0.000000	0.000000 0.000000	0.000000 0.000000	0.000000 0.000000	0.000000 0.000000	
2 64 10 1.210000	0.018410 0.007551	0.999655 0.000290	0.120047 0.009762	0.015247 0.007062	0.000000 0.000000	0.000000 0.000000	0.000000 0.000000	0.000000 0.000000	0.000000 0.000000	0.000000 0.000000	0.000000 0.000000	
2 64 10 1.220000	0.017156 0.002302	0.999705 0.000080	0.113378 0.009373	0.013360 0.005208	0.000000 0.000000	0.000000 0.000000	0.000000 0.000000	0.000000 0.000000	0.000000 0.000000	0.000000 0.000000	0.000000 0.000000	
2 64 10 1.230000	0.017931 0.009695	0.999666 0.000384	0.117699 0.007238	0.014934 0.004455	0.000000 0.000000	0.000000 0.000000	0.000000 0.000000	0.000000 0.000000	0.000000 0.000000	0.000000 0.000000	0.000000 0.000000	
2 64 10 1.240000	0.019854 0.009633	0.999591 0.000395	0.116385 0.009796	0.012534 0.005773	0.000000 0.000000	0.000000 0.000000	0.000000 0.000000	0.000000 0.000000	0.000000 0.000000	0.000000 0.000000	0.000000 0.000000	
2 64 10 1.250000	0.017925 0.008628	0.999671 0.000317	0.117065 0.008648	0.015209 0.006947	0.000000 0.000000	0.000000 0.000000	0.000000 0.000000	0.000000 0.000000	0.000000 0.000000	0.000000 0.000000	0.000000 0.000000	
2 64 10 1.260000	0.017818 0.004695	0.999680 0.000167	0.112546 0.003321	0.012702 0.004747	0.000000 0.000000	0.000000 0.000000	0.000000 0.000000	0.000000 0.000000	0.000000 0.000000	0.000000 0.000000	0.000000 0.000000	
2 64 10 1.270000	0.017069 0.003108	0.999707 0.000103	0.109738 0.003867	0.011685 0.003193	0.000000 0.000000	0.000000 0.000000	0.000000 0.000000	0.000000 0.000000	0.000000 0.000000	0.000000 0.000000	0.000000 0.000000	
2 64 10 1.280000	0.018042 0.009012	0.999664 0.000345	0.107037 0.006323	0.012094 0.003278	0.000000 0.000000	0.000000 0.000000	0.000000 0.000000	0.000000 0.000000	0.000000 0.000000	0.000000 0.000000	0.000000 0.000000	
2 64 10 1.290000	0.016979 0.006501	0.999707 0.000230	0.104749 0.005419	0.011802 0.003942	0.000000 0.000000	0.000000 0.000000	0.000000 0.000000	0.000000 0.000000	0.000000 0.000000	0.000000 0.000000	0.000000 0.000000	
2 64 10 1.300000	0.016773 0.007161	0.999712 0.000226	0.106660 0.008132	0.013966 0.007139	0.000000 0.000000	0.000000 0.000000	0.000000 0.000000	0.000000 0.000000	0.000000 0.000000	0.000000 0.000000	0.000000 0.000000	
2 64 10 1.310000	0.018272 0.009289	0.999655 0.000311	0.107566 0.009100	0.013406 0.004389	0.000000 0.000000	0.000000 0.000000	0.000000 0.000000	0.000000 0.000000	0.000000 0.000000	0.000000 0.000000	0.000000 0.000000	
2 64 10 1.320000	0.017977 0.005562	0.999673 0.000189	0.104523 0.007467	0.012068 0.004271	0.000000 0.000000	0.000000 0.000000	0.000000 0.000000	0.000000 0.000000	0.000000 0.000000	0.000000 0.000000	0.000000 0.000000	
2 64 10 1.330000	0.018672 0.003474	0.999650 0.000131	0.106815 0.009262	0.012846 0.004916	0.000000 0.000000	0.000000 0.000000	0.000000 0.000000	0.000000 0.000000	0.000000 0.000000	0.000000 0.000000	0.000000 0.000000	
2 64 10 1.340000	0.017373 0.005394	0.999694 0.000185	0.105268 0.009469	0.012902 0.006472	0.000000 0.000000	0.000000 0.000000	0.000000 0.000000	0.000000 0.000000	0.000000 0.000000	0.000000 0.000000	0.000000 0.000000	
2 64 10 1.350000	0.017693 0.003040	0.999686 0.000105	0.101175 0.002706	0.010615 0.001012	0.000000 0.000000	0.000000 0.000000	0.000000 0.000000	0.000000 0.000000	0.000000 0.000000	0.000000 0.000000	0.000000 0.000000	
2 64 10 1.360000	0.017264 0.001395	0.999702 0.000048	0.101487 0.003452	0.010598 0.001783	0.000000 0.000000	0.000000 0.000000	0.000000 0.000000	0.000000 0.000000	0.000000 0.000000	0.000000 0.000000	0.000000 0.000000	
2 64 10 1.370000	0.018658 0.005665	0.999648 0.000207	0.097900 0.007960	0.010278 0.000710	0.000000 0.000000	0.000000 0.000000	0.000000 0.000000	0.000000 0.000000	0.000000 0.000000	0.000000 0.000000	0.000000 0.000000	
2 64 10 1.380000	0.016968 0.002122	0.999712 0.000072	0.099512 0.001589	0.000000 0.000000	0.000000 0.000000	0.000000 0.000000	0.000000 0.000000	0.000000 0.000000	0.000000 0.000000	0.000000 0.000000	0.000000 0.000000	
2 64 10 1.390000	0.018172 0.002018	0.999669 0.000073	0.098297 0.006240	0.000000 0.000000	0.000000 0.000000	0.000000 0.000000	0.000000 0.000000	0.000000 0.000000	0.000000 0.000000	0.000000 0.000000	0.000000 0.000000	
2 64 10 1.400000	0.016584 0.003846	0.999723 0.000125	0.098647 0.007615	0.000000 0.000000	0.000000 0.000000	0.000000 0.000000	0.000000 0.000000	0.000000 0.000000	0.000000 0.000000	0.000000 0.000000	0.000000 0.000000	
2 64 10 1.410000	0.017433 0.007058	0.999690 0.000257	0.096310 0.008484	0.001980 0.009899	0.000000 0.000000	0.000000 0.000000	0.000000 0.000000	0.000000 0.000000	0.000000 0.000000	0.000000 0.000000	0.000000 0.000000	
2 64 10 1.420000	0.017859 0.003122	0.999680 0.000113	0.093895 0.005382	0.000000 0.000000	0.000000 0.000000	0.000000 0.000000	0.000000 0.000000	0.000000 0.000000	0.000000 0.000000	0.000000 0.000000	0.000000 0.000000	
2 64 10 1.430000	0.017457 0.002925	0.999694 0.000103	0.094546 0.001798	0.003993 0.009984	0.000000 0.000000	0.000000 0.000000	0.000000 0.000000	0.000000 0.000000	0.000000 0.000000	0.000000 0.000000	0.000000 0.000000	
2 64 10 1.440000	0.016775 0.003467	0.999717 0.000119	0.093612 0.009193	0.000000 0.000000	0.000000 0.000000	0.000000 0.000000	0.000000 0.000000	0.000000 0.000000	0.000000 0.000000	0.000000 0.000000	0.000000 0.000000	
2 64 10 1.450000	0.016415 0.003663	0.999729 0.000116	0.096778 0.009398	0.000000 0.000000	0.000000 0.000000	0.000000 0.000000	0.000000 0.000000	0.000000 0.000000	0.000000 0.000000	0.000000 0.000000	0.000000 0.000000	
2 64 10 1.460000	0.015720 0.004799	0.999750 0.000148	0.091803 0.008103	0.001990 0.009948	0.000000 0.000000	0.000000 0.000000	0.000000 0.000000	0.000000 0.000000	0.000000 0.000000	0.000000 0.000000	0.000000 0.000000	
2 64 10 1.470000	0.016390 0.005586	0.999727 0.000177	0.091472 0.007945	0.001990 0.009952	0.000000 0.000000	0.000000 0.000000	0.000000 0.000000	0.000000 0.000000	0.000000 0.000000	0.000000 0.000000	0.000000 0.000000	
2 64 10 1.480000	0.016472 0.009587	0.999718 0.000335	0.091681 0.004257	0.000000 0.000000	0.000000 0.000000	0.000000 0.000000	0.000000 0.000000	0.000000 0.000000	0.000000 0.000000	0.000000 0.000000	0.000000 0.000000	
2 64 10 1.490000	0.016769 0.009202	0.999708 0.000320	0.091392 0.009880	0.000000 0.000000	0.000000 0.000000	0.000000 0.000000	0.000000 0.000000	0.000000 0.000000	0.000000 0.000000	0.000000 0.000000	0.000000 0.000000	
2 64 10 1.500000	0.016714 0.006284	0.999715 0.000212	0.085043 0.009513	0.000000 0.000000	0.000000 0.000000	0.000000 0.000000	0.000000 0.000000	0.000000 0.000000	0.000000 0.000000	0.000000 0.000000	0.000000 0.000000	
2 64 10 1.510000	0.016114 0.003133	0.999739 0.000105	0.087802 0.009454	0.000000 0.000000	0.000000 0.000000	0.000000 0.000000	0.000000 0.000000	0.000000 0.000000	0.000000 0.000000	0.000000 0.000000	0.000000 0.000000	
2 64 10 1.520000	0.016805 0.009474	0.999708 0.000308	0.086636 0.007143	0.000000 0.000000	0.000000 0.000000	0.000000 0.000000	0.000000 0.000000	0.000000 0.000000	0.000000 0.000000	0.000000 0.000000	0.000000 0.000000	
2 64 10 1.530000	0.016249 0.002658	0.999735 0.000085	0.087853 0.008739	0.000000 0.000000	0.000000 0.000000	0.000000 0.000000	0.000000 0.000000	0.000000 0.000000	0.000000 0.000000	0.000000 0.000000	0.000000 0.000000	
2 64 10 1.540000	0.017251 0.005891	0.999697 0.000203	0.083420 0.009247	0.001963 0.009814	0.000000 0.000000	0.000000 0.000000	0.000000 0.000000	0.000000 0.000000	0.000000 0.000000	0.000000 0.000000	0.000000 0.000000	
2 64 10 1.550000	0.017448 0.009515	0.999683 0.000357	0.084321 0.007783	0.000000 0.000000	0.000000 0.000000	0.000000 0.000000	0.000000 0.000000	0.000000 0.000000	0.000000 0.000000	0.000000 0.000000	0.000000 0.000000	
2 64 10 1.560000	0.018752 0.003472	0.999647 0.000133	0.083610 0.008519	0.000000 0.000000	0.000000 0.000000	0.000000 0.000000	0.000000 0.000000	0.000000 0.000000	0.000000 0.000000	0.000000 0.000000	0.000000 0.000000	
2 64 10 1.570000	0.015898 0.005251	0.999744 0.000173	0.085718 0.009186	0.000000 0.000000	0.000000 0.000000	0.000000 0.000000	0.000000 0.000000	0.000000 0.000000	0.000000 0.000000	0.000000 0.000000	0.000000 0.000000	
2 64 10 1.580000	0.017105 0.008948	0.999697 0.000339	0.085608 0.006571	0.000000 0.000000	0.000000 0.000000	0.000000 0.000000	0.000000 0.000000	0.000000 0.000000	0.000000 0.000000	0.000000 0.000000	0.000000 0.000000	
2 64 10 1.590000	0.015159 0.002942	0.999769 0.000091	0.083510 0.009909	0.000000 0.000000	0.000000 0.000000	0.000000 0.000000	0.000000 0.000000	0.000000 0.000000	0.000000 0.000000	0.000000 0.000000	0.000000 0.000000	
2 64 10 1.600000	0.017388 0.009321	0.999686 0.000361	0.085075 0.007468	0.000000 0.000000	0.000000 0.000000	0.000000 0.000000	0.000000 0.000000	0.000000 0.000000	0.000000 0.000000	0.000000 0.000000	0.000000 0.000000	
2 64 10 1.610000	0.018470 0.005938	0.999655 0.000217	0.082766 0.009829	0.000000 0.000000	0.000000 0.000000	0.000000 0.000000	0.000000 0.000000	0.000000 0.000000	0.000000 0.000000	0.000000 0.000000	0.000000 0.000000	
2 64 10 1.620000	0.016486 0.006594	0.999723 0.000207	0.080069 0.009274	0.000000 0.000000	0.000000 0.000000	0.000000 0.000000	0.000000 0.000000	0.000000 0.000000	0.000000 0.000000	0.000000 0.000000	0.000000 0.000000	
2 64 10 1.630000	0.016770 0.008006	0.999707 0.000280	0.082749 0.008777	0.000000 0.000000	0.000000 0.000000	0.000000 0.000000	0.000000 0.000000	0.000000 0.000000	0.000000 0.000000	0.000000 0.000000	0.000000 0.000000	
2 64 10 1.640000	0.016131 0.002521	0.999739 0.000081	0.078879 0.009652	0.000000 0.000000	0.000000 0.000000	0.000000 0.000000	0.000000 0.000000	0.000000 0.000000	0.000000 0.000000	0.000000 0.000000	0.000000 0.000000	
2 64 10 1.650000	0.016740 0.004668	0.999717 0.000161	0.075628 0.007457	0.000000 0.000000	0.000000 0.000000	0.000000 0.000000	0.000000 0.000000	0.000000 0.000000	0.000000 0.000000	0.000000 0.000000	0.000000 0.000000	
2 64 10 1.660000	0.016796 0.002369	0.999717 0.000081	0.077194 0.007901	0.000000 0.000000	0.001803 0.009013	0.000000 0.000000	0.000000 0.000000	0.000000 0.000000	0.000000 0.000000	0.000000 0.000000	0.000000 0.000000	
2 64 10 1.670000	0.016283 0.008860	0.999720 0.000309	0.078404 0.009113	0.000000 0.000000	0.000000 0.000000	0.000000 0.000000	0.000000 0.000000	0.000000 0.000000	0.000000 0.000000	0.000000 0.000000	0.000000 0.000000	
2 64 10 1.680000	0.014446 0.007308	0.999784 0.000213	0.076882 0.008979	0.000000 0.000000	0.000000 0.000000	0.000000 0.000000	0.000000 0.000000	0.000000 0.000000	0.000000 0.000000	0.000000 0.000000	0.000000 0.000000	
2 64 10 1.690000	0.017154 0.006605	0.999700 0.000226	0.077416 0.007675	0.000000 0.000000	0.000000 0.000000	0.000000 0.000000	0.000000 0.000000	0.000000 0.000000	0.000000 0.000000	0.000000 0.000000	0.000000 0.000000	
2 64 10 1.700000	0.017125 0.002486	0.999706 0.000083	0.072500 0.008899	0.001814 0.009070	0.000000 0.000000	0.000000 0.000000	0.000000 0.000000	0.000000 0.000000	0.000000 0.000000	0.000000 0.000000	0.000000 0.000000	
2 64 10 1.710000	0.015784 0.007231	0.999744 0.000217	0.074003 0.009892	0.000000 0.000000	0.000000 0.000000	0.000000 0.000000	0.000000 0.000000	0.000000 0.000000	0.000000 0.000000	0.000000 0.000000	0.000000 0.000000	
2 64 10 1.720000	0.018315 0.007679	0.999658 0.000273	0.074353 0.006859	0.000000 0.000000	0.000000 0.000000	0.000000 0.000000	0.000000 0.000000	0.000000 0.000000	0.000000 0.000000	0.000000 0.000000	0.000000 0.000000	
2 64 10 1.730000	0.017094 0.007370	0.999699 0.000250	0.075129 0.008969	0.000000 0.000000	0.000000 0.000000	0.000000 0.000000	0.000000 0.000000	0.000000 0.000000	0.000000 0.000000	0.000000 0.000000	0.000000 0.000000	
2 64 10 1.740000	0.013855 0.003007	0.999806 0.000081	0.070772 0.002053	0.001820 0.009099	0.000000 0.000000	0.000000 0.000000	0.000000 0.000000	0.000000 0.000000	0.000000 0.000000	0.000000 0.000000	0.000000 0.000000	
2 64 10 1.750000	0.014240 0.004823	0.999794 0.000142	0.071983 0.007266	0.000000 0.000000	0.000000 0.000000	0.000000 0.000000	0.000000 0.000000	0.000000 0.000000	0.000000 0.000000	0.000000 0.000000	0.000000 0.000000	
2 64 10 1.760000	0.017005 0.006276	0.999706 0.000199	0.070938 0.009983	0.000000 0.000000	0.000000 0.000000	0.000000 0.000000	0.000000 0.000000	0.000000 0.000000	0.000000 0.000000	0.000000 0.000000	0.000000 0.000000	
2 64 10 1.770000	0.015155 0.006366	0.999765 0.000184	0.073099 0.009347	0.001648 0.008238	0.000000 0.000000	0.000000 0.000000	0.000000 0.000000	0.000000 0.000000	0.000000 0.000000	0.000000 0.000000	0.000000 0.000000	
2 64 10 1.780000	0.017061 0.009551	0.999696 0.000350	0.068982 0.006191	0.000000 0.000000	0.000000 0.000000	0.000000 0.000000	0.000000 0.000000	0.000000 0.000000	0.000000 0.000000	0.000000 0.000000	0.000000 0.000000	
2 64 10 1.790000	0.014383 0.008801	0.999784 0.000265	0.071037 0.007237	0.001522 0.007611	0.000000 0.000000	0.000000 0.000000	0.000000 0.000000	0.000000 0.000000	0.000000 0.000000	0.000000 0.000000	0.000000 0.000000	
2 64 10 1.800000	0.015588 0.006044	0.999752 0.000203	0.071382 0.008850	0.000000 0.000000	0.000000 0.000000	0.000000 0.000000	0.000000 0.000000	0.000000 0.000000	0.000000 0.000000	0.000000 0.000000	0.000000 0.000000	
2 64 10 1.810000	0.015655 0.006176	0.999750 0.000202	0.069706 0.009668	0.000000 0.000000	0.000000 0.000000	0.000000 0.000000	0.000000 0.000000	0.000000 0.000000	0.000000 0.000000	0.000000 0.000000	0.000000 0.000000	
2 64 10 1.820000	0.016185 0.003018	0.999737 0.000094	0.069797 0.009258	0.001952 0.009759	0.000000 0.000000	0.000000 0.000000	0.000000 0.000000	0.000000 0.000000	0.000000 0.000000	0.000000 0.000000	0.000000 0.000000	
2 64 10 1.830000	0.016260 0.004664	0.999732 0.000151	0.067516 0.007757	0.000000 0.000000	0.000000 0.000000	0.000000 0.000000	0.000000 0.000000	0.000000 0.000000	0.000000 0.000000	0.000000 0.000000	0.000000 0.000000	
2 64 10 1.840000	0.017570 0.005997	0.999686 0.000208	0.070338 0.009945	0.000000 0.000000	0.000000 0.000000	0.000000 0.000000	0.000000 0.000000	0.000000 0.000000	0.000000 0.000000	0.000000 0.000000	0.000000 0.000000	
2 64 10 1.850000	0.014760 0.004057	0.999780 0.000122	0.066069 0.009740	0.000000 0.000000	0.000000 0.000000	0.000000 0.000000	0.000000 0.000000	0.000000 0.000000	0.000000 0.000000	0.000000 0.000000	0.000000 0.000000	
2 64 10 1.860000	0.017138 0.006026	0.999700 0.000200	0.068660 0.008679	0.000000 0.000000	0.000000 0.000000	0.000000 0.000000	0.000000 0.000000	0.000000 0.000000	0.000000 0.000000	0.000000 0.000000	0.000000 0.000000	
2 64 10 1.870000	0.013519 0.005379	0.999813 0.000154	0.063565 0.009489	0.000000 0.000000	0.000000 0.000000	0.000000 0.000000	0.000000 0.000000	0.000000 0.000000	0.000000 0.000000	0.000000 0.000000	0.000000 0.000000	
2 64 10 1.880000	0.016938 0.009947	0.999699 0.000306	0.064776 0.007969	0.000000 0.000000	0.000000 0.000000	0.000000 0.000000	0.000000 0.000000	0.000000 0.000000	0.000000 0.000000	0.000000 0.000000	0.000000 0.000000	
2 64 10 1.890000	0.012740 0.005029	0.999834 0.000138	0.068028 0.009923	0.000000 0.000000	0.000000 0.000000	0.000000 0.000000	0.000000 0.000000	0.000000 0.000000	0.000000 0.000000	0.000000 0.000000	0.000000 0.000000	
2 64 10 1.900000	0.016126 0.008991	0.999729 0.000311	0.064972 0.005745	0.000000 0.000000	0.000000 0.000000	0.000000 0.000000	0.000000 0.000000	0.000000 0.000000	0.000000 0.000000	0.000000 0.000000	0.000000 0.000000	
2 64 10 1.910000	0.015768 0.008553	0.999741 0.000284	0.060753 0.008326	0.000000 0.000000	0.000000 0.000000	0.000000 0.000000	0.000000 0.000000	0.000000 0.000000	0.000000 0.000000	0.000000 0.000000	0.000000 0.000000	
2 64 10 1.920000	0.016313 0.009133	0.999723 0.000271	0.066657 0.007532	0.001952 0.009758	0.000000 0.000000	0.000000 0.000000	0.000000 0.000000	0.000000 0.000000	0.000000 0.000000	0.001897 0.009486	0.000000 0.000000	
2 64 10 1.930000	0.015608 0.009208	0.999748 0.000292	0.064718 0.009382	0.000000 0.000000	0.000000 0.000000	0.000000 0.000000	0.000000 0.000000	0.000000 0.000000	0.000000 0.000000	0.000000 0.000000	0.000000 0.000000	
2 64 10 1.940000	0.016003 0.008075	0.999735 0.000279	0.066032 0.008425	0.001887 0.009436	0.000000 0.000000	0.000000 0.000000	0.000000 0.000000	0.000000 0.000000	0.000000 0.000000	0.000000 0.000000	0.000000 0.000000	
2 64 10 1.950000	0.017885 0.005445	0.999676 0.000185	0.064618 0.009957	0.000000 0.000000	0.000000 0.000000	0.000000 0.000000	0.000000 0.000000	0.000000 0.000000	0.000000 0.000000	0.000000 0.000000	0.000000 0.000000	
2 64 10 1.960000	0.017070 0.009109	0.999696 0.000296	0.059855 0.009432	0.000000 0.000000	0.000000 0.000000	0.000000 0.000000	0.000000 0.000000	0.000000 0.000000	0.000000 0.000000	0.000000 0.000000	0.000000 0.000000	
2 64 10 1.970000	0.017017 0.009978	0.999698 0.000346	0.061920 0.007494	0.001844 0.009218	0.000000 0.000000	0.000000 0.000000	0.000000 0.000000	0.001621 0.008107	0.000000 0.000000	0.000000 0.000000	0.000000 0.000000	
2 64 10 1.980000	0.017788 0.008995	0.999673 0.000323	0.061772 0.009614	0.000000 0.000000	0.000000 0.000000	0.000000 0.000000	0.000000 0.000000	0.000000 0.000000	0.000000 0.000000	0.000000 0.000000	0.000000 0.000000	
2 64 10 1.990000	0.016156 0.007833	0.999728 0.000239	0.063223 0.008938	0.000000 0.000000	0.000000 0.000000	0.000000 0.000000	0.000000 0.000000	0.000000 0.000000	0.000000 0.000000	0.000000 0.000000	0.000000 0.000000	
2 64 10 2.000000	0.014133 0.003171	0.999799 0.000088	0.065938 0.004232	0.000000 0.000000	0.000000 0.000000	0.000000 0.000000	0.000000 0.000000	0.000000 0.000000	0.000000 0.000000	0.000000 0.000000	0.000000 0.000000	
2 64 10 2.010000	0.016777 0.008980	0.999710 0.000298	0.062056 0.009949	0.000000 0.000000	0.000000 0.000000	0.000000 0.000000	0.000000 0.000000	0.000000 0.000000	0.000000 0.000000	0.000000 0.000000	0.000000 0.000000	
2 64 10 2.020000	0.018145 0.006635	0.999664 0.000234	0.059791 0.007668	0.000000 0.000000	0.000000 0.000000	0.000000 0.000000	0.000000 0.000000	0.000000 0.000000	0.000000 0.000000	0.000000 0.000000	0.000000 0.000000	
2 64 10 2.030000	0.014347 0.004064	0.999792 0.000119	0.061140 0.007181	0.000000 0.000000	0.000000 0.000000	0.000000 0.000000	0.000000 0.000000	0.000000 0.000000	0.000000 0.000000	0.000000 0.000000	0.000000 0.000000	
2 64 10 2.040000	0.016946 0.003536	0.999711 0.000118	0.059378 0.007299	0.000000 0.000000	0.000000 0.000000	0.000000 0.000000	0.000000 0.000000	0.000000 0.000000	0.000000 0.000000	0.000000 0.000000	0.000000 0.000000	
2 64 10 2.050000	0.014911 0.008289	0.999769 0.000236	0.060476 0.006467	0.000000 0.000000	0.000000 0.000000	0.000000 0.000000	0.000000 0.000000	0.000000 0.000000	0.000000 0.000000	0.000000 0.000000	0.000000 0.000000	
2 64 10 2.060000	0.018293 0.003631	0.999663 0.000133	0.060679 0.007676	0.001874 0.009371	0.000000 0.000000	0.000000 0.000000	0.000000 0.000000	0.000000 0.000000	0.000000 0.000000	0.000000 0.000000	0.000000 0.000000	
2 64 10 2.070000	0.015453 0.004569	0.999758 0.000143	0.059813 0.008950	0.000000 0.000000	0.000000 0.000000	0.000000 0.000000	0.000000 0.000000	0.000000 0.000000	0.000000 0.000000	0.000000 0.000000	0.000000 0.000000	
2 64 10 2.080000	0.014577 0.004909	0.999784 0.000140	0.060546 0.008550	0.000000 0.000000	0.000000 0.000000	0.000000 0.000000	0.000000 0.000000	0.000000 0.000000	0.000000 0.000000	0.000000 0.000000	0.000000 0.000000	
2 64 10 2.090000	0.014790 0.008418	0.999772 0.000269	0.059827 0.007029	0.000000 0.000000	0.000000 0.000000	0.000000 0.000000	0.000000 0.000000	0.000000 0.000000	0.000000 0.000000	0.000000 0.000000	0.000000 0.000000	
2 64 10 2.100000	0.016984 0.005857	0.999706 0.000200	0.061433 0.006680	0.000000 0.000000	0.000000 0.000000	0.000000 0.000000	0.000000 0.000000	0.000000 0.000000	0.000000 0.000000	0.000000 0.000000	0.000000 0.000000	
2 64 10 2.110000	0.015945 0.006430	0.999742 0.000207	0.054658 0.008885	0.000000 0.000000	0.000000 0.000000	0.000000 0.000000	0.000000 0.000000	0.000000 0.000000	0.000000 0.000000	0.000000 0.000000	0.000000 0.000000	
2 64 10 2.120000	0.016244 0.006971	0.999730 0.000237	0.059554 0.009555	0.000000 0.000000	0.000000 0.000000	0.000000 0.000000	0.000000 0.000000	0.000000 0.000000	0.000000 0.000000	0.000000 0.000000	0.000000 0.000000	
2 64 10 2.130000	0.014779 0.003547	0.999780 0.000109	0.052036 0.009043	0.000000 0.000000	0.000000 0.000000	0.000000 0.000000	0.000000 0.000000	0.000000 0.000000	0.000000 0.000000	0.000000 0.000000	0.000000 0.000000	
2 64 10 2.140000	0.014393 0.006076	0.999788 0.000181	0.058622 0.009005	0.000000 0.000000	0.000000 0.000000	0.000000 0.000000	0.000000 0.000000	0.000000 0.000000	0.000000 0.000000	0.000000 0.000000	0.000000 0.000000	
2 64 10 2.150000	0.014715 0.005490	0.999780 0.000159	0.060002 0.002715	0.001639 0.008197	0.000000 0.000000	0.000000 0.000000	0.000000 0.000000	0.000000 0.000000	0.000000 0.000000	0.000000 0.000000	0.000000 0.000000	
2 64 10 2.160000	0.015433 0.009739	0.999747 0.000302	0.053913 0.003629	0.000000 0.000000	0.000000 0.000000	0.000000 0.000000	0.000000 0.000000	0.000000 0.000000	0.000000 0.000000	0.000000 0.000000	0.000000 0.000000	
2 64 10 2.170000	0.015160 0.004784	0.999768 0.000148	0.054268 0.005977	0.000000 0.000000	0.000000 0.000000	0.000000 0.000000	0.000000 0.000000	0.000000 0.000000	0.000000 0.000000	0.000000 0.000000	0.000000 0.000000	
2 64 10 2.180000	0.017212 0.008533	0.999695 0.000314	0.054888 0.008748	0.000000 0.000000	0.000000 0.000000	0.000000 0.000000	0.000000 0.000000	0.000000 0.000000	0.000000 0.000000	0.000000 0.000000	0.000000 0.000000	
2 64 10 2.190000	0.017752 0.007096	0.999675 0.000260	0.052796 0.008683	0.000000 0.000000	0.000000 0.000000	0.000000 0.000000	0.000000 0.000000	0.000000 0.000000	0.000000 0.000000	0.000000 0.000000	0.000000 0.000000	
2 64 10 2.200000	0.014500 0.005743	0.999786 0.000172	0.055153 0.008015	0.000000 0.000000	0.000000 0.000000	0.000000 0.000000	0.000000 0.000000	0.000000 0.000000	0.000000 0.000000	0.000000 0.000000	0.000000 0.000000	
2 64 10 2.210000	0.018442 0.008178	0.999652 0.000313	0.055163 0.009733	0.000000 0.000000	0.000000 0.000000	0.000000 0.000000	0.000000 0.000000	0.000000 0.000000	0.000000 0.000000	0.000000 0.000000	0.000000 0.000000	
2 64 10 2.220000	0.014996 0.008703	0.999764 0.000262	0.055556 0.008062	0.000000 0.000000	0.000000 0.000000	0.000000 0.000000	0.000000 0.000000	0.000000 0.000000	0.000000 0.000000	0.000000 0.000000	0.000000 0.000000	
2 64 10 2.230000	0.017335 0.003937	0.999697 0.000140	0.052537 0.006154	0.000000 0.000000	0.000000 0.000000	0.000000 0.000000	0.000000 0.000000	0.000000 0.000000	0.000000 0.000000	0.000000 0.000000	0.000000 0.000000	
2 64 10 2.240000	0.014908 0.005786	0.999773 0.000185	0.055119 0.008925	0.000000 0.000000	0.000000 0.000000	0.000000 0.000000	0.000000 0.000000	0.000000 0.000000	0.000000 0.000000	0.000000 0.000000	0.000000 0.000000	
2 64 10 2.250000	0.016759 0.006902	0.999712 0.000231	0.052972 0.009492	0.000000 0.000000	0.000000 0.000000	0.000000 0.000000	0.000000 0.000000	0.000000 0.000000	0.000000 0.000000	0.000000 0.000000	0.000000 0.000000	
2 64 10 2.260000	0.016563 0.009714	0.999716 0.000314	0.055425 0.009455	0.000000 0.000000	0.000000 0.000000	0.000000 0.000000	0.000000 0.000000	0.000000 0.000000	0.000000 0.000000	0.000000 0.000000	0.000000 0.000000	
2 64 10 2.270000	0.014699 0.007798	0.999777 0.000248	0.055174 0.006329	0.000000 0.000000	0.000000 0.000000	0.000000 0.000000	0.000000 0.000000	0.000000 0.000000	0.001965 0.009826	0.000000 0.000000	0.000000 0.000000	
2 64 10 2.280000	0.013647 0.005675	0.999809 0.000147	0.051794 0.006180	0.000000 0.000000	0.000000 0.000000	0.000000 0.000000	0.000000 0.000000	0.000000 0.000000	0.000000 0.000000	0.000000 0.000000	0.000000 0.000000	
2 64 10 2.290000	0.016778 0.009935	0.999705 0.000313	0.048623 0.004035	0.000000 0.000000	0.000000 0.000000	0.000000 0.000000	0.000000 0.000000	0.000000 0.000000	0.000000 0.000000	0.000000 0.000000	0.000000 0.000000	
2 64 10 2.300000	0.017639 0.009026	0.999677 0.000285	0.055210 0.007138	0.000000 0.000000	0.000000 0.000000	0.000000 0.000000	0.000000 0.000000	0.000000 0.000000	0.000000 0.000000	0.000000 0.000000	0.000000 0.000000	
2 64 10 2.310000	0.016446 0.009409	0.999717 0.000288	0.058353 0.006735	0.000000 0.000000	0.000000 0.000000	0.000000 0.000000	0.000000 0.000000	0.000000 0.000000	0.001912 0.009561	0.000000 0.000000	0.000000 0.000000	
2 64 10 2.320000	0.016036 0.008457	0.999734 0.000275	0.053128 0.008311	0.000000 0.000000	0.000000 0.000000	0.000000 0.000000	0.000000 0.000000	0.000000 0.000000	0.000000 0.000000	0.000000 0.000000	0.000000 0.000000	
2 64 10 2.330000	0.016036 0.004031	0.999741 0.000128	0.049593 0.009562	0.000000 0.000000	0.000000 0.000000	0.001771 0.008854	0.000000 0.000000	0.000000 0.000000	0.000000 0.000000	0.000000 0.000000	0.000000 0.000000	
2 64 10 2.340000	0.015690 0.005964	0.999749 0.000176	0.055249 0.007268	0.000000 0.000000	0.000000 0.000000	0.000000 0.000000	0.000000 0.000000	0.000000 0.000000	0.000000 0.000000	0.000000 0.000000	0.000000 0.000000	
2 64 10 2.350000	0.015646 0.005001	0.999752 0.000151	0.052650 0.009791	0.000000 0.000000	0.000000 0.000000	0.000000 0.000000	0.000000 0.000000	0.000000 0.000000	0.000000 0.000000	0.000000 0.000000	0.000000 0.000000	
2 64 10 2.360000	0.013730 0.004757	0.999808 0.000126	0.049757 0.008232	0.001998 0.009992	0.000000 0.000000	0.000000 0.000000	0.001999 0.009993	0.000000 0.000000	0.000000 0.000000	0.000000 0.000000	0.000000 0.000000	
2 64 10 2.370000	0.015981 0.006343	0.999739 0.000196	0.050161 0.009024	0.000000 0.000000	0.000000 0.000000	0.000000 0.000000	0.000000 0.000000	0.000000 0.000000	0.000000 0.000000	0.000000 0.000000	0.000000 0.000000	
2 64 10 2.380000	0.015502 0.008179	0.999752 0.000242	0.048086 0.006428	0.000000 0.000000	0.000000 0.000000	0.000000 0.000000	0.000000 0.000000	0.000000 0.000000	0.000000 0.000000	0.000000 0.000000	0.000000 0.000000	
2 64 10 2.390000	0.016805 0.008705	0.999708 0.000303	0.049257 0.004931	0.000000 0.000000	0.000000 0.000000	0.000000 0.000000	0.000000 0.000000	0.000000 0.000000	0.000000 0.000000	0.000000 0.000000	0.000000 0.000000	
2 64 10 2.400000	0.017040 0.007496	0.999702 0.000279	0.046991 0.008472	0.000000 0.000000	0.000000 0.000000	0.000000 0.000000	0.000000 0.000000	0.000000 0.000000	0.000000 0.000000	0.000000 0.000000	0.000000 0.000000	
2 64 10 2.410000	0.015403 0.004486	0.999760 0.000140	0.050002 0.008876	0.000000 0.000000	0.000000 0.000000	0.000000 0.000000	0.000000 0.000000	0.000000 0.000000	0.000000 0.000000	0.000000 0.000000	0.000000 0.000000	
2 64 10 2.420000	0.012582 0.003302	0.999840 0.000080	0.048655 0.008598	0.000000 0.000000	0.000000 0.000000	0.000000 0.000000	0.000000 0.000000	0.000000 0.000000	0.000000 0.000000	0.000000 0.000000	0.000000 0.000000	
2 64 10 2.430000	0.014802 0.006932	0.999775 0.000212	0.047673 0.009907	0.000000 0.000000	0.000000 0.000000	0.000000 0.000000	0.000000 0.000000	0.000000 0.000000	0.000000 0.000000	0.000000 0.000000	0.000000 0.000000	
2 64 10 2.440000	0.013732 0.003600	0.999809 0.000100	0.048604 0.006759	0.000000 0.000000	0.000000 0.000000	0.000000 0.000000	0.000000 0.000000	0.000000 0.000000	0.000000 0.000000	0.000000 0.000000	0.000000 0.000000	
2 64 10 2.450000	0.014369 0.006441	0.999788 0.000179	0.048399 0.008158	0.000000 0.000000	0.000000 0.000000	0.000000 0.000000	0.000000 0.000000	0.000000 0.000000	0.000000 0.000000	0.000000 0.000000	0.000000 0.000000	
2 64 10 2.460000	0.014107 0.004855	0.999798 0.000142	0.045156 0.009625	0.000000 0.000000	0.000000 0.000000	0.000000 0.000000	0.000000 0.000000	0.000000 0.000000	0.000000 0.000000	0.000000 0.000000	0.000000 0.000000	
2 64 10 2.470000	0.012964 0.003588	0.999830 0.000093	0.046885 0.007352	0.000000 0.000000	0.000000 0.000000	0.000000 0.000000	0.000000 0.000000	0.000000 0.000000	0.000000 0.000000	0.000000 0.000000	0.000000 0.000000	
2 64 10 2.480000	0.012718 0.005599	0.999833 0.000151	0.046207 0.007264	0.000000 0.000000	0.000000 0.000000	0.000000 0.000000	0.000000 0.000000	0.000000 0.000000	0.000000 0.000000	0.000000 0.000000	0.000000 0.000000	
2 64 10 2.490000	0.014717 0.006312	0.999778 0.000172	0.049782 0.006762	0.000000 0.000000	0.000000 0.000000	0.000000 0.000000	0.000000 0.000000	0.000000 0.000000	0.000000 0.000000	0.000000 0.000000	0.000000 0.000000	
2 64 10 2.500000	0.016264 0.004693	0.999733 0.000151	0.046367 0.007156	0.001629 0.008144	0.000000 0.000000	0.000000 0.000000	0.000000 0.000000	0.000000 0.000000	0.000000 0.000000	0.000000 0.000000	0.000000 0.000000	
