2 48 5 0.400000	0.999699 0.001061	0.000000 0.000000	0.000000 0.000000	0.000000 0.000000	0.000000 0.000000	0.000000 0.000000	0.000000 0.000000	0.000000 0.000000	0.000000 0.000000	0.000000 0.000000	0.000000 0.000000	
2 48 5 0.410000	0.998673 0.004616	0.000000 0.000000	0.000000 0.000000	0.000000 0.000000	0.000000 0.000000	0.000000 0.000000	0.000000 0.000000	0.000000 0.000000	0.000000 0.000000	0.000000 0.000000	0.000000 0.000000	
2 48 5 0.420000	0.999293 0.001016	0.000000 0.000000	0.000000 0.000000	0.000000 0.000000	0.000000 0.000000	0.000000 0.000000	0.000000 0.000000	0.000000 0.000000	0.000000 0.000000	0.000000 0.000000	0.000000 0.000000	
2 48 5 0.430000	0.997250 0.002497	0.000000 0.000000	0.000000 0.000000	0.000000 0.000000	0.000000 0.000000	0.000000 0.000000	0.000000 0.000000	0.000000 0.000000	0.000000 0.000000	0.000000 0.000000	0.000000 0.000000	
2 48 5 0.440000	0.999438 0.001175	0.000000 0.000000	0.000000 0.000000	0.000000 0.000000	0.000000 0.000000	0.000000 0.000000	0.000000 0.000000	0.000000 0.000000	0.000000 0.000000	0.000000 0.000000	0.000000 0.000000	
2 48 5 0.450000	0.998566 0.003667	0.000000 0.000000	0.000000 0.000000	0.000000 0.000000	0.000000 0.000000	0.000000 0.000000	0.000000 0.000000	0.000000 0.000000	0.000000 0.000000	0.000000 0.000000	0.000000 0.000000	
2 48 5 0.460000	0.998935 0.003148	0.000000 0.000000	0.000000 0.000000	0.000000 0.000000	0.000000 0.000000	0.000000 0.000000	0.000000 0.000000	0.000000 0.000000	0.000000 0.000000	0.000000 0.000000	0.000000 0.000000	
2 48 5 0.470000	0.998257 0.004502	0.000000 0.000000	0.000000 0.000000	0.000000 0.000000	0.000000 0.000000	0.000000 0.000000	0.000000 0.000000	0.000000 0.000000	0.000000 0.000000	0.000000 0.000000	0.000000 0.000000	
2 48 5 0.480000	0.997241 0.002231	0.000000 0.000000	0.000000 0.000000	0.000000 0.000000	0.000000 0.000000	0.000000 0.000000	0.000000 0.000000	0.000000 0.000000	0.000000 0.000000	0.000000 0.000000	0.000000 0.000000	
2 48 5 0.490000	0.997390 0.003359	0.000000 0.000000	0.000000 0.000000	0.000000 0.000000	0.000000 0.000000	0.000000 0.000000	0.000000 0.000000	0.000000 0.000000	0.000000 0.000000	0.000000 0.000000	0.000000 0.000000	
2 48 5 0.500000	0.997103 0.003561	0.000000 0.000000	0.000000 0.000000	0.000000 0.000000	0.000000 0.000000	0.000000 0.000000	0.000000 0.000000	0.000000 0.000000	0.000000 0.000000	0.000000 0.000000	0.000000 0.000000	
2 48 5 0.510000	0.996736 0.002699	0.000000 0.000000	0.000000 0.000000	0.000000 0.000000	0.000000 0.000000	0.000000 0.000000	0.000000 0.000000	0.000000 0.000000	0.000000 0.000000	0.000000 0.000000	0.000000 0.000000	
2 48 5 0.520000	0.996806 0.003364	0.000000 0.000000	0.000000 0.000000	0.000000 0.000000	0.000000 0.000000	0.000000 0.000000	0.000000 0.000000	0.000000 0.000000	0.000000 0.000000	0.000000 0.000000	0.000000 0.000000	
2 48 5 0.530000	0.996710 0.001740	0.000000 0.000000	0.000000 0.000000	0.000000 0.000000	0.000000 0.000000	0.000000 0.000000	0.000000 0.000000	0.000000 0.000000	0.000000 0.000000	0.000000 0.000000	0.000000 0.000000	
2 48 5 0.540000	0.996873 0.001800	0.000000 0.000000	0.000000 0.000000	0.000000 0.000000	0.000000 0.000000	0.000000 0.000000	0.000000 0.000000	0.000000 0.000000	0.000000 0.000000	0.000000 0.000000	0.000000 0.000000	
2 48 5 0.550000	0.995605 0.002215	0.000000 0.000000	0.000000 0.000000	0.000000 0.000000	0.000000 0.000000	0.000000 0.000000	0.000000 0.000000	0.000000 0.000000	0.000000 0.000000	0.000000 0.000000	0.000000 0.000000	
2 48 5 0.560000	0.995516 0.001428	0.000000 0.000000	0.000000 0.000000	0.000000 0.000000	0.000000 0.000000	0.000000 0.000000	0.000000 0.000000	0.000000 0.000000	0.000000 0.000000	0.000000 0.000000	0.000000 0.000000	
2 48 5 0.570000	0.992966 0.004141	0.014017 0.008222	0.000000 0.000000	0.000000 0.000000	0.000000 0.000000	0.000000 0.000000	0.000000 0.000000	0.000000 0.000000	0.000000 0.000000	0.000000 0.000000	0.000000 0.000000	
2 48 5 0.580000	0.992416 0.004942	0.015109 0.009803	0.000000 0.000000	0.000000 0.000000	0.000000 0.000000	0.000000 0.000000	0.000000 0.000000	0.000000 0.000000	0.000000 0.000000	0.000000 0.000000	0.000000 0.000000	
2 48 5 0.590000	0.991911 0.004744	0.016110 0.009401	0.000000 0.000000	0.000000 0.000000	0.000000 0.000000	0.000000 0.000000	0.000000 0.000000	0.000000 0.000000	0.000000 0.000000	0.000000 0.000000	0.000000 0.000000	
2 48 5 0.600000	0.991328 0.004504	0.017266 0.008926	0.000000 0.000000	0.000000 0.000000	0.000000 0.000000	0.000000 0.000000	0.000000 0.000000	0.000000 0.000000	0.000000 0.000000	0.000000 0.000000	0.000000 0.000000	
2 48 5 0.610000	0.990548 0.003794	0.018813 0.007516	0.000000 0.000000	0.000000 0.000000	0.000000 0.000000	0.000000 0.000000	0.000000 0.000000	0.000000 0.000000	0.000000 0.000000	0.000000 0.000000	0.000000 0.000000	
2 48 5 0.620000	0.989236 0.003426	0.021411 0.006777	0.000000 0.000000	0.000000 0.000000	0.000000 0.000000	0.000000 0.000000	0.000000 0.000000	0.000000 0.000000	0.000000 0.000000	0.000000 0.000000	0.000000 0.000000	
2 48 5 0.630000	0.987098 0.005010	0.025633 0.009882	0.000000 0.000000	0.000000 0.000000	0.000000 0.000000	0.000000 0.000000	0.000000 0.000000	0.000000 0.000000	0.000000 0.000000	0.000000 0.000000	0.000000 0.000000	
2 48 5 0.640000	0.986093 0.004896	0.027618 0.009665	0.000000 0.000000	0.000000 0.000000	0.000000 0.000000	0.000000 0.000000	0.000000 0.000000	0.000000 0.000000	0.000000 0.000000	0.000000 0.000000	0.000000 0.000000	
2 48 5 0.650000	0.982743 0.004896	0.034213 0.009626	0.000000 0.000000	0.000000 0.000000	0.000000 0.000000	0.000000 0.000000	0.000000 0.000000	0.000000 0.000000	0.000000 0.000000	0.000000 0.000000	0.000000 0.000000	
2 48 5 0.660000	0.984845 0.004357	0.030077 0.008584	0.000000 0.000000	0.000000 0.000000	0.000000 0.000000	0.000000 0.000000	0.000000 0.000000	0.000000 0.000000	0.000000 0.000000	0.000000 0.000000	0.000000 0.000000	
2 48 5 0.670000	0.980965 0.005076	0.037704 0.009960	0.000000 0.000000	0.000000 0.000000	0.000000 0.000000	0.000000 0.000000	0.000000 0.000000	0.000000 0.000000	0.000000 0.000000	0.000000 0.000000	0.000000 0.000000	
2 48 5 0.680000	0.978245 0.004786	0.043033 0.009364	0.000000 0.000000	0.000000 0.000000	0.000000 0.000000	0.000000 0.000000	0.000000 0.000000	0.000000 0.000000	0.000000 0.000000	0.000000 0.000000	0.000000 0.000000	
2 48 5 0.690000	0.974288 0.005061	0.050761 0.009863	0.000000 0.000000	0.000000 0.000000	0.000000 0.000000	0.000000 0.000000	0.000000 0.000000	0.000000 0.000000	0.000000 0.000000	0.000000 0.000000	0.000000 0.000000	
2 48 5 0.700000	0.973377 0.004097	0.052535 0.007975	0.000000 0.000000	0.000000 0.000000	0.000000 0.000000	0.000000 0.000000	0.000000 0.000000	0.000000 0.000000	0.000000 0.000000	0.000000 0.000000	0.000000 0.000000	
2 48 5 0.710000	0.971907 0.004757	0.055394 0.009248	0.000000 0.000000	0.000000 0.000000	0.000000 0.000000	0.000000 0.000000	0.000000 0.000000	0.000000 0.000000	0.000000 0.000000	0.000000 0.000000	0.000000 0.000000	
2 48 5 0.720000	0.968224 0.005032	0.062539 0.009742	0.000000 0.000000	0.000000 0.000000	0.000000 0.000000	0.000000 0.000000	0.000000 0.000000	0.000000 0.000000	0.000000 0.000000	0.000000 0.000000	0.000000 0.000000	
2 48 5 0.730000	0.965021 0.004683	0.068732 0.009038	0.001976 0.009880	0.000000 0.000000	0.000000 0.000000	0.000000 0.000000	0.000000 0.000000	0.000000 0.000000	0.000000 0.000000	0.000000 0.000000	0.000000 0.000000	
2 48 5 0.740000	0.956076 0.005228	0.085915 0.009995	0.000000 0.000000	0.000000 0.000000	0.000000 0.000000	0.000000 0.000000	0.000000 0.000000	0.000000 0.000000	0.000000 0.000000	0.000000 0.000000	0.000000 0.000000	
2 48 5 0.750000	0.953916 0.005087	0.090042 0.009702	0.011586 0.004357	0.000000 0.000000	0.000000 0.000000	0.000000 0.000000	0.000000 0.000000	0.000000 0.000000	0.000000 0.000000	0.000000 0.000000	0.000000 0.000000	
2 48 5 0.760000	0.947915 0.002556	0.101457 0.004847	0.012837 0.005468	0.000000 0.000000	0.000000 0.000000	0.000000 0.000000	0.000000 0.000000	0.000000 0.000000	0.000000 0.000000	0.000000 0.000000	0.000000 0.000000	
2 48 5 0.770000	0.940614 0.005017	0.115243 0.009444	0.018947 0.007708	0.000000 0.000000	0.000000 0.000000	0.000000 0.000000	0.000000 0.000000	0.000000 0.000000	0.000000 0.000000	0.000000 0.000000	0.000000 0.000000	
2 48 5 0.780000	0.934988 0.005212	0.125794 0.009750	0.023641 0.005065	0.001958 0.009789	0.000000 0.000000	0.000000 0.000000	0.000000 0.000000	0.000000 0.000000	0.000000 0.000000	0.000000 0.000000	0.000000 0.000000	
2 48 5 0.790000	0.924968 0.003835	0.144431 0.007097	0.028046 0.008578	0.000000 0.000000	0.000000 0.000000	0.000000 0.000000	0.000000 0.000000	0.000000 0.000000	0.000000 0.000000	0.000000 0.000000	0.000000 0.000000	
2 48 5 0.800000	0.916840 0.003681	0.159402 0.006744	0.031995 0.006676	0.001983 0.009914	0.000000 0.000000	0.000000 0.000000	0.000000 0.000000	0.000000 0.000000	0.000000 0.000000	0.000000 0.000000	0.000000 0.000000	
2 48 5 0.810000	0.900748 0.005438	0.188649 0.009793	0.043660 0.009371	0.014113 0.006965	0.000000 0.000000	0.000000 0.000000	0.000000 0.000000	0.000000 0.000000	0.000000 0.000000	0.000000 0.000000	0.000000 0.000000	
2 48 5 0.820000	0.886827 0.005433	0.213534 0.009634	0.052737 0.009717	0.017234 0.006360	0.000000 0.000000	0.000000 0.000000	0.000000 0.000000	0.000000 0.000000	0.000000 0.000000	0.000000 0.000000	0.000000 0.000000	
2 48 5 0.830000	0.861651 0.002753	0.257557 0.004743	0.071565 0.002992	0.028198 0.002151	0.011725 0.003669	0.000000 0.000000	0.000000 0.000000	0.000000 0.000000	0.000000 0.000000	0.000000 0.000000	0.000000 0.000000	
2 48 5 0.840000	0.822946 0.004090	0.322757 0.006724	0.104795 0.004403	0.048182 0.005702	0.027135 0.003718	0.017254 0.004889	0.004342 0.011090	0.000000 0.000000	0.000000 0.000000	0.000000 0.000000	0.000000 0.000000	
2 48 5 0.850000	0.732388 0.026267	0.463535 0.038387	0.191666 0.025066	0.109645 0.021095	0.073943 0.018829	0.054224 0.018731	0.041901 0.016388	0.033326 0.015125	0.026446 0.013787	0.021529 0.012314	0.019756 0.023208	
2 48 5 0.860000	0.305657 0.042700	0.906350 0.025803	0.482132 0.009717	0.323162 0.006494	0.242353 0.002978	0.191620 0.004436	0.156137 0.004331	0.128258 0.005794	0.107285 0.004872	0.090569 0.005335	0.077148 0.007997	
2 48 5 0.870000	0.151430 0.009668	0.977056 0.002912	0.488743 0.009840	0.303823 0.008988	0.210691 0.007992	0.153789 0.008239	0.114227 0.006744	0.086478 0.006017	0.066402 0.005472	0.049817 0.005233	0.038839 0.003734	
2 48 5 0.880000	0.118414 0.008706	0.985964 0.002060	0.471235 0.009827	0.277452 0.009158	0.180479 0.007991	0.127347 0.009870	0.089406 0.007367	0.065058 0.005522	0.046069 0.008013	0.032266 0.006504	0.023345 0.002999	
2 48 5 0.890000	0.095341 0.005634	0.990906 0.001069	0.448709 0.006206	0.250628 0.009846	0.154563 0.006976	0.100928 0.007332	0.067296 0.004676	0.045292 0.004212	0.030220 0.004073	0.020065 0.003796	0.012434 0.003603	
2 48 5 0.900000	0.082676 0.003878	0.993163 0.000637	0.434395 0.006474	0.232050 0.009697	0.136864 0.003589	0.085323 0.004374	0.054849 0.003571	0.035863 0.001433	0.022936 0.001756	0.013582 0.005315	0.000000 0.000000	
2 48 5 0.910000	0.074452 0.006510	0.994451 0.000965	0.418569 0.009341	0.215469 0.008127	0.123698 0.004898	0.072425 0.002728	0.045942 0.007237	0.027825 0.002473	0.015494 0.002728	0.001998 0.009990	0.000000 0.000000	
2 48 5 0.920000	0.070702 0.009162	0.994992 0.001290	0.411870 0.009212	0.203880 0.008688	0.110676 0.004668	0.064343 0.004831	0.038933 0.002015	0.021473 0.005573	0.011634 0.003250	0.000000 0.000000	0.000000 0.000000	
2 48 5 0.930000	0.066126 0.009164	0.995616 0.001245	0.393880 0.006809	0.184446 0.007584	0.095597 0.007534	0.052906 0.002066	0.029934 0.003142	0.017472 0.001623	0.001996 0.009978	0.000000 0.000000	0.000000 0.000000	
2 48 5 0.940000	0.062258 0.001318	0.996124 0.000164	0.383675 0.005169	0.177463 0.005557	0.091237 0.001441	0.049045 0.005907	0.026578 0.004779	0.015114 0.009699	0.000000 0.000000	0.000000 0.000000	0.000000 0.000000	
2 48 5 0.950000	0.059706 0.006186	0.996431 0.000734	0.372190 0.006850	0.163620 0.007867	0.079193 0.005091	0.040025 0.004791	0.022102 0.005012	0.011649 0.003499	0.000000 0.000000	0.000000 0.000000	0.000000 0.000000	
2 48 5 0.960000	0.054818 0.006845	0.996989 0.000752	0.368115 0.009534	0.157992 0.009917	0.076100 0.006873	0.037480 0.008556	0.018065 0.005406	0.000000 0.000000	0.000000 0.000000	0.000000 0.000000	0.000000 0.000000	
2 48 5 0.970000	0.055160 0.005198	0.996954 0.000576	0.356099 0.009791	0.147271 0.008816	0.069146 0.007230	0.031922 0.006851	0.014417 0.002223	0.000000 0.000000	0.000000 0.000000	0.000000 0.000000	0.000000 0.000000	
2 48 5 0.980000	0.053897 0.007471	0.997087 0.000816	0.341524 0.009874	0.140243 0.008476	0.062710 0.008142	0.027606 0.004545	0.014399 0.008746	0.000000 0.000000	0.000000 0.000000	0.000000 0.000000	0.000000 0.000000	
2 48 5 0.990000	0.051039 0.006565	0.997390 0.000679	0.340408 0.003545	0.136472 0.007395	0.058165 0.004161	0.026861 0.003519	0.011006 0.003427	0.000000 0.000000	0.000000 0.000000	0.000000 0.000000	0.000000 0.000000	
2 48 5 1.000000	0.047258 0.003360	0.997765 0.000320	0.331454 0.004186	0.128580 0.001976	0.053452 0.003003	0.023564 0.002416	0.010774 0.001218	0.000000 0.000000	0.000000 0.000000	0.000000 0.000000	0.000000 0.000000	
2 48 5 1.010000	0.048048 0.007708	0.997683 0.000745	0.323813 0.008206	0.121895 0.009494	0.049481 0.004982	0.022979 0.008730	0.000000 0.000000	0.000000 0.000000	0.000000 0.000000	0.000000 0.000000	0.000000 0.000000	
2 48 5 1.020000	0.045476 0.007364	0.997926 0.000669	0.319046 0.009710	0.115764 0.006348	0.048967 0.006709	0.019682 0.006322	0.000000 0.000000	0.000000 0.000000	0.000000 0.000000	0.000000 0.000000	0.000000 0.000000	
2 48 5 1.030000	0.045257 0.008587	0.997939 0.000772	0.311428 0.009526	0.111210 0.008800	0.044569 0.009700	0.018871 0.003729	0.000000 0.000000	0.000000 0.000000	0.000000 0.000000	0.000000 0.000000	0.000000 0.000000	
2 48 5 1.040000	0.041551 0.003761	0.998271 0.000315	0.307950 0.009303	0.108723 0.007017	0.040012 0.005020	0.015636 0.004019	0.000000 0.000000	0.000000 0.000000	0.000000 0.000000	0.000000 0.000000	0.000000 0.000000	
2 48 5 1.050000	0.041074 0.003448	0.998311 0.000281	0.298692 0.009508	0.103541 0.007423	0.038329 0.009631	0.014220 0.004951	0.000000 0.000000	0.000000 0.000000	0.000000 0.000000	0.000000 0.000000	0.000000 0.000000	
2 48 5 1.060000	0.039282 0.007032	0.998449 0.000547	0.295907 0.009639	0.100896 0.009047	0.035410 0.008570	0.012817 0.005551	0.000000 0.000000	0.000000 0.000000	0.000000 0.000000	0.000000 0.000000	0.000000 0.000000	
2 48 5 1.070000	0.039839 0.004116	0.998411 0.000330	0.289923 0.003616	0.094496 0.003541	0.034391 0.002117	0.010877 0.001678	0.000000 0.000000	0.000000 0.000000	0.000000 0.000000	0.000000 0.000000	0.000000 0.000000	
2 48 5 1.080000	0.039721 0.003259	0.998421 0.000260	0.283099 0.008804	0.091257 0.004559	0.030247 0.004181	0.010922 0.001095	0.000000 0.000000	0.000000 0.000000	0.000000 0.000000	0.000000 0.000000	0.000000 0.000000	
2 48 5 1.090000	0.037896 0.002752	0.998563 0.000210	0.281231 0.008366	0.089973 0.006170	0.029993 0.004096	0.011297 0.002274	0.000000 0.000000	0.000000 0.000000	0.000000 0.000000	0.000000 0.000000	0.000000 0.000000	
2 48 5 1.100000	0.038330 0.003772	0.998529 0.000292	0.276032 0.009782	0.085172 0.004104	0.027298 0.005323	0.000000 0.000000	0.000000 0.000000	0.000000 0.000000	0.000000 0.000000	0.000000 0.000000	0.000000 0.000000	
2 48 5 1.110000	0.038389 0.004936	0.998523 0.000376	0.273290 0.009366	0.082623 0.008485	0.024897 0.006188	0.000000 0.000000	0.000000 0.000000	0.000000 0.000000	0.000000 0.000000	0.000000 0.000000	0.000000 0.000000	
2 48 5 1.120000	0.037948 0.005383	0.998556 0.000420	0.265738 0.005913	0.081059 0.004387	0.025062 0.002619	0.001945 0.009723	0.000000 0.000000	0.000000 0.000000	0.000000 0.000000	0.000000 0.000000	0.000000 0.000000	
2 48 5 1.130000	0.038368 0.002087	0.998527 0.000159	0.258279 0.009864	0.076488 0.006996	0.023918 0.009439	0.000000 0.000000	0.000000 0.000000	0.000000 0.000000	0.000000 0.000000	0.000000 0.000000	0.000000 0.000000	
2 48 5 1.140000	0.038109 0.008199	0.998539 0.000602	0.262645 0.005697	0.077404 0.005274	0.022588 0.009046	0.000000 0.000000	0.000000 0.000000	0.000000 0.000000	0.000000 0.000000	0.000000 0.000000	0.000000 0.000000	
2 48 5 1.150000	0.035865 0.007722	0.998704 0.000569	0.255755 0.009999	0.071153 0.009077	0.020556 0.005038	0.000000 0.000000	0.000000 0.000000	0.000000 0.000000	0.000000 0.000000	0.000000 0.000000	0.000000 0.000000	
2 48 5 1.160000	0.034794 0.002759	0.998788 0.000193	0.253045 0.009389	0.069218 0.006220	0.019199 0.005415	0.000000 0.000000	0.000000 0.000000	0.000000 0.000000	0.000000 0.000000	0.000000 0.000000	0.000000 0.000000	
2 48 5 1.170000	0.035045 0.009660	0.998760 0.000649	0.246006 0.008292	0.067897 0.006825	0.019650 0.003986	0.000000 0.000000	0.000000 0.000000	0.000000 0.000000	0.000000 0.000000	0.000000 0.000000	0.000000 0.000000	
2 48 5 1.180000	0.035501 0.007078	0.998734 0.000502	0.247289 0.009235	0.064359 0.003998	0.016010 0.005660	0.000000 0.000000	0.000000 0.000000	0.000000 0.000000	0.000000 0.000000	0.000000 0.000000	0.000000 0.000000	
2 48 5 1.190000	0.030987 0.009020	0.999030 0.000576	0.239317 0.006055	0.065384 0.008011	0.016665 0.007929	0.000000 0.000000	0.000000 0.000000	0.000000 0.000000	0.000000 0.000000	0.000000 0.000000	0.000000 0.000000	
2 48 5 1.200000	0.033016 0.007265	0.998902 0.000462	0.241060 0.008097	0.060852 0.007145	0.016587 0.004379	0.000000 0.000000	0.000000 0.000000	0.000000 0.000000	0.000000 0.000000	0.000000 0.000000	0.000000 0.000000	
2 48 5 1.210000	0.034670 0.008066	0.998789 0.000558	0.231870 0.008871	0.057069 0.008965	0.013413 0.004160	0.000000 0.000000	0.000000 0.000000	0.000000 0.000000	0.000000 0.000000	0.000000 0.000000	0.000000 0.000000	
2 48 5 1.220000	0.034351 0.006551	0.998815 0.000463	0.229620 0.009913	0.055699 0.004698	0.013281 0.006307	0.000000 0.000000	0.000000 0.000000	0.000000 0.000000	0.000000 0.000000	0.000000 0.000000	0.000000 0.000000	
2 48 5 1.230000	0.031826 0.007121	0.998980 0.000447	0.228504 0.008849	0.057986 0.007483	0.015424 0.008544	0.000000 0.000000	0.000000 0.000000	0.000000 0.000000	0.000000 0.000000	0.000000 0.000000	0.000000 0.000000	
2 48 5 1.240000	0.034103 0.004857	0.998834 0.000326	0.227510 0.009209	0.059834 0.004889	0.015457 0.008068	0.000000 0.000000	0.000000 0.000000	0.000000 0.000000	0.000000 0.000000	0.000000 0.000000	0.000000 0.000000	
2 48 5 1.250000	0.032042 0.006120	0.998969 0.000390	0.220074 0.008965	0.053264 0.005072	0.013444 0.004031	0.000000 0.000000	0.000000 0.000000	0.000000 0.000000	0.000000 0.000000	0.000000 0.000000	0.000000 0.000000	
2 48 5 1.260000	0.031027 0.002302	0.999036 0.000144	0.220897 0.005174	0.051737 0.008271	0.012509 0.004096	0.000000 0.000000	0.000000 0.000000	0.000000 0.000000	0.000000 0.000000	0.000000 0.000000	0.000000 0.000000	
2 48 5 1.270000	0.031909 0.004552	0.998979 0.000290	0.216171 0.009055	0.052515 0.003031	0.012279 0.003381	0.000000 0.000000	0.000000 0.000000	0.000000 0.000000	0.000000 0.000000	0.000000 0.000000	0.000000 0.000000	
2 48 5 1.280000	0.031661 0.002578	0.998997 0.000162	0.214789 0.008908	0.049898 0.006975	0.013380 0.007139	0.000000 0.000000	0.000000 0.000000	0.000000 0.000000	0.000000 0.000000	0.000000 0.000000	0.000000 0.000000	
2 48 5 1.290000	0.031748 0.003693	0.998990 0.000237	0.212111 0.009937	0.046695 0.008851	0.012477 0.002361	0.000000 0.000000	0.000000 0.000000	0.000000 0.000000	0.000000 0.000000	0.000000 0.000000	0.000000 0.000000	
2 48 5 1.300000	0.031064 0.009610	0.999025 0.000596	0.212035 0.009967	0.046626 0.008336	0.012379 0.002273	0.000000 0.000000	0.000000 0.000000	0.000000 0.000000	0.000000 0.000000	0.000000 0.000000	0.000000 0.000000	
2 48 5 1.310000	0.030959 0.006271	0.999036 0.000385	0.203816 0.008208	0.047042 0.008683	0.013482 0.004052	0.000000 0.000000	0.000000 0.000000	0.000000 0.000000	0.000000 0.000000	0.000000 0.000000	0.000000 0.000000	
2 48 5 1.320000	0.028873 0.005432	0.999162 0.000310	0.206533 0.009678	0.047781 0.007803	0.013169 0.003792	0.000000 0.000000	0.000000 0.000000	0.000000 0.000000	0.000000 0.000000	0.000000 0.000000	0.000000 0.000000	
2 48 5 1.330000	0.029513 0.003977	0.999127 0.000231	0.202004 0.007350	0.044995 0.007834	0.000000 0.000000	0.000000 0.000000	0.000000 0.000000	0.000000 0.000000	0.000000 0.000000	0.000000 0.000000	0.000000 0.000000	
2 48 5 1.340000	0.030605 0.005959	0.999058 0.000366	0.200946 0.009290	0.042020 0.003383	0.001994 0.009971	0.000000 0.000000	0.000000 0.000000	0.000000 0.000000	0.000000 0.000000	0.000000 0.000000	0.000000 0.000000	
2 48 5 1.350000	0.029442 0.004633	0.999129 0.000270	0.199853 0.006658	0.042891 0.005612	0.001998 0.009991	0.000000 0.000000	0.000000 0.000000	0.000000 0.000000	0.000000 0.000000	0.000000 0.000000	0.000000 0.000000	
2 48 5 1.360000	0.031454 0.005579	0.999007 0.000353	0.196458 0.005598	0.040456 0.004451	0.000000 0.000000	0.000000 0.000000	0.000000 0.000000	0.000000 0.000000	0.000000 0.000000	0.000000 0.000000	0.000000 0.000000	
2 48 5 1.370000	0.028523 0.004767	0.999184 0.000269	0.195176 0.009557	0.038684 0.009802	0.000000 0.000000	0.000000 0.000000	0.000000 0.000000	0.000000 0.000000	0.000000 0.000000	0.000000 0.000000	0.000000 0.000000	
2 48 5 1.380000	0.030356 0.001985	0.999078 0.000121	0.195039 0.009945	0.038767 0.003992	0.000000 0.000000	0.000000 0.000000	0.000000 0.000000	0.000000 0.000000	0.000000 0.000000	0.000000 0.000000	0.000000 0.000000	
2 48 5 1.390000	0.030373 0.002892	0.999076 0.000178	0.187465 0.009025	0.037581 0.009421	0.000000 0.000000	0.000000 0.000000	0.000000 0.000000	0.000000 0.000000	0.000000 0.000000	0.000000 0.000000	0.000000 0.000000	
2 48 5 1.400000	0.031706 0.005819	0.998991 0.000366	0.193219 0.009176	0.037651 0.007540	0.001963 0.009813	0.000000 0.000000	0.000000 0.000000	0.000000 0.000000	0.000000 0.000000	0.000000 0.000000	0.000000 0.000000	
2 48 5 1.410000	0.028448 0.007648	0.999184 0.000439	0.189191 0.008483	0.035200 0.006115	0.001934 0.009670	0.000000 0.000000	0.000000 0.000000	0.000000 0.000000	0.000000 0.000000	0.000000 0.000000	0.000000 0.000000	
2 48 5 1.420000	0.030295 0.008364	0.999073 0.000496	0.183146 0.009952	0.035681 0.006116	0.001971 0.009854	0.000000 0.000000	0.000000 0.000000	0.000000 0.000000	0.000000 0.000000	0.000000 0.000000	0.000000 0.000000	
2 48 5 1.430000	0.030106 0.002866	0.999093 0.000170	0.182494 0.009799	0.034844 0.009874	0.000000 0.000000	0.000000 0.000000	0.000000 0.000000	0.000000 0.000000	0.000000 0.000000	0.000000 0.000000	0.000000 0.000000	
2 48 5 1.440000	0.029996 0.008087	0.999090 0.000468	0.185329 0.009656	0.034710 0.004773	0.000000 0.000000	0.000000 0.000000	0.000000 0.000000	0.000000 0.000000	0.000000 0.000000	0.000000 0.000000	0.000000 0.000000	
2 48 5 1.450000	0.028325 0.002107	0.999197 0.000119	0.177388 0.008606	0.033975 0.009294	0.000000 0.000000	0.000000 0.000000	0.000000 0.000000	0.000000 0.000000	0.000000 0.000000	0.000000 0.000000	0.000000 0.000000	
2 48 5 1.460000	0.027664 0.009347	0.999222 0.000505	0.181865 0.006508	0.034977 0.008232	0.000000 0.000000	0.000000 0.000000	0.000000 0.000000	0.000000 0.000000	0.000000 0.000000	0.000000 0.000000	0.000000 0.000000	
2 48 5 1.470000	0.029150 0.004611	0.999147 0.000267	0.170952 0.008254	0.031000 0.004596	0.000000 0.000000	0.000000 0.000000	0.000000 0.000000	0.000000 0.000000	0.000000 0.000000	0.000000 0.000000	0.000000 0.000000	
2 48 5 1.480000	0.026711 0.003507	0.999285 0.000186	0.175014 0.005654	0.033950 0.004784	0.000000 0.000000	0.000000 0.000000	0.000000 0.000000	0.000000 0.000000	0.000000 0.000000	0.000000 0.000000	0.000000 0.000000	
2 48 5 1.490000	0.030322 0.007281	0.999073 0.000439	0.177025 0.008977	0.036759 0.008333	0.000000 0.000000	0.000000 0.000000	0.000000 0.000000	0.000000 0.000000	0.000000 0.000000	0.000000 0.000000	0.000000 0.000000	
2 48 5 1.500000	0.027029 0.007405	0.999263 0.000412	0.167648 0.009398	0.031639 0.009953	0.000000 0.000000	0.000000 0.000000	0.000000 0.000000	0.000000 0.000000	0.000000 0.000000	0.000000 0.000000	0.000000 0.000000	
2 48 5 1.510000	0.027187 0.004828	0.999258 0.000257	0.170843 0.009392	0.026641 0.009364	0.001948 0.009742	0.000000 0.000000	0.000000 0.000000	0.000000 0.000000	0.000000 0.000000	0.000000 0.000000	0.000000 0.000000	
2 48 5 1.520000	0.026857 0.004583	0.999275 0.000246	0.167167 0.008751	0.027481 0.009922	0.000000 0.000000	0.000000 0.000000	0.000000 0.000000	0.000000 0.000000	0.000000 0.000000	0.000000 0.000000	0.000000 0.000000	
2 48 5 1.530000	0.027653 0.004770	0.999232 0.000255	0.168731 0.009063	0.031077 0.007320	0.000000 0.000000	0.000000 0.000000	0.000000 0.000000	0.000000 0.000000	0.000000 0.000000	0.000000 0.000000	0.000000 0.000000	
2 48 5 1.540000	0.028150 0.008900	0.999198 0.000510	0.167797 0.009732	0.027767 0.007784	0.000000 0.000000	0.000000 0.000000	0.000000 0.000000	0.000000 0.000000	0.000000 0.000000	0.000000 0.000000	0.000000 0.000000	
2 48 5 1.550000	0.025775 0.002744	0.999335 0.000142	0.161313 0.009310	0.030139 0.006653	0.000000 0.000000	0.000000 0.000000	0.000000 0.000000	0.000000 0.000000	0.000000 0.000000	0.000000 0.000000	0.000000 0.000000	
2 48 5 1.560000	0.023046 0.009439	0.999455 0.000455	0.153043 0.008690	0.027841 0.009696	0.000000 0.000000	0.000000 0.000000	0.000000 0.000000	0.000000 0.000000	0.000000 0.000000	0.000000 0.000000	0.000000 0.000000	
2 48 5 1.570000	0.026739 0.003412	0.999283 0.000185	0.156040 0.008812	0.024353 0.007221	0.000000 0.000000	0.000000 0.000000	0.000000 0.000000	0.000000 0.000000	0.000000 0.000000	0.000000 0.000000	0.000000 0.000000	
2 48 5 1.580000	0.028071 0.006671	0.999206 0.000396	0.158548 0.009288	0.027065 0.004287	0.000000 0.000000	0.000000 0.000000	0.000000 0.000000	0.000000 0.000000	0.000000 0.000000	0.000000 0.000000	0.000000 0.000000	
2 48 5 1.590000	0.027080 0.008905	0.999256 0.000505	0.159418 0.009354	0.027498 0.008228	0.000000 0.000000	0.000000 0.000000	0.000000 0.000000	0.000000 0.000000	0.000000 0.000000	0.000000 0.000000	0.000000 0.000000	
2 48 5 1.600000	0.026747 0.003441	0.999283 0.000182	0.156977 0.009631	0.028489 0.009449	0.000000 0.000000	0.000000 0.000000	0.000000 0.000000	0.000000 0.000000	0.000000 0.000000	0.000000 0.000000	0.000000 0.000000	
2 48 5 1.610000	0.029754 0.009708	0.999103 0.000576	0.158175 0.007793	0.026376 0.007012	0.000000 0.000000	0.000000 0.000000	0.000000 0.000000	0.000000 0.000000	0.000000 0.000000	0.000000 0.000000	0.000000 0.000000	
2 48 5 1.620000	0.026594 0.004319	0.999290 0.000232	0.156073 0.009331	0.026067 0.009595	0.000000 0.000000	0.000000 0.000000	0.000000 0.000000	0.000000 0.000000	0.000000 0.000000	0.000000 0.000000	0.000000 0.000000	
2 48 5 1.630000	0.025919 0.008345	0.999320 0.000436	0.153895 0.009895	0.022130 0.007560	0.000000 0.000000	0.000000 0.000000	0.000000 0.000000	0.000000 0.000000	0.000000 0.000000	0.000000 0.000000	0.000000 0.000000	
2 48 5 1.640000	0.025840 0.007529	0.999325 0.000405	0.154676 0.008759	0.024665 0.008189	0.000000 0.000000	0.000000 0.000000	0.000000 0.000000	0.000000 0.000000	0.000000 0.000000	0.000000 0.000000	0.000000 0.000000	
2 48 5 1.650000	0.025866 0.008037	0.999322 0.000440	0.153677 0.008320	0.025159 0.009804	0.000000 0.000000	0.000000 0.000000	0.000000 0.000000	0.000000 0.000000	0.000000 0.000000	0.000000 0.000000	0.000000 0.000000	
2 48 5 1.660000	0.024684 0.007098	0.999385 0.000355	0.146878 0.009867	0.026654 0.008308	0.000000 0.000000	0.000000 0.000000	0.000000 0.000000	0.000000 0.000000	0.000000 0.000000	0.000000 0.000000	0.000000 0.000000	
2 48 5 1.670000	0.027015 0.005975	0.999264 0.000321	0.150220 0.009641	0.021483 0.005984	0.000000 0.000000	0.000000 0.000000	0.000000 0.000000	0.000000 0.000000	0.000000 0.000000	0.000000 0.000000	0.000000 0.000000	
2 48 5 1.680000	0.027288 0.007979	0.999249 0.000440	0.146286 0.009509	0.021001 0.004639	0.000000 0.000000	0.000000 0.000000	0.000000 0.000000	0.000000 0.000000	0.000000 0.000000	0.000000 0.000000	0.000000 0.000000	
2 48 5 1.690000	0.026868 0.008259	0.999270 0.000426	0.148485 0.009792	0.023743 0.005763	0.000000 0.000000	0.000000 0.000000	0.000000 0.000000	0.000000 0.000000	0.000000 0.000000	0.000000 0.000000	0.000000 0.000000	
2 48 5 1.700000	0.024951 0.002268	0.999377 0.000114	0.148585 0.009468	0.021001 0.007217	0.000000 0.000000	0.000000 0.000000	0.000000 0.000000	0.000000 0.000000	0.000000 0.000000	0.000000 0.000000	0.000000 0.000000	
2 48 5 1.710000	0.025719 0.004894	0.999335 0.000244	0.143638 0.009309	0.021953 0.005728	0.000000 0.000000	0.000000 0.000000	0.000000 0.000000	0.000000 0.000000	0.000000 0.000000	0.000000 0.000000	0.000000 0.000000	
2 48 5 1.720000	0.025880 0.008176	0.999322 0.000443	0.141794 0.003967	0.019340 0.009562	0.000000 0.000000	0.000000 0.000000	0.000000 0.000000	0.000000 0.000000	0.000000 0.000000	0.000000 0.000000	0.000000 0.000000	
2 48 5 1.730000	0.026352 0.005590	0.999301 0.000290	0.145382 0.009194	0.020511 0.007301	0.000000 0.000000	0.000000 0.000000	0.000000 0.000000	0.000000 0.000000	0.000000 0.000000	0.000000 0.000000	0.000000 0.000000	
2 48 5 1.740000	0.024933 0.009054	0.999367 0.000463	0.142136 0.009615	0.019133 0.008036	0.000000 0.000000	0.000000 0.000000	0.000000 0.000000	0.000000 0.000000	0.000000 0.000000	0.000000 0.000000	0.000000 0.000000	
2 48 5 1.750000	0.025236 0.007358	0.999356 0.000359	0.139227 0.009681	0.018798 0.002528	0.000000 0.000000	0.000000 0.000000	0.000000 0.000000	0.000000 0.000000	0.000000 0.000000	0.000000 0.000000	0.000000 0.000000	
2 48 5 1.760000	0.025447 0.005084	0.999350 0.000262	0.140738 0.009837	0.020220 0.003195	0.000000 0.000000	0.000000 0.000000	0.000000 0.000000	0.000000 0.000000	0.000000 0.000000	0.000000 0.000000	0.000000 0.000000	
2 48 5 1.770000	0.022288 0.005768	0.999499 0.000260	0.133733 0.007691	0.018055 0.009888	0.000000 0.000000	0.000000 0.000000	0.000000 0.000000	0.000000 0.000000	0.000000 0.000000	0.000000 0.000000	0.000000 0.000000	
2 48 5 1.780000	0.025471 0.002993	0.999350 0.000153	0.137942 0.009296	0.019518 0.004241	0.000000 0.000000	0.000000 0.000000	0.000000 0.000000	0.000000 0.000000	0.000000 0.000000	0.000000 0.000000	0.000000 0.000000	
2 48 5 1.790000	0.023956 0.007067	0.999418 0.000335	0.135625 0.009504	0.021381 0.008615	0.000000 0.000000	0.000000 0.000000	0.000000 0.000000	0.000000 0.000000	0.000000 0.000000	0.000000 0.000000	0.000000 0.000000	
2 48 5 1.800000	0.023908 0.008988	0.999418 0.000418	0.133989 0.006359	0.020348 0.009890	0.001790 0.008949	0.000000 0.000000	0.000000 0.000000	0.000000 0.000000	0.000000 0.000000	0.000000 0.000000	0.000000 0.000000	
2 48 5 1.810000	0.025351 0.003095	0.999356 0.000156	0.135532 0.008964	0.021655 0.008559	0.000000 0.000000	0.000000 0.000000	0.001904 0.009518	0.000000 0.000000	0.000000 0.000000	0.000000 0.000000	0.000000 0.000000	
2 48 5 1.820000	0.025846 0.003663	0.999330 0.000191	0.131634 0.008726	0.017992 0.006097	0.000000 0.000000	0.000000 0.000000	0.000000 0.000000	0.000000 0.000000	0.000000 0.000000	0.000000 0.000000	0.000000 0.000000	
2 48 5 1.830000	0.024992 0.009492	0.999365 0.000503	0.132576 0.009723	0.018605 0.008035	0.000000 0.000000	0.000000 0.000000	0.000000 0.000000	0.000000 0.000000	0.000000 0.000000	0.000000 0.000000	0.000000 0.000000	
2 48 5 1.840000	0.023574 0.006946	0.999438 0.000329	0.132635 0.009150	0.017819 0.009254	0.000000 0.000000	0.000000 0.000000	0.000000 0.000000	0.000000 0.000000	0.000000 0.000000	0.000000 0.000000	0.000000 0.000000	
2 48 5 1.850000	0.024961 0.003067	0.999375 0.000153	0.132429 0.002121	0.015855 0.007499	0.000000 0.000000	0.000000 0.000000	0.000000 0.000000	0.000000 0.000000	0.000000 0.000000	0.000000 0.000000	0.000000 0.000000	
2 48 5 1.860000	0.024912 0.004430	0.999377 0.000223	0.126709 0.009908	0.014995 0.005967	0.000000 0.000000	0.000000 0.000000	0.000000 0.000000	0.000000 0.000000	0.000000 0.000000	0.000000 0.000000	0.000000 0.000000	
2 48 5 1.870000	0.025036 0.007215	0.999367 0.000348	0.127221 0.008675	0.016183 0.005552	0.000000 0.000000	0.000000 0.000000	0.000000 0.000000	0.000000 0.000000	0.000000 0.000000	0.000000 0.000000	0.000000 0.000000	
2 48 5 1.880000	0.024886 0.004877	0.999378 0.000243	0.127222 0.008474	0.016295 0.008032	0.000000 0.000000	0.000000 0.000000	0.000000 0.000000	0.000000 0.000000	0.000000 0.000000	0.000000 0.000000	0.000000 0.000000	
2 48 5 1.890000	0.024378 0.003345	0.999403 0.000165	0.131179 0.006568	0.014755 0.008348	0.000000 0.000000	0.000000 0.000000	0.000000 0.000000	0.000000 0.000000	0.000000 0.000000	0.000000 0.000000	0.000000 0.000000	
2 48 5 1.900000	0.021197 0.002130	0.999550 0.000090	0.129630 0.008686	0.016719 0.009413	0.000000 0.000000	0.000000 0.000000	0.000000 0.000000	0.000000 0.000000	0.000000 0.000000	0.000000 0.000000	0.000000 0.000000	
2 48 5 1.910000	0.023784 0.004401	0.999431 0.000208	0.127162 0.009939	0.016690 0.006378	0.000000 0.000000	0.000000 0.000000	0.000000 0.000000	0.000000 0.000000	0.000000 0.000000	0.000000 0.000000	0.000000 0.000000	
2 48 5 1.920000	0.024934 0.008060	0.999371 0.000409	0.122874 0.009853	0.016667 0.006202	0.000000 0.000000	0.000000 0.000000	0.000000 0.000000	0.000000 0.000000	0.000000 0.000000	0.000000 0.000000	0.000000 0.000000	
2 48 5 1.930000	0.025220 0.002571	0.999363 0.000130	0.123482 0.009996	0.015686 0.007840	0.000000 0.000000	0.000000 0.000000	0.000000 0.000000	0.000000 0.000000	0.000000 0.000000	0.000000 0.000000	0.000000 0.000000	
2 48 5 1.940000	0.025350 0.008547	0.999350 0.000428	0.127005 0.009611	0.016829 0.009313	0.000000 0.000000	0.000000 0.000000	0.000000 0.000000	0.000000 0.000000	0.000000 0.000000	0.000000 0.000000	0.000000 0.000000	
2 48 5 1.950000	0.023520 0.003781	0.999445 0.000177	0.122561 0.007890	0.015959 0.006553	0.000000 0.000000	0.000000 0.000000	0.000000 0.000000	0.000000 0.000000	0.000000 0.000000	0.000000 0.000000	0.000000 0.000000	
2 48 5 1.960000	0.026127 0.007334	0.999310 0.000372	0.126086 0.009696	0.019953 0.005256	0.000000 0.000000	0.000000 0.000000	0.001808 0.009042	0.000000 0.000000	0.000000 0.000000	0.000000 0.000000	0.000000 0.000000	
2 48 5 1.970000	0.023601 0.006808	0.999437 0.000337	0.119238 0.009098	0.015591 0.008781	0.000000 0.000000	0.000000 0.000000	0.000000 0.000000	0.000000 0.000000	0.000000 0.000000	0.000000 0.000000	0.000000 0.000000	
2 48 5 1.980000	0.024237 0.007870	0.999406 0.000381	0.119814 0.004829	0.014256 0.006513	0.000000 0.000000	0.000000 0.000000	0.000000 0.000000	0.000000 0.000000	0.000000 0.000000	0.000000 0.000000	0.000000 0.000000	
2 48 5 1.990000	0.024392 0.007373	0.999399 0.000359	0.119348 0.009868	0.014818 0.003542	0.000000 0.000000	0.000000 0.000000	0.000000 0.000000	0.000000 0.000000	0.000000 0.000000	0.000000 0.000000	0.000000 0.000000	
2 48 5 2.000000	0.024629 0.001084	0.999393 0.000053	0.118326 0.008911	0.012399 0.003041	0.000000 0.000000	0.000000 0.000000	0.000000 0.000000	0.000000 0.000000	0.000000 0.000000	0.000000 0.000000	0.000000 0.000000	
2 48 5 2.010000	0.026431 0.004206	0.999299 0.000223	0.116718 0.008819	0.015819 0.007437	0.000000 0.000000	0.000000 0.000000	0.000000 0.000000	0.000000 0.000000	0.000000 0.000000	0.000000 0.000000	0.000000 0.000000	
2 48 5 2.020000	0.026194 0.003467	0.999312 0.000184	0.118204 0.009289	0.014299 0.007378	0.000000 0.000000	0.000000 0.000000	0.000000 0.000000	0.000000 0.000000	0.000000 0.000000	0.000000 0.000000	0.000000 0.000000	
2 48 5 2.030000	0.023743 0.006128	0.999432 0.000284	0.117637 0.009587	0.013340 0.008559	0.000000 0.000000	0.000000 0.000000	0.000000 0.000000	0.000000 0.000000	0.000000 0.000000	0.000000 0.000000	0.000000 0.000000	
2 48 5 2.040000	0.024767 0.008591	0.999372 0.000418	0.113580 0.009868	0.014128 0.006164	0.000000 0.000000	0.000000 0.000000	0.000000 0.000000	0.000000 0.000000	0.000000 0.000000	0.000000 0.000000	0.000000 0.000000	
2 48 5 2.050000	0.022535 0.008631	0.999483 0.000411	0.114010 0.009636	0.014481 0.008555	0.000000 0.000000	0.000000 0.000000	0.000000 0.000000	0.000000 0.000000	0.000000 0.000000	0.000000 0.000000	0.000000 0.000000	
2 48 5 2.060000	0.025040 0.006969	0.999368 0.000344	0.116357 0.008424	0.013099 0.005349	0.000000 0.000000	0.000000 0.000000	0.000000 0.000000	0.000000 0.000000	0.000000 0.000000	0.000000 0.000000	0.000000 0.000000	
2 48 5 2.070000	0.023391 0.004585	0.999450 0.000223	0.113947 0.007983	0.012298 0.004115	0.000000 0.000000	0.000000 0.000000	0.000000 0.000000	0.000000 0.000000	0.000000 0.000000	0.000000 0.000000	0.000000 0.000000	
2 48 5 2.080000	0.024572 0.004118	0.999394 0.000199	0.117374 0.009955	0.014069 0.004986	0.000000 0.000000	0.000000 0.000000	0.000000 0.000000	0.000000 0.000000	0.000000 0.000000	0.000000 0.000000	0.000000 0.000000	
2 48 5 2.090000	0.024275 0.004324	0.999408 0.000206	0.113617 0.009352	0.011747 0.002585	0.000000 0.000000	0.000000 0.000000	0.000000 0.000000	0.000000 0.000000	0.000000 0.000000	0.000000 0.000000	0.000000 0.000000	
2 48 5 2.100000	0.022542 0.004954	0.999489 0.000217	0.111208 0.008215	0.012165 0.005140	0.000000 0.000000	0.000000 0.000000	0.000000 0.000000	0.000000 0.000000	0.000000 0.000000	0.000000 0.000000	0.000000 0.000000	
2 48 5 2.110000	0.023313 0.004958	0.999454 0.000231	0.113724 0.009462	0.015948 0.006958	0.000000 0.000000	0.000000 0.000000	0.000000 0.000000	0.000000 0.000000	0.000000 0.000000	0.000000 0.000000	0.000000 0.000000	
2 48 5 2.120000	0.023202 0.002603	0.999461 0.000121	0.108807 0.009808	0.012334 0.005466	0.000000 0.000000	0.000000 0.000000	0.000000 0.000000	0.000000 0.000000	0.000000 0.000000	0.000000 0.000000	0.000000 0.000000	
2 48 5 2.130000	0.022743 0.007592	0.999477 0.000356	0.109875 0.009965	0.012405 0.006210	0.000000 0.000000	0.000000 0.000000	0.000000 0.000000	0.000000 0.000000	0.000000 0.000000	0.000000 0.000000	0.000000 0.000000	
2 48 5 2.140000	0.023114 0.002443	0.999465 0.000113	0.108895 0.004689	0.011829 0.002598	0.000000 0.000000	0.000000 0.000000	0.000000 0.000000	0.000000 0.000000	0.000000 0.000000	0.000000 0.000000	0.000000 0.000000	
2 48 5 2.150000	0.023404 0.002478	0.999451 0.000118	0.109588 0.006216	0.012001 0.002918	0.000000 0.000000	0.000000 0.000000	0.000000 0.000000	0.000000 0.000000	0.000000 0.000000	0.000000 0.000000	0.000000 0.000000	
2 48 5 2.160000	0.024406 0.003641	0.999403 0.000181	0.108417 0.003479	0.012269 0.005630	0.000000 0.000000	0.000000 0.000000	0.000000 0.000000	0.000000 0.000000	0.000000 0.000000	0.000000 0.000000	0.000000 0.000000	
2 48 5 2.170000	0.024303 0.004024	0.999407 0.000198	0.108674 0.004920	0.011867 0.003736	0.000000 0.000000	0.000000 0.000000	0.000000 0.000000	0.000000 0.000000	0.000000 0.000000	0.000000 0.000000	0.000000 0.000000	
2 48 5 2.180000	0.022761 0.002425	0.999481 0.000110	0.105709 0.004060	0.011972 0.003082	0.000000 0.000000	0.000000 0.000000	0.000000 0.000000	0.000000 0.000000	0.000000 0.000000	0.000000 0.000000	0.000000 0.000000	
2 48 5 2.190000	0.023395 0.001903	0.999452 0.000089	0.106049 0.004416	0.011567 0.002625	0.000000 0.000000	0.000000 0.000000	0.000000 0.000000	0.000000 0.000000	0.000000 0.000000	0.000000 0.000000	0.000000 0.000000	
2 48 5 2.200000	0.022991 0.003501	0.999470 0.000159	0.104844 0.004715	0.011584 0.003147	0.000000 0.000000	0.000000 0.000000	0.000000 0.000000	0.000000 0.000000	0.000000 0.000000	0.000000 0.000000	0.000000 0.000000	
2 48 5 2.210000	0.023680 0.003358	0.999438 0.000155	0.104804 0.004224	0.011951 0.003434	0.000000 0.000000	0.000000 0.000000	0.000000 0.000000	0.000000 0.000000	0.000000 0.000000	0.000000 0.000000	0.000000 0.000000	
2 48 5 2.220000	0.023811 0.003870	0.999430 0.000186	0.105567 0.003595	0.001990 0.009949	0.000000 0.000000	0.000000 0.000000	0.000000 0.000000	0.000000 0.000000	0.000000 0.000000	0.000000 0.000000	0.000000 0.000000	
2 48 5 2.230000	0.023941 0.009009	0.999417 0.000426	0.104939 0.003673	0.010783 0.001190	0.000000 0.000000	0.000000 0.000000	0.000000 0.000000	0.000000 0.000000	0.000000 0.000000	0.000000 0.000000	0.000000 0.000000	
2 48 5 2.240000	0.024304 0.005428	0.999406 0.000270	0.103147 0.006861	0.011774 0.002766	0.000000 0.000000	0.000000 0.000000	0.000000 0.000000	0.000000 0.000000	0.000000 0.000000	0.000000 0.000000	0.000000 0.000000	
2 48 5 2.250000	0.023401 0.001687	0.999452 0.000079	0.102485 0.002337	0.010386 0.000963	0.000000 0.000000	0.000000 0.000000	0.000000 0.000000	0.000000 0.000000	0.000000 0.000000	0.000000 0.000000	0.000000 0.000000	
2 48 5 2.260000	0.022395 0.006820	0.999494 0.000300	0.100337 0.007101	0.001917 0.009585	0.000000 0.000000	0.000000 0.000000	0.000000 0.000000	0.000000 0.000000	0.000000 0.000000	0.000000 0.000000	0.000000 0.000000	
2 48 5 2.270000	0.022265 0.009903	0.999494 0.000431	0.104940 0.004563	0.013448 0.006491	0.000000 0.000000	0.000000 0.000000	0.000000 0.000000	0.000000 0.000000	0.000000 0.000000	0.000000 0.000000	0.000000 0.000000	
2 48 5 2.280000	0.023257 0.002139	0.999459 0.000100	0.100498 0.009782	0.000000 0.000000	0.000000 0.000000	0.000000 0.000000	0.000000 0.000000	0.000000 0.000000	0.000000 0.000000	0.000000 0.000000	0.000000 0.000000	
2 48 5 2.290000	0.020711 0.004933	0.999567 0.000198	0.096014 0.009764	0.000000 0.000000	0.000000 0.000000	0.000000 0.000000	0.000000 0.000000	0.000000 0.000000	0.000000 0.000000	0.000000 0.000000	0.000000 0.000000	
2 48 5 2.300000	0.024248 0.006257	0.999406 0.000314	0.101420 0.006123	0.000000 0.000000	0.000000 0.000000	0.000000 0.000000	0.000000 0.000000	0.000000 0.000000	0.000000 0.000000	0.000000 0.000000	0.000000 0.000000	
2 48 5 2.310000	0.022118 0.006010	0.999506 0.000259	0.097813 0.007611	0.000000 0.000000	0.000000 0.000000	0.000000 0.000000	0.000000 0.000000	0.000000 0.000000	0.000000 0.000000	0.000000 0.000000	0.000000 0.000000	
2 48 5 2.320000	0.023773 0.008378	0.999424 0.000393	0.097583 0.004775	0.000000 0.000000	0.000000 0.000000	0.000000 0.000000	0.000000 0.000000	0.000000 0.000000	0.000000 0.000000	0.000000 0.000000	0.000000 0.000000	
2 48 5 2.330000	0.022949 0.001820	0.999473 0.000084	0.097279 0.004376	0.001991 0.009954	0.000000 0.000000	0.000000 0.000000	0.000000 0.000000	0.000000 0.000000	0.000000 0.000000	0.000000 0.000000	0.000000 0.000000	
2 48 5 2.340000	0.022724 0.005838	0.999479 0.000267	0.096781 0.007481	0.001791 0.008953	0.000000 0.000000	0.000000 0.000000	0.000000 0.000000	0.000000 0.000000	0.000000 0.000000	0.000000 0.000000	0.000000 0.000000	
2 48 5 2.350000	0.025453 0.003984	0.999350 0.000209	0.095716 0.006564	0.000000 0.000000	0.000000 0.000000	0.000000 0.000000	0.000000 0.000000	0.000000 0.000000	0.000000 0.000000	0.000000 0.000000	0.000000 0.000000	
2 48 5 2.360000	0.023125 0.001295	0.999465 0.000059	0.097830 0.003425	0.001933 0.009667	0.000000 0.000000	0.000000 0.000000	0.000000 0.000000	0.000000 0.000000	0.000000 0.000000	0.000000 0.000000	0.000000 0.000000	
2 48 5 2.370000	0.022454 0.007723	0.999488 0.000344	0.095632 0.009669	0.013721 0.006278	0.000000 0.000000	0.000000 0.000000	0.000000 0.000000	0.000000 0.000000	0.000000 0.000000	0.000000 0.000000	0.000000 0.000000	
2 48 5 2.380000	0.022615 0.002855	0.999487 0.000132	0.096249 0.004281	0.001998 0.009991	0.000000 0.000000	0.000000 0.000000	0.000000 0.000000	0.000000 0.000000	0.000000 0.000000	0.000000 0.000000	0.000000 0.000000	
2 48 5 2.390000	0.023405 0.002220	0.999452 0.000103	0.097948 0.002483	0.003773 0.009472	0.000000 0.000000	0.000000 0.000000	0.000000 0.000000	0.000000 0.000000	0.000000 0.000000	0.000000 0.000000	0.000000 0.000000	
2 48 5 2.400000	0.023640 0.006878	0.999436 0.000338	0.096513 0.008581	0.000000 0.000000	0.000000 0.000000	0.000000 0.000000	0.000000 0.000000	0.000000 0.000000	0.000000 0.000000	0.000000 0.000000	0.000000 0.000000	
2 48 5 2.410000	0.022854 0.005408	0.999474 0.000241	0.096221 0.006606	0.001956 0.009778	0.000000 0.000000	0.000000 0.000000	0.000000 0.000000	0.000000 0.000000	0.000000 0.000000	0.000000 0.000000	0.000000 0.000000	
2 48 5 2.420000	0.025684 0.003951	0.999338 0.000205	0.095935 0.008405	0.001995 0.009975	0.000000 0.000000	0.000000 0.000000	0.000000 0.000000	0.000000 0.000000	0.000000 0.000000	0.000000 0.000000	0.000000 0.000000	
2 48 5 2.430000	0.021666 0.002655	0.999530 0.000117	0.091283 0.008178	0.000000 0.000000	0.000000 0.000000	0.000000 0.000000	0.000000 0.000000	0.000000 0.000000	0.000000 0.000000	0.000000 0.000000	0.000000 0.000000	
2 48 5 2.440000	0.022498 0.006650	0.999488 0.000291	0.095875 0.008525	0.001992 0.009958	0.000000 0.000000	0.000000 0.000000	0.000000 0.000000	0.000000 0.000000	0.000000 0.000000	0.000000 0.000000	0.000000 0.000000	
2 48 5 2.450000	0.023729 0.005454	0.999433 0.000257	0.094071 0.007177	0.001942 0.009712	0.000000 0.000000	0.000000 0.000000	0.000000 0.000000	0.000000 0.000000	0.000000 0.000000	0.000000 0.000000	0.000000 0.000000	
2 48 5 2.460000	0.023537 0.005871	0.999442 0.000286	0.091083 0.008713	0.000000 0.000000	0.000000 0.000000	0.000000 0.000000	0.000000 0.000000	0.000000 0.000000	0.000000 0.000000	0.000000 0.000000	0.000000 0.000000	
2 48 5 2.470000	0.021736 0.006883	0.999521 0.000324	0.088572 0.006779	0.000000 0.000000	0.000000 0.000000	0.000000 0.000000	0.000000 0.000000	0.000000 0.000000	0.000000 0.000000	0.000000 0.000000	0.000000 0.000000	
2 48 5 2.480000	0.023534 0.004259	0.999444 0.000202	0.092802 0.008698	0.000000 0.000000	0.000000 0.000000	0.000000 0.000000	0.000000 0.000000	0.000000 0.000000	0.000000 0.000000	0.000000 0.000000	0.000000 0.000000	
2 48 5 2.490000	0.022561 0.002389	0.999490 0.000108	0.088794 0.007971	0.001992 0.009958	0.000000 0.000000	0.000000 0.000000	0.000000 0.000000	0.000000 0.000000	0.000000 0.000000	0.000000 0.000000	0.000000 0.000000	
2 48 5 2.500000	0.022081 0.003047	0.999511 0.000135	0.093544 0.009405	0.000000 0.000000	0.000000 0.000000	0.000000 0.000000	0.000000 0.000000	0.000000 0.000000	0.000000 0.000000	0.000000 0.000000	0.000000 0.000000	
