2 10 5 0.400000	0.999096 0.004518	0.000000 0.000000	0.000000 0.000000	0.000000 0.000000	0.000000 0.000000	0.000000 0.000000	
2 10 5 0.410000	0.999096 0.004518	0.000000 0.000000	0.000000 0.000000	0.000000 0.000000	0.000000 0.000000	0.000000 0.000000	
2 10 5 0.420000	1.000000 0.000000	0.000000 0.000000	0.000000 0.000000	0.000000 0.000000	0.000000 0.000000	0.000000 0.000000	
2 10 5 0.430000	0.999542 0.002288	0.000000 0.000000	0.000000 0.000000	0.000000 0.000000	0.000000 0.000000	0.000000 0.000000	
2 10 5 0.440000	1.000000 0.000000	0.000000 0.000000	0.000000 0.000000	0.000000 0.000000	0.000000 0.000000	0.000000 0.000000	
2 10 5 0.450000	0.999314 0.003432	0.000000 0.000000	0.000000 0.000000	0.000000 0.000000	0.000000 0.000000	0.000000 0.000000	
2 10 5 0.460000	0.999003 0.004987	0.000000 0.000000	0.000000 0.000000	0.000000 0.000000	0.000000 0.000000	0.000000 0.000000	
2 10 5 0.470000	0.999003 0.003615	0.000000 0.000000	0.000000 0.000000	0.000000 0.000000	0.000000 0.000000	0.000000 0.000000	
2 10 5 0.480000	0.999657 0.001716	0.000000 0.000000	0.000000 0.000000	0.000000 0.000000	0.000000 0.000000	0.000000 0.000000	
2 10 5 0.490000	1.000000 0.000000	0.000000 0.000000	0.000000 0.000000	0.000000 0.000000	0.000000 0.000000	0.000000 0.000000	
2 10 5 0.500000	0.999197 0.004016	0.000000 0.000000	0.000000 0.000000	0.000000 0.000000	0.000000 0.000000	0.000000 0.000000	
2 10 5 0.510000	0.999314 0.003432	0.000000 0.000000	0.000000 0.000000	0.000000 0.000000	0.000000 0.000000	0.000000 0.000000	
2 10 5 0.520000	0.998925 0.003117	0.000000 0.000000	0.000000 0.000000	0.000000 0.000000	0.000000 0.000000	0.000000 0.000000	
2 10 5 0.530000	0.999096 0.004518	0.000000 0.000000	0.000000 0.000000	0.000000 0.000000	0.000000 0.000000	0.000000 0.000000	
2 10 5 0.540000	0.998473 0.004518	0.000000 0.000000	0.000000 0.000000	0.000000 0.000000	0.000000 0.000000	0.000000 0.000000	
2 10 5 0.550000	0.998782 0.004699	0.000000 0.000000	0.000000 0.000000	0.000000 0.000000	0.000000 0.000000	0.000000 0.000000	
2 10 5 0.560000	0.997839 0.004779	0.000000 0.000000	0.000000 0.000000	0.000000 0.000000	0.000000 0.000000	0.000000 0.000000	
2 10 5 0.570000	1.000000 0.000000	0.000000 0.000000	0.000000 0.000000	0.000000 0.000000	0.000000 0.000000	0.000000 0.000000	
2 10 5 0.580000	0.999288 0.003562	0.000000 0.000000	0.000000 0.000000	0.000000 0.000000	0.000000 0.000000	0.000000 0.000000	
2 10 5 0.590000	0.998325 0.003979	0.000000 0.000000	0.000000 0.000000	0.000000 0.000000	0.000000 0.000000	0.000000 0.000000	
2 10 5 0.600000	1.000000 0.000000	0.000000 0.000000	0.000000 0.000000	0.000000 0.000000	0.000000 0.000000	0.000000 0.000000	
2 10 5 0.610000	0.993425 0.004986	0.013103 0.009896	0.000000 0.000000	0.000000 0.000000	0.000000 0.000000	0.000000 0.000000	
2 10 5 0.620000	0.993175 0.002772	0.013602 0.005508	0.000000 0.000000	0.000000 0.000000	0.000000 0.000000	0.000000 0.000000	
2 10 5 0.630000	0.991208 0.005000	0.017504 0.009914	0.000000 0.000000	0.000000 0.000000	0.000000 0.000000	0.000000 0.000000	
2 10 5 0.640000	0.991366 0.004824	0.017191 0.009572	0.000000 0.000000	0.000000 0.000000	0.000000 0.000000	0.000000 0.000000	
2 10 5 0.650000	0.988164 0.005038	0.023527 0.009958	0.000000 0.000000	0.000000 0.000000	0.000000 0.000000	0.000000 0.000000	
2 10 5 0.660000	0.988488 0.004406	0.022890 0.008705	0.000000 0.000000	0.000000 0.000000	0.000000 0.000000	0.000000 0.000000	
2 10 5 0.670000	0.983447 0.004153	0.032829 0.008175	0.000000 0.000000	0.000000 0.000000	0.000000 0.000000	0.001980 0.009898	
2 10 5 0.680000	0.985285 0.004461	0.029211 0.008791	0.001931 0.009656	0.000000 0.000000	0.000000 0.000000	0.000000 0.000000	
2 10 5 0.690000	0.983161 0.004069	0.033392 0.007999	0.000000 0.000000	0.000000 0.000000	0.000000 0.000000	0.000000 0.000000	
2 10 5 0.700000	0.974249 0.005100	0.050834 0.009941	0.000000 0.000000	0.000000 0.000000	0.000000 0.000000	0.000000 0.000000	
2 10 5 0.710000	0.976482 0.004299	0.046479 0.008393	0.001941 0.009704	0.000000 0.000000	0.000000 0.000000	0.000000 0.000000	
2 10 5 0.720000	0.970155 0.004540	0.058796 0.008806	0.000000 0.000000	0.000000 0.000000	0.000000 0.000000	0.000000 0.000000	
2 10 5 0.730000	0.970364 0.004909	0.058391 0.009538	0.000000 0.000000	0.000000 0.000000	0.000000 0.000000	0.000000 0.000000	
2 10 5 0.740000	0.962585 0.005071	0.073426 0.009762	0.012702 0.008080	0.000000 0.000000	0.000000 0.000000	0.000000 0.000000	
2 10 5 0.750000	0.955406 0.005226	0.087195 0.009990	0.014263 0.009953	0.000000 0.000000	0.000000 0.000000	0.000000 0.000000	
2 10 5 0.760000	0.952840 0.004326	0.092094 0.008241	0.014881 0.008985	0.001987 0.009934	0.000000 0.000000	0.000000 0.000000	
2 10 5 0.770000	0.945250 0.004017	0.106499 0.007600	0.015771 0.007410	0.000000 0.000000	0.000000 0.000000	0.000000 0.000000	
2 10 5 0.780000	0.937653 0.004662	0.120803 0.008738	0.020838 0.009966	0.000000 0.000000	0.000000 0.000000	0.000000 0.000000	
2 10 5 0.790000	0.931026 0.005332	0.133186 0.009938	0.024928 0.009179	0.000000 0.000000	0.000000 0.000000	0.000000 0.000000	
2 10 5 0.800000	0.918046 0.005243	0.157186 0.009627	0.030119 0.006819	0.000000 0.000000	0.001991 0.009956	0.000000 0.000000	
2 10 5 0.810000	0.908372 0.009088	0.174847 0.016494	0.038177 0.005026	0.007836 0.014415	0.000000 0.000000	0.000000 0.000000	
2 10 5 0.820000	0.891817 0.007476	0.204654 0.013340	0.048244 0.010081	0.013627 0.004416	0.000000 0.000000	0.000000 0.000000	
2 10 5 0.830000	0.873708 0.014362	0.236610 0.025145	0.058747 0.012689	0.020233 0.006362	0.000000 0.000000	0.000000 0.000000	
2 10 5 0.840000	0.852515 0.010175	0.273205 0.017386	0.075132 0.015255	0.027039 0.008592	0.006326 0.017940	0.002435 0.012176	
2 10 5 0.850000	0.823624 0.010796	0.321629 0.017806	0.095702 0.009135	0.038742 0.007371	0.018784 0.008033	0.013987 0.021500	
2 10 5 0.860000	0.782494 0.019183	0.387658 0.030150	0.127029 0.015777	0.056434 0.007261	0.027550 0.007964	0.012998 0.021555	
2 10 5 0.870000	0.746675 0.009604	0.442465 0.014354	0.153230 0.005059	0.066562 0.011473	0.035458 0.006166	0.015589 0.025959	
2 10 5 0.880000	0.698279 0.020234	0.512360 0.028169	0.185461 0.013141	0.084546 0.011359	0.043674 0.008119	0.026706 0.011027	
2 10 5 0.890000	0.640993 0.024418	0.589019 0.031191	0.216179 0.012277	0.099834 0.010690	0.053134 0.002589	0.029459 0.006410	
2 10 5 0.900000	0.587856 0.002837	0.654424 0.003335	0.247416 0.004698	0.106555 0.006403	0.053637 0.007276	0.027965 0.009863	
2 10 5 0.910000	0.529276 0.022141	0.719811 0.023573	0.268346 0.015413	0.122041 0.006462	0.055279 0.006104	0.026149 0.015129	
2 10 5 0.920000	0.477748 0.025656	0.771661 0.024219	0.287438 0.014808	0.121908 0.003951	0.051677 0.010465	0.019740 0.008991	
2 10 5 0.930000	0.436840 0.009660	0.809157 0.008424	0.295293 0.003924	0.122325 0.006110	0.049041 0.013456	0.006723 0.018836	
2 10 5 0.940000	0.399085 0.025069	0.840649 0.020242	0.302409 0.003669	0.118259 0.002936	0.040540 0.009939	0.002193 0.010966	
2 10 5 0.950000	0.368404 0.008495	0.864269 0.006284	0.300440 0.009984	0.114769 0.009081	0.040120 0.007894	0.000000 0.000000	
2 10 5 0.960000	0.345244 0.009989	0.880788 0.006911	0.300544 0.008668	0.111293 0.006005	0.033073 0.004617	0.000000 0.000000	
2 10 5 0.970000	0.322716 0.006291	0.895849 0.004056	0.300941 0.005319	0.107206 0.009992	0.030327 0.005691	0.000000 0.000000	
2 10 5 0.980000	0.300992 0.012702	0.909386 0.007650	0.296420 0.007853	0.101684 0.004067	0.024256 0.007094	0.000000 0.000000	
2 10 5 0.990000	0.284795 0.009562	0.918878 0.005444	0.295046 0.005783	0.097995 0.008864	0.019993 0.009978	0.000000 0.000000	
2 10 5 1.000000	0.273528 0.009943	0.925169 0.005433	0.290821 0.009227	0.091531 0.009761	0.018081 0.004101	0.000000 0.000000	
2 10 5 1.010000	0.262415 0.009761	0.931124 0.005153	0.286693 0.006253	0.089900 0.006330	0.015513 0.004969	0.000000 0.000000	
2 10 5 1.020000	0.254004 0.006924	0.935476 0.003530	0.279760 0.009982	0.083299 0.006910	0.014883 0.006918	0.000000 0.000000	
2 10 5 1.030000	0.243411 0.007890	0.940743 0.003864	0.279578 0.006139	0.081204 0.001968	0.004367 0.011271	0.000000 0.000000	
2 10 5 1.040000	0.233139 0.004746	0.945643 0.002209	0.270483 0.007031	0.073561 0.009995	0.000000 0.000000	0.000000 0.000000	
2 10 5 1.050000	0.226526 0.009869	0.948675 0.004450	0.272146 0.007626	0.075761 0.008290	0.000000 0.000000	0.000000 0.000000	
2 10 5 1.060000	0.219871 0.008024	0.951647 0.003501	0.267267 0.005352	0.073804 0.009949	0.000000 0.000000	0.000000 0.000000	
2 10 5 1.070000	0.214094 0.009730	0.954147 0.004172	0.269502 0.009622	0.070240 0.009292	0.000000 0.000000	0.000000 0.000000	
2 10 5 1.080000	0.209723 0.004993	0.956013 0.002090	0.259830 0.009991	0.066574 0.004782	0.000000 0.000000	0.000000 0.000000	
2 10 5 1.090000	0.204102 0.004895	0.958339 0.002002	0.253820 0.009977	0.064125 0.008252	0.000000 0.000000	0.000000 0.000000	
2 10 5 1.100000	0.200408 0.009814	0.959824 0.003903	0.252513 0.009724	0.061869 0.008922	0.000000 0.000000	0.000000 0.000000	
2 10 5 1.110000	0.196327 0.009032	0.961445 0.003518	0.244948 0.009903	0.056101 0.009354	0.000000 0.000000	0.000000 0.000000	
2 10 5 1.120000	0.191564 0.007484	0.963296 0.002876	0.244082 0.003134	0.057202 0.009920	0.000000 0.000000	0.000000 0.000000	
2 10 5 1.130000	0.187555 0.009932	0.964812 0.003724	0.241983 0.006195	0.052377 0.006150	0.000000 0.000000	0.000000 0.000000	
2 10 5 1.140000	0.185232 0.009961	0.965674 0.003673	0.237535 0.009713	0.050687 0.009524	0.000000 0.000000	0.000000 0.000000	
2 10 5 1.150000	0.181237 0.009914	0.967141 0.003620	0.236514 0.008000	0.049860 0.005841	0.000000 0.000000	0.000000 0.000000	
2 10 5 1.160000	0.182513 0.007929	0.966680 0.002886	0.228775 0.009971	0.045900 0.009859	0.000000 0.000000	0.000000 0.000000	
2 10 5 1.170000	0.179936 0.009925	0.967605 0.003581	0.238093 0.006874	0.046844 0.006317	0.000000 0.000000	0.000000 0.000000	
2 10 5 1.180000	0.175531 0.009516	0.969179 0.003356	0.227361 0.009132	0.048892 0.009958	0.000000 0.000000	0.000000 0.000000	
2 10 5 1.190000	0.173894 0.006043	0.969755 0.002105	0.225129 0.009989	0.046138 0.006078	0.000000 0.000000	0.000000 0.000000	
2 10 5 1.200000	0.171192 0.004904	0.970690 0.001678	0.218705 0.009986	0.040448 0.004347	0.000000 0.000000	0.000000 0.000000	
2 10 5 1.210000	0.170635 0.008210	0.970875 0.002793	0.220176 0.009925	0.042285 0.009077	0.000000 0.000000	0.000000 0.000000	
2 10 5 1.220000	0.168325 0.005270	0.971662 0.001773	0.209321 0.009698	0.034471 0.009274	0.000000 0.000000	0.000000 0.000000	
2 10 5 1.230000	0.166215 0.009947	0.972361 0.003298	0.215343 0.008189	0.044753 0.009076	0.000000 0.000000	0.000000 0.000000	
2 10 5 1.240000	0.162719 0.009953	0.973511 0.003210	0.210598 0.007003	0.035137 0.007676	0.000000 0.000000	0.000000 0.000000	
2 10 5 1.250000	0.160943 0.005702	0.974093 0.001838	0.205490 0.009749	0.034930 0.008255	0.000000 0.000000	0.000000 0.000000	
2 10 5 1.260000	0.159214 0.005300	0.974646 0.001694	0.203276 0.009832	0.032068 0.006457	0.000000 0.000000	0.000000 0.000000	
2 10 5 1.270000	0.161654 0.009487	0.973858 0.003076	0.204008 0.009853	0.029850 0.006436	0.000000 0.000000	0.000000 0.000000	
2 10 5 1.280000	0.156189 0.007498	0.975597 0.002319	0.200142 0.009815	0.032089 0.008242	0.000000 0.000000	0.000000 0.000000	
2 10 5 1.290000	0.155978 0.004281	0.975668 0.001339	0.202760 0.009929	0.029023 0.007329	0.000000 0.000000	0.000000 0.000000	
2 10 5 1.300000	0.154034 0.004599	0.976271 0.001416	0.190337 0.009109	0.027162 0.009998	0.000000 0.000000	0.000000 0.000000	
2 10 5 1.310000	0.152053 0.008385	0.976869 0.002573	0.192006 0.009410	0.024857 0.009780	0.000000 0.000000	0.000000 0.000000	
2 10 5 1.320000	0.154177 0.007530	0.976221 0.002351	0.193549 0.009796	0.029087 0.009254	0.000000 0.000000	0.000000 0.000000	
2 10 5 1.330000	0.151813 0.007136	0.976947 0.002161	0.188893 0.009988	0.026792 0.006450	0.000000 0.000000	0.000000 0.000000	
2 10 5 1.340000	0.150706 0.006770	0.977283 0.002040	0.186996 0.009749	0.025746 0.007134	0.000000 0.000000	0.000000 0.000000	
2 10 5 1.350000	0.145988 0.006206	0.978684 0.001816	0.187716 0.009927	0.026907 0.009723	0.000000 0.000000	0.000000 0.000000	
2 10 5 1.360000	0.148981 0.009557	0.977792 0.002835	0.183514 0.009730	0.022429 0.005060	0.000000 0.000000	0.000000 0.000000	
2 10 5 1.370000	0.148315 0.009663	0.977990 0.002863	0.176923 0.005593	0.023318 0.009927	0.000000 0.000000	0.000000 0.000000	
2 10 5 1.380000	0.146185 0.005287	0.978626 0.001534	0.177086 0.009863	0.023630 0.006342	0.000000 0.000000	0.000000 0.000000	
2 10 5 1.390000	0.144287 0.005684	0.979177 0.001640	0.181947 0.009963	0.023621 0.006948	0.000000 0.000000	0.000000 0.000000	
2 10 5 1.400000	0.144460 0.003788	0.979130 0.001091	0.178721 0.008508	0.027394 0.009937	0.000000 0.000000	0.000000 0.000000	
2 10 5 1.410000	0.146250 0.007059	0.978603 0.002067	0.170654 0.009608	0.020063 0.009573	0.000000 0.000000	0.000000 0.000000	
2 10 5 1.420000	0.143045 0.004541	0.979535 0.001301	0.166464 0.009945	0.020484 0.009788	0.000000 0.000000	0.000000 0.000000	
2 10 5 1.430000	0.144545 0.008882	0.979097 0.002598	0.161207 0.009788	0.018272 0.007474	0.000000 0.000000	0.000000 0.000000	
2 10 5 1.440000	0.139912 0.004345	0.980422 0.001211	0.165795 0.009043	0.019560 0.009901	0.000000 0.000000	0.000000 0.000000	
2 10 5 1.450000	0.135858 0.009362	0.981533 0.002565	0.164077 0.009833	0.021201 0.001616	0.000000 0.000000	0.000000 0.000000	
2 10 5 1.460000	0.139130 0.009582	0.980634 0.002667	0.163747 0.009363	0.018131 0.009960	0.000000 0.000000	0.000000 0.000000	
2 10 5 1.470000	0.139986 0.004229	0.980402 0.001180	0.162139 0.009813	0.017628 0.009913	0.000000 0.000000	0.000000 0.000000	
2 10 5 1.480000	0.136884 0.005603	0.981258 0.001529	0.162218 0.009332	0.015625 0.007126	0.000000 0.000000	0.000000 0.000000	
2 10 5 1.490000	0.136496 0.008940	0.981361 0.002439	0.157508 0.008125	0.015753 0.009905	0.000000 0.000000	0.000000 0.000000	
2 10 5 1.500000	0.137349 0.002107	0.981135 0.000577	0.160693 0.009851	0.016286 0.009978	0.000000 0.000000	0.000000 0.000000	
2 10 5 1.510000	0.137229 0.009496	0.981154 0.002617	0.158922 0.009948	0.016802 0.008083	0.000000 0.000000	0.000000 0.000000	
2 10 5 1.520000	0.134831 0.008676	0.981809 0.002364	0.158067 0.009479	0.016341 0.005822	0.000000 0.000000	0.000000 0.000000	
2 10 5 1.530000	0.133494 0.005599	0.982175 0.001480	0.149645 0.009225	0.012163 0.004553	0.000000 0.000000	0.000000 0.000000	
2 10 5 1.540000	0.135266 0.005623	0.981700 0.001519	0.155901 0.009837	0.000000 0.000000	0.000000 0.000000	0.000000 0.000000	
2 10 5 1.550000	0.131990 0.007164	0.982573 0.001901	0.153941 0.009891	0.013602 0.007221	0.000000 0.000000	0.000000 0.000000	
2 10 5 1.560000	0.134444 0.005413	0.981921 0.001464	0.148786 0.008292	0.012690 0.005226	0.000000 0.000000	0.000000 0.000000	
2 10 5 1.570000	0.131958 0.005810	0.982581 0.001531	0.148605 0.006098	0.013513 0.008395	0.000000 0.000000	0.000000 0.000000	
2 10 5 1.580000	0.132457 0.004322	0.982453 0.001147	0.147541 0.009344	0.012069 0.003741	0.000000 0.000000	0.000000 0.000000	
2 10 5 1.590000	0.130273 0.009594	0.983015 0.002524	0.145144 0.009710	0.001976 0.009879	0.000000 0.000000	0.000000 0.000000	
2 10 5 1.600000	0.131184 0.007013	0.982786 0.001833	0.136748 0.009871	0.000000 0.000000	0.000000 0.000000	0.000000 0.000000	
2 10 5 1.610000	0.129265 0.008411	0.983281 0.002189	0.144121 0.006937	0.013249 0.006645	0.000000 0.000000	0.000000 0.000000	
2 10 5 1.620000	0.128481 0.003999	0.983491 0.001024	0.141010 0.007018	0.011769 0.002506	0.000000 0.000000	0.000000 0.000000	
2 10 5 1.630000	0.129574 0.003324	0.983209 0.000865	0.141630 0.008177	0.000000 0.000000	0.000000 0.000000	0.000000 0.000000	
2 10 5 1.640000	0.128888 0.005607	0.983384 0.001445	0.137413 0.006788	0.001997 0.009986	0.000000 0.000000	0.000000 0.000000	
2 10 5 1.650000	0.128061 0.002624	0.983599 0.000671	0.138619 0.002886	0.000000 0.000000	0.000000 0.000000	0.000000 0.000000	
2 10 5 1.660000	0.127233 0.003483	0.983809 0.000885	0.137552 0.005179	0.011935 0.005473	0.000000 0.000000	0.000000 0.000000	
2 10 5 1.670000	0.127696 0.003831	0.983691 0.000982	0.142284 0.009867	0.013958 0.007587	0.000000 0.000000	0.000000 0.000000	
2 10 5 1.680000	0.127688 0.004956	0.983693 0.001269	0.138519 0.006138	0.001997 0.009986	0.000000 0.000000	0.000000 0.000000	
2 10 5 1.690000	0.127967 0.007716	0.983615 0.001975	0.132869 0.009790	0.000000 0.000000	0.000000 0.000000	0.000000 0.000000	
2 10 5 1.700000	0.128201 0.005651	0.983560 0.001461	0.134304 0.009935	0.000000 0.000000	0.000000 0.000000	0.000000 0.000000	
2 10 5 1.710000	0.125465 0.006327	0.984252 0.001589	0.132712 0.009935	0.000000 0.000000	0.000000 0.000000	0.000000 0.000000	
2 10 5 1.720000	0.125105 0.003315	0.984347 0.000832	0.132167 0.007046	0.001997 0.009985	0.000000 0.000000	0.000000 0.000000	
2 10 5 1.730000	0.125960 0.007757	0.984125 0.001950	0.127852 0.008985	0.001980 0.009899	0.000000 0.000000	0.000000 0.000000	
2 10 5 1.740000	0.125572 0.009723	0.984220 0.002457	0.126853 0.007983	0.000000 0.000000	0.000000 0.000000	0.000000 0.000000	
2 10 5 1.750000	0.122134 0.002374	0.985082 0.000580	0.123716 0.007058	0.001998 0.009990	0.000000 0.000000	0.000000 0.000000	
2 10 5 1.760000	0.124599 0.003950	0.984472 0.000985	0.130130 0.009886	0.000000 0.000000	0.000000 0.000000	0.000000 0.000000	
2 10 5 1.770000	0.125362 0.009920	0.984273 0.002478	0.129126 0.009200	0.000000 0.000000	0.000000 0.000000	0.000000 0.000000	
2 10 5 1.780000	0.122806 0.005221	0.984915 0.001273	0.128579 0.009905	0.000000 0.000000	0.000000 0.000000	0.000000 0.000000	
2 10 5 1.790000	0.124619 0.006237	0.984464 0.001547	0.122138 0.009765	0.000000 0.000000	0.000000 0.000000	0.000000 0.000000	
2 10 5 1.800000	0.123003 0.004240	0.984867 0.001043	0.122387 0.009436	0.000000 0.000000	0.000000 0.000000	0.000000 0.000000	
2 10 5 1.810000	0.122180 0.007674	0.985063 0.001880	0.121284 0.009418	0.000000 0.000000	0.000000 0.000000	0.000000 0.000000	
2 10 5 1.820000	0.122632 0.006849	0.984955 0.001687	0.120439 0.008900	0.000000 0.000000	0.000000 0.000000	0.000000 0.000000	
2 10 5 1.830000	0.120838 0.005746	0.985394 0.001403	0.123446 0.009762	0.000000 0.000000	0.000000 0.000000	0.000000 0.000000	
2 10 5 1.840000	0.122858 0.009420	0.984890 0.002323	0.122875 0.009959	0.000000 0.000000	0.000000 0.000000	0.000000 0.000000	
2 10 5 1.850000	0.122300 0.002136	0.985042 0.000522	0.120880 0.007654	0.000000 0.000000	0.000000 0.000000	0.000000 0.000000	
2 10 5 1.860000	0.120617 0.004845	0.985447 0.001167	0.115935 0.009025	0.000000 0.000000	0.000000 0.000000	0.000000 0.000000	
2 10 5 1.870000	0.119641 0.009713	0.985674 0.002312	0.118468 0.007964	0.000000 0.000000	0.000000 0.000000	0.000000 0.000000	
2 10 5 1.880000	0.117487 0.007760	0.986190 0.001817	0.109476 0.009818	0.000000 0.000000	0.000000 0.000000	0.000000 0.000000	
2 10 5 1.890000	0.122963 0.006007	0.984875 0.001476	0.112636 0.007436	0.000000 0.000000	0.000000 0.000000	0.000000 0.000000	
2 10 5 1.900000	0.119918 0.008815	0.985610 0.002103	0.111720 0.009708	0.000000 0.000000	0.000000 0.000000	0.000000 0.000000	
2 10 5 1.910000	0.119735 0.006707	0.985657 0.001603	0.113097 0.009728	0.000000 0.000000	0.000000 0.000000	0.000000 0.000000	
2 10 5 1.920000	0.120380 0.003805	0.985507 0.000915	0.112393 0.009322	0.000000 0.000000	0.000000 0.000000	0.000000 0.000000	
2 10 5 1.930000	0.118891 0.009783	0.985853 0.002320	0.112982 0.009950	0.000000 0.000000	0.000000 0.000000	0.000000 0.000000	
2 10 5 1.940000	0.116702 0.006455	0.986375 0.001496	0.113770 0.009944	0.000000 0.000000	0.000000 0.000000	0.000000 0.000000	
2 10 5 1.950000	0.117096 0.008748	0.986277 0.002032	0.110935 0.005900	0.001978 0.009891	0.000000 0.000000	0.000000 0.000000	
2 10 5 1.960000	0.118476 0.007451	0.985956 0.001757	0.114360 0.009367	0.000000 0.000000	0.000000 0.000000	0.000000 0.000000	
2 10 5 1.970000	0.117238 0.009475	0.986244 0.002237	0.109949 0.009909	0.000000 0.000000	0.000000 0.000000	0.000000 0.000000	
2 10 5 1.980000	0.118750 0.005080	0.985895 0.001207	0.110207 0.009827	0.000000 0.000000	0.000000 0.000000	0.000000 0.000000	
2 10 5 1.990000	0.117736 0.007106	0.986132 0.001669	0.111199 0.009747	0.000000 0.000000	0.000000 0.000000	0.000000 0.000000	
2 10 5 2.000000	0.117299 0.009830	0.986228 0.002304	0.104700 0.009140	0.001988 0.009942	0.000000 0.000000	0.000000 0.000000	
2 10 5 2.010000	0.114047 0.008695	0.986984 0.002011	0.111600 0.007698	0.000000 0.000000	0.000000 0.000000	0.000000 0.000000	
2 10 5 2.020000	0.115604 0.007210	0.986626 0.001664	0.106386 0.009941	0.000000 0.000000	0.000000 0.000000	0.000000 0.000000	
2 10 5 2.030000	0.114163 0.004543	0.986964 0.001042	0.110895 0.009629	0.000000 0.000000	0.000000 0.000000	0.000000 0.000000	
2 10 5 2.040000	0.114641 0.003721	0.986856 0.000858	0.104267 0.008628	0.000000 0.000000	0.000000 0.000000	0.000000 0.000000	
2 10 5 2.050000	0.114384 0.004553	0.986913 0.001044	0.105491 0.009959	0.000000 0.000000	0.000000 0.000000	0.000000 0.000000	
2 10 5 2.060000	0.117850 0.005225	0.986108 0.001222	0.112120 0.009483	0.000000 0.000000	0.000000 0.000000	0.000000 0.000000	
2 10 5 2.070000	0.113741 0.007812	0.987056 0.001758	0.103585 0.009358	0.000000 0.000000	0.000000 0.000000	0.000000 0.000000	
2 10 5 2.080000	0.115414 0.009562	0.986668 0.002170	0.106962 0.009833	0.000000 0.000000	0.000000 0.000000	0.000000 0.000000	
2 10 5 2.090000	0.120496 0.009980	0.985469 0.002377	0.105178 0.009715	0.000000 0.000000	0.000000 0.000000	0.000000 0.000000	
2 10 5 2.100000	0.115306 0.006872	0.986697 0.001600	0.097079 0.009835	0.000000 0.000000	0.000000 0.000000	0.000000 0.000000	
2 10 5 2.110000	0.113085 0.007913	0.987203 0.001796	0.101888 0.009555	0.000000 0.000000	0.000000 0.000000	0.000000 0.000000	
2 10 5 2.120000	0.114646 0.003523	0.986855 0.000807	0.102349 0.009936	0.000000 0.000000	0.000000 0.000000	0.000000 0.000000	
2 10 5 2.130000	0.115216 0.004657	0.986722 0.001069	0.105677 0.009729	0.000000 0.000000	0.000000 0.000000	0.000000 0.000000	
2 10 5 2.140000	0.116191 0.009379	0.986489 0.002156	0.100811 0.007127	0.000000 0.000000	0.000000 0.000000	0.000000 0.000000	
2 10 5 2.150000	0.114783 0.004386	0.986822 0.001002	0.097743 0.009886	0.000000 0.000000	0.000000 0.000000	0.000000 0.000000	
2 10 5 2.160000	0.117506 0.008217	0.986181 0.001933	0.095921 0.009741	0.000000 0.000000	0.000000 0.000000	0.000000 0.000000	
2 10 5 2.170000	0.112433 0.007383	0.987351 0.001654	0.098495 0.009041	0.000000 0.000000	0.000000 0.000000	0.000000 0.000000	
2 10 5 2.180000	0.114976 0.009088	0.986772 0.002082	0.097630 0.009972	0.000000 0.000000	0.000000 0.000000	0.000000 0.000000	
2 10 5 2.190000	0.113104 0.009235	0.987197 0.002102	0.097544 0.009043	0.000000 0.000000	0.000000 0.000000	0.000000 0.000000	
2 10 5 2.200000	0.113301 0.009466	0.987152 0.002126	0.096197 0.009859	0.000000 0.000000	0.000000 0.000000	0.000000 0.000000	
2 10 5 2.210000	0.115713 0.007786	0.986600 0.001812	0.092689 0.009973	0.000000 0.000000	0.000000 0.000000	0.000000 0.000000	
2 10 5 2.220000	0.114152 0.003546	0.986968 0.000806	0.095042 0.009792	0.000000 0.000000	0.000000 0.000000	0.000000 0.000000	
2 10 5 2.230000	0.109995 0.005947	0.987896 0.001302	0.099675 0.009880	0.000000 0.000000	0.000000 0.000000	0.000000 0.000000	
2 10 5 2.240000	0.114546 0.008010	0.986871 0.001810	0.090806 0.009493	0.000000 0.000000	0.000000 0.000000	0.000000 0.000000	
2 10 5 2.250000	0.112142 0.007361	0.987415 0.001659	0.091947 0.009903	0.000000 0.000000	0.000000 0.000000	0.000000 0.000000	
2 10 5 2.260000	0.111392 0.007111	0.987584 0.001585	0.092477 0.009686	0.000000 0.000000	0.000000 0.000000	0.000000 0.000000	
2 10 5 2.270000	0.112200 0.005225	0.987407 0.001177	0.090443 0.009914	0.000000 0.000000	0.000000 0.000000	0.000000 0.000000	
2 10 5 2.280000	0.110611 0.005423	0.987760 0.001199	0.091475 0.009703	0.000000 0.000000	0.000000 0.000000	0.000000 0.000000	
2 10 5 2.290000	0.111547 0.007148	0.987551 0.001587	0.098389 0.009852	0.000000 0.000000	0.000000 0.000000	0.000000 0.000000	
2 10 5 2.300000	0.109614 0.005977	0.987980 0.001300	0.089341 0.009688	0.000000 0.000000	0.000000 0.000000	0.000000 0.000000	
2 10 5 2.310000	0.111520 0.009632	0.987551 0.002107	0.090558 0.009811	0.000000 0.000000	0.000000 0.000000	0.000000 0.000000	
2 10 5 2.320000	0.111639 0.006726	0.987531 0.001499	0.080511 0.009991	0.000000 0.000000	0.000000 0.000000	0.000000 0.000000	
2 10 5 2.330000	0.116344 0.006265	0.986460 0.001448	0.082750 0.009963	0.001767 0.008836	0.000000 0.000000	0.000000 0.000000	
2 10 5 2.340000	0.112846 0.005098	0.987262 0.001151	0.090980 0.009708	0.000000 0.000000	0.000000 0.000000	0.000000 0.000000	
2 10 5 2.350000	0.113122 0.005316	0.987200 0.001205	0.088974 0.009438	0.000000 0.000000	0.000000 0.000000	0.000000 0.000000	
2 10 5 2.360000	0.109833 0.005875	0.987933 0.001300	0.084887 0.009972	0.000000 0.000000	0.000000 0.000000	0.000000 0.000000	
2 10 5 2.370000	0.109228 0.007738	0.988061 0.001717	0.093096 0.009461	0.000000 0.000000	0.000000 0.000000	0.000000 0.000000	
2 10 5 2.380000	0.111056 0.008034	0.987660 0.001784	0.088327 0.009760	0.000000 0.000000	0.000000 0.000000	0.000000 0.000000	
2 10 5 2.390000	0.108868 0.006288	0.988142 0.001361	0.086690 0.009853	0.000000 0.000000	0.000000 0.000000	0.000000 0.000000	
2 10 5 2.400000	0.112495 0.009508	0.987333 0.002181	0.090161 0.009530	0.000000 0.000000	0.000000 0.000000	0.000000 0.000000	
2 10 5 2.410000	0.111511 0.005818	0.987562 0.001299	0.084808 0.009458	0.000000 0.000000	0.000000 0.000000	0.000000 0.000000	
2 10 5 2.420000	0.108232 0.007078	0.988281 0.001533	0.091217 0.009857	0.000000 0.000000	0.000000 0.000000	0.000000 0.000000	
2 10 5 2.430000	0.109741 0.008114	0.987947 0.001795	0.082498 0.009506	0.000000 0.000000	0.000000 0.000000	0.000000 0.000000	
2 10 5 2.440000	0.107542 0.005000	0.988432 0.001073	0.081039 0.004720	0.000000 0.000000	0.000000 0.000000	0.000000 0.000000	
2 10 5 2.450000	0.108360 0.009944	0.988245 0.002150	0.081975 0.007779	0.000000 0.000000	0.000000 0.000000	0.000000 0.000000	
2 10 5 2.460000	0.107711 0.003642	0.988397 0.000782	0.081789 0.009293	0.000000 0.000000	0.000000 0.000000	0.000000 0.000000	
2 10 5 2.470000	0.111979 0.009993	0.987447 0.002217	0.077952 0.008309	0.000000 0.000000	0.000000 0.000000	0.000000 0.000000	
2 10 5 2.480000	0.109668 0.007545	0.987966 0.001653	0.085239 0.009523	0.000000 0.000000	0.000000 0.000000	0.000000 0.000000	
2 10 5 2.490000	0.107552 0.004652	0.988430 0.001002	0.082102 0.009048	0.000000 0.000000	0.000000 0.000000	0.000000 0.000000	
2 10 5 2.500000	0.109467 0.009815	0.988006 0.002161	0.085082 0.009401	0.000000 0.000000	0.000000 0.000000	0.000000 0.000000	
