2 32 10 0.400000	0.998593 0.004829	0.000000 0.000000	0.000000 0.000000	0.000000 0.000000	0.000000 0.000000	0.000000 0.000000	0.000000 0.000000	0.000000 0.000000	0.000000 0.000000	0.000000 0.000000	0.000000 0.000000	
2 32 10 0.410000	0.998612 0.004641	0.000000 0.000000	0.000000 0.000000	0.000000 0.000000	0.000000 0.000000	0.000000 0.000000	0.000000 0.000000	0.000000 0.000000	0.000000 0.000000	0.000000 0.000000	0.000000 0.000000	
2 32 10 0.420000	0.998205 0.004284	0.000000 0.000000	0.000000 0.000000	0.000000 0.000000	0.000000 0.000000	0.000000 0.000000	0.000000 0.000000	0.000000 0.000000	0.000000 0.000000	0.000000 0.000000	0.000000 0.000000	
2 32 10 0.430000	0.997954 0.004148	0.000000 0.000000	0.000000 0.000000	0.000000 0.000000	0.000000 0.000000	0.000000 0.000000	0.000000 0.000000	0.000000 0.000000	0.000000 0.000000	0.000000 0.000000	0.000000 0.000000	
2 32 10 0.440000	0.998119 0.004462	0.000000 0.000000	0.000000 0.000000	0.000000 0.000000	0.000000 0.000000	0.000000 0.000000	0.000000 0.000000	0.000000 0.000000	0.000000 0.000000	0.000000 0.000000	0.000000 0.000000	
2 32 10 0.450000	0.997898 0.004205	0.000000 0.000000	0.000000 0.000000	0.000000 0.000000	0.000000 0.000000	0.000000 0.000000	0.000000 0.000000	0.000000 0.000000	0.000000 0.000000	0.000000 0.000000	0.000000 0.000000	
2 32 10 0.460000	0.997464 0.003127	0.000000 0.000000	0.000000 0.000000	0.000000 0.000000	0.000000 0.000000	0.000000 0.000000	0.000000 0.000000	0.000000 0.000000	0.000000 0.000000	0.000000 0.000000	0.000000 0.000000	
2 32 10 0.470000	0.996772 0.003246	0.000000 0.000000	0.000000 0.000000	0.000000 0.000000	0.000000 0.000000	0.000000 0.000000	0.000000 0.000000	0.000000 0.000000	0.000000 0.000000	0.000000 0.000000	0.000000 0.000000	
2 32 10 0.480000	0.996544 0.001965	0.000000 0.000000	0.000000 0.000000	0.000000 0.000000	0.000000 0.000000	0.000000 0.000000	0.000000 0.000000	0.000000 0.000000	0.000000 0.000000	0.000000 0.000000	0.000000 0.000000	
2 32 10 0.490000	0.996057 0.001914	0.000000 0.000000	0.000000 0.000000	0.000000 0.000000	0.000000 0.000000	0.000000 0.000000	0.000000 0.000000	0.000000 0.000000	0.000000 0.000000	0.000000 0.000000	0.000000 0.000000	
2 32 10 0.500000	0.991636 0.004065	0.016655 0.008064	0.000000 0.000000	0.000000 0.000000	0.000000 0.000000	0.000000 0.000000	0.000000 0.000000	0.000000 0.000000	0.000000 0.000000	0.000000 0.000000	0.000000 0.000000	
2 32 10 0.510000	0.996277 0.002379	0.000000 0.000000	0.000000 0.000000	0.000000 0.000000	0.000000 0.000000	0.000000 0.000000	0.000000 0.000000	0.000000 0.000000	0.000000 0.000000	0.000000 0.000000	0.000000 0.000000	
2 32 10 0.520000	0.993041 0.003563	0.013867 0.007076	0.000000 0.000000	0.000000 0.000000	0.000000 0.000000	0.000000 0.000000	0.000000 0.000000	0.000000 0.000000	0.000000 0.000000	0.000000 0.000000	0.000000 0.000000	
2 32 10 0.530000	0.994275 0.001868	0.011416 0.003714	0.000000 0.000000	0.000000 0.000000	0.000000 0.000000	0.000000 0.000000	0.000000 0.000000	0.000000 0.000000	0.000000 0.000000	0.000000 0.000000	0.000000 0.000000	
2 32 10 0.540000	0.991832 0.004954	0.016266 0.009816	0.000000 0.000000	0.000000 0.000000	0.000000 0.000000	0.000000 0.000000	0.000000 0.000000	0.000000 0.000000	0.000000 0.000000	0.000000 0.000000	0.000000 0.000000	
2 32 10 0.550000	0.989896 0.003873	0.020103 0.007665	0.000000 0.000000	0.000000 0.000000	0.000000 0.000000	0.000000 0.000000	0.000000 0.000000	0.000000 0.000000	0.000000 0.000000	0.000000 0.000000	0.000000 0.000000	
2 32 10 0.560000	0.987999 0.004614	0.023855 0.009118	0.000000 0.000000	0.000000 0.000000	0.000000 0.000000	0.000000 0.000000	0.000000 0.000000	0.000000 0.000000	0.000000 0.000000	0.000000 0.000000	0.000000 0.000000	
2 32 10 0.570000	0.986321 0.004889	0.027166 0.009645	0.000000 0.000000	0.000000 0.000000	0.000000 0.000000	0.000000 0.000000	0.000000 0.000000	0.000000 0.000000	0.000000 0.000000	0.000000 0.000000	0.000000 0.000000	
2 32 10 0.580000	0.984940 0.004434	0.029891 0.008733	0.000000 0.000000	0.000000 0.000000	0.000000 0.000000	0.000000 0.000000	0.000000 0.000000	0.000000 0.000000	0.000000 0.000000	0.000000 0.000000	0.000000 0.000000	
2 32 10 0.590000	0.983417 0.005008	0.032887 0.009848	0.000000 0.000000	0.000000 0.000000	0.000000 0.000000	0.000000 0.000000	0.000000 0.000000	0.000000 0.000000	0.000000 0.000000	0.000000 0.000000	0.000000 0.000000	
2 32 10 0.600000	0.979703 0.004912	0.040179 0.009626	0.000000 0.000000	0.000000 0.000000	0.000000 0.000000	0.000000 0.000000	0.000000 0.000000	0.000000 0.000000	0.000000 0.000000	0.000000 0.000000	0.000000 0.000000	
2 32 10 0.610000	0.977505 0.004911	0.044480 0.009595	0.000000 0.000000	0.000000 0.000000	0.000000 0.000000	0.000000 0.000000	0.000000 0.000000	0.000000 0.000000	0.000000 0.000000	0.000000 0.000000	0.000000 0.000000	
2 32 10 0.620000	0.973958 0.005132	0.051402 0.009996	0.000000 0.000000	0.000000 0.000000	0.000000 0.000000	0.000000 0.000000	0.000000 0.000000	0.000000 0.000000	0.000000 0.000000	0.000000 0.000000	0.000000 0.000000	
2 32 10 0.630000	0.970896 0.005058	0.057357 0.009823	0.000000 0.000000	0.000000 0.000000	0.000000 0.000000	0.000000 0.000000	0.000000 0.000000	0.000000 0.000000	0.000000 0.000000	0.000000 0.000000	0.000000 0.000000	
2 32 10 0.640000	0.966512 0.005141	0.065850 0.009946	0.000000 0.000000	0.000000 0.000000	0.000000 0.000000	0.000000 0.000000	0.000000 0.000000	0.000000 0.000000	0.000000 0.000000	0.000000 0.000000	0.000000 0.000000	
2 32 10 0.650000	0.957137 0.004006	0.083887 0.007670	0.014316 0.009985	0.000000 0.000000	0.000000 0.000000	0.000000 0.000000	0.000000 0.000000	0.000000 0.000000	0.000000 0.000000	0.000000 0.000000	0.000000 0.000000	
2 32 10 0.660000	0.950480 0.004757	0.096584 0.009039	0.014098 0.009759	0.000000 0.000000	0.000000 0.000000	0.000000 0.000000	0.000000 0.000000	0.000000 0.000000	0.000000 0.000000	0.000000 0.000000	0.000000 0.000000	
2 32 10 0.670000	0.947332 0.004958	0.102558 0.009392	0.016570 0.006194	0.000000 0.000000	0.000000 0.000000	0.000000 0.000000	0.000000 0.000000	0.000000 0.000000	0.000000 0.000000	0.000000 0.000000	0.000000 0.000000	
2 32 10 0.680000	0.929148 0.005368	0.136680 0.009977	0.025497 0.004482	0.000000 0.000000	0.000000 0.000000	0.000000 0.000000	0.000000 0.000000	0.000000 0.000000	0.000000 0.000000	0.000000 0.000000	0.000000 0.000000	
2 32 10 0.690000	0.910591 0.003584	0.170822 0.006523	0.035480 0.005768	0.012090 0.005155	0.000000 0.000000	0.000000 0.000000	0.000000 0.000000	0.000000 0.000000	0.000000 0.000000	0.000000 0.000000	0.000000 0.000000	
2 32 10 0.700000	0.872875 0.011688	0.238075 0.020401	0.064251 0.010499	0.027064 0.010660	0.013904 0.004449	0.002037 0.010185	0.002944 0.014719	0.002140 0.010700	0.000000 0.000000	0.000000 0.000000	0.000000 0.000000	
2 32 10 0.710000	0.119105 0.009955	0.985803 0.002359	0.379920 0.006966	0.189310 0.009680	0.106985 0.005710	0.064564 0.007477	0.039075 0.004022	0.023694 0.003875	0.013272 0.005871	0.000000 0.000000	0.000000 0.000000	
2 32 10 0.720000	0.092983 0.006181	0.991348 0.001158	0.349787 0.007231	0.157464 0.007565	0.079008 0.001630	0.040626 0.004006	0.021419 0.004555	0.001999 0.009993	0.000000 0.000000	0.000000 0.000000	0.000000 0.000000	
2 32 10 0.730000	0.078939 0.006417	0.993763 0.001004	0.327268 0.009966	0.136804 0.007264	0.061537 0.002072	0.028889 0.003900	0.014036 0.003873	0.000000 0.000000	0.000000 0.000000	0.000000 0.000000	0.000000 0.000000	
2 32 10 0.740000	0.074153 0.005637	0.994496 0.000842	0.318739 0.009284	0.121103 0.002420	0.051738 0.003201	0.022295 0.002124	0.001996 0.009980	0.000000 0.000000	0.000000 0.000000	0.000000 0.000000	0.000000 0.000000	
2 32 10 0.750000	0.069209 0.007229	0.995203 0.000996	0.303197 0.009954	0.110226 0.009939	0.042092 0.005973	0.017110 0.009586	0.000000 0.000000	0.000000 0.000000	0.000000 0.000000	0.000000 0.000000	0.000000 0.000000	
2 32 10 0.760000	0.064034 0.003474	0.995898 0.000443	0.283707 0.009793	0.097762 0.003960	0.035111 0.003522	0.012534 0.003115	0.000000 0.000000	0.000000 0.000000	0.000000 0.000000	0.000000 0.000000	0.000000 0.000000	
2 32 10 0.770000	0.060443 0.002237	0.996346 0.000269	0.277483 0.009943	0.089927 0.005488	0.030406 0.003406	0.000000 0.000000	0.000000 0.000000	0.000000 0.000000	0.000000 0.000000	0.000000 0.000000	0.000000 0.000000	
2 32 10 0.780000	0.058279 0.005090	0.996600 0.000598	0.268547 0.009995	0.081320 0.004994	0.026857 0.005409	0.000000 0.000000	0.000000 0.000000	0.000000 0.000000	0.000000 0.000000	0.000000 0.000000	0.000000 0.000000	
2 32 10 0.790000	0.056253 0.008003	0.996829 0.000903	0.257220 0.009639	0.076904 0.007277	0.023429 0.004823	0.000000 0.000000	0.000000 0.000000	0.000000 0.000000	0.000000 0.000000	0.000000 0.000000	0.000000 0.000000	
2 32 10 0.800000	0.055092 0.005363	0.996962 0.000594	0.253072 0.009933	0.073420 0.007014	0.021228 0.002175	0.000000 0.000000	0.000000 0.000000	0.000000 0.000000	0.000000 0.000000	0.000000 0.000000	0.000000 0.000000	
2 32 10 0.810000	0.050654 0.005618	0.997431 0.000570	0.242450 0.006028	0.066327 0.009848	0.023211 0.006347	0.000000 0.000000	0.000000 0.000000	0.000000 0.000000	0.000000 0.000000	0.000000 0.000000	0.000000 0.000000	
2 32 10 0.820000	0.051192 0.002982	0.997378 0.000303	0.230856 0.009971	0.060550 0.005914	0.015789 0.003695	0.000000 0.000000	0.000000 0.000000	0.000000 0.000000	0.000000 0.000000	0.000000 0.000000	0.000000 0.000000	
2 32 10 0.830000	0.049351 0.006407	0.997560 0.000628	0.228819 0.009767	0.056518 0.009276	0.013779 0.005729	0.000000 0.000000	0.000000 0.000000	0.000000 0.000000	0.000000 0.000000	0.000000 0.000000	0.000000 0.000000	
2 32 10 0.840000	0.048844 0.005262	0.997611 0.000514	0.223569 0.009470	0.054545 0.005723	0.012512 0.004720	0.000000 0.000000	0.000000 0.000000	0.000000 0.000000	0.000000 0.000000	0.000000 0.000000	0.000000 0.000000	
2 32 10 0.850000	0.047234 0.004604	0.997766 0.000438	0.214856 0.009945	0.051093 0.004123	0.011668 0.002627	0.000000 0.000000	0.000000 0.000000	0.000000 0.000000	0.000000 0.000000	0.000000 0.000000	0.000000 0.000000	
2 32 10 0.860000	0.047788 0.002587	0.997715 0.000245	0.212547 0.003293	0.048789 0.003311	0.010905 0.001603	0.000000 0.000000	0.000000 0.000000	0.000000 0.000000	0.000000 0.000000	0.000000 0.000000	0.000000 0.000000	
2 32 10 0.870000	0.047562 0.007642	0.997730 0.000708	0.208627 0.009579	0.046989 0.008779	0.000000 0.000000	0.000000 0.000000	0.000000 0.000000	0.000000 0.000000	0.000000 0.000000	0.000000 0.000000	0.000000 0.000000	
2 32 10 0.880000	0.046122 0.006502	0.997867 0.000596	0.203182 0.008251	0.041792 0.009475	0.000000 0.000000	0.000000 0.000000	0.000000 0.000000	0.000000 0.000000	0.000000 0.000000	0.000000 0.000000	0.000000 0.000000	
2 32 10 0.890000	0.045113 0.008048	0.997955 0.000735	0.193597 0.009198	0.041523 0.007367	0.000000 0.000000	0.000000 0.000000	0.000000 0.000000	0.000000 0.000000	0.000000 0.000000	0.000000 0.000000	0.000000 0.000000	
2 32 10 0.900000	0.044263 0.003385	0.998039 0.000304	0.191980 0.007128	0.039923 0.008460	0.003890 0.009831	0.000000 0.000000	0.000000 0.000000	0.000000 0.000000	0.000000 0.000000	0.000000 0.000000	0.000000 0.000000	
2 32 10 0.910000	0.043123 0.004419	0.998138 0.000383	0.185374 0.009610	0.039872 0.007633	0.000000 0.000000	0.000000 0.000000	0.000000 0.000000	0.000000 0.000000	0.000000 0.000000	0.000000 0.000000	0.000000 0.000000	
2 32 10 0.920000	0.044028 0.003599	0.998059 0.000316	0.189436 0.009247	0.037792 0.006254	0.000000 0.000000	0.000000 0.000000	0.000000 0.000000	0.000000 0.000000	0.000000 0.000000	0.000000 0.000000	0.000000 0.000000	
2 32 10 0.930000	0.042637 0.008760	0.998171 0.000771	0.181174 0.009965	0.034029 0.007153	0.000000 0.000000	0.000000 0.000000	0.000000 0.000000	0.000000 0.000000	0.000000 0.000000	0.000000 0.000000	0.000000 0.000000	
2 32 10 0.940000	0.042092 0.007434	0.998219 0.000633	0.176724 0.009871	0.032407 0.007328	0.000000 0.000000	0.000000 0.000000	0.000000 0.000000	0.000000 0.000000	0.000000 0.000000	0.000000 0.000000	0.000000 0.000000	
2 32 10 0.950000	0.043222 0.007322	0.998126 0.000643	0.175938 0.009387	0.032113 0.005997	0.000000 0.000000	0.000000 0.000000	0.000000 0.000000	0.000000 0.000000	0.000000 0.000000	0.000000 0.000000	0.000000 0.000000	
2 32 10 0.960000	0.043955 0.007854	0.998061 0.000689	0.169559 0.009350	0.030287 0.008736	0.000000 0.000000	0.000000 0.000000	0.000000 0.000000	0.000000 0.000000	0.000000 0.000000	0.000000 0.000000	0.000000 0.000000	
2 32 10 0.970000	0.041053 0.003962	0.998312 0.000330	0.164000 0.009481	0.027394 0.005572	0.000000 0.000000	0.000000 0.000000	0.000000 0.000000	0.000000 0.000000	0.000000 0.000000	0.000000 0.000000	0.000000 0.000000	
2 32 10 0.980000	0.042904 0.005239	0.998156 0.000446	0.168198 0.009711	0.029575 0.005203	0.000000 0.000000	0.000000 0.000000	0.000000 0.000000	0.000000 0.000000	0.000000 0.000000	0.000000 0.000000	0.000000 0.000000	
2 32 10 0.990000	0.038883 0.005010	0.998485 0.000390	0.161128 0.009931	0.024486 0.006715	0.000000 0.000000	0.000000 0.000000	0.000000 0.000000	0.000000 0.000000	0.000000 0.000000	0.000000 0.000000	0.000000 0.000000	
2 32 10 1.000000	0.042215 0.008115	0.998207 0.000674	0.162244 0.009243	0.025301 0.009539	0.000000 0.000000	0.000000 0.000000	0.000000 0.000000	0.000000 0.000000	0.000000 0.000000	0.000000 0.000000	0.000000 0.000000	
2 32 10 1.010000	0.041140 0.005913	0.998303 0.000481	0.153839 0.009512	0.026112 0.007339	0.000000 0.000000	0.000000 0.000000	0.000000 0.000000	0.000000 0.000000	0.000000 0.000000	0.000000 0.000000	0.000000 0.000000	
2 32 10 1.020000	0.038232 0.006728	0.998532 0.000521	0.154379 0.009863	0.024303 0.006483	0.000000 0.000000	0.000000 0.000000	0.000000 0.000000	0.000000 0.000000	0.000000 0.000000	0.000000 0.000000	0.000000 0.000000	
2 32 10 1.030000	0.039953 0.002730	0.998403 0.000218	0.148132 0.009859	0.023234 0.005846	0.000000 0.000000	0.000000 0.000000	0.000000 0.000000	0.000000 0.000000	0.000000 0.000000	0.000000 0.000000	0.000000 0.000000	
2 32 10 1.040000	0.039423 0.009837	0.998435 0.000760	0.150157 0.008710	0.022509 0.009362	0.000000 0.000000	0.000000 0.000000	0.000000 0.000000	0.000000 0.000000	0.000000 0.000000	0.000000 0.000000	0.000000 0.000000	
2 32 10 1.050000	0.039311 0.007920	0.998448 0.000615	0.147593 0.009776	0.020314 0.009081	0.000000 0.000000	0.000000 0.000000	0.000000 0.000000	0.000000 0.000000	0.000000 0.000000	0.000000 0.000000	0.000000 0.000000	
2 32 10 1.060000	0.039463 0.007252	0.998436 0.000563	0.142190 0.009523	0.019284 0.005334	0.000000 0.000000	0.000000 0.000000	0.000000 0.000000	0.000000 0.000000	0.000000 0.000000	0.000000 0.000000	0.000000 0.000000	
2 32 10 1.070000	0.038111 0.005597	0.998544 0.000430	0.145510 0.009882	0.018590 0.005575	0.000000 0.000000	0.000000 0.000000	0.000000 0.000000	0.000000 0.000000	0.000000 0.000000	0.000000 0.000000	0.000000 0.000000	
2 32 10 1.080000	0.040129 0.009448	0.998380 0.000740	0.138151 0.007594	0.021025 0.008840	0.000000 0.000000	0.000000 0.000000	0.000000 0.000000	0.000000 0.000000	0.000000 0.000000	0.000000 0.000000	0.000000 0.000000	
2 32 10 1.090000	0.035948 0.006103	0.998703 0.000429	0.142327 0.008652	0.016087 0.008066	0.000000 0.000000	0.000000 0.000000	0.000000 0.000000	0.000000 0.000000	0.000000 0.000000	0.000000 0.000000	0.000000 0.000000	
2 32 10 1.100000	0.039621 0.003456	0.998429 0.000276	0.135609 0.009927	0.017993 0.001769	0.000000 0.000000	0.000000 0.000000	0.000000 0.000000	0.000000 0.000000	0.000000 0.000000	0.000000 0.000000	0.000000 0.000000	
2 32 10 1.110000	0.037772 0.009195	0.998563 0.000666	0.137527 0.009742	0.016766 0.002637	0.000000 0.000000	0.000000 0.000000	0.000000 0.000000	0.000000 0.000000	0.000000 0.000000	0.000000 0.000000	0.000000 0.000000	
2 32 10 1.120000	0.039040 0.007611	0.998469 0.000614	0.131004 0.009173	0.016446 0.004232	0.000000 0.000000	0.000000 0.000000	0.000000 0.000000	0.000000 0.000000	0.000000 0.000000	0.000000 0.000000	0.000000 0.000000	
2 32 10 1.130000	0.039973 0.008833	0.998393 0.000719	0.133235 0.009845	0.017023 0.009928	0.000000 0.000000	0.000000 0.000000	0.000000 0.000000	0.000000 0.000000	0.000000 0.000000	0.000000 0.000000	0.000000 0.000000	
2 32 10 1.140000	0.038330 0.004122	0.998529 0.000315	0.132359 0.009429	0.014334 0.006563	0.000000 0.000000	0.000000 0.000000	0.000000 0.000000	0.000000 0.000000	0.000000 0.000000	0.000000 0.000000	0.000000 0.000000	
2 32 10 1.150000	0.037736 0.002965	0.998575 0.000225	0.124815 0.009102	0.013265 0.005564	0.000000 0.000000	0.000000 0.000000	0.000000 0.000000	0.000000 0.000000	0.000000 0.000000	0.000000 0.000000	0.000000 0.000000	
2 32 10 1.160000	0.038586 0.006215	0.998507 0.000477	0.128769 0.009946	0.015980 0.009599	0.000000 0.000000	0.000000 0.000000	0.000000 0.000000	0.000000 0.000000	0.000000 0.000000	0.000000 0.000000	0.000000 0.000000	
2 32 10 1.170000	0.036196 0.006523	0.998683 0.000467	0.125988 0.009402	0.017215 0.007473	0.000000 0.000000	0.000000 0.000000	0.000000 0.000000	0.000000 0.000000	0.000000 0.000000	0.000000 0.000000	0.000000 0.000000	
2 32 10 1.180000	0.038977 0.002888	0.998479 0.000227	0.117490 0.008487	0.014504 0.006997	0.000000 0.000000	0.000000 0.000000	0.000000 0.000000	0.000000 0.000000	0.000000 0.000000	0.000000 0.000000	0.000000 0.000000	
2 32 10 1.190000	0.037242 0.004277	0.998610 0.000315	0.122389 0.008836	0.014150 0.008540	0.000000 0.000000	0.000000 0.000000	0.000000 0.000000	0.000000 0.000000	0.000000 0.000000	0.000000 0.000000	0.000000 0.000000	
2 32 10 1.200000	0.035656 0.009897	0.998718 0.000698	0.119525 0.008881	0.013548 0.006899	0.000000 0.000000	0.000000 0.000000	0.000000 0.000000	0.000000 0.000000	0.000000 0.000000	0.000000 0.000000	0.000000 0.000000	
2 32 10 1.210000	0.036587 0.003591	0.998659 0.000264	0.122056 0.008036	0.016499 0.009999	0.000000 0.000000	0.000000 0.000000	0.000000 0.000000	0.000000 0.000000	0.000000 0.000000	0.000000 0.000000	0.000000 0.000000	
2 32 10 1.220000	0.036968 0.008847	0.998623 0.000651	0.119052 0.009655	0.012618 0.005055	0.000000 0.000000	0.000000 0.000000	0.000000 0.000000	0.000000 0.000000	0.000000 0.000000	0.000000 0.000000	0.000000 0.000000	
2 32 10 1.230000	0.035855 0.003595	0.998713 0.000256	0.115971 0.009536	0.012465 0.004023	0.000000 0.000000	0.000000 0.000000	0.000000 0.000000	0.000000 0.000000	0.000000 0.000000	0.000000 0.000000	0.000000 0.000000	
2 32 10 1.240000	0.036064 0.004979	0.998696 0.000354	0.110144 0.009701	0.013797 0.002987	0.000000 0.000000	0.000000 0.000000	0.000000 0.000000	0.000000 0.000000	0.000000 0.000000	0.000000 0.000000	0.000000 0.000000	
2 32 10 1.250000	0.035079 0.003871	0.998767 0.000277	0.113131 0.009743	0.013122 0.004122	0.000000 0.000000	0.000000 0.000000	0.000000 0.000000	0.000000 0.000000	0.000000 0.000000	0.000000 0.000000	0.000000 0.000000	
2 32 10 1.260000	0.035529 0.003813	0.998736 0.000272	0.111650 0.004725	0.012210 0.005156	0.000000 0.000000	0.000000 0.000000	0.000000 0.000000	0.000000 0.000000	0.000000 0.000000	0.000000 0.000000	0.000000 0.000000	
2 32 10 1.270000	0.033617 0.003782	0.998868 0.000250	0.109522 0.009013	0.011882 0.003290	0.000000 0.000000	0.000000 0.000000	0.000000 0.000000	0.000000 0.000000	0.000000 0.000000	0.000000 0.000000	0.000000 0.000000	
2 32 10 1.280000	0.035520 0.002286	0.998738 0.000162	0.109599 0.005211	0.011889 0.003923	0.000000 0.000000	0.000000 0.000000	0.000000 0.000000	0.000000 0.000000	0.000000 0.000000	0.000000 0.000000	0.000000 0.000000	
2 32 10 1.290000	0.034976 0.004973	0.998772 0.000351	0.107899 0.004195	0.011021 0.002819	0.000000 0.000000	0.000000 0.000000	0.000000 0.000000	0.000000 0.000000	0.000000 0.000000	0.000000 0.000000	0.000000 0.000000	
2 32 10 1.300000	0.034103 0.006583	0.998832 0.000451	0.108505 0.009617	0.014883 0.006050	0.000000 0.000000	0.000000 0.000000	0.000000 0.000000	0.000000 0.000000	0.000000 0.000000	0.000000 0.000000	0.000000 0.000000	
2 32 10 1.310000	0.035210 0.004280	0.998758 0.000297	0.104550 0.004873	0.010324 0.000266	0.000000 0.000000	0.000000 0.000000	0.000000 0.000000	0.000000 0.000000	0.000000 0.000000	0.000000 0.000000	0.000000 0.000000	
2 32 10 1.320000	0.035695 0.007512	0.998718 0.000506	0.104376 0.004232	0.011446 0.004285	0.000000 0.000000	0.000000 0.000000	0.000000 0.000000	0.000000 0.000000	0.000000 0.000000	0.000000 0.000000	0.000000 0.000000	
2 32 10 1.330000	0.034594 0.002868	0.998802 0.000201	0.103925 0.006004	0.001978 0.009892	0.000000 0.000000	0.000000 0.000000	0.000000 0.000000	0.000000 0.000000	0.000000 0.000000	0.000000 0.000000	0.000000 0.000000	
2 32 10 1.340000	0.035432 0.002191	0.998744 0.000154	0.101144 0.008458	0.001953 0.009765	0.000000 0.000000	0.000000 0.000000	0.000000 0.000000	0.000000 0.000000	0.000000 0.000000	0.000000 0.000000	0.000000 0.000000	
2 32 10 1.350000	0.034216 0.007223	0.998822 0.000507	0.100113 0.009965	0.011636 0.004077	0.000000 0.000000	0.000000 0.000000	0.000000 0.000000	0.000000 0.000000	0.000000 0.000000	0.000000 0.000000	0.000000 0.000000	
2 32 10 1.360000	0.035329 0.002135	0.998751 0.000151	0.099553 0.006429	0.001987 0.009934	0.000000 0.000000	0.000000 0.000000	0.000000 0.000000	0.000000 0.000000	0.000000 0.000000	0.000000 0.000000	0.000000 0.000000	
2 32 10 1.370000	0.036182 0.007150	0.998684 0.000537	0.100478 0.009663	0.000000 0.000000	0.000000 0.000000	0.000000 0.000000	0.000000 0.000000	0.000000 0.000000	0.000000 0.000000	0.000000 0.000000	0.000000 0.000000	
2 32 10 1.380000	0.034925 0.003204	0.998779 0.000222	0.098346 0.005661	0.000000 0.000000	0.000000 0.000000	0.000000 0.000000	0.000000 0.000000	0.000000 0.000000	0.000000 0.000000	0.000000 0.000000	0.000000 0.000000	
2 32 10 1.390000	0.033307 0.006714	0.998885 0.000436	0.094938 0.006273	0.001985 0.009927	0.000000 0.000000	0.000000 0.000000	0.000000 0.000000	0.000000 0.000000	0.000000 0.000000	0.000000 0.000000	0.000000 0.000000	
2 32 10 1.400000	0.034943 0.005950	0.998773 0.000417	0.097743 0.005155	0.000000 0.000000	0.000000 0.000000	0.000000 0.000000	0.000000 0.000000	0.000000 0.000000	0.000000 0.000000	0.000000 0.000000	0.000000 0.000000	
2 32 10 1.410000	0.033429 0.006136	0.998878 0.000405	0.098599 0.009325	0.000000 0.000000	0.000000 0.000000	0.000000 0.000000	0.000000 0.000000	0.000000 0.000000	0.000000 0.000000	0.000000 0.000000	0.000000 0.000000	
2 32 10 1.420000	0.034092 0.005094	0.998834 0.000345	0.093148 0.006392	0.000000 0.000000	0.000000 0.000000	0.000000 0.000000	0.000000 0.000000	0.000000 0.000000	0.000000 0.000000	0.000000 0.000000	0.000000 0.000000	
2 32 10 1.430000	0.033687 0.003159	0.998864 0.000212	0.095108 0.005690	0.000000 0.000000	0.000000 0.000000	0.000000 0.000000	0.000000 0.000000	0.000000 0.000000	0.000000 0.000000	0.000000 0.000000	0.000000 0.000000	
2 32 10 1.440000	0.036025 0.009097	0.998692 0.000652	0.096579 0.009706	0.000000 0.000000	0.000000 0.000000	0.000000 0.000000	0.000000 0.000000	0.000000 0.000000	0.000000 0.000000	0.000000 0.000000	0.000000 0.000000	
2 32 10 1.450000	0.035039 0.007693	0.998765 0.000530	0.093852 0.009629	0.000000 0.000000	0.000000 0.000000	0.000000 0.000000	0.000000 0.000000	0.000000 0.000000	0.000000 0.000000	0.000000 0.000000	0.000000 0.000000	
2 32 10 1.460000	0.034481 0.009837	0.998801 0.000671	0.091723 0.009925	0.000000 0.000000	0.000000 0.000000	0.000000 0.000000	0.000000 0.000000	0.000000 0.000000	0.000000 0.000000	0.000000 0.000000	0.000000 0.000000	
2 32 10 1.470000	0.034645 0.002919	0.998798 0.000203	0.092502 0.009930	0.000000 0.000000	0.000000 0.000000	0.000000 0.000000	0.000000 0.000000	0.000000 0.000000	0.000000 0.000000	0.000000 0.000000	0.000000 0.000000	
2 32 10 1.480000	0.033945 0.007647	0.998840 0.000507	0.094665 0.008496	0.000000 0.000000	0.000000 0.000000	0.000000 0.000000	0.000000 0.000000	0.000000 0.000000	0.000000 0.000000	0.000000 0.000000	0.000000 0.000000	
2 32 10 1.490000	0.033306 0.006156	0.998886 0.000406	0.089384 0.009568	0.000000 0.000000	0.000000 0.000000	0.000000 0.000000	0.000000 0.000000	0.000000 0.000000	0.000000 0.000000	0.000000 0.000000	0.000000 0.000000	
2 32 10 1.500000	0.035887 0.008518	0.998705 0.000605	0.091468 0.009716	0.000000 0.000000	0.000000 0.000000	0.000000 0.000000	0.000000 0.000000	0.000000 0.000000	0.000000 0.000000	0.000000 0.000000	0.000000 0.000000	
2 32 10 1.510000	0.034565 0.009673	0.998792 0.000678	0.090312 0.008235	0.001972 0.009858	0.000000 0.000000	0.000000 0.000000	0.000000 0.000000	0.000000 0.000000	0.000000 0.000000	0.000000 0.000000	0.000000 0.000000	
2 32 10 1.520000	0.031211 0.008909	0.999016 0.000571	0.089992 0.009389	0.000000 0.000000	0.000000 0.000000	0.000000 0.000000	0.000000 0.000000	0.000000 0.000000	0.000000 0.000000	0.000000 0.000000	0.000000 0.000000	
2 32 10 1.530000	0.032404 0.009934	0.998938 0.000639	0.082320 0.007174	0.000000 0.000000	0.000000 0.000000	0.000000 0.000000	0.000000 0.000000	0.000000 0.000000	0.000000 0.000000	0.000000 0.000000	0.000000 0.000000	
2 32 10 1.540000	0.029652 0.005173	0.999117 0.000307	0.082528 0.009179	0.000000 0.000000	0.000000 0.000000	0.000000 0.000000	0.000000 0.000000	0.000000 0.000000	0.000000 0.000000	0.000000 0.000000	0.000000 0.000000	
2 32 10 1.550000	0.033820 0.009963	0.998845 0.000693	0.083299 0.009248	0.000000 0.000000	0.000000 0.000000	0.000000 0.000000	0.000000 0.000000	0.000000 0.000000	0.000000 0.000000	0.000000 0.000000	0.000000 0.000000	
2 32 10 1.560000	0.031797 0.008335	0.998980 0.000548	0.079883 0.009930	0.000000 0.000000	0.000000 0.000000	0.000000 0.000000	0.000000 0.000000	0.000000 0.000000	0.000000 0.000000	0.000000 0.000000	0.000000 0.000000	
2 32 10 1.570000	0.031959 0.006295	0.998973 0.000399	0.080738 0.009484	0.000000 0.000000	0.000000 0.000000	0.000000 0.000000	0.000000 0.000000	0.000000 0.000000	0.000000 0.000000	0.000000 0.000000	0.000000 0.000000	
2 32 10 1.580000	0.035984 0.006835	0.998699 0.000482	0.083111 0.009683	0.000000 0.000000	0.000000 0.000000	0.000000 0.000000	0.000000 0.000000	0.000000 0.000000	0.000000 0.000000	0.000000 0.000000	0.000000 0.000000	
2 32 10 1.590000	0.032516 0.006346	0.998937 0.000425	0.085466 0.009969	0.000000 0.000000	0.000000 0.000000	0.000000 0.000000	0.000000 0.000000	0.000000 0.000000	0.000000 0.000000	0.000000 0.000000	0.000000 0.000000	
2 32 10 1.600000	0.030528 0.002140	0.999068 0.000130	0.079091 0.009583	0.000000 0.000000	0.000000 0.000000	0.000000 0.000000	0.000000 0.000000	0.000000 0.000000	0.000000 0.000000	0.000000 0.000000	0.000000 0.000000	
2 32 10 1.610000	0.031555 0.009185	0.998993 0.000547	0.078817 0.009392	0.000000 0.000000	0.000000 0.000000	0.000000 0.000000	0.000000 0.000000	0.000000 0.000000	0.000000 0.000000	0.000000 0.000000	0.000000 0.000000	
2 32 10 1.620000	0.032458 0.008336	0.998938 0.000565	0.075340 0.009630	0.000000 0.000000	0.000000 0.000000	0.000000 0.000000	0.000000 0.000000	0.000000 0.000000	0.000000 0.000000	0.000000 0.000000	0.000000 0.000000	
2 32 10 1.630000	0.036886 0.009345	0.998626 0.000682	0.077073 0.007035	0.000000 0.000000	0.000000 0.000000	0.000000 0.000000	0.000000 0.000000	0.000000 0.000000	0.000000 0.000000	0.000000 0.000000	0.000000 0.000000	
2 32 10 1.640000	0.031714 0.003938	0.998992 0.000251	0.078661 0.009970	0.000000 0.000000	0.001906 0.009528	0.000000 0.000000	0.000000 0.000000	0.000000 0.000000	0.000000 0.000000	0.000000 0.000000	0.000000 0.000000	
2 32 10 1.650000	0.029751 0.005039	0.999110 0.000304	0.074356 0.008685	0.000000 0.000000	0.000000 0.000000	0.000000 0.000000	0.000000 0.000000	0.000000 0.000000	0.000000 0.000000	0.000000 0.000000	0.000000 0.000000	
2 32 10 1.660000	0.033687 0.008662	0.998855 0.000598	0.078990 0.007080	0.000000 0.000000	0.000000 0.000000	0.000000 0.000000	0.000000 0.000000	0.000000 0.000000	0.000000 0.000000	0.000000 0.000000	0.000000 0.000000	
2 32 10 1.670000	0.033491 0.006780	0.998873 0.000469	0.070301 0.005669	0.001989 0.009945	0.000000 0.000000	0.000000 0.000000	0.000000 0.000000	0.000000 0.000000	0.000000 0.000000	0.000000 0.000000	0.000000 0.000000	
2 32 10 1.680000	0.033655 0.006630	0.998862 0.000444	0.074559 0.009556	0.000000 0.000000	0.000000 0.000000	0.000000 0.000000	0.000000 0.000000	0.000000 0.000000	0.000000 0.000000	0.000000 0.000000	0.000000 0.000000	
2 32 10 1.690000	0.032755 0.004331	0.998924 0.000282	0.073880 0.009057	0.000000 0.000000	0.000000 0.000000	0.000000 0.000000	0.000000 0.000000	0.000000 0.000000	0.000000 0.000000	0.000000 0.000000	0.000000 0.000000	
2 32 10 1.700000	0.031669 0.009833	0.998984 0.000583	0.077556 0.006008	0.000000 0.000000	0.000000 0.000000	0.000000 0.000000	0.000000 0.000000	0.000000 0.000000	0.000000 0.000000	0.000000 0.000000	0.000000 0.000000	
2 32 10 1.710000	0.031949 0.005979	0.998975 0.000386	0.074333 0.008384	0.000000 0.000000	0.000000 0.000000	0.000000 0.000000	0.000000 0.000000	0.000000 0.000000	0.000000 0.000000	0.000000 0.000000	0.000000 0.000000	
2 32 10 1.720000	0.032914 0.004971	0.998913 0.000341	0.078540 0.009515	0.000000 0.000000	0.000000 0.000000	0.000000 0.000000	0.000000 0.000000	0.000000 0.000000	0.000000 0.000000	0.000000 0.000000	0.000000 0.000000	
2 32 10 1.730000	0.033438 0.009325	0.998870 0.000591	0.071921 0.008293	0.000000 0.000000	0.000000 0.000000	0.000000 0.000000	0.000000 0.000000	0.000000 0.000000	0.000000 0.000000	0.000000 0.000000	0.000000 0.000000	
2 32 10 1.740000	0.033142 0.009802	0.998882 0.000638	0.068600 0.009789	0.000000 0.000000	0.000000 0.000000	0.000000 0.000000	0.000000 0.000000	0.000000 0.000000	0.000000 0.000000	0.000000 0.000000	0.000000 0.000000	
2 32 10 1.750000	0.033025 0.009370	0.998895 0.000618	0.072477 0.009538	0.000000 0.000000	0.000000 0.000000	0.000000 0.000000	0.000000 0.000000	0.000000 0.000000	0.000000 0.000000	0.000000 0.000000	0.000000 0.000000	
2 32 10 1.760000	0.031562 0.004782	0.999001 0.000294	0.072578 0.009242	0.000000 0.000000	0.000000 0.000000	0.000000 0.000000	0.000000 0.000000	0.000000 0.000000	0.000000 0.000000	0.000000 0.000000	0.000000 0.000000	
2 32 10 1.770000	0.034391 0.009800	0.998802 0.000647	0.068801 0.008959	0.000000 0.000000	0.000000 0.000000	0.000000 0.000000	0.000000 0.000000	0.000000 0.000000	0.000000 0.000000	0.000000 0.000000	0.000000 0.000000	
2 32 10 1.780000	0.031409 0.007691	0.999006 0.000506	0.067475 0.009292	0.000000 0.000000	0.000000 0.000000	0.000000 0.000000	0.000000 0.000000	0.000000 0.000000	0.000000 0.000000	0.000000 0.000000	0.000000 0.000000	
2 32 10 1.790000	0.034002 0.009249	0.998829 0.000634	0.074119 0.006461	0.000000 0.000000	0.000000 0.000000	0.000000 0.000000	0.000000 0.000000	0.001394 0.006969	0.000000 0.000000	0.000000 0.000000	0.000000 0.000000	
2 32 10 1.800000	0.031226 0.008888	0.999015 0.000536	0.065696 0.009615	0.000000 0.000000	0.000000 0.000000	0.000000 0.000000	0.000000 0.000000	0.000000 0.000000	0.000000 0.000000	0.000000 0.000000	0.000000 0.000000	
2 32 10 1.810000	0.033241 0.009023	0.998887 0.000600	0.067721 0.008660	0.000000 0.000000	0.000000 0.000000	0.000000 0.000000	0.000000 0.000000	0.000000 0.000000	0.000000 0.000000	0.000000 0.000000	0.000000 0.000000	
2 32 10 1.820000	0.030951 0.009043	0.999032 0.000540	0.066922 0.008893	0.000000 0.000000	0.000000 0.000000	0.000000 0.000000	0.000000 0.000000	0.000000 0.000000	0.000000 0.000000	0.000000 0.000000	0.000000 0.000000	
2 32 10 1.830000	0.029882 0.006955	0.999101 0.000411	0.060162 0.007699	0.000000 0.000000	0.000000 0.000000	0.000000 0.000000	0.000000 0.000000	0.000000 0.000000	0.000000 0.000000	0.000000 0.000000	0.000000 0.000000	
2 32 10 1.840000	0.030032 0.009648	0.999083 0.000583	0.066673 0.004720	0.000000 0.000000	0.000000 0.000000	0.000000 0.000000	0.000000 0.000000	0.000000 0.000000	0.000000 0.000000	0.000000 0.000000	0.000000 0.000000	
2 32 10 1.850000	0.030166 0.009104	0.999080 0.000553	0.063793 0.009698	0.000000 0.000000	0.000000 0.000000	0.000000 0.000000	0.000000 0.000000	0.000000 0.000000	0.000000 0.000000	0.000000 0.000000	0.000000 0.000000	
2 32 10 1.860000	0.032500 0.008617	0.998931 0.000537	0.067978 0.007971	0.000000 0.000000	0.000000 0.000000	0.000000 0.000000	0.000000 0.000000	0.000000 0.000000	0.000000 0.000000	0.000000 0.000000	0.000000 0.000000	
2 32 10 1.870000	0.033575 0.009163	0.998861 0.000654	0.065457 0.002424	0.000000 0.000000	0.000000 0.000000	0.000000 0.000000	0.000000 0.000000	0.000000 0.000000	0.000000 0.000000	0.000000 0.000000	0.000000 0.000000	
2 32 10 1.880000	0.032345 0.009636	0.998944 0.000625	0.065796 0.009677	0.000000 0.000000	0.000000 0.000000	0.000000 0.000000	0.000000 0.000000	0.000000 0.000000	0.000000 0.000000	0.000000 0.000000	0.000000 0.000000	
2 32 10 1.890000	0.032010 0.008174	0.998964 0.000527	0.067974 0.008808	0.000000 0.000000	0.000000 0.000000	0.000000 0.000000	0.000000 0.000000	0.000000 0.000000	0.000000 0.000000	0.000000 0.000000	0.000000 0.000000	
2 32 10 1.900000	0.033518 0.009603	0.998867 0.000634	0.064487 0.009476	0.000000 0.000000	0.000000 0.000000	0.000000 0.000000	0.000000 0.000000	0.000000 0.000000	0.000000 0.000000	0.000000 0.000000	0.000000 0.000000	
2 32 10 1.910000	0.032117 0.003347	0.998967 0.000213	0.066215 0.008959	0.000000 0.000000	0.000000 0.000000	0.000000 0.000000	0.000000 0.000000	0.000000 0.000000	0.000000 0.000000	0.000000 0.000000	0.000000 0.000000	
2 32 10 1.920000	0.030429 0.005359	0.999070 0.000318	0.067587 0.009917	0.000000 0.000000	0.000000 0.000000	0.000000 0.000000	0.000000 0.000000	0.000000 0.000000	0.000000 0.000000	0.001765 0.008825	0.000000 0.000000	
2 32 10 1.930000	0.031639 0.007528	0.998993 0.000474	0.060861 0.009285	0.000000 0.000000	0.000000 0.000000	0.000000 0.000000	0.000000 0.000000	0.000000 0.000000	0.000000 0.000000	0.000000 0.000000	0.000000 0.000000	
2 32 10 1.940000	0.031366 0.004476	0.999014 0.000276	0.065420 0.009411	0.000000 0.000000	0.000000 0.000000	0.000000 0.000000	0.000000 0.000000	0.000000 0.000000	0.000000 0.000000	0.000000 0.000000	0.000000 0.000000	
2 32 10 1.950000	0.027256 0.006978	0.999250 0.000373	0.065306 0.009800	0.000000 0.000000	0.000000 0.000000	0.000000 0.000000	0.000000 0.000000	0.000000 0.000000	0.000000 0.000000	0.000000 0.000000	0.000000 0.000000	
2 32 10 1.960000	0.031190 0.008458	0.999015 0.000525	0.062447 0.009215	0.000000 0.000000	0.000000 0.000000	0.000000 0.000000	0.000000 0.000000	0.000000 0.000000	0.000000 0.000000	0.000000 0.000000	0.000000 0.000000	
2 32 10 1.970000	0.031531 0.009880	0.998993 0.000637	0.063663 0.009344	0.000000 0.000000	0.000000 0.000000	0.000000 0.000000	0.000000 0.000000	0.000000 0.000000	0.000000 0.000000	0.000000 0.000000	0.000000 0.000000	
2 32 10 1.980000	0.032830 0.008903	0.998910 0.000592	0.061113 0.007637	0.000000 0.000000	0.000000 0.000000	0.000000 0.000000	0.000000 0.000000	0.000000 0.000000	0.000000 0.000000	0.000000 0.000000	0.000000 0.000000	
2 32 10 1.990000	0.032452 0.008850	0.998937 0.000595	0.062869 0.007070	0.001984 0.009921	0.000000 0.000000	0.000000 0.000000	0.000000 0.000000	0.000000 0.000000	0.000000 0.000000	0.000000 0.000000	0.000000 0.000000	
2 32 10 2.000000	0.033029 0.006565	0.998904 0.000437	0.058077 0.006417	0.000000 0.000000	0.000000 0.000000	0.000000 0.000000	0.000000 0.000000	0.000000 0.000000	0.000000 0.000000	0.000000 0.000000	0.000000 0.000000	
2 32 10 2.010000	0.032828 0.007115	0.998917 0.000466	0.063306 0.009645	0.000000 0.000000	0.000000 0.000000	0.000000 0.000000	0.000000 0.000000	0.000000 0.000000	0.000000 0.000000	0.000000 0.000000	0.000000 0.000000	
2 32 10 2.020000	0.030910 0.008944	0.999033 0.000545	0.059739 0.009494	0.000000 0.000000	0.000000 0.000000	0.000000 0.000000	0.000000 0.000000	0.000000 0.000000	0.000000 0.000000	0.000000 0.000000	0.000000 0.000000	
2 32 10 2.030000	0.028318 0.008993	0.999188 0.000522	0.059218 0.005940	0.000000 0.000000	0.000000 0.000000	0.000000 0.000000	0.000000 0.000000	0.000000 0.000000	0.000000 0.000000	0.000000 0.000000	0.000000 0.000000	
2 32 10 2.040000	0.032704 0.009725	0.998918 0.000608	0.059682 0.009624	0.000000 0.000000	0.000000 0.000000	0.000000 0.000000	0.000000 0.000000	0.000000 0.000000	0.000000 0.000000	0.000000 0.000000	0.000000 0.000000	
2 32 10 2.050000	0.030933 0.009517	0.999033 0.000601	0.062867 0.007472	0.000000 0.000000	0.000000 0.000000	0.000000 0.000000	0.000000 0.000000	0.000000 0.000000	0.000000 0.000000	0.000000 0.000000	0.000000 0.000000	
2 32 10 2.060000	0.032538 0.008722	0.998929 0.000570	0.059862 0.009053	0.000000 0.000000	0.000000 0.000000	0.000000 0.000000	0.000000 0.000000	0.000000 0.000000	0.000000 0.000000	0.000000 0.000000	0.000000 0.000000	
2 32 10 2.070000	0.031203 0.005785	0.999021 0.000362	0.058458 0.009009	0.000000 0.000000	0.000000 0.000000	0.000000 0.000000	0.000000 0.000000	0.000000 0.000000	0.000000 0.000000	0.000000 0.000000	0.001936 0.009680	
2 32 10 2.080000	0.030992 0.009796	0.999029 0.000607	0.055971 0.005599	0.000000 0.000000	0.000000 0.000000	0.000000 0.000000	0.000000 0.000000	0.000000 0.000000	0.000000 0.000000	0.000000 0.000000	0.000000 0.000000	
2 32 10 2.090000	0.033090 0.009727	0.998893 0.000632	0.061038 0.008962	0.000000 0.000000	0.000000 0.000000	0.000000 0.000000	0.000000 0.000000	0.000000 0.000000	0.000000 0.000000	0.000000 0.000000	0.000000 0.000000	
2 32 10 2.100000	0.029737 0.006239	0.999111 0.000374	0.055114 0.008150	0.000000 0.000000	0.000000 0.000000	0.000000 0.000000	0.000000 0.000000	0.000000 0.000000	0.000000 0.000000	0.000000 0.000000	0.000000 0.000000	
2 32 10 2.110000	0.032982 0.007251	0.998907 0.000474	0.055868 0.009290	0.000000 0.000000	0.000000 0.000000	0.000000 0.000000	0.000000 0.000000	0.000000 0.000000	0.000000 0.000000	0.000000 0.000000	0.000000 0.000000	
2 32 10 2.120000	0.031297 0.004807	0.999017 0.000299	0.056469 0.009752	0.000000 0.000000	0.000000 0.000000	0.000000 0.000000	0.000000 0.000000	0.000000 0.000000	0.000000 0.000000	0.000000 0.000000	0.000000 0.000000	
2 32 10 2.130000	0.027668 0.005015	0.999231 0.000271	0.053402 0.008060	0.000000 0.000000	0.000000 0.000000	0.000000 0.000000	0.000000 0.000000	0.000000 0.000000	0.000000 0.000000	0.000000 0.000000	0.000000 0.000000	
2 32 10 2.140000	0.029606 0.009369	0.999113 0.000565	0.056300 0.009803	0.000000 0.000000	0.000000 0.000000	0.000000 0.000000	0.000000 0.000000	0.000000 0.000000	0.000000 0.000000	0.000000 0.000000	0.000000 0.000000	
2 32 10 2.150000	0.029620 0.009559	0.999107 0.000555	0.051579 0.009720	0.000000 0.000000	0.000000 0.000000	0.000000 0.000000	0.000000 0.000000	0.000000 0.000000	0.000000 0.000000	0.000000 0.000000	0.000000 0.000000	
2 32 10 2.160000	0.031997 0.008897	0.998963 0.000576	0.055875 0.008103	0.000000 0.000000	0.000000 0.000000	0.000000 0.000000	0.000000 0.000000	0.000000 0.000000	0.000000 0.000000	0.000000 0.000000	0.000000 0.000000	
2 32 10 2.170000	0.031203 0.004261	0.999023 0.000265	0.054093 0.009741	0.000000 0.000000	0.000000 0.000000	0.000000 0.000000	0.000000 0.000000	0.000000 0.000000	0.000000 0.000000	0.000000 0.000000	0.000000 0.000000	
2 32 10 2.180000	0.029728 0.005281	0.999113 0.000310	0.051259 0.009755	0.000000 0.000000	0.000000 0.000000	0.000000 0.000000	0.000000 0.000000	0.000000 0.000000	0.000000 0.000000	0.000000 0.000000	0.000000 0.000000	
2 32 10 2.190000	0.029207 0.005562	0.999143 0.000328	0.056335 0.009195	0.000000 0.000000	0.000000 0.000000	0.000000 0.000000	0.000000 0.000000	0.000000 0.000000	0.000000 0.000000	0.000000 0.000000	0.000000 0.000000	
2 32 10 2.200000	0.031648 0.007762	0.998990 0.000494	0.054068 0.007004	0.000000 0.000000	0.001830 0.009148	0.000000 0.000000	0.000000 0.000000	0.000000 0.000000	0.000000 0.000000	0.000000 0.000000	0.000000 0.000000	
2 32 10 2.210000	0.029396 0.008414	0.999128 0.000496	0.052143 0.008897	0.000000 0.000000	0.000000 0.000000	0.000000 0.000000	0.000000 0.000000	0.000000 0.000000	0.000000 0.000000	0.000000 0.000000	0.000000 0.000000	
2 32 10 2.220000	0.032678 0.005213	0.998928 0.000338	0.049024 0.009550	0.000000 0.000000	0.000000 0.000000	0.000000 0.000000	0.000000 0.000000	0.000000 0.000000	0.000000 0.000000	0.000000 0.000000	0.000000 0.000000	
2 32 10 2.230000	0.031300 0.005392	0.999016 0.000338	0.050861 0.009194	0.000000 0.000000	0.000000 0.000000	0.000000 0.000000	0.000000 0.000000	0.000000 0.000000	0.000000 0.000000	0.000000 0.000000	0.000000 0.000000	
2 32 10 2.240000	0.028934 0.006875	0.999155 0.000398	0.053891 0.008682	0.000000 0.000000	0.000000 0.000000	0.000000 0.000000	0.000000 0.000000	0.000000 0.000000	0.000000 0.000000	0.000000 0.000000	0.000000 0.000000	
2 32 10 2.250000	0.029921 0.006201	0.999100 0.000361	0.054305 0.008629	0.000000 0.000000	0.000000 0.000000	0.000000 0.000000	0.000000 0.000000	0.000000 0.000000	0.000000 0.000000	0.000000 0.000000	0.000000 0.000000	
2 32 10 2.260000	0.032086 0.009653	0.998958 0.000583	0.052485 0.008775	0.000000 0.000000	0.000000 0.000000	0.000000 0.000000	0.000000 0.000000	0.000000 0.000000	0.000000 0.000000	0.000000 0.000000	0.000000 0.000000	
2 32 10 2.270000	0.030891 0.008235	0.999036 0.000520	0.052318 0.008448	0.000000 0.000000	0.000000 0.000000	0.000000 0.000000	0.000000 0.000000	0.000000 0.000000	0.000000 0.000000	0.000000 0.000000	0.000000 0.000000	
2 32 10 2.280000	0.030584 0.007925	0.999054 0.000479	0.050456 0.007894	0.000000 0.000000	0.000000 0.000000	0.000000 0.000000	0.000000 0.000000	0.000000 0.000000	0.000000 0.000000	0.000000 0.000000	0.000000 0.000000	
2 32 10 2.290000	0.032528 0.005214	0.998938 0.000336	0.048507 0.009740	0.000000 0.000000	0.000000 0.000000	0.000000 0.000000	0.000000 0.000000	0.000000 0.000000	0.000000 0.000000	0.000000 0.000000	0.000000 0.000000	
2 32 10 2.300000	0.027481 0.006310	0.999239 0.000357	0.050531 0.008284	0.000000 0.000000	0.000000 0.000000	0.000000 0.000000	0.000000 0.000000	0.000000 0.000000	0.000000 0.000000	0.000000 0.000000	0.000000 0.000000	
2 32 10 2.310000	0.027973 0.008064	0.999210 0.000472	0.053184 0.007899	0.000000 0.000000	0.000000 0.000000	0.000000 0.000000	0.000000 0.000000	0.000000 0.000000	0.000000 0.000000	0.000000 0.000000	0.000000 0.000000	
2 32 10 2.320000	0.030652 0.008878	0.999050 0.000531	0.047915 0.009110	0.000000 0.000000	0.000000 0.000000	0.000000 0.000000	0.000000 0.000000	0.000000 0.000000	0.000000 0.000000	0.000000 0.000000	0.000000 0.000000	
2 32 10 2.330000	0.030681 0.008540	0.999047 0.000516	0.046905 0.005995	0.000000 0.000000	0.000000 0.000000	0.000000 0.000000	0.000000 0.000000	0.000000 0.000000	0.000000 0.000000	0.000000 0.000000	0.001887 0.009434	
2 32 10 2.340000	0.030423 0.006185	0.999070 0.000376	0.051848 0.009427	0.000000 0.000000	0.000000 0.000000	0.000000 0.000000	0.000000 0.000000	0.000000 0.000000	0.000000 0.000000	0.000000 0.000000	0.000000 0.000000	
2 32 10 2.350000	0.031631 0.009825	0.998986 0.000628	0.050735 0.009898	0.000000 0.000000	0.000000 0.000000	0.000000 0.000000	0.000000 0.000000	0.000000 0.000000	0.000000 0.000000	0.000000 0.000000	0.000000 0.000000	
2 32 10 2.360000	0.028959 0.008071	0.999153 0.000469	0.048255 0.009443	0.000000 0.000000	0.000000 0.000000	0.000000 0.000000	0.000000 0.000000	0.000000 0.000000	0.000000 0.000000	0.000000 0.000000	0.000000 0.000000	
2 32 10 2.370000	0.031697 0.009945	0.998982 0.000584	0.049343 0.003956	0.000000 0.000000	0.000000 0.000000	0.000000 0.000000	0.000000 0.000000	0.000000 0.000000	0.000000 0.000000	0.000000 0.000000	0.000000 0.000000	
2 32 10 2.380000	0.031072 0.008570	0.999025 0.000558	0.049681 0.008883	0.000000 0.000000	0.000000 0.000000	0.000000 0.000000	0.000000 0.000000	0.000000 0.000000	0.000000 0.000000	0.000000 0.000000	0.000000 0.000000	
2 32 10 2.390000	0.032395 0.008409	0.998940 0.000553	0.049260 0.008622	0.000000 0.000000	0.000000 0.000000	0.000000 0.000000	0.000000 0.000000	0.000000 0.000000	0.000000 0.000000	0.000000 0.000000	0.000000 0.000000	
2 32 10 2.400000	0.031875 0.007785	0.998976 0.000513	0.048060 0.009171	0.000000 0.000000	0.000000 0.000000	0.000000 0.000000	0.000000 0.000000	0.000000 0.000000	0.000000 0.000000	0.000000 0.000000	0.000000 0.000000	
2 32 10 2.410000	0.027644 0.006495	0.999231 0.000363	0.045307 0.009646	0.000000 0.000000	0.000000 0.000000	0.001651 0.008253	0.000000 0.000000	0.000000 0.000000	0.000000 0.000000	0.000000 0.000000	0.000000 0.000000	
2 32 10 2.420000	0.029284 0.007828	0.999131 0.000464	0.047309 0.009970	0.000000 0.000000	0.000000 0.000000	0.000000 0.000000	0.000000 0.000000	0.000000 0.000000	0.000000 0.000000	0.000000 0.000000	0.000000 0.000000	
2 32 10 2.430000	0.032697 0.006907	0.998926 0.000461	0.048038 0.008342	0.000000 0.000000	0.000000 0.000000	0.001445 0.007225	0.000000 0.000000	0.000000 0.000000	0.000000 0.000000	0.000000 0.000000	0.000000 0.000000	
2 32 10 2.440000	0.031127 0.006963	0.999022 0.000429	0.047086 0.009969	0.000000 0.000000	0.000000 0.000000	0.000000 0.000000	0.000000 0.000000	0.000000 0.000000	0.000000 0.000000	0.000000 0.000000	0.000000 0.000000	
2 32 10 2.450000	0.029018 0.005568	0.999154 0.000328	0.045107 0.008056	0.000000 0.000000	0.000000 0.000000	0.000000 0.000000	0.000000 0.000000	0.000000 0.000000	0.000000 0.000000	0.000000 0.000000	0.000000 0.000000	
2 32 10 2.460000	0.029510 0.003114	0.999128 0.000183	0.048419 0.009061	0.000000 0.000000	0.000000 0.000000	0.000000 0.000000	0.000000 0.000000	0.000000 0.000000	0.000000 0.000000	0.000000 0.000000	0.000000 0.000000	
2 32 10 2.470000	0.025799 0.009950	0.999322 0.000534	0.047065 0.008567	0.000000 0.000000	0.000000 0.000000	0.000000 0.000000	0.000000 0.000000	0.000000 0.000000	0.000000 0.000000	0.000000 0.000000	0.000000 0.000000	
2 32 10 2.480000	0.029791 0.005193	0.999109 0.000309	0.048790 0.009925	0.000000 0.000000	0.000000 0.000000	0.000000 0.000000	0.000000 0.000000	0.000000 0.000000	0.000000 0.000000	0.000000 0.000000	0.000000 0.000000	
2 32 10 2.490000	0.033280 0.006258	0.998887 0.000428	0.048179 0.009858	0.000000 0.000000	0.000000 0.000000	0.000000 0.000000	0.000000 0.000000	0.000000 0.000000	0.000000 0.000000	0.000000 0.000000	0.000000 0.000000	
2 32 10 2.500000	0.029588 0.004133	0.999123 0.000248	0.045998 0.009644	0.000000 0.000000	0.000000 0.000000	0.000000 0.000000	0.000000 0.000000	0.000000 0.000000	0.000000 0.000000	0.000000 0.000000	0.000000 0.000000	
