2 32 5 0.400000	0.999101 0.004412	0.000000 0.000000	0.000000 0.000000	0.000000 0.000000	0.000000 0.000000	0.000000 0.000000	0.000000 0.000000	0.000000 0.000000	0.000000 0.000000	0.000000 0.000000	0.000000 0.000000	
2 32 5 0.410000	0.999562 0.001038	0.000000 0.000000	0.000000 0.000000	0.000000 0.000000	0.000000 0.000000	0.000000 0.000000	0.000000 0.000000	0.000000 0.000000	0.000000 0.000000	0.000000 0.000000	0.000000 0.000000	
2 32 5 0.420000	0.998945 0.004154	0.000000 0.000000	0.000000 0.000000	0.000000 0.000000	0.000000 0.000000	0.000000 0.000000	0.000000 0.000000	0.000000 0.000000	0.000000 0.000000	0.000000 0.000000	0.000000 0.000000	
2 32 5 0.430000	0.998520 0.004144	0.000000 0.000000	0.000000 0.000000	0.000000 0.000000	0.000000 0.000000	0.000000 0.000000	0.000000 0.000000	0.000000 0.000000	0.000000 0.000000	0.000000 0.000000	0.000000 0.000000	
2 32 5 0.440000	0.997759 0.003880	0.000000 0.000000	0.000000 0.000000	0.000000 0.000000	0.000000 0.000000	0.000000 0.000000	0.000000 0.000000	0.000000 0.000000	0.000000 0.000000	0.000000 0.000000	0.000000 0.000000	
2 32 5 0.450000	0.998645 0.003072	0.000000 0.000000	0.000000 0.000000	0.000000 0.000000	0.000000 0.000000	0.000000 0.000000	0.000000 0.000000	0.000000 0.000000	0.000000 0.000000	0.000000 0.000000	0.000000 0.000000	
2 32 5 0.460000	0.998711 0.004663	0.000000 0.000000	0.000000 0.000000	0.000000 0.000000	0.000000 0.000000	0.000000 0.000000	0.000000 0.000000	0.000000 0.000000	0.000000 0.000000	0.000000 0.000000	0.000000 0.000000	
2 32 5 0.470000	0.999022 0.001734	0.000000 0.000000	0.000000 0.000000	0.000000 0.000000	0.000000 0.000000	0.000000 0.000000	0.000000 0.000000	0.000000 0.000000	0.000000 0.000000	0.000000 0.000000	0.000000 0.000000	
2 32 5 0.480000	0.998364 0.001767	0.000000 0.000000	0.000000 0.000000	0.000000 0.000000	0.000000 0.000000	0.000000 0.000000	0.000000 0.000000	0.000000 0.000000	0.000000 0.000000	0.000000 0.000000	0.000000 0.000000	
2 32 5 0.490000	0.997568 0.003266	0.000000 0.000000	0.000000 0.000000	0.000000 0.000000	0.000000 0.000000	0.000000 0.000000	0.000000 0.000000	0.000000 0.000000	0.000000 0.000000	0.000000 0.000000	0.000000 0.000000	
2 32 5 0.500000	0.998109 0.003043	0.000000 0.000000	0.000000 0.000000	0.000000 0.000000	0.000000 0.000000	0.000000 0.000000	0.000000 0.000000	0.000000 0.000000	0.000000 0.000000	0.000000 0.000000	0.000000 0.000000	
2 32 5 0.510000	0.996684 0.002598	0.000000 0.000000	0.000000 0.000000	0.000000 0.000000	0.000000 0.000000	0.000000 0.000000	0.000000 0.000000	0.000000 0.000000	0.000000 0.000000	0.000000 0.000000	0.000000 0.000000	
2 32 5 0.520000	0.996366 0.002188	0.000000 0.000000	0.000000 0.000000	0.000000 0.000000	0.000000 0.000000	0.000000 0.000000	0.000000 0.000000	0.000000 0.000000	0.000000 0.000000	0.000000 0.000000	0.000000 0.000000	
2 32 5 0.530000	0.996577 0.003347	0.000000 0.000000	0.000000 0.000000	0.000000 0.000000	0.000000 0.000000	0.000000 0.000000	0.000000 0.000000	0.000000 0.000000	0.000000 0.000000	0.000000 0.000000	0.000000 0.000000	
2 32 5 0.540000	0.995872 0.001663	0.000000 0.000000	0.000000 0.000000	0.000000 0.000000	0.000000 0.000000	0.000000 0.000000	0.000000 0.000000	0.000000 0.000000	0.000000 0.000000	0.000000 0.000000	0.000000 0.000000	
2 32 5 0.550000	0.997248 0.004415	0.000000 0.000000	0.000000 0.000000	0.000000 0.000000	0.000000 0.000000	0.000000 0.000000	0.000000 0.000000	0.000000 0.000000	0.000000 0.000000	0.000000 0.000000	0.000000 0.000000	
2 32 5 0.560000	0.994274 0.001621	0.011418 0.003223	0.000000 0.000000	0.000000 0.000000	0.000000 0.000000	0.000000 0.000000	0.000000 0.000000	0.000000 0.000000	0.000000 0.000000	0.000000 0.000000	0.000000 0.000000	
2 32 5 0.570000	0.994269 0.001153	0.011429 0.002293	0.000000 0.000000	0.000000 0.000000	0.000000 0.000000	0.000000 0.000000	0.000000 0.000000	0.000000 0.000000	0.000000 0.000000	0.000000 0.000000	0.000000 0.000000	
2 32 5 0.580000	0.992077 0.003614	0.015781 0.007168	0.000000 0.000000	0.000000 0.000000	0.000000 0.000000	0.000000 0.000000	0.000000 0.000000	0.000000 0.000000	0.000000 0.000000	0.000000 0.000000	0.000000 0.000000	
2 32 5 0.590000	0.993461 0.003613	0.013034 0.007175	0.000000 0.000000	0.000000 0.000000	0.000000 0.000000	0.000000 0.000000	0.000000 0.000000	0.000000 0.000000	0.000000 0.000000	0.000000 0.000000	0.000000 0.000000	
2 32 5 0.600000	0.987869 0.003606	0.024113 0.007122	0.000000 0.000000	0.000000 0.000000	0.000000 0.000000	0.000000 0.000000	0.000000 0.000000	0.000000 0.000000	0.000000 0.000000	0.000000 0.000000	0.000000 0.000000	
2 32 5 0.610000	0.989969 0.004757	0.019958 0.009424	0.000000 0.000000	0.000000 0.000000	0.000000 0.000000	0.000000 0.000000	0.000000 0.000000	0.000000 0.000000	0.000000 0.000000	0.000000 0.000000	0.000000 0.000000	
2 32 5 0.620000	0.989416 0.004397	0.021053 0.008699	0.000000 0.000000	0.000000 0.000000	0.000000 0.000000	0.000000 0.000000	0.000000 0.000000	0.000000 0.000000	0.000000 0.000000	0.000000 0.000000	0.000000 0.000000	
2 32 5 0.630000	0.989605 0.004030	0.020680 0.007977	0.000000 0.000000	0.000000 0.000000	0.000000 0.000000	0.000000 0.000000	0.000000 0.000000	0.000000 0.000000	0.000000 0.000000	0.000000 0.000000	0.000000 0.000000	
2 32 5 0.640000	0.986115 0.004861	0.027573 0.009582	0.000000 0.000000	0.000000 0.000000	0.000000 0.000000	0.000000 0.000000	0.000000 0.000000	0.000000 0.000000	0.000000 0.000000	0.000000 0.000000	0.000000 0.000000	
2 32 5 0.650000	0.985251 0.004933	0.029277 0.009721	0.000000 0.000000	0.000000 0.000000	0.000000 0.000000	0.000000 0.000000	0.000000 0.000000	0.000000 0.000000	0.000000 0.000000	0.000000 0.000000	0.000000 0.000000	
2 32 5 0.660000	0.982317 0.003975	0.035051 0.007811	0.000000 0.000000	0.000000 0.000000	0.000000 0.000000	0.000000 0.000000	0.000000 0.000000	0.000000 0.000000	0.000000 0.000000	0.000000 0.000000	0.000000 0.000000	
2 32 5 0.670000	0.981243 0.004779	0.037160 0.009378	0.000000 0.000000	0.000000 0.000000	0.000000 0.000000	0.000000 0.000000	0.000000 0.000000	0.000000 0.000000	0.001724 0.008618	0.000000 0.000000	0.000000 0.000000	
2 32 5 0.680000	0.979978 0.005001	0.039640 0.009799	0.000000 0.000000	0.000000 0.000000	0.000000 0.000000	0.000000 0.000000	0.000000 0.000000	0.000000 0.000000	0.000000 0.000000	0.000000 0.000000	0.000000 0.000000	
2 32 5 0.690000	0.978181 0.003972	0.043159 0.007770	0.000000 0.000000	0.000000 0.000000	0.000000 0.000000	0.000000 0.000000	0.000000 0.000000	0.000000 0.000000	0.000000 0.000000	0.000000 0.000000	0.000000 0.000000	
2 32 5 0.700000	0.974887 0.004420	0.049593 0.008609	0.000000 0.000000	0.000000 0.000000	0.000000 0.000000	0.000000 0.000000	0.000000 0.000000	0.000000 0.000000	0.000000 0.000000	0.000000 0.000000	0.000000 0.000000	
2 32 5 0.710000	0.970473 0.003481	0.058180 0.006755	0.000000 0.000000	0.000000 0.000000	0.000000 0.000000	0.000000 0.000000	0.000000 0.000000	0.000000 0.000000	0.000000 0.000000	0.000000 0.000000	0.001995 0.009975	
2 32 5 0.720000	0.968644 0.004868	0.061724 0.009425	0.000000 0.000000	0.000000 0.000000	0.000000 0.000000	0.000000 0.000000	0.000000 0.000000	0.000000 0.000000	0.000000 0.000000	0.000000 0.000000	0.000000 0.000000	
2 32 5 0.730000	0.962917 0.001892	0.072790 0.003645	0.001955 0.009775	0.000000 0.000000	0.000000 0.000000	0.000000 0.000000	0.000000 0.000000	0.000000 0.000000	0.000000 0.000000	0.000000 0.000000	0.000000 0.000000	
2 32 5 0.740000	0.957881 0.001400	0.082464 0.002682	0.012424 0.004547	0.000000 0.000000	0.000000 0.000000	0.000000 0.000000	0.000000 0.000000	0.000000 0.000000	0.000000 0.000000	0.000000 0.000000	0.000000 0.000000	
2 32 5 0.750000	0.952647 0.002967	0.092462 0.005653	0.011350 0.005641	0.000000 0.000000	0.000000 0.000000	0.000000 0.000000	0.000000 0.000000	0.000000 0.000000	0.000000 0.000000	0.000000 0.000000	0.000000 0.000000	
2 32 5 0.760000	0.950590 0.004282	0.096377 0.008142	0.015311 0.009951	0.000000 0.000000	0.000000 0.000000	0.000000 0.000000	0.000000 0.000000	0.000000 0.000000	0.000000 0.000000	0.000000 0.000000	0.000000 0.000000	
2 32 5 0.770000	0.941152 0.005283	0.114229 0.009938	0.018498 0.007570	0.000000 0.000000	0.000000 0.000000	0.000000 0.000000	0.000000 0.000000	0.000000 0.000000	0.000000 0.000000	0.000000 0.000000	0.000000 0.000000	
2 32 5 0.780000	0.933673 0.004935	0.128251 0.009209	0.023798 0.005561	0.000000 0.000000	0.000000 0.000000	0.000000 0.000000	0.000000 0.000000	0.000000 0.000000	0.000000 0.000000	0.000000 0.000000	0.000000 0.000000	
2 32 5 0.790000	0.925862 0.003211	0.142778 0.005947	0.026660 0.005037	0.001991 0.009957	0.000000 0.000000	0.000000 0.000000	0.000000 0.000000	0.000000 0.000000	0.000000 0.000000	0.000000 0.000000	0.000000 0.000000	
2 32 5 0.800000	0.918557 0.005417	0.156249 0.009954	0.033246 0.004586	0.000000 0.000000	0.000000 0.000000	0.000000 0.000000	0.000000 0.000000	0.000000 0.000000	0.000000 0.000000	0.000000 0.000000	0.000000 0.000000	
2 32 5 0.810000	0.901401 0.005532	0.187473 0.009975	0.043058 0.005946	0.014572 0.004405	0.000000 0.000000	0.000000 0.000000	0.000000 0.000000	0.000000 0.000000	0.000000 0.000000	0.000000 0.000000	0.000000 0.000000	
2 32 5 0.820000	0.884231 0.005630	0.218132 0.009951	0.054248 0.006739	0.019485 0.006040	0.000000 0.000000	0.000000 0.000000	0.000000 0.000000	0.000000 0.000000	0.000000 0.000000	0.000000 0.000000	0.000000 0.000000	
2 32 5 0.830000	0.862055 0.005724	0.256857 0.009871	0.072195 0.007442	0.027922 0.004736	0.013124 0.006207	0.000000 0.000000	0.000000 0.000000	0.000000 0.000000	0.000000 0.000000	0.000000 0.000000	0.000000 0.000000	
2 32 5 0.840000	0.824048 0.005002	0.320941 0.008245	0.103875 0.006246	0.047343 0.006112	0.025272 0.006414	0.016152 0.005239	0.007046 0.012367	0.002271 0.011353	0.000000 0.000000	0.000000 0.000000	0.000000 0.000000	
2 32 5 0.850000	0.748468 0.006920	0.439791 0.010350	0.174434 0.005752	0.095304 0.005191	0.062986 0.005288	0.044561 0.002346	0.033603 0.004884	0.025843 0.002990	0.019769 0.007098	0.017282 0.008712	0.010700 0.018947	
2 32 5 0.860000	0.531839 0.047144	0.716881 0.050369	0.350480 0.029335	0.223715 0.024186	0.162087 0.018187	0.123165 0.013015	0.099052 0.015851	0.078972 0.010194	0.065586 0.007624	0.055432 0.011105	0.046215 0.009602	
2 32 5 0.870000	0.282199 0.037683	0.920175 0.021042	0.455596 0.003816	0.283151 0.003865	0.195388 0.005487	0.142019 0.008102	0.105483 0.009995	0.080265 0.009066	0.059624 0.008972	0.044976 0.011069	0.032913 0.009194	
2 32 5 0.880000	0.188340 0.009896	0.964515 0.003692	0.455211 0.003700	0.266697 0.004543	0.172718 0.005615	0.116715 0.006258	0.081265 0.004113	0.056148 0.004062	0.037321 0.002706	0.023885 0.003527	0.012375 0.004061	
2 32 5 0.890000	0.154392 0.006874	0.976156 0.002125	0.443167 0.006209	0.245480 0.006590	0.151681 0.008022	0.098142 0.006846	0.063664 0.004970	0.039622 0.006041	0.025044 0.004607	0.013269 0.005153	0.000000 0.000000	
2 32 5 0.900000	0.133867 0.005828	0.982074 0.001558	0.429592 0.004361	0.230554 0.009923	0.136163 0.006391	0.084134 0.006914	0.052458 0.009590	0.031352 0.005843	0.019017 0.004739	0.001999 0.009997	0.000000 0.000000	
2 32 5 0.910000	0.117200 0.006681	0.986258 0.001572	0.415659 0.005549	0.212516 0.005565	0.119733 0.005205	0.070166 0.005987	0.039738 0.004724	0.021901 0.003015	0.011459 0.002132	0.000000 0.000000	0.000000 0.000000	
2 32 5 0.920000	0.110707 0.008680	0.987734 0.001913	0.403687 0.009781	0.198173 0.006671	0.106624 0.006347	0.059455 0.006148	0.034422 0.004444	0.016215 0.005174	0.000000 0.000000	0.000000 0.000000	0.000000 0.000000	
2 32 5 0.930000	0.101155 0.004518	0.989765 0.000917	0.393441 0.009941	0.185934 0.006083	0.095355 0.006441	0.051979 0.005989	0.027385 0.003768	0.012412 0.003658	0.000000 0.000000	0.000000 0.000000	0.000000 0.000000	
2 32 5 0.940000	0.095082 0.004210	0.990957 0.000801	0.380425 0.009218	0.176743 0.009233	0.086913 0.003902	0.045158 0.004546	0.021225 0.004960	0.000000 0.000000	0.000000 0.000000	0.000000 0.000000	0.000000 0.000000	
2 32 5 0.950000	0.089817 0.004002	0.991931 0.000722	0.371504 0.009851	0.165729 0.008108	0.079805 0.004522	0.041589 0.005213	0.020514 0.005018	0.001986 0.009928	0.000000 0.000000	0.000000 0.000000	0.000000 0.000000	
2 32 5 0.960000	0.083918 0.004192	0.992956 0.000701	0.361102 0.009750	0.157543 0.006231	0.073291 0.005831	0.035923 0.005798	0.015950 0.004000	0.000000 0.000000	0.000000 0.000000	0.000000 0.000000	0.000000 0.000000	
2 32 5 0.970000	0.080425 0.007610	0.993526 0.001226	0.349262 0.008846	0.145595 0.009775	0.065512 0.009137	0.026878 0.006154	0.013068 0.002816	0.000000 0.000000	0.000000 0.000000	0.000000 0.000000	0.000000 0.000000	
2 32 5 0.980000	0.077150 0.006100	0.994043 0.000954	0.345155 0.003016	0.140295 0.007586	0.060483 0.003111	0.027681 0.004540	0.011435 0.003394	0.000000 0.000000	0.000000 0.000000	0.000000 0.000000	0.000000 0.000000	
2 32 5 0.990000	0.076309 0.004036	0.994175 0.000613	0.338493 0.009994	0.134806 0.009862	0.055369 0.003247	0.024926 0.006991	0.000000 0.000000	0.000000 0.000000	0.000000 0.000000	0.000000 0.000000	0.000000 0.000000	
2 32 5 1.000000	0.072290 0.006659	0.994769 0.000975	0.329790 0.007158	0.126037 0.009913	0.052342 0.006396	0.022634 0.001738	0.000000 0.000000	0.000000 0.000000	0.000000 0.000000	0.000000 0.000000	0.000000 0.000000	
2 32 5 1.010000	0.070756 0.005664	0.994990 0.000804	0.322475 0.009820	0.119843 0.009815	0.046974 0.003500	0.019560 0.006465	0.000000 0.000000	0.000000 0.000000	0.000000 0.000000	0.000000 0.000000	0.000000 0.000000	
2 32 5 1.020000	0.068525 0.004163	0.995302 0.000568	0.320821 0.009847	0.117066 0.004482	0.042824 0.009825	0.017872 0.006911	0.000000 0.000000	0.000000 0.000000	0.000000 0.000000	0.000000 0.000000	0.000000 0.000000	
2 32 5 1.030000	0.068858 0.008778	0.995245 0.001222	0.314604 0.008362	0.113020 0.008375	0.045912 0.007192	0.016638 0.007797	0.001947 0.009736	0.000000 0.000000	0.000000 0.000000	0.000000 0.000000	0.000000 0.000000	
2 32 5 1.040000	0.065881 0.003106	0.995658 0.000408	0.306195 0.006230	0.105986 0.009618	0.040925 0.009634	0.014605 0.002912	0.000000 0.000000	0.000000 0.000000	0.000000 0.000000	0.000000 0.000000	0.000000 0.000000	
2 32 5 1.050000	0.065645 0.007598	0.995683 0.001020	0.298144 0.004208	0.099001 0.003995	0.035431 0.007399	0.011586 0.003930	0.000000 0.000000	0.000000 0.000000	0.000000 0.000000	0.000000 0.000000	0.000000 0.000000	
2 32 5 1.060000	0.062398 0.009471	0.996095 0.001161	0.297357 0.007277	0.094082 0.008273	0.036963 0.004289	0.012391 0.002658	0.000000 0.000000	0.000000 0.000000	0.000000 0.000000	0.000000 0.000000	0.000000 0.000000	
2 32 5 1.070000	0.060156 0.004044	0.996379 0.000484	0.289216 0.009953	0.093666 0.003518	0.029753 0.004820	0.011968 0.003360	0.000000 0.000000	0.000000 0.000000	0.000000 0.000000	0.000000 0.000000	0.000000 0.000000	
2 32 5 1.080000	0.059413 0.005048	0.996467 0.000588	0.283204 0.005905	0.087674 0.006557	0.030595 0.002509	0.001978 0.009891	0.000000 0.000000	0.000000 0.000000	0.000000 0.000000	0.000000 0.000000	0.000000 0.000000	
2 32 5 1.090000	0.059253 0.004026	0.996487 0.000473	0.278820 0.007658	0.087683 0.006894	0.026579 0.006785	0.000000 0.000000	0.000000 0.000000	0.000000 0.000000	0.000000 0.000000	0.000000 0.000000	0.000000 0.000000	
2 32 5 1.100000	0.059710 0.004577	0.996432 0.000547	0.276302 0.009859	0.083081 0.007780	0.025917 0.008571	0.000000 0.000000	0.000000 0.000000	0.000000 0.000000	0.000000 0.000000	0.000000 0.000000	0.000000 0.000000	
2 32 5 1.110000	0.056602 0.006594	0.996792 0.000751	0.269097 0.009655	0.078893 0.004712	0.024312 0.006022	0.000000 0.000000	0.000000 0.000000	0.000000 0.000000	0.000000 0.000000	0.000000 0.000000	0.000000 0.000000	
2 32 5 1.120000	0.055595 0.003997	0.996907 0.000442	0.265174 0.008510	0.079708 0.007274	0.025347 0.004946	0.001956 0.009778	0.000000 0.000000	0.000000 0.000000	0.000000 0.000000	0.000000 0.000000	0.000000 0.000000	
2 32 5 1.130000	0.055387 0.007477	0.996926 0.000831	0.258803 0.009904	0.073688 0.008910	0.021316 0.009876	0.000000 0.000000	0.000000 0.000000	0.000000 0.000000	0.000000 0.000000	0.000000 0.000000	0.000000 0.000000	
2 32 5 1.140000	0.056583 0.003809	0.996797 0.000431	0.256109 0.009868	0.074648 0.008148	0.022036 0.005135	0.000000 0.000000	0.000000 0.000000	0.000000 0.000000	0.000000 0.000000	0.000000 0.000000	0.000000 0.000000	
2 32 5 1.150000	0.054917 0.007160	0.996975 0.000791	0.254375 0.009162	0.070736 0.006407	0.019408 0.003934	0.000000 0.000000	0.000000 0.000000	0.000000 0.000000	0.000000 0.000000	0.000000 0.000000	0.000000 0.000000	
2 32 5 1.160000	0.058479 0.009287	0.996565 0.001096	0.249456 0.005022	0.068141 0.009634	0.017497 0.007890	0.000000 0.000000	0.000000 0.000000	0.000000 0.000000	0.000000 0.000000	0.000000 0.000000	0.000000 0.000000	
2 32 5 1.170000	0.050661 0.008550	0.997424 0.000865	0.247985 0.009748	0.066511 0.007649	0.019483 0.003782	0.000000 0.000000	0.000000 0.000000	0.000000 0.000000	0.000000 0.000000	0.000000 0.000000	0.000000 0.000000	
2 32 5 1.180000	0.052572 0.005972	0.997231 0.000627	0.239253 0.009701	0.061514 0.007870	0.015429 0.005555	0.000000 0.000000	0.000000 0.000000	0.000000 0.000000	0.000000 0.000000	0.000000 0.000000	0.000000 0.000000	
2 32 5 1.190000	0.050603 0.002338	0.997438 0.000237	0.237309 0.007761	0.061917 0.009807	0.015052 0.008707	0.000000 0.000000	0.000000 0.000000	0.000000 0.000000	0.000000 0.000000	0.000000 0.000000	0.000000 0.000000	
2 32 5 1.200000	0.052309 0.009435	0.997253 0.000954	0.236242 0.007887	0.060514 0.005284	0.013459 0.006753	0.000000 0.000000	0.000000 0.000000	0.000000 0.000000	0.000000 0.000000	0.000000 0.000000	0.000000 0.000000	
2 32 5 1.210000	0.050976 0.006131	0.997397 0.000632	0.234658 0.009884	0.058210 0.009336	0.015334 0.008614	0.000000 0.000000	0.000000 0.000000	0.000000 0.000000	0.000000 0.000000	0.000000 0.000000	0.000000 0.000000	
2 32 5 1.220000	0.048194 0.005108	0.997675 0.000488	0.229507 0.009557	0.057849 0.004883	0.016069 0.006938	0.000000 0.000000	0.000000 0.000000	0.000000 0.000000	0.000000 0.000000	0.000000 0.000000	0.000000 0.000000	
2 32 5 1.230000	0.050949 0.002196	0.997404 0.000222	0.229593 0.006735	0.057659 0.009470	0.014044 0.009396	0.000000 0.000000	0.000000 0.000000	0.000000 0.000000	0.000000 0.000000	0.000000 0.000000	0.000000 0.000000	
2 32 5 1.240000	0.050177 0.008068	0.997475 0.000811	0.225803 0.008326	0.054463 0.009546	0.014476 0.009092	0.000000 0.000000	0.000000 0.000000	0.000000 0.000000	0.000000 0.000000	0.000000 0.000000	0.000000 0.000000	
2 32 5 1.250000	0.049577 0.005778	0.997538 0.000564	0.217507 0.005253	0.053080 0.004900	0.012456 0.006038	0.000000 0.000000	0.000000 0.000000	0.000000 0.000000	0.000000 0.000000	0.000000 0.000000	0.000000 0.000000	
2 32 5 1.260000	0.047279 0.005786	0.997760 0.000547	0.219608 0.006127	0.050601 0.009873	0.012061 0.003600	0.000000 0.000000	0.000000 0.000000	0.000000 0.000000	0.000000 0.000000	0.000000 0.000000	0.000000 0.000000	
2 32 5 1.270000	0.047513 0.005337	0.997739 0.000511	0.216861 0.007023	0.050340 0.004402	0.011475 0.003351	0.000000 0.000000	0.000000 0.000000	0.000000 0.000000	0.000000 0.000000	0.000000 0.000000	0.000000 0.000000	
2 32 5 1.280000	0.047203 0.002452	0.997771 0.000233	0.214563 0.003276	0.048296 0.000622	0.011297 0.002440	0.000000 0.000000	0.000000 0.000000	0.000000 0.000000	0.000000 0.000000	0.000000 0.000000	0.000000 0.000000	
2 32 5 1.290000	0.047604 0.004134	0.997731 0.000395	0.208688 0.006818	0.047194 0.008639	0.011957 0.004463	0.000000 0.000000	0.000000 0.000000	0.000000 0.000000	0.000000 0.000000	0.000000 0.000000	0.000000 0.000000	
2 32 5 1.300000	0.047899 0.009541	0.997695 0.000920	0.207656 0.007706	0.044414 0.007771	0.015937 0.009975	0.000000 0.000000	0.000000 0.000000	0.000000 0.000000	0.000000 0.000000	0.000000 0.000000	0.000000 0.000000	
2 32 5 1.310000	0.049034 0.009712	0.997584 0.000936	0.206000 0.004918	0.047590 0.009585	0.000000 0.000000	0.000000 0.000000	0.000000 0.000000	0.000000 0.000000	0.000000 0.000000	0.000000 0.000000	0.000000 0.000000	
2 32 5 1.320000	0.045370 0.002984	0.997940 0.000272	0.205887 0.002349	0.044559 0.002570	0.000000 0.000000	0.000000 0.000000	0.000000 0.000000	0.000000 0.000000	0.000000 0.000000	0.000000 0.000000	0.000000 0.000000	
2 32 5 1.330000	0.044713 0.002790	0.998000 0.000247	0.202170 0.007030	0.042816 0.008787	0.001997 0.009987	0.000000 0.000000	0.000000 0.000000	0.000000 0.000000	0.000000 0.000000	0.000000 0.000000	0.000000 0.000000	
2 32 5 1.340000	0.044635 0.002898	0.998007 0.000258	0.199356 0.004685	0.043367 0.002067	0.000000 0.000000	0.000000 0.000000	0.000000 0.000000	0.000000 0.000000	0.000000 0.000000	0.000000 0.000000	0.000000 0.000000	
2 32 5 1.350000	0.045295 0.003733	0.997946 0.000337	0.201369 0.007262	0.044672 0.003553	0.001939 0.009696	0.000000 0.000000	0.000000 0.000000	0.000000 0.000000	0.000000 0.000000	0.000000 0.000000	0.000000 0.000000	
2 32 5 1.360000	0.044912 0.006358	0.997975 0.000582	0.195534 0.009804	0.040753 0.003584	0.000000 0.000000	0.000000 0.000000	0.000000 0.000000	0.000000 0.000000	0.000000 0.000000	0.000000 0.000000	0.000000 0.000000	
2 32 5 1.370000	0.043955 0.006517	0.998062 0.000569	0.188777 0.009169	0.037679 0.009878	0.000000 0.000000	0.000000 0.000000	0.000000 0.000000	0.000000 0.000000	0.000000 0.000000	0.000000 0.000000	0.000000 0.000000	
2 32 5 1.380000	0.043501 0.004757	0.998105 0.000410	0.193765 0.009549	0.038135 0.009933	0.000000 0.000000	0.000000 0.000000	0.000000 0.000000	0.000000 0.000000	0.000000 0.000000	0.000000 0.000000	0.000000 0.000000	
2 32 5 1.390000	0.043980 0.008206	0.998056 0.000708	0.188204 0.009894	0.037835 0.007512	0.000000 0.000000	0.000000 0.000000	0.000000 0.000000	0.000000 0.000000	0.000000 0.000000	0.000000 0.000000	0.000000 0.000000	
2 32 5 1.400000	0.042144 0.009169	0.998211 0.000778	0.189165 0.006728	0.038182 0.009787	0.000000 0.000000	0.000000 0.000000	0.000000 0.000000	0.000000 0.000000	0.000000 0.000000	0.000000 0.000000	0.000000 0.000000	
2 32 5 1.410000	0.043215 0.007240	0.998125 0.000608	0.186623 0.009947	0.033208 0.004183	0.000000 0.000000	0.000000 0.000000	0.000000 0.000000	0.000000 0.000000	0.000000 0.000000	0.000000 0.000000	0.000000 0.000000	
2 32 5 1.420000	0.042901 0.004099	0.998157 0.000347	0.180865 0.009794	0.036912 0.003520	0.000000 0.000000	0.000000 0.000000	0.000000 0.000000	0.000000 0.000000	0.000000 0.000000	0.000000 0.000000	0.000000 0.000000	
2 32 5 1.430000	0.042350 0.007527	0.998199 0.000623	0.185863 0.009464	0.031475 0.008407	0.000000 0.000000	0.000000 0.000000	0.000000 0.000000	0.000000 0.000000	0.000000 0.000000	0.000000 0.000000	0.000000 0.000000	
2 32 5 1.440000	0.041988 0.004063	0.998234 0.000342	0.178876 0.009183	0.035313 0.002549	0.000000 0.000000	0.000000 0.000000	0.000000 0.000000	0.000000 0.000000	0.000000 0.000000	0.000000 0.000000	0.000000 0.000000	
2 32 5 1.450000	0.041428 0.006772	0.998278 0.000560	0.184843 0.004941	0.036204 0.009905	0.000000 0.000000	0.000000 0.000000	0.000000 0.000000	0.000000 0.000000	0.000000 0.000000	0.000000 0.000000	0.000000 0.000000	
2 32 5 1.460000	0.042365 0.004302	0.998202 0.000366	0.177750 0.008706	0.031181 0.009322	0.000000 0.000000	0.000000 0.000000	0.000000 0.000000	0.000000 0.000000	0.000000 0.000000	0.000000 0.000000	0.000000 0.000000	
2 32 5 1.470000	0.042861 0.008164	0.998152 0.000702	0.173396 0.007755	0.032120 0.009360	0.000000 0.000000	0.000000 0.000000	0.000000 0.000000	0.000000 0.000000	0.000000 0.000000	0.000000 0.000000	0.000000 0.000000	
2 32 5 1.480000	0.045089 0.005257	0.997964 0.000473	0.173071 0.005962	0.028318 0.006912	0.001778 0.008889	0.000000 0.000000	0.000000 0.000000	0.000000 0.000000	0.000000 0.000000	0.000000 0.000000	0.000000 0.000000	
2 32 5 1.490000	0.042966 0.007919	0.998145 0.000684	0.171798 0.009725	0.030209 0.004842	0.000000 0.000000	0.000000 0.000000	0.000000 0.000000	0.000000 0.000000	0.000000 0.000000	0.000000 0.000000	0.000000 0.000000	
2 32 5 1.500000	0.041937 0.003575	0.998240 0.000304	0.166602 0.006544	0.029796 0.009757	0.000000 0.000000	0.000000 0.000000	0.000000 0.000000	0.000000 0.000000	0.000000 0.000000	0.000000 0.000000	0.000000 0.000000	
2 32 5 1.510000	0.039273 0.009993	0.998446 0.000754	0.166641 0.009185	0.028543 0.009125	0.000000 0.000000	0.000000 0.000000	0.000000 0.000000	0.000000 0.000000	0.000000 0.000000	0.000000 0.000000	0.000000 0.000000	
2 32 5 1.520000	0.040829 0.005536	0.998329 0.000466	0.166562 0.009776	0.031388 0.004588	0.000000 0.000000	0.000000 0.000000	0.000000 0.000000	0.000000 0.000000	0.000000 0.000000	0.000000 0.000000	0.000000 0.000000	
2 32 5 1.530000	0.039882 0.005110	0.998407 0.000407	0.170057 0.009716	0.029501 0.008829	0.000000 0.000000	0.000000 0.000000	0.000000 0.000000	0.000000 0.000000	0.000000 0.000000	0.000000 0.000000	0.000000 0.000000	
2 32 5 1.540000	0.040071 0.004967	0.998391 0.000410	0.167164 0.009954	0.022995 0.009592	0.000000 0.000000	0.000000 0.000000	0.000000 0.000000	0.000000 0.000000	0.000000 0.000000	0.000000 0.000000	0.000000 0.000000	
2 32 5 1.550000	0.041902 0.009470	0.998229 0.000792	0.160457 0.009474	0.024873 0.008646	0.000000 0.000000	0.000000 0.000000	0.000000 0.000000	0.000000 0.000000	0.000000 0.000000	0.000000 0.000000	0.000000 0.000000	
2 32 5 1.560000	0.040579 0.005292	0.998349 0.000440	0.164046 0.009051	0.027501 0.009745	0.000000 0.000000	0.000000 0.000000	0.000000 0.000000	0.000000 0.000000	0.000000 0.000000	0.000000 0.000000	0.000000 0.000000	
2 32 5 1.570000	0.042208 0.008235	0.998209 0.000678	0.160544 0.009375	0.023761 0.003731	0.000000 0.000000	0.000000 0.000000	0.000000 0.000000	0.000000 0.000000	0.000000 0.000000	0.000000 0.000000	0.000000 0.000000	
2 32 5 1.580000	0.041008 0.004253	0.998316 0.000347	0.157650 0.008512	0.026333 0.005527	0.000000 0.000000	0.000000 0.000000	0.000000 0.000000	0.000000 0.000000	0.000000 0.000000	0.000000 0.000000	0.000000 0.000000	
2 32 5 1.590000	0.041246 0.006645	0.998293 0.000540	0.161415 0.007780	0.028133 0.009598	0.000000 0.000000	0.000000 0.000000	0.000000 0.000000	0.000000 0.000000	0.000000 0.000000	0.000000 0.000000	0.000000 0.000000	
2 32 5 1.600000	0.040018 0.009941	0.998383 0.000792	0.151655 0.003448	0.025832 0.004737	0.000000 0.000000	0.000000 0.000000	0.000000 0.000000	0.000000 0.000000	0.000000 0.000000	0.000000 0.000000	0.000000 0.000000	
2 32 5 1.610000	0.040366 0.009785	0.998361 0.000791	0.155966 0.008010	0.022945 0.007458	0.000000 0.000000	0.000000 0.000000	0.000000 0.000000	0.000000 0.000000	0.000000 0.000000	0.000000 0.000000	0.000000 0.000000	
2 32 5 1.620000	0.042160 0.004273	0.998220 0.000360	0.152747 0.009690	0.020115 0.009655	0.000000 0.000000	0.000000 0.000000	0.000000 0.000000	0.000000 0.000000	0.000000 0.000000	0.000000 0.000000	0.000000 0.000000	
2 32 5 1.630000	0.039095 0.009193	0.998461 0.000705	0.153104 0.009867	0.025560 0.004856	0.000000 0.000000	0.000000 0.000000	0.000000 0.000000	0.000000 0.000000	0.000000 0.000000	0.000000 0.000000	0.000000 0.000000	
2 32 5 1.640000	0.038606 0.005202	0.998506 0.000407	0.154398 0.009736	0.023144 0.008281	0.000000 0.000000	0.000000 0.000000	0.000000 0.000000	0.000000 0.000000	0.000000 0.000000	0.000000 0.000000	0.000000 0.000000	
2 32 5 1.650000	0.038331 0.008545	0.998519 0.000678	0.148491 0.009137	0.020976 0.009625	0.000000 0.000000	0.000000 0.000000	0.000000 0.000000	0.000000 0.000000	0.000000 0.000000	0.000000 0.000000	0.000000 0.000000	
2 32 5 1.660000	0.040604 0.004972	0.998348 0.000397	0.149778 0.009142	0.023502 0.006934	0.000000 0.000000	0.000000 0.000000	0.000000 0.000000	0.000000 0.000000	0.000000 0.000000	0.000000 0.000000	0.000000 0.000000	
2 32 5 1.670000	0.039545 0.003191	0.998435 0.000254	0.148787 0.008607	0.023856 0.007191	0.000000 0.000000	0.000000 0.000000	0.000000 0.000000	0.000000 0.000000	0.000000 0.000000	0.000000 0.000000	0.000000 0.000000	
2 32 5 1.680000	0.038373 0.003261	0.998526 0.000250	0.148716 0.007833	0.019775 0.009800	0.000000 0.000000	0.000000 0.000000	0.000000 0.000000	0.000000 0.000000	0.000000 0.000000	0.000000 0.000000	0.000000 0.000000	
2 32 5 1.690000	0.037663 0.005336	0.998578 0.000411	0.144359 0.009899	0.019586 0.007078	0.001995 0.009976	0.000000 0.000000	0.000000 0.000000	0.000000 0.000000	0.000000 0.000000	0.000000 0.000000	0.000000 0.000000	
2 32 5 1.700000	0.039189 0.003762	0.998462 0.000296	0.146135 0.009881	0.021744 0.006341	0.000000 0.000000	0.000000 0.000000	0.000000 0.000000	0.000000 0.000000	0.000000 0.000000	0.000000 0.000000	0.000000 0.000000	
2 32 5 1.710000	0.042946 0.004253	0.998153 0.000361	0.143567 0.009101	0.022111 0.008651	0.000000 0.000000	0.000000 0.000000	0.000000 0.000000	0.001949 0.009746	0.000000 0.000000	0.000000 0.000000	0.000000 0.000000	
2 32 5 1.720000	0.038211 0.009708	0.998528 0.000718	0.139786 0.007581	0.020351 0.008766	0.000000 0.000000	0.000000 0.000000	0.000000 0.000000	0.000000 0.000000	0.000000 0.000000	0.000000 0.000000	0.000000 0.000000	
2 32 5 1.730000	0.037373 0.009919	0.998591 0.000751	0.142854 0.007647	0.018698 0.003718	0.000000 0.000000	0.000000 0.000000	0.000000 0.000000	0.000000 0.000000	0.000000 0.000000	0.000000 0.000000	0.000000 0.000000	
2 32 5 1.740000	0.039281 0.009586	0.998448 0.000749	0.140090 0.008309	0.022029 0.007369	0.000000 0.000000	0.000000 0.000000	0.000000 0.000000	0.000000 0.000000	0.000000 0.000000	0.000000 0.000000	0.000000 0.000000	
2 32 5 1.750000	0.034320 0.009255	0.998813 0.000648	0.140080 0.005537	0.019596 0.007299	0.000000 0.000000	0.000000 0.000000	0.000000 0.000000	0.000000 0.000000	0.000000 0.000000	0.000000 0.000000	0.001898 0.009490	
2 32 5 1.760000	0.038980 0.008526	0.998469 0.000643	0.139611 0.009321	0.020031 0.005674	0.000000 0.000000	0.000000 0.000000	0.000000 0.000000	0.000000 0.000000	0.000000 0.000000	0.000000 0.000000	0.000000 0.000000	
2 32 5 1.770000	0.039640 0.003581	0.998427 0.000283	0.133526 0.009787	0.017064 0.007729	0.000000 0.000000	0.000000 0.000000	0.000000 0.000000	0.000000 0.000000	0.000000 0.000000	0.000000 0.000000	0.000000 0.000000	
2 32 5 1.780000	0.037524 0.009189	0.998580 0.000651	0.134063 0.007670	0.021551 0.009382	0.000000 0.000000	0.000000 0.000000	0.000000 0.000000	0.000000 0.000000	0.000000 0.000000	0.000000 0.000000	0.000000 0.000000	
2 32 5 1.790000	0.037983 0.007519	0.998549 0.000574	0.136980 0.009575	0.019547 0.005156	0.000000 0.000000	0.000000 0.000000	0.000000 0.000000	0.000000 0.000000	0.000000 0.000000	0.000000 0.000000	0.000000 0.000000	
2 32 5 1.800000	0.038413 0.005972	0.998519 0.000441	0.134750 0.006143	0.016244 0.009004	0.000000 0.000000	0.000000 0.000000	0.000000 0.000000	0.000000 0.000000	0.000000 0.000000	0.000000 0.000000	0.000000 0.000000	
2 32 5 1.810000	0.039124 0.005199	0.998465 0.000403	0.136601 0.008951	0.013073 0.006281	0.000000 0.000000	0.000000 0.000000	0.000000 0.000000	0.000000 0.000000	0.000000 0.000000	0.000000 0.000000	0.000000 0.000000	
2 32 5 1.820000	0.036231 0.009866	0.998674 0.000735	0.133944 0.005224	0.016029 0.009125	0.000000 0.000000	0.000000 0.000000	0.000000 0.000000	0.000000 0.000000	0.000000 0.000000	0.000000 0.000000	0.000000 0.000000	
2 32 5 1.830000	0.036453 0.004860	0.998668 0.000362	0.134927 0.008688	0.018788 0.009964	0.000000 0.000000	0.000000 0.000000	0.000000 0.000000	0.000000 0.000000	0.000000 0.000000	0.000000 0.000000	0.000000 0.000000	
2 32 5 1.840000	0.034362 0.004807	0.998816 0.000334	0.134604 0.009603	0.017950 0.006896	0.000000 0.000000	0.000000 0.000000	0.000000 0.000000	0.000000 0.000000	0.000000 0.000000	0.000000 0.000000	0.000000 0.000000	
2 32 5 1.850000	0.036210 0.005861	0.998685 0.000430	0.129525 0.009619	0.016875 0.009769	0.000000 0.000000	0.000000 0.000000	0.000000 0.000000	0.000000 0.000000	0.000000 0.000000	0.000000 0.000000	0.000000 0.000000	
2 32 5 1.860000	0.034970 0.007020	0.998770 0.000490	0.128513 0.009352	0.017732 0.008214	0.000000 0.000000	0.000000 0.000000	0.000000 0.000000	0.000000 0.000000	0.000000 0.000000	0.000000 0.000000	0.000000 0.000000	
2 32 5 1.870000	0.037727 0.006403	0.998572 0.000478	0.127176 0.007021	0.018076 0.008873	0.000000 0.000000	0.000000 0.000000	0.000000 0.000000	0.000000 0.000000	0.000000 0.000000	0.000000 0.000000	0.000000 0.000000	
2 32 5 1.880000	0.036737 0.003539	0.998649 0.000261	0.126547 0.004576	0.013714 0.005986	0.000000 0.000000	0.000000 0.000000	0.000000 0.000000	0.000000 0.000000	0.000000 0.000000	0.000000 0.000000	0.000000 0.000000	
2 32 5 1.890000	0.034759 0.007263	0.998783 0.000516	0.124753 0.009911	0.014990 0.005572	0.000000 0.000000	0.000000 0.000000	0.000000 0.000000	0.000000 0.000000	0.000000 0.000000	0.000000 0.000000	0.000000 0.000000	
2 32 5 1.900000	0.033888 0.007736	0.998843 0.000533	0.132030 0.006629	0.015781 0.008846	0.000000 0.000000	0.000000 0.000000	0.000000 0.000000	0.000000 0.000000	0.000000 0.000000	0.000000 0.000000	0.000000 0.000000	
2 32 5 1.910000	0.036197 0.006317	0.998684 0.000467	0.123367 0.007334	0.020059 0.009994	0.000000 0.000000	0.000000 0.000000	0.000000 0.000000	0.000000 0.000000	0.000000 0.000000	0.000000 0.000000	0.000000 0.000000	
2 32 5 1.920000	0.036234 0.008284	0.998678 0.000578	0.126209 0.008333	0.015895 0.006720	0.000000 0.000000	0.000000 0.000000	0.001994 0.009970	0.000000 0.000000	0.000000 0.000000	0.000000 0.000000	0.000000 0.000000	
2 32 5 1.930000	0.037485 0.006508	0.998589 0.000501	0.123019 0.009913	0.014561 0.008050	0.000000 0.000000	0.000000 0.000000	0.000000 0.000000	0.000000 0.000000	0.000000 0.000000	0.000000 0.000000	0.000000 0.000000	
2 32 5 1.940000	0.035252 0.009510	0.998744 0.000689	0.125570 0.009242	0.015075 0.009959	0.000000 0.000000	0.000000 0.000000	0.000000 0.000000	0.000000 0.000000	0.000000 0.000000	0.000000 0.000000	0.000000 0.000000	
2 32 5 1.950000	0.037463 0.006922	0.998591 0.000520	0.120569 0.009484	0.015912 0.004430	0.000000 0.000000	0.000000 0.000000	0.000000 0.000000	0.000000 0.000000	0.000000 0.000000	0.000000 0.000000	0.000000 0.000000	
2 32 5 1.960000	0.036418 0.002800	0.998673 0.000205	0.120340 0.005106	0.015190 0.009883	0.000000 0.000000	0.000000 0.000000	0.000000 0.000000	0.000000 0.000000	0.000000 0.000000	0.000000 0.000000	0.000000 0.000000	
2 32 5 1.970000	0.037714 0.002085	0.998577 0.000157	0.120356 0.009363	0.016141 0.008554	0.000000 0.000000	0.000000 0.000000	0.000000 0.000000	0.000000 0.000000	0.000000 0.000000	0.000000 0.000000	0.000000 0.000000	
2 32 5 1.980000	0.035622 0.004328	0.998729 0.000303	0.119899 0.009823	0.012352 0.004682	0.000000 0.000000	0.000000 0.000000	0.000000 0.000000	0.000000 0.000000	0.000000 0.000000	0.000000 0.000000	0.000000 0.000000	
2 32 5 1.990000	0.037767 0.005642	0.998569 0.000414	0.121116 0.008044	0.015488 0.008663	0.000000 0.000000	0.000000 0.000000	0.000000 0.000000	0.000000 0.000000	0.000000 0.000000	0.000000 0.000000	0.000000 0.000000	
2 32 5 2.000000	0.037105 0.004837	0.998620 0.000362	0.116724 0.009847	0.014133 0.008014	0.000000 0.000000	0.000000 0.000000	0.000000 0.000000	0.000000 0.000000	0.000000 0.000000	0.000000 0.000000	0.000000 0.000000	
2 32 5 2.010000	0.035806 0.002720	0.998717 0.000194	0.117318 0.009772	0.013180 0.007247	0.000000 0.000000	0.000000 0.000000	0.000000 0.000000	0.000000 0.000000	0.000000 0.000000	0.000000 0.000000	0.000000 0.000000	
2 32 5 2.020000	0.035415 0.008206	0.998734 0.000599	0.118534 0.005233	0.014038 0.006808	0.000000 0.000000	0.000000 0.000000	0.000000 0.000000	0.000000 0.000000	0.000000 0.000000	0.000000 0.000000	0.000000 0.000000	
2 32 5 2.030000	0.036108 0.006870	0.998691 0.000501	0.114391 0.009884	0.014210 0.004528	0.000000 0.000000	0.000000 0.000000	0.000000 0.000000	0.000000 0.000000	0.000000 0.000000	0.000000 0.000000	0.000000 0.000000	
2 32 5 2.040000	0.035672 0.005207	0.998724 0.000377	0.119068 0.009232	0.013055 0.009952	0.000000 0.000000	0.000000 0.000000	0.000000 0.000000	0.000000 0.000000	0.000000 0.000000	0.000000 0.000000	0.000000 0.000000	
2 32 5 2.050000	0.034893 0.005118	0.998779 0.000353	0.115115 0.006739	0.012356 0.004843	0.000000 0.000000	0.000000 0.000000	0.000000 0.000000	0.000000 0.000000	0.000000 0.000000	0.000000 0.000000	0.000000 0.000000	
2 32 5 2.060000	0.036360 0.002979	0.998677 0.000218	0.117215 0.007682	0.011565 0.004407	0.000000 0.000000	0.000000 0.000000	0.000000 0.000000	0.000000 0.000000	0.000000 0.000000	0.000000 0.000000	0.000000 0.000000	
2 32 5 2.070000	0.035860 0.003495	0.998713 0.000252	0.114952 0.004292	0.012174 0.003997	0.000000 0.000000	0.000000 0.000000	0.000000 0.000000	0.000000 0.000000	0.000000 0.000000	0.000000 0.000000	0.000000 0.000000	
2 32 5 2.080000	0.035342 0.006499	0.998746 0.000446	0.108365 0.007654	0.011698 0.005236	0.000000 0.000000	0.000000 0.000000	0.000000 0.000000	0.000000 0.000000	0.000000 0.000000	0.000000 0.000000	0.000000 0.000000	
2 32 5 2.090000	0.033400 0.006127	0.998879 0.000426	0.112620 0.009073	0.016353 0.005596	0.000000 0.000000	0.000000 0.000000	0.000000 0.000000	0.000000 0.000000	0.000000 0.000000	0.000000 0.000000	0.000000 0.000000	
2 32 5 2.100000	0.036054 0.004480	0.998698 0.000320	0.112420 0.006848	0.011278 0.002453	0.000000 0.000000	0.000000 0.000000	0.000000 0.000000	0.000000 0.000000	0.000000 0.000000	0.000000 0.000000	0.000000 0.000000	
2 32 5 2.110000	0.036254 0.002997	0.998685 0.000214	0.111745 0.002622	0.010896 0.001532	0.000000 0.000000	0.000000 0.000000	0.000000 0.000000	0.000000 0.000000	0.000000 0.000000	0.000000 0.000000	0.000000 0.000000	
2 32 5 2.120000	0.036507 0.002272	0.998666 0.000166	0.109269 0.006464	0.012130 0.003915	0.000000 0.000000	0.000000 0.000000	0.000000 0.000000	0.000000 0.000000	0.000000 0.000000	0.000000 0.000000	0.000000 0.000000	
2 32 5 2.130000	0.034834 0.003987	0.998785 0.000277	0.105230 0.007011	0.000000 0.000000	0.000000 0.000000	0.000000 0.000000	0.000000 0.000000	0.000000 0.000000	0.000000 0.000000	0.000000 0.000000	0.000000 0.000000	
2 32 5 2.140000	0.035257 0.000904	0.998757 0.000064	0.108564 0.004088	0.001988 0.009941	0.000000 0.000000	0.000000 0.000000	0.000000 0.000000	0.000000 0.000000	0.000000 0.000000	0.000000 0.000000	0.000000 0.000000	
2 32 5 2.150000	0.036772 0.009140	0.998639 0.000676	0.110086 0.009813	0.001963 0.009816	0.000000 0.000000	0.000000 0.000000	0.000000 0.000000	0.000000 0.000000	0.000000 0.000000	0.000000 0.000000	0.000000 0.000000	
2 32 5 2.160000	0.036597 0.003019	0.998660 0.000220	0.106320 0.003112	0.000000 0.000000	0.000000 0.000000	0.000000 0.000000	0.000000 0.000000	0.000000 0.000000	0.000000 0.000000	0.000000 0.000000	0.000000 0.000000	
2 32 5 2.170000	0.035332 0.002594	0.998751 0.000182	0.107695 0.002512	0.010819 0.001005	0.000000 0.000000	0.000000 0.000000	0.000000 0.000000	0.000000 0.000000	0.000000 0.000000	0.000000 0.000000	0.000000 0.000000	
2 32 5 2.180000	0.034106 0.002416	0.998836 0.000164	0.105031 0.007015	0.000000 0.000000	0.000000 0.000000	0.000000 0.000000	0.000000 0.000000	0.000000 0.000000	0.000000 0.000000	0.000000 0.000000	0.000000 0.000000	
2 32 5 2.190000	0.033939 0.007245	0.998841 0.000512	0.108751 0.009362	0.012898 0.003369	0.000000 0.000000	0.000000 0.000000	0.000000 0.000000	0.000000 0.000000	0.000000 0.000000	0.000000 0.000000	0.000000 0.000000	
2 32 5 2.200000	0.035604 0.004232	0.998730 0.000303	0.106707 0.008271	0.000000 0.000000	0.000000 0.000000	0.000000 0.000000	0.000000 0.000000	0.000000 0.000000	0.000000 0.000000	0.000000 0.000000	0.000000 0.000000	
2 32 5 2.210000	0.035753 0.002338	0.998721 0.000167	0.103847 0.004703	0.001991 0.009954	0.000000 0.000000	0.000000 0.000000	0.000000 0.000000	0.000000 0.000000	0.000000 0.000000	0.000000 0.000000	0.000000 0.000000	
2 32 5 2.220000	0.034411 0.007417	0.998809 0.000491	0.103258 0.008869	0.001959 0.009795	0.000000 0.000000	0.000000 0.000000	0.000000 0.000000	0.000000 0.000000	0.000000 0.000000	0.000000 0.000000	0.000000 0.000000	
2 32 5 2.230000	0.033017 0.004658	0.998908 0.000306	0.103958 0.009565	0.000000 0.000000	0.000000 0.000000	0.000000 0.000000	0.000000 0.000000	0.000000 0.000000	0.000000 0.000000	0.000000 0.000000	0.000000 0.000000	
2 32 5 2.240000	0.035854 0.005138	0.998711 0.000368	0.104570 0.008880	0.001983 0.009914	0.000000 0.000000	0.000000 0.000000	0.000000 0.000000	0.000000 0.000000	0.000000 0.000000	0.000000 0.000000	0.000000 0.000000	
2 32 5 2.250000	0.036274 0.006964	0.998678 0.000522	0.102098 0.007626	0.000000 0.000000	0.000000 0.000000	0.000000 0.000000	0.000000 0.000000	0.000000 0.000000	0.000000 0.000000	0.000000 0.000000	0.000000 0.000000	
2 32 5 2.260000	0.032886 0.005184	0.998914 0.000339	0.100686 0.009875	0.011887 0.002449	0.000000 0.000000	0.000000 0.000000	0.000000 0.000000	0.000000 0.000000	0.000000 0.000000	0.000000 0.000000	0.000000 0.000000	
2 32 5 2.270000	0.034502 0.005167	0.998807 0.000364	0.100563 0.008763	0.001985 0.009925	0.000000 0.000000	0.000000 0.000000	0.000000 0.000000	0.000000 0.000000	0.000000 0.000000	0.000000 0.000000	0.000000 0.000000	
2 32 5 2.280000	0.032365 0.006789	0.998947 0.000457	0.101110 0.004865	0.000000 0.000000	0.000000 0.000000	0.000000 0.000000	0.000000 0.000000	0.000000 0.000000	0.000000 0.000000	0.000000 0.000000	0.000000 0.000000	
2 32 5 2.290000	0.033373 0.006844	0.998878 0.000453	0.098162 0.009717	0.000000 0.000000	0.000000 0.000000	0.000000 0.000000	0.001764 0.008822	0.000000 0.000000	0.000000 0.000000	0.000000 0.000000	0.000000 0.000000	
2 32 5 2.300000	0.037267 0.009531	0.998599 0.000691	0.100809 0.009119	0.000000 0.000000	0.000000 0.000000	0.000000 0.000000	0.000000 0.000000	0.000000 0.000000	0.000000 0.000000	0.000000 0.000000	0.000000 0.000000	
2 32 5 2.310000	0.033825 0.001785	0.998855 0.000120	0.098531 0.003806	0.000000 0.000000	0.000000 0.000000	0.000000 0.000000	0.000000 0.000000	0.000000 0.000000	0.000000 0.000000	0.000000 0.000000	0.000000 0.000000	
2 32 5 2.320000	0.034494 0.003921	0.998807 0.000271	0.095704 0.009382	0.000000 0.000000	0.000000 0.000000	0.000000 0.000000	0.000000 0.000000	0.000000 0.000000	0.000000 0.000000	0.000000 0.000000	0.000000 0.000000	
2 32 5 2.330000	0.034653 0.007238	0.998792 0.000506	0.099733 0.007439	0.000000 0.000000	0.000000 0.000000	0.000000 0.000000	0.000000 0.000000	0.000000 0.000000	0.000000 0.000000	0.000000 0.000000	0.000000 0.000000	
2 32 5 2.340000	0.033434 0.004218	0.998880 0.000279	0.096868 0.009944	0.000000 0.000000	0.000000 0.000000	0.000000 0.000000	0.000000 0.000000	0.000000 0.000000	0.000000 0.000000	0.000000 0.000000	0.000000 0.000000	
2 32 5 2.350000	0.036326 0.004421	0.998678 0.000320	0.097947 0.006700	0.000000 0.000000	0.000000 0.000000	0.000000 0.000000	0.000000 0.000000	0.000000 0.000000	0.000000 0.000000	0.000000 0.000000	0.000000 0.000000	
2 32 5 2.360000	0.034688 0.004811	0.998794 0.000323	0.095057 0.009557	0.000000 0.000000	0.000000 0.000000	0.000000 0.000000	0.000000 0.000000	0.000000 0.000000	0.000000 0.000000	0.000000 0.000000	0.000000 0.000000	
2 32 5 2.370000	0.034495 0.007580	0.998803 0.000519	0.096333 0.009913	0.000000 0.000000	0.000000 0.000000	0.000000 0.000000	0.000000 0.000000	0.000000 0.000000	0.000000 0.000000	0.000000 0.000000	0.000000 0.000000	
2 32 5 2.380000	0.033709 0.007486	0.998855 0.000514	0.094717 0.009673	0.001824 0.009119	0.000000 0.000000	0.000000 0.000000	0.000000 0.000000	0.000000 0.000000	0.000000 0.000000	0.000000 0.000000	0.000000 0.000000	
2 32 5 2.390000	0.034945 0.006879	0.998774 0.000476	0.096934 0.004566	0.000000 0.000000	0.000000 0.000000	0.000000 0.000000	0.001935 0.009676	0.000000 0.000000	0.000000 0.000000	0.000000 0.000000	0.000000 0.000000	
2 32 5 2.400000	0.035740 0.002070	0.998722 0.000148	0.094245 0.003194	0.000000 0.000000	0.000000 0.000000	0.000000 0.000000	0.000000 0.000000	0.000000 0.000000	0.000000 0.000000	0.000000 0.000000	0.000000 0.000000	
2 32 5 2.410000	0.034762 0.005316	0.998788 0.000367	0.093112 0.007819	0.000000 0.000000	0.000000 0.000000	0.000000 0.000000	0.000000 0.000000	0.000000 0.000000	0.000000 0.000000	0.000000 0.000000	0.000000 0.000000	
2 32 5 2.420000	0.033788 0.003246	0.998857 0.000221	0.094438 0.005498	0.000000 0.000000	0.000000 0.000000	0.000000 0.000000	0.000000 0.000000	0.000000 0.000000	0.000000 0.000000	0.000000 0.000000	0.000000 0.000000	
2 32 5 2.430000	0.035703 0.007142	0.998719 0.000526	0.090310 0.009946	0.000000 0.000000	0.000000 0.000000	0.000000 0.000000	0.000000 0.000000	0.000000 0.000000	0.000000 0.000000	0.000000 0.000000	0.000000 0.000000	
2 32 5 2.440000	0.033607 0.005378	0.998867 0.000364	0.094742 0.008710	0.000000 0.000000	0.000000 0.000000	0.000000 0.000000	0.000000 0.000000	0.000000 0.000000	0.000000 0.000000	0.000000 0.000000	0.000000 0.000000	
2 32 5 2.450000	0.033557 0.003279	0.998873 0.000221	0.088754 0.007790	0.001966 0.009828	0.000000 0.000000	0.000000 0.000000	0.000000 0.000000	0.000000 0.000000	0.000000 0.000000	0.000000 0.000000	0.000000 0.000000	
2 32 5 2.460000	0.035306 0.006974	0.998748 0.000487	0.092025 0.007988	0.001963 0.009813	0.000000 0.000000	0.000000 0.000000	0.000000 0.000000	0.000000 0.000000	0.000000 0.000000	0.000000 0.000000	0.000000 0.000000	
2 32 5 2.470000	0.032909 0.005622	0.998912 0.000365	0.093314 0.009273	0.000000 0.000000	0.000000 0.000000	0.000000 0.000000	0.000000 0.000000	0.000000 0.000000	0.000000 0.000000	0.000000 0.000000	0.000000 0.000000	
2 32 5 2.480000	0.033585 0.002970	0.998871 0.000199	0.090725 0.007999	0.000000 0.000000	0.000000 0.000000	0.000000 0.000000	0.000000 0.000000	0.000000 0.000000	0.000000 0.000000	0.000000 0.000000	0.000000 0.000000	
2 32 5 2.490000	0.033633 0.008940	0.998857 0.000616	0.092532 0.009208	0.000000 0.000000	0.000000 0.000000	0.000000 0.000000	0.000000 0.000000	0.000000 0.000000	0.000000 0.000000	0.000000 0.000000	0.000000 0.000000	
2 32 5 2.500000	0.033551 0.007566	0.998868 0.000495	0.090900 0.009958	0.000000 0.000000	0.000000 0.000000	0.000000 0.000000	0.000000 0.000000	0.000000 0.000000	0.000000 0.000000	0.000000 0.000000	0.000000 0.000000	
