2 48 3 0.400000	0.998959 0.004554	0.000000 0.000000	0.000000 0.000000	0.000000 0.000000	0.000000 0.000000	0.000000 0.000000	0.000000 0.000000	0.000000 0.000000	0.000000 0.000000	0.000000 0.000000	0.000000 0.000000	
2 48 3 0.410000	0.999349 0.002603	0.000000 0.000000	0.000000 0.000000	0.000000 0.000000	0.000000 0.000000	0.000000 0.000000	0.000000 0.000000	0.000000 0.000000	0.000000 0.000000	0.000000 0.000000	0.000000 0.000000	
2 48 3 0.420000	0.999003 0.003899	0.000000 0.000000	0.000000 0.000000	0.000000 0.000000	0.000000 0.000000	0.000000 0.000000	0.000000 0.000000	0.000000 0.000000	0.000000 0.000000	0.000000 0.000000	0.000000 0.000000	
2 48 3 0.430000	0.998698 0.002603	0.000000 0.000000	0.000000 0.000000	0.000000 0.000000	0.000000 0.000000	0.000000 0.000000	0.000000 0.000000	0.000000 0.000000	0.000000 0.000000	0.000000 0.000000	0.000000 0.000000	
2 48 3 0.440000	0.999089 0.002603	0.000000 0.000000	0.000000 0.000000	0.000000 0.000000	0.000000 0.000000	0.000000 0.000000	0.000000 0.000000	0.000000 0.000000	0.000000 0.000000	0.000000 0.000000	0.000000 0.000000	
2 48 3 0.450000	0.999609 0.000651	0.000000 0.000000	0.000000 0.000000	0.000000 0.000000	0.000000 0.000000	0.000000 0.000000	0.000000 0.000000	0.000000 0.000000	0.000000 0.000000	0.000000 0.000000	0.000000 0.000000	
2 48 3 0.460000	0.999349 0.001953	0.000000 0.000000	0.000000 0.000000	0.000000 0.000000	0.000000 0.000000	0.000000 0.000000	0.000000 0.000000	0.000000 0.000000	0.000000 0.000000	0.000000 0.000000	0.000000 0.000000	
2 48 3 0.470000	0.998438 0.003904	0.000000 0.000000	0.000000 0.000000	0.000000 0.000000	0.000000 0.000000	0.000000 0.000000	0.000000 0.000000	0.000000 0.000000	0.000000 0.000000	0.000000 0.000000	0.000000 0.000000	
2 48 3 0.480000	0.999414 0.000977	0.000000 0.000000	0.000000 0.000000	0.000000 0.000000	0.000000 0.000000	0.000000 0.000000	0.000000 0.000000	0.000000 0.000000	0.000000 0.000000	0.000000 0.000000	0.000000 0.000000	
2 48 3 0.490000	0.997917 0.002604	0.000000 0.000000	0.000000 0.000000	0.000000 0.000000	0.000000 0.000000	0.000000 0.000000	0.000000 0.000000	0.000000 0.000000	0.000000 0.000000	0.000000 0.000000	0.000000 0.000000	
2 48 3 0.500000	0.997787 0.003905	0.000000 0.000000	0.000000 0.000000	0.000000 0.000000	0.000000 0.000000	0.000000 0.000000	0.000000 0.000000	0.000000 0.000000	0.000000 0.000000	0.000000 0.000000	0.000000 0.000000	
2 48 3 0.510000	0.998307 0.003255	0.000000 0.000000	0.000000 0.000000	0.000000 0.000000	0.000000 0.000000	0.000000 0.000000	0.000000 0.000000	0.000000 0.000000	0.000000 0.000000	0.000000 0.000000	0.000000 0.000000	
2 48 3 0.520000	0.997396 0.004231	0.000000 0.000000	0.000000 0.000000	0.000000 0.000000	0.000000 0.000000	0.000000 0.000000	0.000000 0.000000	0.000000 0.000000	0.000000 0.000000	0.000000 0.000000	0.000000 0.000000	
2 48 3 0.530000	0.998568 0.001952	0.000000 0.000000	0.000000 0.000000	0.000000 0.000000	0.000000 0.000000	0.000000 0.000000	0.000000 0.000000	0.000000 0.000000	0.000000 0.000000	0.000000 0.000000	0.000000 0.000000	
2 48 3 0.540000	0.997136 0.002277	0.000000 0.000000	0.000000 0.000000	0.000000 0.000000	0.000000 0.000000	0.000000 0.000000	0.000000 0.000000	0.000000 0.000000	0.000000 0.000000	0.000000 0.000000	0.000000 0.000000	
2 48 3 0.550000	0.997917 0.002603	0.000000 0.000000	0.000000 0.000000	0.000000 0.000000	0.000000 0.000000	0.000000 0.000000	0.000000 0.000000	0.000000 0.000000	0.000000 0.000000	0.000000 0.000000	0.000000 0.000000	
2 48 3 0.560000	0.997461 0.002766	0.000000 0.000000	0.000000 0.000000	0.000000 0.000000	0.000000 0.000000	0.000000 0.000000	0.000000 0.000000	0.000000 0.000000	0.000000 0.000000	0.000000 0.000000	0.000000 0.000000	
2 48 3 0.570000	0.995834 0.000652	0.000000 0.000000	0.000000 0.000000	0.000000 0.000000	0.000000 0.000000	0.000000 0.000000	0.000000 0.000000	0.000000 0.000000	0.000000 0.000000	0.000000 0.000000	0.000000 0.000000	
2 48 3 0.580000	0.997461 0.002930	0.000000 0.000000	0.000000 0.000000	0.000000 0.000000	0.000000 0.000000	0.000000 0.000000	0.000000 0.000000	0.000000 0.000000	0.000000 0.000000	0.000000 0.000000	0.000000 0.000000	
2 48 3 0.590000	0.995990 0.001952	0.000000 0.000000	0.000000 0.000000	0.000000 0.000000	0.000000 0.000000	0.000000 0.000000	0.000000 0.000000	0.000000 0.000000	0.000000 0.000000	0.000000 0.000000	0.000000 0.000000	
2 48 3 0.600000	0.996109 0.002314	0.000000 0.000000	0.000000 0.000000	0.000000 0.000000	0.000000 0.000000	0.000000 0.000000	0.000000 0.000000	0.000000 0.000000	0.000000 0.000000	0.000000 0.000000	0.000000 0.000000	
2 48 3 0.610000	0.995332 0.000605	0.000000 0.000000	0.000000 0.000000	0.000000 0.000000	0.000000 0.000000	0.000000 0.000000	0.000000 0.000000	0.000000 0.000000	0.000000 0.000000	0.000000 0.000000	0.000000 0.000000	
2 48 3 0.620000	0.993621 0.003092	0.012716 0.006143	0.000000 0.000000	0.000000 0.000000	0.000000 0.000000	0.000000 0.000000	0.000000 0.000000	0.000000 0.000000	0.000000 0.000000	0.000000 0.000000	0.000000 0.000000	
2 48 3 0.630000	0.993282 0.002603	0.013389 0.005172	0.000000 0.000000	0.000000 0.000000	0.000000 0.000000	0.000000 0.000000	0.000000 0.000000	0.000000 0.000000	0.000000 0.000000	0.000000 0.000000	0.000000 0.000000	
2 48 3 0.640000	0.993360 0.001737	0.013235 0.003450	0.000000 0.000000	0.000000 0.000000	0.000000 0.000000	0.000000 0.000000	0.000000 0.000000	0.000000 0.000000	0.000000 0.000000	0.000000 0.000000	0.000000 0.000000	
2 48 3 0.650000	0.991711 0.004557	0.016507 0.009040	0.000000 0.000000	0.000000 0.000000	0.000000 0.000000	0.000000 0.000000	0.000000 0.000000	0.000000 0.000000	0.000000 0.000000	0.000000 0.000000	0.000000 0.000000	
2 48 3 0.660000	0.990106 0.003090	0.019689 0.006120	0.000000 0.000000	0.000000 0.000000	0.000000 0.000000	0.000000 0.000000	0.000000 0.000000	0.000000 0.000000	0.000000 0.000000	0.000000 0.000000	0.000000 0.000000	
2 48 3 0.670000	0.990930 0.003907	0.018055 0.007747	0.000000 0.000000	0.000000 0.000000	0.000000 0.000000	0.000000 0.000000	0.000000 0.000000	0.000000 0.000000	0.000000 0.000000	0.000000 0.000000	0.000000 0.000000	
2 48 3 0.680000	0.989672 0.004995	0.020545 0.009877	0.000000 0.000000	0.000000 0.000000	0.000000 0.000000	0.000000 0.000000	0.000000 0.000000	0.000000 0.000000	0.000000 0.000000	0.000000 0.000000	0.000000 0.000000	
2 48 3 0.690000	0.987437 0.005044	0.024965 0.009961	0.000000 0.000000	0.000000 0.000000	0.000000 0.000000	0.000000 0.000000	0.000000 0.000000	0.000000 0.000000	0.000000 0.000000	0.000000 0.000000	0.000000 0.000000	
2 48 3 0.700000	0.986362 0.003253	0.027088 0.006418	0.000000 0.000000	0.000000 0.000000	0.000000 0.000000	0.000000 0.000000	0.000000 0.000000	0.000000 0.000000	0.000000 0.000000	0.000000 0.000000	0.000000 0.000000	
2 48 3 0.710000	0.985324 0.002368	0.029136 0.004668	0.000000 0.000000	0.000000 0.000000	0.000000 0.000000	0.000000 0.000000	0.000000 0.000000	0.000000 0.000000	0.000000 0.000000	0.000000 0.000000	0.000000 0.000000	
2 48 3 0.720000	0.981487 0.002734	0.036683 0.005370	0.000000 0.000000	0.000000 0.000000	0.000000 0.000000	0.000000 0.000000	0.000000 0.000000	0.000000 0.000000	0.000000 0.000000	0.000000 0.000000	0.000000 0.000000	
2 48 3 0.730000	0.980168 0.004990	0.039267 0.009775	0.000000 0.000000	0.000000 0.000000	0.000000 0.000000	0.000000 0.000000	0.000000 0.000000	0.000000 0.000000	0.000000 0.000000	0.000000 0.000000	0.000000 0.000000	
2 48 3 0.740000	0.980342 0.004929	0.038927 0.009662	0.000000 0.000000	0.000000 0.000000	0.000000 0.000000	0.000000 0.000000	0.000000 0.000000	0.000000 0.000000	0.000000 0.000000	0.000000 0.000000	0.000000 0.000000	
2 48 3 0.750000	0.977049 0.002603	0.045375 0.005088	0.000000 0.000000	0.000000 0.000000	0.000000 0.000000	0.000000 0.000000	0.000000 0.000000	0.000000 0.000000	0.000000 0.000000	0.000000 0.000000	0.000000 0.000000	
2 48 3 0.760000	0.976085 0.004680	0.047256 0.009134	0.000000 0.000000	0.000000 0.000000	0.000000 0.000000	0.000000 0.000000	0.000000 0.000000	0.000000 0.000000	0.000000 0.000000	0.000000 0.000000	0.000000 0.000000	
2 48 3 0.770000	0.973962 0.004165	0.051396 0.008108	0.000000 0.000000	0.000000 0.000000	0.000000 0.000000	0.000000 0.000000	0.000000 0.000000	0.000000 0.000000	0.000000 0.000000	0.000000 0.000000	0.000000 0.000000	
2 48 3 0.780000	0.969946 0.005066	0.059202 0.009829	0.000000 0.000000	0.000000 0.000000	0.000000 0.000000	0.000000 0.000000	0.000000 0.000000	0.000000 0.000000	0.000000 0.000000	0.000000 0.000000	0.000000 0.000000	
2 48 3 0.790000	0.967215 0.005135	0.064492 0.009931	0.000000 0.000000	0.000000 0.000000	0.000000 0.000000	0.000000 0.000000	0.000000 0.000000	0.000000 0.000000	0.000000 0.000000	0.000000 0.000000	0.000000 0.000000	
2 48 3 0.800000	0.966511 0.002307	0.065856 0.004458	0.003856 0.009841	0.000000 0.000000	0.000000 0.000000	0.000000 0.000000	0.000000 0.000000	0.000000 0.000000	0.000000 0.000000	0.000000 0.000000	0.000000 0.000000	
2 48 3 0.810000	0.962400 0.001274	0.073787 0.002453	0.010835 0.002075	0.000000 0.000000	0.000000 0.000000	0.000000 0.000000	0.000000 0.000000	0.000000 0.000000	0.000000 0.000000	0.000000 0.000000	0.000000 0.000000	
2 48 3 0.820000	0.958804 0.003441	0.080693 0.006598	0.011905 0.003601	0.000000 0.000000	0.000000 0.000000	0.000000 0.000000	0.000000 0.000000	0.000000 0.000000	0.000000 0.000000	0.000000 0.000000	0.000000 0.000000	
2 48 3 0.830000	0.953922 0.004701	0.090029 0.008969	0.016225 0.008183	0.001906 0.009530	0.000000 0.000000	0.000000 0.000000	0.000000 0.000000	0.000000 0.000000	0.000000 0.000000	0.000000 0.000000	0.000000 0.000000	
2 48 3 0.840000	0.952314 0.002647	0.093097 0.005043	0.014887 0.007238	0.000000 0.000000	0.000000 0.000000	0.000000 0.000000	0.000000 0.000000	0.000000 0.000000	0.000000 0.000000	0.000000 0.000000	0.000000 0.000000	
2 48 3 0.850000	0.945972 0.004869	0.105134 0.009213	0.019152 0.009873	0.000000 0.000000	0.000000 0.000000	0.000000 0.000000	0.000000 0.000000	0.000000 0.000000	0.000000 0.000000	0.000000 0.000000	0.000000 0.000000	
2 48 3 0.860000	0.943540 0.004152	0.109730 0.007836	0.016639 0.007108	0.001911 0.009554	0.000000 0.000000	0.000000 0.000000	0.000000 0.000000	0.000000 0.000000	0.000000 0.000000	0.000000 0.000000	0.000000 0.000000	
2 48 3 0.870000	0.934620 0.005014	0.126481 0.009376	0.025789 0.006737	0.000000 0.000000	0.000000 0.000000	0.000000 0.000000	0.000000 0.000000	0.000000 0.000000	0.000000 0.000000	0.000000 0.000000	0.000000 0.000000	
2 48 3 0.880000	0.930104 0.004739	0.134903 0.008818	0.026582 0.007714	0.000000 0.000000	0.000000 0.000000	0.000000 0.000000	0.000000 0.000000	0.000000 0.000000	0.000000 0.000000	0.000000 0.000000	0.000000 0.000000	
2 48 3 0.890000	0.923169 0.005255	0.147755 0.009701	0.031886 0.005802	0.000000 0.000000	0.000000 0.000000	0.000000 0.000000	0.000000 0.000000	0.000000 0.000000	0.000000 0.000000	0.000000 0.000000	0.000000 0.000000	
2 48 3 0.900000	0.915186 0.005452	0.162430 0.009987	0.035068 0.006520	0.000000 0.000000	0.000000 0.000000	0.000000 0.000000	0.000000 0.000000	0.000000 0.000000	0.000000 0.000000	0.000000 0.000000	0.000000 0.000000	
2 48 3 0.910000	0.904726 0.002932	0.181470 0.005303	0.043254 0.002853	0.014244 0.008211	0.000000 0.000000	0.000000 0.000000	0.000000 0.000000	0.000000 0.000000	0.000000 0.000000	0.000000 0.000000	0.000000 0.000000	
2 48 3 0.920000	0.897407 0.005271	0.194658 0.009460	0.047926 0.004851	0.016161 0.005094	0.000000 0.000000	0.000000 0.000000	0.000000 0.000000	0.000000 0.000000	0.000000 0.000000	0.000000 0.000000	0.000000 0.000000	
2 48 3 0.930000	0.884582 0.005320	0.217511 0.009404	0.058118 0.007859	0.022628 0.008038	0.001993 0.009964	0.000000 0.000000	0.000000 0.000000	0.000000 0.000000	0.000000 0.000000	0.000000 0.000000	0.000000 0.000000	
2 48 3 0.940000	0.869575 0.004529	0.243837 0.007882	0.070205 0.004642	0.026335 0.006231	0.012522 0.003860	0.000000 0.000000	0.000000 0.000000	0.000000 0.000000	0.000000 0.000000	0.000000 0.000000	0.000000 0.000000	
2 48 3 0.950000	0.852986 0.005818	0.272411 0.009919	0.083255 0.003676	0.035015 0.005036	0.016180 0.007224	0.001990 0.009951	0.000000 0.000000	0.000000 0.000000	0.000000 0.000000	0.000000 0.000000	0.000000 0.000000	
2 48 3 0.960000	0.836847 0.003521	0.299685 0.005895	0.097725 0.003486	0.043367 0.003806	0.023286 0.003605	0.013051 0.005478	0.001940 0.009701	0.000000 0.000000	0.000000 0.000000	0.000000 0.000000	0.000000 0.000000	
2 48 3 0.970000	0.804536 0.005536	0.352717 0.008908	0.128244 0.007481	0.062837 0.006292	0.035723 0.004617	0.023669 0.003259	0.015353 0.006872	0.000000 0.000000	0.000000 0.000000	0.000000 0.000000	0.000000 0.000000	
2 48 3 0.980000	0.769131 0.005719	0.408433 0.008785	0.162541 0.006288	0.085651 0.004454	0.053386 0.005135	0.035713 0.003201	0.025062 0.003925	0.018372 0.001479	0.014300 0.002887	0.009257 0.011918	0.000000 0.000000	
2 48 3 0.990000	0.702419 0.007023	0.506601 0.009865	0.228661 0.008543	0.135225 0.006360	0.092228 0.007144	0.066947 0.005580	0.051806 0.006057	0.039962 0.003352	0.032151 0.003469	0.026018 0.002979	0.020947 0.003915	
2 48 3 1.000000	0.599760 0.007903	0.640281 0.009496	0.324532 0.008075	0.211820 0.006853	0.156234 0.005089	0.121465 0.007121	0.096820 0.006076	0.080197 0.002311	0.066841 0.003480	0.056042 0.004224	0.047711 0.007823	
2 48 3 1.010000	0.458964 0.009932	0.789335 0.009147	0.434072 0.006212	0.297230 0.004887	0.226478 0.003727	0.180734 0.004405	0.147843 0.004229	0.123323 0.004429	0.102472 0.001643	0.087084 0.002959	0.073519 0.003645	
2 48 3 1.020000	0.326042 0.009943	0.893683 0.006499	0.501745 0.005634	0.345437 0.004421	0.261268 0.005898	0.207311 0.005241	0.168246 0.004735	0.136935 0.004635	0.113699 0.003904	0.094431 0.002817	0.078172 0.003291	
2 48 3 1.030000	0.235089 0.009871	0.944719 0.004612	0.524039 0.005843	0.354273 0.009681	0.262839 0.006456	0.203250 0.005136	0.159695 0.005355	0.128583 0.003212	0.102968 0.003141	0.082902 0.002438	0.065161 0.004096	
2 48 3 1.040000	0.196527 0.006229	0.961370 0.002448	0.521975 0.009829	0.343985 0.004631	0.248418 0.008117	0.188035 0.006855	0.146778 0.006772	0.112690 0.005281	0.087974 0.008179	0.068694 0.005133	0.053317 0.005130	
2 48 3 1.050000	0.160621 0.009966	0.974181 0.003190	0.519973 0.004911	0.333259 0.004907	0.234412 0.006964	0.172838 0.006883	0.130538 0.004575	0.098726 0.003582	0.075014 0.003609	0.057653 0.005463	0.042828 0.003448	
2 48 3 1.060000	0.139002 0.009592	0.980668 0.002671	0.507160 0.005339	0.317351 0.003924	0.216810 0.008901	0.156007 0.004332	0.115099 0.004693	0.084046 0.005810	0.061299 0.005188	0.044790 0.004606	0.032531 0.006633	
2 48 3 1.070000	0.124349 0.006367	0.984532 0.001576	0.499316 0.004384	0.302574 0.008701	0.203950 0.009814	0.141103 0.005383	0.101174 0.006302	0.072890 0.004472	0.052803 0.005000	0.037446 0.001983	0.025867 0.004865	
2 48 3 1.080000	0.110824 0.006314	0.987713 0.001388	0.490932 0.009782	0.292640 0.004615	0.193368 0.009424	0.131219 0.009214	0.092434 0.009966	0.064622 0.009596	0.046504 0.008514	0.033172 0.007508	0.021654 0.007111	
2 48 3 1.090000	0.104066 0.007003	0.989164 0.001437	0.477542 0.002952	0.279632 0.007572	0.174523 0.009451	0.117542 0.006779	0.079839 0.008827	0.055137 0.008978	0.037717 0.008908	0.024174 0.005169	0.016696 0.005347	
2 48 3 1.100000	0.098738 0.009784	0.990238 0.001977	0.469664 0.008454	0.264975 0.005342	0.167539 0.007646	0.108391 0.007148	0.072359 0.004995	0.048628 0.004233	0.032448 0.008020	0.021191 0.005573	0.013825 0.003854	
2 48 3 1.110000	0.091195 0.007347	0.991677 0.001346	0.461403 0.005339	0.254309 0.007246	0.155461 0.006146	0.097883 0.007082	0.062741 0.005868	0.040598 0.002785	0.025928 0.003298	0.014290 0.004499	0.001998 0.009990	
2 48 3 1.120000	0.088140 0.008655	0.992220 0.001541	0.456192 0.004205	0.247119 0.004500	0.145353 0.006208	0.091311 0.007202	0.057030 0.004794	0.037090 0.002891	0.022991 0.006436	0.013758 0.002785	0.001986 0.009929	
2 48 3 1.130000	0.079737 0.007270	0.993635 0.001179	0.446766 0.008037	0.238251 0.009897	0.138428 0.007235	0.085056 0.004145	0.052402 0.004138	0.033480 0.002857	0.019352 0.004131	0.011589 0.003000	0.000000 0.000000	
2 48 3 1.140000	0.079115 0.009604	0.993729 0.001498	0.440138 0.007929	0.229801 0.009621	0.132644 0.004974	0.076852 0.004791	0.047801 0.005653	0.028960 0.001899	0.017151 0.001528	0.000000 0.000000	0.000000 0.000000	
2 48 3 1.150000	0.071804 0.004249	0.994842 0.000605	0.428624 0.008742	0.219767 0.009600	0.123098 0.003892	0.071873 0.002786	0.043361 0.007835	0.024610 0.006810	0.013334 0.004717	0.000000 0.000000	0.000000 0.000000	
2 48 3 1.160000	0.072172 0.007786	0.994782 0.001127	0.422862 0.009708	0.213687 0.007225	0.117658 0.003799	0.065713 0.007347	0.038699 0.008194	0.022617 0.005451	0.012948 0.005938	0.000000 0.000000	0.000000 0.000000	
2 48 3 1.170000	0.068606 0.006184	0.995288 0.000844	0.414248 0.002694	0.203190 0.009024	0.107187 0.008605	0.059544 0.003034	0.034641 0.007015	0.018471 0.006545	0.001962 0.009812	0.000000 0.000000	0.000000 0.000000	
2 48 3 1.180000	0.065636 0.003766	0.995690 0.000502	0.408070 0.008405	0.197590 0.004085	0.103282 0.006238	0.057072 0.003679	0.031314 0.002971	0.016595 0.002800	0.001996 0.009980	0.000000 0.000000	0.000000 0.000000	
2 48 3 1.190000	0.066068 0.006786	0.995630 0.000902	0.400380 0.007600	0.190586 0.009410	0.096245 0.003809	0.054509 0.006088	0.027122 0.003783	0.015808 0.007846	0.000000 0.000000	0.000000 0.000000	0.000000 0.000000	
2 48 3 1.200000	0.062871 0.005038	0.996044 0.000637	0.399116 0.009577	0.183462 0.008140	0.095065 0.005804	0.051530 0.002482	0.026534 0.003264	0.013102 0.005776	0.000000 0.000000	0.000000 0.000000	0.000000 0.000000	
2 48 3 1.210000	0.059230 0.003897	0.996490 0.000461	0.390628 0.009696	0.177252 0.003806	0.088068 0.003807	0.046039 0.005452	0.024974 0.002586	0.011394 0.001543	0.000000 0.000000	0.000000 0.000000	0.000000 0.000000	
2 48 3 1.220000	0.061324 0.009606	0.996227 0.001160	0.384500 0.009304	0.173993 0.009344	0.086279 0.009238	0.043031 0.006313	0.022223 0.007599	0.013027 0.004824	0.000000 0.000000	0.000000 0.000000	0.000000 0.000000	
2 48 3 1.230000	0.058414 0.005924	0.996584 0.000685	0.379244 0.009985	0.169387 0.003486	0.082082 0.004374	0.041788 0.004276	0.020429 0.006334	0.001986 0.009929	0.000000 0.000000	0.000000 0.000000	0.000000 0.000000	
2 48 3 1.240000	0.056378 0.007596	0.996814 0.000847	0.375133 0.009771	0.162832 0.009259	0.078071 0.006745	0.039098 0.009680	0.018451 0.005766	0.000000 0.000000	0.000000 0.000000	0.000000 0.000000	0.000000 0.000000	
2 48 3 1.250000	0.055636 0.003698	0.996903 0.000412	0.369411 0.009500	0.157438 0.002473	0.073821 0.003862	0.035193 0.002149	0.017147 0.005297	0.001974 0.009872	0.000000 0.000000	0.000000 0.000000	0.000000 0.000000	
2 48 3 1.260000	0.054545 0.006653	0.997019 0.000709	0.366360 0.004395	0.153477 0.009311	0.069267 0.007482	0.030463 0.005575	0.015066 0.007963	0.000000 0.000000	0.000000 0.000000	0.000000 0.000000	0.000000 0.000000	
2 48 3 1.270000	0.051978 0.007575	0.997291 0.000784	0.360688 0.008005	0.150734 0.009622	0.066884 0.002591	0.030851 0.004267	0.013102 0.006650	0.000000 0.000000	0.000000 0.000000	0.000000 0.000000	0.000000 0.000000	
2 48 3 1.280000	0.051272 0.007266	0.997365 0.000732	0.355465 0.009675	0.145076 0.008779	0.063513 0.007328	0.029990 0.004526	0.012548 0.006044	0.000000 0.000000	0.000000 0.000000	0.000000 0.000000	0.000000 0.000000	
2 48 3 1.290000	0.052154 0.003835	0.997278 0.000398	0.349587 0.005628	0.140805 0.008712	0.061954 0.007464	0.026753 0.005773	0.012414 0.004556	0.000000 0.000000	0.000000 0.000000	0.000000 0.000000	0.000000 0.000000	
2 48 3 1.300000	0.051492 0.004606	0.997346 0.000478	0.347464 0.004582	0.136916 0.001503	0.058873 0.003620	0.026419 0.006050	0.011590 0.004151	0.000000 0.000000	0.000000 0.000000	0.000000 0.000000	0.000000 0.000000	
2 48 3 1.310000	0.048988 0.006262	0.997595 0.000616	0.342553 0.007191	0.134498 0.008058	0.056456 0.003343	0.024946 0.008570	0.000000 0.000000	0.000000 0.000000	0.000000 0.000000	0.000000 0.000000	0.000000 0.000000	
2 48 3 1.320000	0.046993 0.002308	0.997791 0.000216	0.336117 0.005854	0.129382 0.008292	0.052758 0.004763	0.024586 0.004451	0.001983 0.009913	0.000000 0.000000	0.000000 0.000000	0.000000 0.000000	0.000000 0.000000	
2 48 3 1.330000	0.046417 0.002581	0.997845 0.000238	0.333236 0.007617	0.125757 0.006726	0.052025 0.009250	0.023300 0.006869	0.001970 0.009852	0.000000 0.000000	0.000000 0.000000	0.000000 0.000000	0.000000 0.000000	
2 48 3 1.340000	0.045850 0.008086	0.997890 0.000758	0.326183 0.009785	0.123749 0.006210	0.050433 0.008735	0.019828 0.006048	0.001982 0.009909	0.000000 0.000000	0.000000 0.000000	0.000000 0.000000	0.000000 0.000000	
2 48 3 1.350000	0.046246 0.005352	0.997858 0.000499	0.324384 0.008471	0.122195 0.007094	0.046799 0.008080	0.021090 0.006052	0.000000 0.000000	0.000000 0.000000	0.000000 0.000000	0.000000 0.000000	0.000000 0.000000	
2 48 3 1.360000	0.045265 0.005429	0.997947 0.000481	0.323143 0.005932	0.119015 0.004337	0.047166 0.006885	0.020672 0.004597	0.000000 0.000000	0.000000 0.000000	0.000000 0.000000	0.000000 0.000000	0.000000 0.000000	
2 48 3 1.370000	0.044894 0.003834	0.997983 0.000346	0.319055 0.005544	0.115068 0.006755	0.045198 0.006104	0.016368 0.007102	0.000000 0.000000	0.000000 0.000000	0.000000 0.000000	0.000000 0.000000	0.000000 0.000000	
2 48 3 1.380000	0.045169 0.008109	0.997953 0.000724	0.317139 0.006002	0.113869 0.007969	0.042849 0.008602	0.017189 0.009951	0.000000 0.000000	0.000000 0.000000	0.000000 0.000000	0.000000 0.000000	0.000000 0.000000	
2 48 3 1.390000	0.043965 0.007398	0.998059 0.000638	0.312114 0.008896	0.109726 0.008326	0.044170 0.006575	0.019516 0.009689	0.001924 0.009618	0.000000 0.000000	0.000000 0.000000	0.000000 0.000000	0.000000 0.000000	
2 48 3 1.400000	0.042701 0.005249	0.998174 0.000451	0.309263 0.009774	0.106748 0.006300	0.039785 0.006463	0.012362 0.001465	0.000000 0.000000	0.000000 0.000000	0.000000 0.000000	0.000000 0.000000	0.000000 0.000000	
2 48 3 1.410000	0.039847 0.005008	0.998409 0.000408	0.304917 0.008469	0.102391 0.005407	0.040754 0.006719	0.012804 0.005287	0.000000 0.000000	0.000000 0.000000	0.000000 0.000000	0.000000 0.000000	0.000000 0.000000	
2 48 3 1.420000	0.041631 0.006357	0.998261 0.000523	0.304796 0.008356	0.101740 0.009951	0.036119 0.007062	0.013502 0.000644	0.000000 0.000000	0.000000 0.000000	0.000000 0.000000	0.000000 0.000000	0.000000 0.000000	
2 48 3 1.430000	0.042015 0.003391	0.998233 0.000288	0.300415 0.006620	0.101732 0.004962	0.035249 0.009157	0.012574 0.004165	0.000000 0.000000	0.000000 0.000000	0.000000 0.000000	0.000000 0.000000	0.000000 0.000000	
2 48 3 1.440000	0.041701 0.007525	0.998254 0.000605	0.294261 0.005992	0.097105 0.008113	0.032852 0.009924	0.013450 0.006404	0.000000 0.000000	0.000000 0.000000	0.000000 0.000000	0.000000 0.000000	0.000000 0.000000	
2 48 3 1.450000	0.041623 0.002581	0.998267 0.000216	0.291875 0.004892	0.097906 0.004386	0.034079 0.002152	0.012171 0.005014	0.000000 0.000000	0.000000 0.000000	0.000000 0.000000	0.000000 0.000000	0.000000 0.000000	
2 48 3 1.460000	0.040446 0.000964	0.998364 0.000078	0.289763 0.003776	0.093560 0.003935	0.031979 0.003148	0.011115 0.001585	0.000000 0.000000	0.000000 0.000000	0.000000 0.000000	0.000000 0.000000	0.000000 0.000000	
2 48 3 1.470000	0.039261 0.005871	0.998454 0.000467	0.284704 0.007775	0.090377 0.009640	0.030722 0.008337	0.001987 0.009933	0.000000 0.000000	0.000000 0.000000	0.000000 0.000000	0.000000 0.000000	0.000000 0.000000	
2 48 3 1.480000	0.038090 0.004198	0.998546 0.000316	0.283039 0.009433	0.090209 0.005350	0.030567 0.006018	0.001971 0.009857	0.000000 0.000000	0.000000 0.000000	0.000000 0.000000	0.000000 0.000000	0.000000 0.000000	
2 48 3 1.490000	0.039146 0.002257	0.998467 0.000179	0.281662 0.002491	0.087796 0.002311	0.029518 0.001445	0.000000 0.000000	0.000000 0.000000	0.000000 0.000000	0.000000 0.000000	0.000000 0.000000	0.000000 0.000000	
2 48 3 1.500000	0.038249 0.002651	0.998536 0.000203	0.278093 0.005356	0.086277 0.003025	0.029296 0.004291	0.000000 0.000000	0.000000 0.000000	0.000000 0.000000	0.000000 0.000000	0.000000 0.000000	0.000000 0.000000	
2 48 3 1.510000	0.037118 0.006142	0.998618 0.000457	0.277113 0.003479	0.082943 0.004882	0.027040 0.007025	0.000000 0.000000	0.000000 0.000000	0.000000 0.000000	0.000000 0.000000	0.000000 0.000000	0.000000 0.000000	
2 48 3 1.520000	0.036867 0.004145	0.998639 0.000299	0.275317 0.009858	0.083598 0.006756	0.026796 0.005932	0.000000 0.000000	0.000000 0.000000	0.000000 0.000000	0.000000 0.000000	0.000000 0.000000	0.000000 0.000000	
2 48 3 1.530000	0.040277 0.009766	0.998366 0.000783	0.268324 0.005986	0.078788 0.008766	0.026396 0.007716	0.000000 0.000000	0.000000 0.000000	0.000000 0.000000	0.000000 0.000000	0.000000 0.000000	0.000000 0.000000	
2 48 3 1.540000	0.036597 0.005368	0.998657 0.000401	0.267646 0.008983	0.078485 0.005411	0.025596 0.005837	0.001982 0.009911	0.000000 0.000000	0.000000 0.000000	0.000000 0.000000	0.000000 0.000000	0.000000 0.000000	
2 48 3 1.550000	0.037247 0.004645	0.998610 0.000347	0.265596 0.007178	0.077580 0.005694	0.021705 0.002012	0.000000 0.000000	0.000000 0.000000	0.000000 0.000000	0.000000 0.000000	0.000000 0.000000	0.000000 0.000000	
2 48 3 1.560000	0.036823 0.006849	0.998638 0.000487	0.261684 0.009050	0.075303 0.002870	0.021751 0.009647	0.000000 0.000000	0.000000 0.000000	0.000000 0.000000	0.000000 0.000000	0.000000 0.000000	0.000000 0.000000	
2 48 3 1.570000	0.036723 0.005417	0.998647 0.000382	0.267937 0.008063	0.075719 0.009104	0.021270 0.005410	0.001994 0.009971	0.000000 0.000000	0.000000 0.000000	0.000000 0.000000	0.000000 0.000000	0.000000 0.000000	
2 48 3 1.580000	0.033210 0.009459	0.998886 0.000604	0.259095 0.009693	0.072266 0.009524	0.023230 0.002588	0.000000 0.000000	0.000000 0.000000	0.000000 0.000000	0.000000 0.000000	0.000000 0.000000	0.000000 0.000000	
2 48 3 1.590000	0.035438 0.003626	0.998742 0.000258	0.254857 0.007301	0.073538 0.007862	0.022643 0.005324	0.003868 0.009898	0.000000 0.000000	0.000000 0.000000	0.000000 0.000000	0.000000 0.000000	0.000000 0.000000	
2 48 3 1.600000	0.034301 0.002841	0.998822 0.000197	0.254028 0.006324	0.073847 0.009028	0.019627 0.005277	0.000000 0.000000	0.000000 0.000000	0.000000 0.000000	0.000000 0.000000	0.000000 0.000000	0.000000 0.000000	
2 48 3 1.610000	0.034965 0.005656	0.998774 0.000389	0.253216 0.004508	0.068683 0.009464	0.018779 0.007806	0.000000 0.000000	0.000000 0.000000	0.000000 0.000000	0.000000 0.000000	0.000000 0.000000	0.000000 0.000000	
2 48 3 1.620000	0.034687 0.001470	0.998796 0.000102	0.250711 0.009910	0.069530 0.005769	0.020208 0.004299	0.000000 0.000000	0.000000 0.000000	0.000000 0.000000	0.000000 0.000000	0.000000 0.000000	0.000000 0.000000	
2 48 3 1.630000	0.032930 0.005544	0.998911 0.000357	0.250643 0.008484	0.067290 0.007728	0.014409 0.009668	0.000000 0.000000	0.000000 0.000000	0.000000 0.000000	0.000000 0.000000	0.000000 0.000000	0.000000 0.000000	
2 48 3 1.640000	0.034499 0.007185	0.998803 0.000503	0.244854 0.007363	0.068994 0.009307	0.017745 0.008795	0.000000 0.000000	0.000000 0.000000	0.000000 0.000000	0.000000 0.000000	0.000000 0.000000	0.000000 0.000000	
2 48 3 1.650000	0.034236 0.006479	0.998822 0.000444	0.245992 0.004761	0.064971 0.007488	0.017094 0.009682	0.000000 0.000000	0.000000 0.000000	0.000000 0.000000	0.000000 0.000000	0.000000 0.000000	0.000000 0.000000	
2 48 3 1.660000	0.033076 0.006808	0.998900 0.000446	0.244620 0.009778	0.064129 0.007431	0.014784 0.003814	0.001986 0.009932	0.000000 0.000000	0.000000 0.000000	0.000000 0.000000	0.000000 0.000000	0.000000 0.000000	
2 48 3 1.670000	0.035379 0.009653	0.998734 0.000685	0.240759 0.009211	0.062571 0.009018	0.015681 0.004384	0.000000 0.000000	0.000000 0.000000	0.000000 0.000000	0.000000 0.000000	0.000000 0.000000	0.000000 0.000000	
2 48 3 1.680000	0.035020 0.004938	0.998770 0.000344	0.239212 0.008673	0.063247 0.005472	0.018821 0.005281	0.000000 0.000000	0.000000 0.000000	0.000000 0.000000	0.000000 0.000000	0.000000 0.000000	0.000000 0.000000	
2 48 3 1.690000	0.033399 0.003527	0.998883 0.000234	0.239404 0.008630	0.060992 0.009868	0.015563 0.005900	0.000000 0.000000	0.000000 0.000000	0.000000 0.000000	0.000000 0.000000	0.000000 0.000000	0.000000 0.000000	
2 48 3 1.700000	0.032391 0.004773	0.998947 0.000308	0.238169 0.009469	0.058925 0.007435	0.014457 0.007345	0.000000 0.000000	0.000000 0.000000	0.000000 0.000000	0.000000 0.000000	0.000000 0.000000	0.000000 0.000000	
2 48 3 1.710000	0.033339 0.003214	0.998887 0.000215	0.231348 0.009644	0.059562 0.008396	0.017294 0.009789	0.000000 0.000000	0.000000 0.000000	0.000000 0.000000	0.000000 0.000000	0.000000 0.000000	0.000000 0.000000	
2 48 3 1.720000	0.033814 0.002729	0.998856 0.000184	0.231602 0.009334	0.058951 0.008279	0.013163 0.003469	0.001982 0.009910	0.000000 0.000000	0.000000 0.000000	0.000000 0.000000	0.000000 0.000000	0.000000 0.000000	
2 48 3 1.730000	0.033199 0.005894	0.998893 0.000388	0.230701 0.009469	0.058003 0.009485	0.014229 0.008584	0.000000 0.000000	0.000000 0.000000	0.000000 0.000000	0.000000 0.000000	0.000000 0.000000	0.000000 0.000000	
2 48 3 1.740000	0.032268 0.004081	0.998957 0.000266	0.227478 0.008664	0.056173 0.009987	0.014384 0.006596	0.000000 0.000000	0.000000 0.000000	0.000000 0.000000	0.000000 0.000000	0.000000 0.000000	0.000000 0.000000	
2 48 3 1.750000	0.033365 0.003748	0.998885 0.000255	0.227090 0.007800	0.054787 0.008499	0.010872 0.001634	0.000000 0.000000	0.000000 0.000000	0.000000 0.000000	0.000000 0.000000	0.000000 0.000000	0.000000 0.000000	
2 48 3 1.760000	0.032020 0.002899	0.998974 0.000183	0.220989 0.005066	0.052559 0.004718	0.014639 0.007105	0.000000 0.000000	0.000000 0.000000	0.000000 0.000000	0.000000 0.000000	0.000000 0.000000	0.000000 0.000000	
2 48 3 1.770000	0.032626 0.005128	0.998932 0.000341	0.219894 0.002675	0.052693 0.007345	0.013589 0.004137	0.000000 0.000000	0.000000 0.000000	0.000000 0.000000	0.000000 0.000000	0.000000 0.000000	0.000000 0.000000	
2 48 3 1.780000	0.033672 0.005018	0.998863 0.000342	0.221964 0.006948	0.054631 0.009197	0.013399 0.007541	0.000000 0.000000	0.000000 0.000000	0.000000 0.000000	0.000000 0.000000	0.000000 0.000000	0.000000 0.000000	
2 48 3 1.790000	0.032249 0.002289	0.998959 0.000147	0.218471 0.005362	0.052332 0.003880	0.012681 0.006174	0.000000 0.000000	0.000000 0.000000	0.000000 0.000000	0.000000 0.000000	0.000000 0.000000	0.000000 0.000000	
2 48 3 1.800000	0.032319 0.003981	0.998953 0.000264	0.216614 0.006094	0.052603 0.003697	0.010786 0.002529	0.000000 0.000000	0.000000 0.000000	0.000000 0.000000	0.000000 0.000000	0.000000 0.000000	0.000000 0.000000	
2 48 3 1.810000	0.033789 0.003481	0.998857 0.000238	0.216338 0.008622	0.049466 0.003175	0.001966 0.009828	0.000000 0.000000	0.000000 0.000000	0.000000 0.000000	0.000000 0.000000	0.000000 0.000000	0.000000 0.000000	
2 48 3 1.820000	0.031806 0.002716	0.998987 0.000174	0.215203 0.002721	0.049381 0.005961	0.010824 0.003536	0.000000 0.000000	0.000000 0.000000	0.000000 0.000000	0.000000 0.000000	0.000000 0.000000	0.000000 0.000000	
2 48 3 1.830000	0.030785 0.003787	0.999050 0.000232	0.216254 0.005791	0.053301 0.006430	0.012897 0.004553	0.000000 0.000000	0.000000 0.000000	0.000000 0.000000	0.000000 0.000000	0.000000 0.000000	0.000000 0.000000	
2 48 3 1.840000	0.030393 0.004889	0.999073 0.000302	0.211612 0.008110	0.048217 0.009503	0.011527 0.000939	0.000000 0.000000	0.000000 0.000000	0.000000 0.000000	0.000000 0.000000	0.000000 0.000000	0.000000 0.000000	
2 48 3 1.850000	0.030508 0.004917	0.999066 0.000289	0.209776 0.009810	0.048981 0.006567	0.014077 0.007612	0.000000 0.000000	0.000000 0.000000	0.000000 0.000000	0.000000 0.000000	0.000000 0.000000	0.000000 0.000000	
2 48 3 1.860000	0.030109 0.004321	0.999091 0.000261	0.207867 0.008471	0.045971 0.007998	0.001999 0.009997	0.000000 0.000000	0.000000 0.000000	0.000000 0.000000	0.000000 0.000000	0.000000 0.000000	0.000000 0.000000	
2 48 3 1.870000	0.030934 0.001739	0.999043 0.000107	0.207675 0.001273	0.045940 0.001303	0.001993 0.009966	0.000000 0.000000	0.000000 0.000000	0.000000 0.000000	0.000000 0.000000	0.000000 0.000000	0.000000 0.000000	
2 48 3 1.880000	0.031015 0.001963	0.999038 0.000121	0.208633 0.009974	0.044424 0.005421	0.000000 0.000000	0.000000 0.000000	0.000000 0.000000	0.000000 0.000000	0.000000 0.000000	0.000000 0.000000	0.000000 0.000000	
2 48 3 1.890000	0.029219 0.006906	0.999139 0.000420	0.205327 0.006639	0.043229 0.005994	0.000000 0.000000	0.000000 0.000000	0.000000 0.000000	0.000000 0.000000	0.000000 0.000000	0.000000 0.000000	0.000000 0.000000	
2 48 3 1.900000	0.031761 0.003353	0.998990 0.000216	0.202192 0.008934	0.045992 0.007383	0.001920 0.009599	0.000000 0.000000	0.000000 0.000000	0.000000 0.000000	0.000000 0.000000	0.000000 0.000000	0.000000 0.000000	
2 48 3 1.910000	0.030300 0.006838	0.999077 0.000425	0.200672 0.008757	0.044085 0.004800	0.001985 0.009927	0.000000 0.000000	0.000000 0.000000	0.000000 0.000000	0.000000 0.000000	0.000000 0.000000	0.000000 0.000000	
2 48 3 1.920000	0.029252 0.007440	0.999137 0.000451	0.201022 0.009903	0.041855 0.006916	0.000000 0.000000	0.000000 0.000000	0.000000 0.000000	0.000000 0.000000	0.000000 0.000000	0.000000 0.000000	0.000000 0.000000	
2 48 3 1.930000	0.030232 0.003014	0.999085 0.000183	0.198662 0.002923	0.041928 0.006853	0.011841 0.004759	0.000000 0.000000	0.000000 0.000000	0.000000 0.000000	0.000000 0.000000	0.000000 0.000000	0.000000 0.000000	
2 48 3 1.940000	0.029829 0.002890	0.999109 0.000174	0.202325 0.009745	0.040542 0.008625	0.012995 0.007367	0.000000 0.000000	0.000000 0.000000	0.000000 0.000000	0.000000 0.000000	0.000000 0.000000	0.000000 0.000000	
2 48 3 1.950000	0.031206 0.006252	0.999020 0.000388	0.194759 0.007031	0.040596 0.009320	0.001917 0.009584	0.000000 0.000000	0.000000 0.000000	0.000000 0.000000	0.000000 0.000000	0.000000 0.000000	0.000000 0.000000	
2 48 3 1.960000	0.029811 0.004471	0.999109 0.000275	0.196500 0.007649	0.039638 0.006301	0.001984 0.009918	0.000000 0.000000	0.000000 0.000000	0.000000 0.000000	0.000000 0.000000	0.000000 0.000000	0.000000 0.000000	
2 48 3 1.970000	0.029725 0.003907	0.999114 0.000237	0.194433 0.009230	0.039803 0.006576	0.001969 0.009845	0.000000 0.000000	0.000000 0.000000	0.000000 0.000000	0.000000 0.000000	0.000000 0.000000	0.000000 0.000000	
2 48 3 1.980000	0.028736 0.009151	0.999164 0.000498	0.191809 0.009853	0.037219 0.007284	0.000000 0.000000	0.000000 0.000000	0.000000 0.000000	0.000000 0.000000	0.000000 0.000000	0.000000 0.000000	0.000000 0.000000	
2 48 3 1.990000	0.029403 0.005390	0.999132 0.000320	0.195908 0.007108	0.037934 0.009144	0.001997 0.009984	0.000000 0.000000	0.000000 0.000000	0.000000 0.000000	0.000000 0.000000	0.000000 0.000000	0.000000 0.000000	
2 48 3 2.000000	0.030115 0.003763	0.999091 0.000226	0.189512 0.004723	0.039381 0.007951	0.000000 0.000000	0.000000 0.000000	0.000000 0.000000	0.000000 0.000000	0.000000 0.000000	0.000000 0.000000	0.000000 0.000000	
2 48 3 2.010000	0.029909 0.005357	0.999102 0.000324	0.191151 0.009884	0.040074 0.002923	0.000000 0.000000	0.000000 0.000000	0.000000 0.000000	0.000000 0.000000	0.000000 0.000000	0.000000 0.000000	0.000000 0.000000	
2 48 3 2.020000	0.029238 0.005724	0.999141 0.000326	0.188603 0.009915	0.036293 0.009931	0.000000 0.000000	0.000000 0.000000	0.000000 0.000000	0.000000 0.000000	0.000000 0.000000	0.000000 0.000000	0.000000 0.000000	
2 48 3 2.030000	0.029487 0.009173	0.999117 0.000517	0.184761 0.009161	0.039786 0.005086	0.000000 0.000000	0.000000 0.000000	0.000000 0.000000	0.000000 0.000000	0.000000 0.000000	0.000000 0.000000	0.000000 0.000000	
2 48 3 2.040000	0.029894 0.002221	0.999106 0.000134	0.188097 0.008670	0.035719 0.005158	0.000000 0.000000	0.000000 0.000000	0.000000 0.000000	0.000000 0.000000	0.000000 0.000000	0.000000 0.000000	0.000000 0.000000	
2 48 3 2.050000	0.026085 0.006316	0.999314 0.000336	0.178429 0.007855	0.038061 0.004989	0.000000 0.000000	0.000000 0.000000	0.000000 0.000000	0.000000 0.000000	0.000000 0.000000	0.000000 0.000000	0.000000 0.000000	
2 48 3 2.060000	0.028960 0.007429	0.999154 0.000451	0.185531 0.007870	0.031967 0.007414	0.001965 0.009825	0.000000 0.000000	0.000000 0.000000	0.000000 0.000000	0.000000 0.000000	0.000000 0.000000	0.000000 0.000000	
2 48 3 2.070000	0.028647 0.004330	0.999177 0.000249	0.185882 0.009238	0.034279 0.007362	0.000000 0.000000	0.000000 0.000000	0.000000 0.000000	0.000000 0.000000	0.000000 0.000000	0.000000 0.000000	0.000000 0.000000	
2 48 3 2.080000	0.029074 0.007328	0.999148 0.000431	0.180044 0.009852	0.032927 0.009403	0.000000 0.000000	0.000000 0.000000	0.000000 0.000000	0.000000 0.000000	0.000000 0.000000	0.000000 0.000000	0.000000 0.000000	
2 48 3 2.090000	0.028370 0.004171	0.999193 0.000240	0.181930 0.009704	0.030668 0.009900	0.001982 0.009911	0.000000 0.000000	0.000000 0.000000	0.000000 0.000000	0.000000 0.000000	0.000000 0.000000	0.000000 0.000000	
2 48 3 2.100000	0.029055 0.004611	0.999153 0.000260	0.182071 0.009295	0.035564 0.004985	0.003931 0.009914	0.000000 0.000000	0.000000 0.000000	0.000000 0.000000	0.000000 0.000000	0.000000 0.000000	0.000000 0.000000	
2 48 3 2.110000	0.026156 0.003655	0.999314 0.000194	0.177795 0.005338	0.037266 0.008819	0.000000 0.000000	0.000000 0.000000	0.000000 0.000000	0.000000 0.000000	0.000000 0.000000	0.000000 0.000000	0.000000 0.000000	
2 48 3 2.120000	0.029008 0.004522	0.999156 0.000260	0.178123 0.009364	0.031211 0.003932	0.000000 0.000000	0.000000 0.000000	0.000000 0.000000	0.000000 0.000000	0.000000 0.000000	0.000000 0.000000	0.000000 0.000000	
2 48 3 2.130000	0.028707 0.008340	0.999167 0.000484	0.174989 0.008547	0.032911 0.004337	0.001994 0.009968	0.000000 0.000000	0.000000 0.000000	0.000000 0.000000	0.000000 0.000000	0.000000 0.000000	0.000000 0.000000	
2 48 3 2.140000	0.030865 0.001176	0.999047 0.000073	0.178627 0.009808	0.032116 0.009668	0.000000 0.000000	0.000000 0.000000	0.000000 0.000000	0.000000 0.000000	0.000000 0.000000	0.000000 0.000000	0.000000 0.000000	
2 48 3 2.150000	0.025632 0.003008	0.999342 0.000152	0.170356 0.007484	0.028350 0.009941	0.000000 0.000000	0.000000 0.000000	0.000000 0.000000	0.000000 0.000000	0.000000 0.000000	0.000000 0.000000	0.000000 0.000000	
2 48 3 2.160000	0.028694 0.008730	0.999166 0.000536	0.173792 0.008181	0.032540 0.009692	0.000000 0.000000	0.000000 0.000000	0.000000 0.000000	0.000000 0.000000	0.000000 0.000000	0.000000 0.000000	0.000000 0.000000	
2 48 3 2.170000	0.028004 0.005749	0.999212 0.000319	0.170817 0.005735	0.032969 0.009797	0.000000 0.000000	0.000000 0.000000	0.000000 0.000000	0.000000 0.000000	0.000000 0.000000	0.000000 0.000000	0.000000 0.000000	
2 48 3 2.180000	0.027991 0.005274	0.999213 0.000298	0.168142 0.009457	0.030125 0.009577	0.000000 0.000000	0.000000 0.000000	0.000000 0.000000	0.000000 0.000000	0.000000 0.000000	0.000000 0.000000	0.000000 0.000000	
2 48 3 2.190000	0.029672 0.008201	0.999112 0.000497	0.171360 0.008522	0.032374 0.009922	0.000000 0.000000	0.000000 0.000000	0.000000 0.000000	0.000000 0.000000	0.000000 0.000000	0.000000 0.000000	0.000000 0.000000	
2 48 3 2.200000	0.028336 0.003772	0.999196 0.000215	0.170084 0.009903	0.028739 0.006907	0.000000 0.000000	0.000000 0.000000	0.000000 0.000000	0.000000 0.000000	0.000000 0.000000	0.000000 0.000000	0.000000 0.000000	
2 48 3 2.210000	0.028979 0.007358	0.999154 0.000421	0.170466 0.006350	0.028995 0.009692	0.000000 0.000000	0.000000 0.000000	0.000000 0.000000	0.000000 0.000000	0.000000 0.000000	0.000000 0.000000	0.000000 0.000000	
2 48 3 2.220000	0.027845 0.005278	0.999219 0.000291	0.172794 0.009185	0.030024 0.006237	0.000000 0.000000	0.000000 0.000000	0.000000 0.000000	0.000000 0.000000	0.000000 0.000000	0.000000 0.000000	0.000000 0.000000	
2 48 3 2.230000	0.028249 0.007762	0.999195 0.000428	0.169264 0.009006	0.027717 0.003444	0.000000 0.000000	0.000000 0.000000	0.000000 0.000000	0.000000 0.000000	0.000000 0.000000	0.000000 0.000000	0.000000 0.000000	
2 48 3 2.240000	0.028263 0.005708	0.999196 0.000333	0.168648 0.009351	0.029965 0.009913	0.000000 0.000000	0.000000 0.000000	0.000000 0.000000	0.000000 0.000000	0.000000 0.000000	0.000000 0.000000	0.000000 0.000000	
2 48 3 2.250000	0.027659 0.004558	0.999232 0.000252	0.163130 0.009621	0.028931 0.009213	0.000000 0.000000	0.000000 0.000000	0.000000 0.000000	0.000000 0.000000	0.000000 0.000000	0.000000 0.000000	0.000000 0.000000	
2 48 3 2.260000	0.027188 0.004690	0.999258 0.000257	0.165658 0.009750	0.028577 0.004410	0.000000 0.000000	0.000000 0.000000	0.000000 0.000000	0.000000 0.000000	0.000000 0.000000	0.000000 0.000000	0.000000 0.000000	
2 48 3 2.270000	0.027893 0.002455	0.999221 0.000138	0.163576 0.009503	0.025749 0.004517	0.000000 0.000000	0.000000 0.000000	0.000000 0.000000	0.000000 0.000000	0.000000 0.000000	0.000000 0.000000	0.000000 0.000000	
2 48 3 2.280000	0.028133 0.002131	0.999208 0.000119	0.163738 0.009149	0.028581 0.009762	0.001671 0.008355	0.000000 0.000000	0.000000 0.000000	0.000000 0.000000	0.000000 0.000000	0.000000 0.000000	0.000000 0.000000	
2 48 3 2.290000	0.028122 0.004166	0.999207 0.000230	0.164225 0.009773	0.026826 0.004043	0.000000 0.000000	0.000000 0.000000	0.000000 0.000000	0.000000 0.000000	0.000000 0.000000	0.000000 0.000000	0.000000 0.000000	
2 48 3 2.300000	0.027494 0.004631	0.999241 0.000264	0.159710 0.009924	0.026169 0.009300	0.001905 0.009523	0.000000 0.000000	0.000000 0.000000	0.000000 0.000000	0.000000 0.000000	0.000000 0.000000	0.000000 0.000000	
2 48 3 2.310000	0.025280 0.004567	0.999358 0.000238	0.159283 0.004633	0.027195 0.009270	0.000000 0.000000	0.000000 0.000000	0.000000 0.000000	0.000000 0.000000	0.000000 0.000000	0.000000 0.000000	0.000000 0.000000	
2 48 3 2.320000	0.024898 0.006060	0.999375 0.000292	0.158481 0.009776	0.024617 0.009626	0.000000 0.000000	0.000000 0.000000	0.000000 0.000000	0.000000 0.000000	0.000000 0.000000	0.000000 0.000000	0.000000 0.000000	
2 48 3 2.330000	0.026215 0.004735	0.999310 0.000248	0.157850 0.004415	0.024822 0.009824	0.000000 0.000000	0.000000 0.000000	0.000000 0.000000	0.000000 0.000000	0.000000 0.000000	0.000000 0.000000	0.000000 0.000000	
2 48 3 2.340000	0.026642 0.007418	0.999284 0.000405	0.158439 0.009196	0.027086 0.008520	0.000000 0.000000	0.000000 0.000000	0.000000 0.000000	0.000000 0.000000	0.000000 0.000000	0.000000 0.000000	0.000000 0.000000	
2 48 3 2.350000	0.025868 0.004149	0.999329 0.000213	0.158037 0.008623	0.029337 0.009854	0.000000 0.000000	0.000000 0.000000	0.000000 0.000000	0.000000 0.000000	0.000000 0.000000	0.000000 0.000000	0.000000 0.000000	
2 48 3 2.360000	0.028198 0.004298	0.999202 0.000241	0.157519 0.005539	0.025645 0.009874	0.001826 0.009131	0.000000 0.000000	0.000000 0.000000	0.000000 0.000000	0.000000 0.000000	0.000000 0.000000	0.000000 0.000000	
2 48 3 2.370000	0.026705 0.002800	0.999286 0.000152	0.155485 0.005462	0.024220 0.009701	0.000000 0.000000	0.000000 0.000000	0.000000 0.000000	0.000000 0.000000	0.000000 0.000000	0.000000 0.000000	0.000000 0.000000	
2 48 3 2.380000	0.026970 0.007775	0.999262 0.000423	0.156797 0.005269	0.024020 0.009375	0.000000 0.000000	0.000000 0.000000	0.000000 0.000000	0.000000 0.000000	0.000000 0.000000	0.000000 0.000000	0.000000 0.000000	
2 48 3 2.390000	0.026268 0.004799	0.999307 0.000252	0.154024 0.003953	0.024526 0.003909	0.000000 0.000000	0.000000 0.000000	0.000000 0.000000	0.000000 0.000000	0.000000 0.000000	0.000000 0.000000	0.000000 0.000000	
2 48 3 2.400000	0.028910 0.009938	0.999146 0.000564	0.154827 0.009809	0.026472 0.008377	0.000000 0.000000	0.000000 0.000000	0.000000 0.000000	0.000000 0.000000	0.000000 0.000000	0.000000 0.000000	0.000000 0.000000	
2 48 3 2.410000	0.025970 0.004486	0.999323 0.000237	0.154200 0.009939	0.023918 0.008310	0.000000 0.000000	0.000000 0.000000	0.000000 0.000000	0.000000 0.000000	0.000000 0.000000	0.000000 0.000000	0.000000 0.000000	
2 48 3 2.420000	0.026339 0.004342	0.999304 0.000231	0.156983 0.006056	0.024654 0.006657	0.001811 0.009053	0.000000 0.000000	0.000000 0.000000	0.000000 0.000000	0.000000 0.000000	0.000000 0.000000	0.000000 0.000000	
2 48 3 2.430000	0.027109 0.004806	0.999262 0.000257	0.152549 0.006779	0.024023 0.008927	0.000000 0.000000	0.000000 0.000000	0.000000 0.000000	0.000000 0.000000	0.000000 0.000000	0.000000 0.000000	0.000000 0.000000	
2 48 3 2.440000	0.025714 0.006115	0.999334 0.000307	0.148873 0.008798	0.022855 0.006117	0.000000 0.000000	0.000000 0.000000	0.000000 0.000000	0.000000 0.000000	0.000000 0.000000	0.000000 0.000000	0.000000 0.000000	
2 48 3 2.450000	0.026874 0.008360	0.999270 0.000448	0.149588 0.009635	0.024590 0.004918	0.000000 0.000000	0.000000 0.000000	0.000000 0.000000	0.000000 0.000000	0.000000 0.000000	0.000000 0.000000	0.000000 0.000000	
2 48 3 2.460000	0.024628 0.005018	0.999390 0.000237	0.147410 0.007575	0.024268 0.003148	0.000000 0.000000	0.000000 0.000000	0.000000 0.000000	0.000000 0.000000	0.000000 0.000000	0.000000 0.000000	0.000000 0.000000	
2 48 3 2.470000	0.026536 0.004956	0.999293 0.000268	0.148200 0.009970	0.023030 0.009055	0.001967 0.009836	0.000000 0.000000	0.000000 0.000000	0.000000 0.000000	0.000000 0.000000	0.000000 0.000000	0.000000 0.000000	
2 48 3 2.480000	0.025874 0.003752	0.999328 0.000194	0.149415 0.003898	0.022604 0.009763	0.000000 0.000000	0.000000 0.000000	0.000000 0.000000	0.000000 0.000000	0.000000 0.000000	0.000000 0.000000	0.000000 0.000000	
2 48 3 2.490000	0.026957 0.005221	0.999270 0.000284	0.147278 0.007487	0.021119 0.009157	0.000000 0.000000	0.000000 0.000000	0.000000 0.000000	0.000000 0.000000	0.000000 0.000000	0.000000 0.000000	0.000000 0.000000	
2 48 3 2.500000	0.023899 0.008579	0.999418 0.000402	0.149176 0.009591	0.019712 0.007287	0.000000 0.000000	0.000000 0.000000	0.000000 0.000000	0.000000 0.000000	0.000000 0.000000	0.000000 0.000000	0.000000 0.000000	
