2 48 10 0.400000	0.996687 0.004002	0.000000 0.000000	0.000000 0.000000	0.000000 0.000000	0.000000 0.000000	0.000000 0.000000	0.000000 0.000000	0.000000 0.000000	0.000000 0.000000	0.000000 0.000000	0.000000 0.000000	
2 48 10 0.410000	0.997589 0.003306	0.000000 0.000000	0.000000 0.000000	0.000000 0.000000	0.000000 0.000000	0.000000 0.000000	0.000000 0.000000	0.000000 0.000000	0.000000 0.000000	0.000000 0.000000	0.000000 0.000000	
2 48 10 0.420000	0.997489 0.003774	0.000000 0.000000	0.000000 0.000000	0.000000 0.000000	0.000000 0.000000	0.000000 0.000000	0.000000 0.000000	0.000000 0.000000	0.000000 0.000000	0.000000 0.000000	0.000000 0.000000	
2 48 10 0.430000	0.997443 0.003911	0.000000 0.000000	0.000000 0.000000	0.000000 0.000000	0.000000 0.000000	0.000000 0.000000	0.000000 0.000000	0.000000 0.000000	0.000000 0.000000	0.000000 0.000000	0.000000 0.000000	
2 48 10 0.440000	0.998035 0.001941	0.000000 0.000000	0.000000 0.000000	0.000000 0.000000	0.000000 0.000000	0.000000 0.000000	0.000000 0.000000	0.000000 0.000000	0.000000 0.000000	0.000000 0.000000	0.000000 0.000000	
2 48 10 0.450000	0.997718 0.003269	0.000000 0.000000	0.000000 0.000000	0.000000 0.000000	0.000000 0.000000	0.000000 0.000000	0.000000 0.000000	0.000000 0.000000	0.000000 0.000000	0.000000 0.000000	0.000000 0.000000	
2 48 10 0.460000	0.997298 0.003456	0.000000 0.000000	0.000000 0.000000	0.000000 0.000000	0.000000 0.000000	0.000000 0.000000	0.000000 0.000000	0.000000 0.000000	0.000000 0.000000	0.000000 0.000000	0.000000 0.000000	
2 48 10 0.470000	0.996954 0.002927	0.000000 0.000000	0.000000 0.000000	0.000000 0.000000	0.000000 0.000000	0.000000 0.000000	0.000000 0.000000	0.000000 0.000000	0.000000 0.000000	0.000000 0.000000	0.000000 0.000000	
2 48 10 0.480000	0.996428 0.001920	0.000000 0.000000	0.000000 0.000000	0.000000 0.000000	0.000000 0.000000	0.000000 0.000000	0.000000 0.000000	0.000000 0.000000	0.000000 0.000000	0.000000 0.000000	0.000000 0.000000	
2 48 10 0.490000	0.996356 0.001905	0.000000 0.000000	0.000000 0.000000	0.000000 0.000000	0.000000 0.000000	0.000000 0.000000	0.000000 0.000000	0.000000 0.000000	0.000000 0.000000	0.000000 0.000000	0.000000 0.000000	
2 48 10 0.500000	0.995774 0.001842	0.000000 0.000000	0.000000 0.000000	0.000000 0.000000	0.000000 0.000000	0.000000 0.000000	0.000000 0.000000	0.000000 0.000000	0.000000 0.000000	0.000000 0.000000	0.000000 0.000000	
2 48 10 0.510000	0.992117 0.004538	0.015701 0.009003	0.000000 0.000000	0.000000 0.000000	0.000000 0.000000	0.000000 0.000000	0.000000 0.000000	0.000000 0.000000	0.000000 0.000000	0.000000 0.000000	0.000000 0.000000	
2 48 10 0.520000	0.991114 0.004609	0.017689 0.009134	0.000000 0.000000	0.000000 0.000000	0.000000 0.000000	0.000000 0.000000	0.000000 0.000000	0.000000 0.000000	0.000000 0.000000	0.000000 0.000000	0.000000 0.000000	
2 48 10 0.530000	0.991806 0.004952	0.016317 0.009820	0.000000 0.000000	0.000000 0.000000	0.000000 0.000000	0.000000 0.000000	0.000000 0.000000	0.000000 0.000000	0.000000 0.000000	0.000000 0.000000	0.000000 0.000000	
2 48 10 0.540000	0.991239 0.004750	0.017442 0.009412	0.000000 0.000000	0.000000 0.000000	0.000000 0.000000	0.000000 0.000000	0.000000 0.000000	0.000000 0.000000	0.000000 0.000000	0.000000 0.000000	0.000000 0.000000	
2 48 10 0.550000	0.989780 0.004764	0.020333 0.009428	0.000000 0.000000	0.000000 0.000000	0.000000 0.000000	0.000000 0.000000	0.000000 0.000000	0.000000 0.000000	0.000000 0.000000	0.000000 0.000000	0.000000 0.000000	
2 48 10 0.560000	0.986706 0.004751	0.026408 0.009375	0.000000 0.000000	0.000000 0.000000	0.000000 0.000000	0.000000 0.000000	0.000000 0.000000	0.000000 0.000000	0.000000 0.000000	0.000000 0.000000	0.000000 0.000000	
2 48 10 0.570000	0.985405 0.004855	0.028975 0.009557	0.000000 0.000000	0.000000 0.000000	0.000000 0.000000	0.000000 0.000000	0.000000 0.000000	0.000000 0.000000	0.000000 0.000000	0.000000 0.000000	0.000000 0.000000	
2 48 10 0.580000	0.983043 0.004434	0.033623 0.008719	0.000000 0.000000	0.000000 0.000000	0.000000 0.000000	0.000000 0.000000	0.000000 0.000000	0.000000 0.000000	0.000000 0.000000	0.000000 0.000000	0.000000 0.000000	
2 48 10 0.590000	0.984102 0.004852	0.031541 0.009549	0.000000 0.000000	0.000000 0.000000	0.000000 0.000000	0.000000 0.000000	0.000000 0.000000	0.000000 0.000000	0.000000 0.000000	0.000000 0.000000	0.000000 0.000000	
2 48 10 0.600000	0.979111 0.004691	0.041339 0.009191	0.000000 0.000000	0.000000 0.000000	0.000000 0.000000	0.000000 0.000000	0.000000 0.000000	0.000000 0.000000	0.000000 0.000000	0.000000 0.000000	0.000000 0.000000	
2 48 10 0.610000	0.978381 0.005066	0.042769 0.009910	0.000000 0.000000	0.000000 0.000000	0.000000 0.000000	0.000000 0.000000	0.000000 0.000000	0.000000 0.000000	0.000000 0.000000	0.000000 0.000000	0.000000 0.000000	
2 48 10 0.620000	0.970996 0.004210	0.057164 0.008178	0.000000 0.000000	0.000000 0.000000	0.000000 0.000000	0.000000 0.000000	0.000000 0.000000	0.000000 0.000000	0.000000 0.000000	0.000000 0.000000	0.000000 0.000000	
2 48 10 0.630000	0.968987 0.004982	0.061060 0.009652	0.000000 0.000000	0.000000 0.000000	0.000000 0.000000	0.000000 0.000000	0.000000 0.000000	0.000000 0.000000	0.000000 0.000000	0.000000 0.000000	0.000000 0.000000	
2 48 10 0.640000	0.965247 0.002558	0.068297 0.004937	0.000000 0.000000	0.000000 0.000000	0.000000 0.000000	0.000000 0.000000	0.000000 0.000000	0.000000 0.000000	0.000000 0.000000	0.000000 0.000000	0.000000 0.000000	
2 48 10 0.650000	0.958617 0.002742	0.081053 0.005258	0.010925 0.002402	0.000000 0.000000	0.000000 0.000000	0.000000 0.000000	0.000000 0.000000	0.000000 0.000000	0.000000 0.000000	0.000000 0.000000	0.000000 0.000000	
2 48 10 0.660000	0.950793 0.004914	0.095988 0.009341	0.013516 0.008122	0.000000 0.000000	0.000000 0.000000	0.000000 0.000000	0.000000 0.000000	0.000000 0.000000	0.000000 0.000000	0.000000 0.000000	0.000000 0.000000	
2 48 10 0.670000	0.941227 0.005283	0.114089 0.009945	0.019314 0.002671	0.000000 0.000000	0.000000 0.000000	0.000000 0.000000	0.000000 0.000000	0.000000 0.000000	0.000000 0.000000	0.000000 0.000000	0.000000 0.000000	
2 48 10 0.680000	0.926559 0.003875	0.141487 0.007184	0.026071 0.006558	0.000000 0.000000	0.000000 0.000000	0.000000 0.000000	0.000000 0.000000	0.000000 0.000000	0.000000 0.000000	0.000000 0.000000	0.000000 0.000000	
2 48 10 0.690000	0.909749 0.005494	0.172352 0.009995	0.037240 0.007214	0.013233 0.005316	0.000000 0.000000	0.000000 0.000000	0.000000 0.000000	0.000000 0.000000	0.000000 0.000000	0.000000 0.000000	0.000000 0.000000	
2 48 10 0.700000	0.868941 0.015817	0.244915 0.027548	0.068735 0.013394	0.029947 0.009386	0.016769 0.007591	0.010724 0.015959	0.010147 0.014613	0.004500 0.011270	0.000000 0.000000	0.000000 0.000000	0.000000 0.000000	
2 48 10 0.710000	0.072053 0.004608	0.994806 0.000661	0.379379 0.008308	0.185086 0.008107	0.103456 0.009985	0.062427 0.007183	0.039143 0.006480	0.023848 0.004257	0.014642 0.004052	0.000000 0.000000	0.000000 0.000000	
2 48 10 0.720000	0.059695 0.006578	0.996430 0.000778	0.351212 0.005070	0.157752 0.009980	0.082095 0.008256	0.044395 0.009182	0.023987 0.005315	0.013508 0.003442	0.000000 0.000000	0.000000 0.000000	0.000000 0.000000	
2 48 10 0.730000	0.052427 0.005815	0.997247 0.000608	0.326996 0.009902	0.135709 0.005686	0.063568 0.005663	0.030825 0.004172	0.015480 0.005293	0.000000 0.000000	0.000000 0.000000	0.000000 0.000000	0.000000 0.000000	
2 48 10 0.740000	0.047992 0.008675	0.997689 0.000840	0.313994 0.006620	0.118334 0.005412	0.050669 0.006316	0.021254 0.004513	0.011292 0.002820	0.000000 0.000000	0.000000 0.000000	0.000000 0.000000	0.000000 0.000000	
2 48 10 0.750000	0.045204 0.004845	0.997954 0.000442	0.302647 0.009778	0.110243 0.008848	0.043876 0.003104	0.017569 0.004636	0.000000 0.000000	0.000000 0.000000	0.000000 0.000000	0.000000 0.000000	0.000000 0.000000	
2 48 10 0.760000	0.041177 0.005208	0.998300 0.000435	0.286679 0.007222	0.098215 0.009922	0.036979 0.003928	0.015722 0.004057	0.000000 0.000000	0.000000 0.000000	0.000000 0.000000	0.000000 0.000000	0.000000 0.000000	
2 48 10 0.770000	0.040350 0.005238	0.998369 0.000431	0.271134 0.009568	0.089209 0.004359	0.031810 0.005719	0.012339 0.003467	0.000000 0.000000	0.000000 0.000000	0.000000 0.000000	0.000000 0.000000	0.000000 0.000000	
2 48 10 0.780000	0.038089 0.002095	0.998549 0.000160	0.268284 0.003666	0.082872 0.002876	0.028354 0.002301	0.000000 0.000000	0.000000 0.000000	0.000000 0.000000	0.000000 0.000000	0.000000 0.000000	0.000000 0.000000	
2 48 10 0.790000	0.038343 0.004050	0.998528 0.000307	0.259122 0.009515	0.076696 0.008018	0.023484 0.003687	0.000000 0.000000	0.000000 0.000000	0.000000 0.000000	0.000000 0.000000	0.000000 0.000000	0.000000 0.000000	
2 48 10 0.800000	0.035596 0.009343	0.998719 0.000665	0.245956 0.005302	0.070586 0.009737	0.021467 0.006491	0.000000 0.000000	0.000000 0.000000	0.000000 0.000000	0.000000 0.000000	0.000000 0.000000	0.000000 0.000000	
2 48 10 0.810000	0.036974 0.006433	0.998626 0.000475	0.242049 0.009420	0.069058 0.007997	0.021463 0.007153	0.000000 0.000000	0.000000 0.000000	0.000000 0.000000	0.000000 0.000000	0.000000 0.000000	0.000000 0.000000	
2 48 10 0.820000	0.036206 0.008443	0.998681 0.000599	0.234579 0.009749	0.064673 0.004485	0.015919 0.004591	0.000000 0.000000	0.000000 0.000000	0.000000 0.000000	0.000000 0.000000	0.000000 0.000000	0.000000 0.000000	
2 48 10 0.830000	0.031200 0.005627	0.999021 0.000346	0.230748 0.009033	0.058838 0.006628	0.015186 0.007146	0.000000 0.000000	0.000000 0.000000	0.000000 0.000000	0.000000 0.000000	0.000000 0.000000	0.000000 0.000000	
2 48 10 0.840000	0.033723 0.005555	0.998859 0.000375	0.223860 0.008953	0.054631 0.003295	0.013625 0.008747	0.000000 0.000000	0.000000 0.000000	0.000000 0.000000	0.000000 0.000000	0.000000 0.000000	0.000000 0.000000	
2 48 10 0.850000	0.033482 0.004710	0.998876 0.000315	0.223049 0.009645	0.050435 0.007939	0.012253 0.004309	0.000000 0.000000	0.000000 0.000000	0.000000 0.000000	0.000000 0.000000	0.000000 0.000000	0.000000 0.000000	
2 48 10 0.860000	0.032108 0.007032	0.998964 0.000459	0.212205 0.004788	0.049106 0.002098	0.011970 0.003681	0.000000 0.000000	0.000000 0.000000	0.000000 0.000000	0.000000 0.000000	0.000000 0.000000	0.000000 0.000000	
2 48 10 0.870000	0.031234 0.002744	0.999023 0.000170	0.205375 0.009617	0.048857 0.004792	0.011363 0.001702	0.000000 0.000000	0.000000 0.000000	0.000000 0.000000	0.000000 0.000000	0.000000 0.000000	0.000000 0.000000	
2 48 10 0.880000	0.030890 0.001410	0.999046 0.000087	0.201228 0.005537	0.044541 0.002095	0.010396 0.001147	0.000000 0.000000	0.000000 0.000000	0.000000 0.000000	0.000000 0.000000	0.000000 0.000000	0.000000 0.000000	
2 48 10 0.890000	0.027898 0.006963	0.999215 0.000403	0.201727 0.009714	0.044946 0.006420	0.000000 0.000000	0.000000 0.000000	0.000000 0.000000	0.000000 0.000000	0.000000 0.000000	0.000000 0.000000	0.000000 0.000000	
2 48 10 0.900000	0.029669 0.003446	0.999118 0.000205	0.192681 0.008603	0.039769 0.003806	0.001991 0.009955	0.000000 0.000000	0.000000 0.000000	0.000000 0.000000	0.000000 0.000000	0.000000 0.000000	0.000000 0.000000	
2 48 10 0.910000	0.030880 0.006617	0.999041 0.000399	0.186198 0.005679	0.037883 0.003786	0.000000 0.000000	0.000000 0.000000	0.000000 0.000000	0.000000 0.000000	0.000000 0.000000	0.000000 0.000000	0.000000 0.000000	
2 48 10 0.920000	0.028523 0.006036	0.999182 0.000335	0.186864 0.009634	0.038501 0.007952	0.000000 0.000000	0.000000 0.000000	0.000000 0.000000	0.000000 0.000000	0.000000 0.000000	0.000000 0.000000	0.000000 0.000000	
2 48 10 0.930000	0.028144 0.008453	0.999199 0.000491	0.180900 0.009522	0.034512 0.008507	0.001994 0.009968	0.000000 0.000000	0.000000 0.000000	0.000000 0.000000	0.000000 0.000000	0.000000 0.000000	0.000000 0.000000	
2 48 10 0.940000	0.028457 0.007800	0.999183 0.000431	0.175869 0.009329	0.033168 0.009128	0.000000 0.000000	0.000000 0.000000	0.000000 0.000000	0.000000 0.000000	0.000000 0.000000	0.000000 0.000000	0.000000 0.000000	
2 48 10 0.950000	0.028774 0.007870	0.999161 0.000459	0.174932 0.009586	0.032208 0.009691	0.000000 0.000000	0.000000 0.000000	0.000000 0.000000	0.000000 0.000000	0.000000 0.000000	0.000000 0.000000	0.000000 0.000000	
2 48 10 0.960000	0.028725 0.004430	0.999172 0.000262	0.168697 0.009592	0.031685 0.007253	0.000000 0.000000	0.000000 0.000000	0.000000 0.000000	0.000000 0.000000	0.000000 0.000000	0.000000 0.000000	0.000000 0.000000	
2 48 10 0.970000	0.027856 0.005222	0.999219 0.000297	0.169966 0.009371	0.029790 0.009310	0.000000 0.000000	0.000000 0.000000	0.000000 0.000000	0.000000 0.000000	0.000000 0.000000	0.000000 0.000000	0.000000 0.000000	
2 48 10 0.980000	0.026222 0.009014	0.999297 0.000482	0.168802 0.007998	0.027488 0.006973	0.000000 0.000000	0.000000 0.000000	0.000000 0.000000	0.000000 0.000000	0.000000 0.000000	0.000000 0.000000	0.000000 0.000000	
2 48 10 0.990000	0.026672 0.007037	0.999281 0.000376	0.159893 0.009550	0.026998 0.008201	0.000000 0.000000	0.000000 0.000000	0.000000 0.000000	0.000000 0.000000	0.000000 0.000000	0.000000 0.000000	0.000000 0.000000	
2 48 10 1.000000	0.027138 0.008289	0.999255 0.000422	0.158527 0.009348	0.024543 0.005972	0.000000 0.000000	0.000000 0.000000	0.000000 0.000000	0.000000 0.000000	0.000000 0.000000	0.000000 0.000000	0.000000 0.000000	
2 48 10 1.010000	0.022713 0.006742	0.999479 0.000308	0.160155 0.005067	0.026139 0.004661	0.000000 0.000000	0.000000 0.000000	0.000000 0.000000	0.000000 0.000000	0.000000 0.000000	0.000000 0.000000	0.000000 0.000000	
2 48 10 1.020000	0.028432 0.009591	0.999182 0.000542	0.155788 0.009320	0.023151 0.005789	0.000000 0.000000	0.000000 0.000000	0.000000 0.000000	0.000000 0.000000	0.000000 0.000000	0.000000 0.000000	0.000000 0.000000	
2 48 10 1.030000	0.027616 0.008761	0.999228 0.000465	0.155742 0.004387	0.024862 0.009307	0.000000 0.000000	0.000000 0.000000	0.000000 0.000000	0.000000 0.000000	0.000000 0.000000	0.000000 0.000000	0.000000 0.000000	
2 48 10 1.040000	0.025182 0.005251	0.999363 0.000264	0.149344 0.008913	0.021346 0.009206	0.000000 0.000000	0.000000 0.000000	0.000000 0.000000	0.000000 0.000000	0.000000 0.000000	0.000000 0.000000	0.000000 0.000000	
2 48 10 1.050000	0.029444 0.005337	0.999128 0.000315	0.144489 0.009097	0.020651 0.009444	0.000000 0.000000	0.000000 0.000000	0.000000 0.000000	0.000000 0.000000	0.000000 0.000000	0.000000 0.000000	0.000000 0.000000	
2 48 10 1.060000	0.022861 0.003498	0.999475 0.000160	0.145633 0.009402	0.023733 0.003972	0.000000 0.000000	0.000000 0.000000	0.000000 0.000000	0.000000 0.000000	0.000000 0.000000	0.000000 0.000000	0.000000 0.000000	
2 48 10 1.070000	0.026404 0.008768	0.999291 0.000463	0.141767 0.009390	0.020166 0.007294	0.000000 0.000000	0.000000 0.000000	0.000000 0.000000	0.000000 0.000000	0.000000 0.000000	0.000000 0.000000	0.000000 0.000000	
2 48 10 1.080000	0.025983 0.005928	0.999320 0.000317	0.143526 0.009862	0.017470 0.008747	0.000000 0.000000	0.000000 0.000000	0.000000 0.000000	0.000000 0.000000	0.000000 0.000000	0.000000 0.000000	0.000000 0.000000	
2 48 10 1.090000	0.027056 0.006154	0.999263 0.000343	0.139519 0.009440	0.020000 0.006422	0.000000 0.000000	0.000000 0.000000	0.000000 0.000000	0.000000 0.000000	0.000000 0.000000	0.000000 0.000000	0.000000 0.000000	
2 48 10 1.100000	0.025932 0.003427	0.999326 0.000178	0.137120 0.009525	0.019859 0.004029	0.000000 0.000000	0.000000 0.000000	0.000000 0.000000	0.000000 0.000000	0.000000 0.000000	0.000000 0.000000	0.000000 0.000000	
2 48 10 1.110000	0.023786 0.004754	0.999431 0.000227	0.129805 0.009282	0.016128 0.008949	0.000000 0.000000	0.000000 0.000000	0.000000 0.000000	0.000000 0.000000	0.000000 0.000000	0.000000 0.000000	0.000000 0.000000	
2 48 10 1.120000	0.023845 0.007113	0.999425 0.000345	0.133166 0.008773	0.017163 0.007850	0.000000 0.000000	0.000000 0.000000	0.000000 0.000000	0.000000 0.000000	0.000000 0.000000	0.000000 0.000000	0.000000 0.000000	
2 48 10 1.130000	0.025246 0.003059	0.999361 0.000153	0.132473 0.009405	0.017798 0.002786	0.000000 0.000000	0.000000 0.000000	0.000000 0.000000	0.000000 0.000000	0.000000 0.000000	0.000000 0.000000	0.000000 0.000000	
2 48 10 1.140000	0.023697 0.006433	0.999433 0.000287	0.130658 0.009481	0.017197 0.002316	0.000000 0.000000	0.000000 0.000000	0.000000 0.000000	0.000000 0.000000	0.000000 0.000000	0.000000 0.000000	0.000000 0.000000	
2 48 10 1.150000	0.024781 0.008838	0.999377 0.000458	0.129021 0.004961	0.021255 0.009625	0.000000 0.000000	0.000000 0.000000	0.001734 0.008668	0.000000 0.000000	0.000000 0.000000	0.000000 0.000000	0.000000 0.000000	
2 48 10 1.160000	0.025146 0.003218	0.999366 0.000158	0.124332 0.009438	0.015540 0.008108	0.000000 0.000000	0.000000 0.000000	0.000000 0.000000	0.000000 0.000000	0.000000 0.000000	0.000000 0.000000	0.000000 0.000000	
2 48 10 1.170000	0.025290 0.005450	0.999357 0.000287	0.124504 0.009300	0.014407 0.007896	0.000000 0.000000	0.000000 0.000000	0.000000 0.000000	0.000000 0.000000	0.000000 0.000000	0.000000 0.000000	0.000000 0.000000	
2 48 10 1.180000	0.022892 0.006737	0.999470 0.000302	0.123368 0.009947	0.015252 0.007989	0.000000 0.000000	0.000000 0.000000	0.000000 0.000000	0.000000 0.000000	0.000000 0.000000	0.000000 0.000000	0.000000 0.000000	
2 48 10 1.190000	0.024036 0.007453	0.999414 0.000372	0.118064 0.008561	0.013900 0.004652	0.000000 0.000000	0.000000 0.000000	0.000000 0.000000	0.000000 0.000000	0.000000 0.000000	0.000000 0.000000	0.000000 0.000000	
2 48 10 1.200000	0.024555 0.008651	0.999388 0.000416	0.118337 0.008311	0.013027 0.006104	0.000000 0.000000	0.000000 0.000000	0.000000 0.000000	0.000000 0.000000	0.000000 0.000000	0.000000 0.000000	0.000000 0.000000	
2 48 10 1.210000	0.025949 0.009898	0.999312 0.000533	0.120642 0.009199	0.014846 0.002873	0.000000 0.000000	0.000000 0.000000	0.000000 0.000000	0.000000 0.000000	0.000000 0.000000	0.000000 0.000000	0.000000 0.000000	
2 48 10 1.220000	0.022707 0.003856	0.999483 0.000173	0.115979 0.009915	0.013393 0.004469	0.000000 0.000000	0.000000 0.000000	0.000000 0.000000	0.000000 0.000000	0.000000 0.000000	0.000000 0.000000	0.000000 0.000000	
2 48 10 1.230000	0.023117 0.002414	0.999465 0.000111	0.116180 0.006351	0.012894 0.004533	0.000000 0.000000	0.000000 0.000000	0.000000 0.000000	0.000000 0.000000	0.000000 0.000000	0.000000 0.000000	0.000000 0.000000	
2 48 10 1.240000	0.021689 0.007363	0.999523 0.000316	0.117763 0.004981	0.012937 0.004543	0.000000 0.000000	0.000000 0.000000	0.000000 0.000000	0.000000 0.000000	0.000000 0.000000	0.000000 0.000000	0.000000 0.000000	
2 48 10 1.250000	0.023739 0.003994	0.999434 0.000185	0.113789 0.009313	0.013170 0.003741	0.000000 0.000000	0.000000 0.000000	0.000000 0.000000	0.000000 0.000000	0.000000 0.000000	0.000000 0.000000	0.000000 0.000000	
2 48 10 1.260000	0.024695 0.003443	0.999389 0.000168	0.112964 0.009540	0.011901 0.002756	0.000000 0.000000	0.000000 0.000000	0.000000 0.000000	0.000000 0.000000	0.000000 0.000000	0.000000 0.000000	0.000000 0.000000	
2 48 10 1.270000	0.022704 0.003454	0.999483 0.000158	0.111343 0.009979	0.012024 0.004595	0.000000 0.000000	0.000000 0.000000	0.000000 0.000000	0.000000 0.000000	0.000000 0.000000	0.000000 0.000000	0.000000 0.000000	
2 48 10 1.280000	0.022985 0.002211	0.999471 0.000102	0.108853 0.009767	0.012911 0.004910	0.000000 0.000000	0.000000 0.000000	0.000000 0.000000	0.000000 0.000000	0.000000 0.000000	0.000000 0.000000	0.000000 0.000000	
2 48 10 1.290000	0.023953 0.005659	0.999422 0.000270	0.111269 0.006943	0.012732 0.005431	0.000000 0.000000	0.000000 0.000000	0.000000 0.000000	0.000000 0.000000	0.000000 0.000000	0.000000 0.000000	0.000000 0.000000	
2 48 10 1.300000	0.023519 0.003117	0.999446 0.000149	0.107796 0.007296	0.011733 0.003058	0.000000 0.000000	0.000000 0.000000	0.000000 0.000000	0.000000 0.000000	0.000000 0.000000	0.000000 0.000000	0.000000 0.000000	
2 48 10 1.310000	0.024579 0.004775	0.999393 0.000241	0.105472 0.005223	0.012048 0.003983	0.000000 0.000000	0.000000 0.000000	0.000000 0.000000	0.000000 0.000000	0.000000 0.000000	0.000000 0.000000	0.000000 0.000000	
2 48 10 1.320000	0.023119 0.004980	0.999462 0.000238	0.104013 0.006746	0.011296 0.003772	0.000000 0.000000	0.000000 0.000000	0.000000 0.000000	0.000000 0.000000	0.000000 0.000000	0.000000 0.000000	0.000000 0.000000	
2 48 10 1.330000	0.023199 0.001069	0.999462 0.000050	0.104137 0.002757	0.010885 0.001674	0.000000 0.000000	0.000000 0.000000	0.000000 0.000000	0.000000 0.000000	0.000000 0.000000	0.000000 0.000000	0.000000 0.000000	
2 48 10 1.340000	0.022492 0.002270	0.999494 0.000101	0.103474 0.008504	0.010398 0.000966	0.000000 0.000000	0.000000 0.000000	0.000000 0.000000	0.000000 0.000000	0.000000 0.000000	0.000000 0.000000	0.000000 0.000000	
2 48 10 1.350000	0.024366 0.003593	0.999404 0.000176	0.099609 0.009217	0.011915 0.003708	0.000000 0.000000	0.000000 0.000000	0.000000 0.000000	0.000000 0.000000	0.000000 0.000000	0.000000 0.000000	0.000000 0.000000	
2 48 10 1.360000	0.022474 0.000721	0.999495 0.000032	0.100629 0.004720	0.001946 0.009731	0.000000 0.000000	0.000000 0.000000	0.000000 0.000000	0.000000 0.000000	0.000000 0.000000	0.000000 0.000000	0.000000 0.000000	
2 48 10 1.370000	0.023495 0.005051	0.999445 0.000229	0.099897 0.007698	0.000000 0.000000	0.000000 0.000000	0.000000 0.000000	0.000000 0.000000	0.000000 0.000000	0.000000 0.000000	0.000000 0.000000	0.000000 0.000000	
2 48 10 1.380000	0.022732 0.001914	0.999483 0.000088	0.099406 0.006485	0.001994 0.009969	0.000000 0.000000	0.000000 0.000000	0.000000 0.000000	0.000000 0.000000	0.000000 0.000000	0.000000 0.000000	0.000000 0.000000	
2 48 10 1.390000	0.023628 0.003381	0.999440 0.000157	0.098540 0.004724	0.000000 0.000000	0.000000 0.000000	0.000000 0.000000	0.000000 0.000000	0.000000 0.000000	0.000000 0.000000	0.000000 0.000000	0.000000 0.000000	
2 48 10 1.400000	0.022844 0.005282	0.999475 0.000233	0.095990 0.008447	0.001888 0.009440	0.000000 0.000000	0.000000 0.000000	0.000000 0.000000	0.000000 0.000000	0.000000 0.000000	0.000000 0.000000	0.000000 0.000000	
2 48 10 1.410000	0.022325 0.004868	0.999499 0.000218	0.099224 0.003347	0.001988 0.009941	0.000000 0.000000	0.000000 0.000000	0.000000 0.000000	0.000000 0.000000	0.000000 0.000000	0.000000 0.000000	0.000000 0.000000	
2 48 10 1.420000	0.021766 0.002388	0.999525 0.000101	0.096721 0.007060	0.001999 0.009994	0.000000 0.000000	0.000000 0.000000	0.000000 0.000000	0.000000 0.000000	0.000000 0.000000	0.000000 0.000000	0.000000 0.000000	
2 48 10 1.430000	0.022686 0.004689	0.999482 0.000215	0.095023 0.006934	0.000000 0.000000	0.000000 0.000000	0.000000 0.000000	0.000000 0.000000	0.000000 0.000000	0.000000 0.000000	0.000000 0.000000	0.000000 0.000000	
2 48 10 1.440000	0.016920 0.007077	0.999708 0.000228	0.091948 0.008399	0.001825 0.009125	0.000000 0.000000	0.000000 0.000000	0.000000 0.000000	0.000000 0.000000	0.000000 0.000000	0.000000 0.000000	0.000000 0.000000	
2 48 10 1.450000	0.022038 0.003206	0.999513 0.000143	0.094303 0.008566	0.001969 0.009847	0.000000 0.000000	0.000000 0.000000	0.000000 0.000000	0.000000 0.000000	0.000000 0.000000	0.000000 0.000000	0.000000 0.000000	
2 48 10 1.460000	0.023766 0.008119	0.999428 0.000385	0.094369 0.009668	0.000000 0.000000	0.000000 0.000000	0.000000 0.000000	0.000000 0.000000	0.000000 0.000000	0.000000 0.000000	0.000000 0.000000	0.000000 0.000000	
2 48 10 1.470000	0.022766 0.008589	0.999470 0.000400	0.087829 0.008093	0.000000 0.000000	0.000000 0.000000	0.000000 0.000000	0.000000 0.000000	0.000000 0.000000	0.000000 0.000000	0.000000 0.000000	0.000000 0.000000	
2 48 10 1.480000	0.022549 0.003498	0.999490 0.000156	0.088576 0.009440	0.000000 0.000000	0.000000 0.000000	0.000000 0.000000	0.000000 0.000000	0.000000 0.000000	0.000000 0.000000	0.000000 0.000000	0.000000 0.000000	
2 48 10 1.490000	0.021169 0.009998	0.999539 0.000414	0.087035 0.009276	0.000000 0.000000	0.000000 0.000000	0.000000 0.000000	0.000000 0.000000	0.000000 0.000000	0.000000 0.000000	0.000000 0.000000	0.000000 0.000000	
2 48 10 1.500000	0.021157 0.007138	0.999547 0.000304	0.085355 0.009632	0.000000 0.000000	0.000000 0.000000	0.000000 0.000000	0.000000 0.000000	0.000000 0.000000	0.000000 0.000000	0.000000 0.000000	0.000000 0.000000	
2 48 10 1.510000	0.023737 0.003271	0.999435 0.000157	0.084569 0.005613	0.001943 0.009716	0.000000 0.000000	0.000000 0.000000	0.000000 0.000000	0.000000 0.000000	0.000000 0.000000	0.000000 0.000000	0.000000 0.000000	
2 48 10 1.520000	0.019616 0.004447	0.999613 0.000174	0.082723 0.003750	0.000000 0.000000	0.000000 0.000000	0.000000 0.000000	0.001616 0.008081	0.000000 0.000000	0.000000 0.000000	0.000000 0.000000	0.000000 0.000000	
2 48 10 1.530000	0.023431 0.007823	0.999441 0.000368	0.092683 0.008804	0.000000 0.000000	0.000000 0.000000	0.000000 0.000000	0.000000 0.000000	0.000000 0.000000	0.000000 0.000000	0.000000 0.000000	0.000000 0.000000	
2 48 10 1.540000	0.023519 0.003801	0.999445 0.000180	0.085759 0.008268	0.000000 0.000000	0.000000 0.000000	0.000000 0.000000	0.000000 0.000000	0.000000 0.000000	0.000000 0.000000	0.000000 0.000000	0.000000 0.000000	
2 48 10 1.550000	0.022475 0.006994	0.999490 0.000307	0.089194 0.009368	0.000000 0.000000	0.000000 0.000000	0.000000 0.000000	0.000000 0.000000	0.000000 0.000000	0.000000 0.000000	0.000000 0.000000	0.000000 0.000000	
2 48 10 1.560000	0.021333 0.005784	0.999541 0.000254	0.088160 0.008015	0.000000 0.000000	0.000000 0.000000	0.000000 0.000000	0.000000 0.000000	0.000000 0.000000	0.000000 0.000000	0.000000 0.000000	0.000000 0.000000	
2 48 10 1.570000	0.024129 0.007844	0.999408 0.000395	0.085784 0.009985	0.001790 0.008951	0.000000 0.000000	0.000000 0.000000	0.000000 0.000000	0.000000 0.000000	0.000000 0.000000	0.000000 0.000000	0.000000 0.000000	
2 48 10 1.580000	0.021818 0.007165	0.999517 0.000315	0.077686 0.009166	0.000000 0.000000	0.000000 0.000000	0.000000 0.000000	0.000000 0.000000	0.000000 0.000000	0.000000 0.000000	0.000000 0.000000	0.000000 0.000000	
2 48 10 1.590000	0.022591 0.004339	0.999487 0.000196	0.081406 0.009324	0.000000 0.000000	0.000000 0.000000	0.000000 0.000000	0.000000 0.000000	0.000000 0.000000	0.000000 0.000000	0.000000 0.000000	0.000000 0.000000	
2 48 10 1.600000	0.023031 0.009433	0.999459 0.000411	0.079813 0.006441	0.000000 0.000000	0.000000 0.000000	0.000000 0.000000	0.000000 0.000000	0.000000 0.000000	0.000000 0.000000	0.000000 0.000000	0.000000 0.000000	
2 48 10 1.610000	0.024748 0.008048	0.999378 0.000385	0.081404 0.008400	0.001984 0.009922	0.000000 0.000000	0.000000 0.000000	0.000000 0.000000	0.000000 0.000000	0.000000 0.000000	0.000000 0.000000	0.000000 0.000000	
2 48 10 1.620000	0.022319 0.009406	0.999485 0.000433	0.078574 0.004805	0.000000 0.000000	0.000000 0.000000	0.000000 0.000000	0.000000 0.000000	0.000000 0.000000	0.000000 0.000000	0.000000 0.000000	0.000000 0.000000	
2 48 10 1.630000	0.023393 0.009192	0.999442 0.000463	0.078483 0.009112	0.000000 0.000000	0.000000 0.000000	0.000000 0.000000	0.000000 0.000000	0.000000 0.000000	0.000000 0.000000	0.000000 0.000000	0.000000 0.000000	
2 48 10 1.640000	0.020553 0.006149	0.999573 0.000259	0.079820 0.006828	0.000000 0.000000	0.000000 0.000000	0.000000 0.000000	0.000000 0.000000	0.000000 0.000000	0.000000 0.000000	0.000000 0.000000	0.000000 0.000000	
2 48 10 1.650000	0.021945 0.008277	0.999511 0.000366	0.078074 0.009479	0.000000 0.000000	0.000000 0.000000	0.000000 0.000000	0.000000 0.000000	0.000000 0.000000	0.000000 0.000000	0.000000 0.000000	0.000000 0.000000	
2 48 10 1.660000	0.022156 0.007723	0.999503 0.000341	0.076974 0.009738	0.000000 0.000000	0.000000 0.000000	0.000000 0.000000	0.000000 0.000000	0.000000 0.000000	0.000000 0.000000	0.000000 0.000000	0.000000 0.000000	
2 48 10 1.670000	0.020128 0.003865	0.999593 0.000153	0.075883 0.009947	0.000000 0.000000	0.000000 0.000000	0.000000 0.000000	0.000000 0.000000	0.000000 0.000000	0.000000 0.000000	0.000000 0.000000	0.000000 0.000000	
2 48 10 1.680000	0.020426 0.003715	0.999581 0.000150	0.077706 0.009562	0.000000 0.000000	0.000000 0.000000	0.000000 0.000000	0.000000 0.000000	0.000000 0.000000	0.000000 0.000000	0.000000 0.000000	0.000000 0.000000	
2 48 10 1.690000	0.023417 0.004710	0.999448 0.000215	0.074885 0.007565	0.000000 0.000000	0.000000 0.000000	0.000000 0.000000	0.000000 0.000000	0.000000 0.000000	0.000000 0.000000	0.000000 0.000000	0.000000 0.000000	
2 48 10 1.700000	0.024975 0.004261	0.999374 0.000216	0.072291 0.008973	0.000000 0.000000	0.000000 0.000000	0.000000 0.000000	0.000000 0.000000	0.000000 0.000000	0.000000 0.000000	0.000000 0.000000	0.000000 0.000000	
2 48 10 1.710000	0.023035 0.009311	0.999458 0.000462	0.074469 0.009826	0.000000 0.000000	0.000000 0.000000	0.000000 0.000000	0.000000 0.000000	0.000000 0.000000	0.000000 0.000000	0.000000 0.000000	0.000000 0.000000	
2 48 10 1.720000	0.021599 0.007218	0.999526 0.000298	0.078545 0.009289	0.000000 0.000000	0.000000 0.000000	0.000000 0.000000	0.000000 0.000000	0.000000 0.000000	0.000000 0.000000	0.000000 0.000000	0.000000 0.000000	
2 48 10 1.730000	0.020304 0.005988	0.999583 0.000241	0.072235 0.007380	0.000000 0.000000	0.000000 0.000000	0.000000 0.000000	0.000000 0.000000	0.000000 0.000000	0.000000 0.000000	0.000000 0.000000	0.000000 0.000000	
2 48 10 1.740000	0.020614 0.007034	0.999568 0.000280	0.070977 0.009742	0.000000 0.000000	0.000000 0.000000	0.000000 0.000000	0.000000 0.000000	0.000000 0.000000	0.000000 0.000000	0.000000 0.000000	0.000000 0.000000	
2 48 10 1.750000	0.018930 0.005493	0.999638 0.000208	0.076368 0.008182	0.000000 0.000000	0.000000 0.000000	0.000000 0.000000	0.000000 0.000000	0.000000 0.000000	0.000000 0.000000	0.000000 0.000000	0.000000 0.000000	
2 48 10 1.760000	0.019687 0.005232	0.999609 0.000202	0.072912 0.007845	0.000000 0.000000	0.000000 0.000000	0.000000 0.000000	0.000000 0.000000	0.000000 0.000000	0.000000 0.000000	0.000000 0.000000	0.000000 0.000000	
2 48 10 1.770000	0.021983 0.007044	0.999511 0.000312	0.071119 0.009728	0.000000 0.000000	0.000000 0.000000	0.000000 0.000000	0.000000 0.000000	0.000000 0.000000	0.000000 0.000000	0.000000 0.000000	0.000000 0.000000	
2 48 10 1.780000	0.019125 0.004594	0.999630 0.000174	0.071759 0.007053	0.000000 0.000000	0.000000 0.000000	0.000000 0.000000	0.000000 0.000000	0.000000 0.000000	0.000000 0.000000	0.000000 0.000000	0.000000 0.000000	
2 48 10 1.790000	0.020394 0.006101	0.999579 0.000247	0.066151 0.004026	0.000000 0.000000	0.000000 0.000000	0.000000 0.000000	0.000000 0.000000	0.000000 0.000000	0.000000 0.000000	0.001480 0.007401	0.000000 0.000000	
2 48 10 1.800000	0.020494 0.004540	0.999577 0.000194	0.066084 0.008899	0.000000 0.000000	0.000000 0.000000	0.000000 0.000000	0.000000 0.000000	0.000000 0.000000	0.000000 0.000000	0.001811 0.009054	0.000000 0.000000	
2 48 10 1.810000	0.021740 0.006272	0.999522 0.000277	0.069596 0.006468	0.000000 0.000000	0.000000 0.000000	0.000000 0.000000	0.000000 0.000000	0.000000 0.000000	0.000000 0.000000	0.000000 0.000000	0.000000 0.000000	
2 48 10 1.820000	0.021977 0.005498	0.999513 0.000242	0.069916 0.009485	0.000000 0.000000	0.000000 0.000000	0.000000 0.000000	0.000000 0.000000	0.000000 0.000000	0.000000 0.000000	0.000000 0.000000	0.000000 0.000000	
2 48 10 1.830000	0.020544 0.004225	0.999576 0.000174	0.070868 0.009234	0.000000 0.000000	0.000000 0.000000	0.000000 0.000000	0.000000 0.000000	0.000000 0.000000	0.000000 0.000000	0.000000 0.000000	0.000000 0.000000	
2 48 10 1.840000	0.023499 0.007517	0.999441 0.000368	0.066778 0.008714	0.000000 0.000000	0.000000 0.000000	0.000000 0.000000	0.000000 0.000000	0.000000 0.000000	0.000000 0.000000	0.000000 0.000000	0.000000 0.000000	
2 48 10 1.850000	0.019661 0.003221	0.999612 0.000123	0.072801 0.006673	0.001996 0.009981	0.000000 0.000000	0.000000 0.000000	0.000000 0.000000	0.000000 0.000000	0.000000 0.000000	0.000000 0.000000	0.000000 0.000000	
2 48 10 1.860000	0.020612 0.005564	0.999572 0.000225	0.065604 0.009820	0.001929 0.009645	0.000000 0.000000	0.000000 0.000000	0.000000 0.000000	0.000000 0.000000	0.000000 0.000000	0.000000 0.000000	0.000000 0.000000	
2 48 10 1.870000	0.020702 0.008291	0.999563 0.000362	0.067690 0.009963	0.000000 0.000000	0.000000 0.000000	0.000000 0.000000	0.000000 0.000000	0.000000 0.000000	0.000000 0.000000	0.000000 0.000000	0.000000 0.000000	
2 48 10 1.880000	0.019268 0.005940	0.999624 0.000231	0.065340 0.007030	0.000000 0.000000	0.000000 0.000000	0.000000 0.000000	0.000000 0.000000	0.000000 0.000000	0.000000 0.000000	0.000000 0.000000	0.000000 0.000000	
2 48 10 1.890000	0.020315 0.007008	0.999581 0.000302	0.069545 0.007799	0.000000 0.000000	0.000000 0.000000	0.000000 0.000000	0.000000 0.000000	0.000000 0.000000	0.000000 0.000000	0.000000 0.000000	0.000000 0.000000	
2 48 10 1.900000	0.020799 0.006150	0.999562 0.000259	0.065572 0.005382	0.001612 0.008059	0.000000 0.000000	0.000000 0.000000	0.000000 0.000000	0.000000 0.000000	0.000000 0.000000	0.000000 0.000000	0.000000 0.000000	
2 48 10 1.910000	0.020687 0.009108	0.999560 0.000347	0.065583 0.009400	0.000000 0.000000	0.000000 0.000000	0.000000 0.000000	0.000000 0.000000	0.000000 0.000000	0.000000 0.000000	0.000000 0.000000	0.000000 0.000000	
2 48 10 1.920000	0.019365 0.006857	0.999619 0.000274	0.061912 0.009359	0.000000 0.000000	0.000000 0.000000	0.000000 0.000000	0.000000 0.000000	0.000000 0.000000	0.000000 0.000000	0.000000 0.000000	0.000000 0.000000	
2 48 10 1.930000	0.018217 0.009391	0.999659 0.000350	0.063798 0.009525	0.000000 0.000000	0.000000 0.000000	0.000000 0.000000	0.000000 0.000000	0.000000 0.000000	0.000000 0.000000	0.000000 0.000000	0.000000 0.000000	
2 48 10 1.940000	0.018919 0.006317	0.999635 0.000233	0.060726 0.009956	0.000000 0.000000	0.000000 0.000000	0.000000 0.000000	0.000000 0.000000	0.000000 0.000000	0.000000 0.000000	0.000000 0.000000	0.000000 0.000000	
2 48 10 1.950000	0.023494 0.004516	0.999444 0.000215	0.064374 0.008062	0.000000 0.000000	0.000000 0.000000	0.000000 0.000000	0.000000 0.000000	0.000000 0.000000	0.000000 0.000000	0.000000 0.000000	0.000000 0.000000	
2 48 10 1.960000	0.020400 0.005806	0.999579 0.000225	0.057943 0.009420	0.000000 0.000000	0.000000 0.000000	0.000000 0.000000	0.000000 0.000000	0.000000 0.000000	0.000000 0.000000	0.000000 0.000000	0.000000 0.000000	
2 48 10 1.970000	0.020255 0.005686	0.999586 0.000231	0.060498 0.008367	0.000000 0.000000	0.000000 0.000000	0.000000 0.000000	0.000000 0.000000	0.000000 0.000000	0.000000 0.000000	0.000000 0.000000	0.000000 0.000000	
2 48 10 1.980000	0.019716 0.008035	0.999604 0.000306	0.060861 0.007151	0.000000 0.000000	0.000000 0.000000	0.000000 0.000000	0.000000 0.000000	0.000000 0.000000	0.000000 0.000000	0.000000 0.000000	0.000000 0.000000	
2 48 10 1.990000	0.020306 0.006568	0.999582 0.000277	0.065650 0.007906	0.000000 0.000000	0.000000 0.000000	0.000000 0.000000	0.000000 0.000000	0.000000 0.000000	0.000000 0.000000	0.000000 0.000000	0.000000 0.000000	
2 48 10 2.000000	0.022060 0.007266	0.999502 0.000310	0.062967 0.008279	0.000000 0.000000	0.000000 0.000000	0.000000 0.000000	0.000000 0.000000	0.000000 0.000000	0.000000 0.000000	0.000000 0.000000	0.000000 0.000000	
2 48 10 2.010000	0.022431 0.007156	0.999490 0.000303	0.059500 0.008917	0.000000 0.000000	0.000000 0.000000	0.000000 0.000000	0.000000 0.000000	0.000000 0.000000	0.000000 0.000000	0.000000 0.000000	0.000000 0.000000	
2 48 10 2.020000	0.020918 0.008482	0.999553 0.000339	0.059370 0.009784	0.000000 0.000000	0.000000 0.000000	0.000000 0.000000	0.000000 0.000000	0.000000 0.000000	0.000000 0.000000	0.000000 0.000000	0.000000 0.000000	
2 48 10 2.030000	0.018129 0.006949	0.999666 0.000245	0.062398 0.008680	0.000000 0.000000	0.000000 0.000000	0.000000 0.000000	0.000000 0.000000	0.000000 0.000000	0.000000 0.000000	0.000000 0.000000	0.000000 0.000000	
2 48 10 2.040000	0.019084 0.007515	0.999627 0.000284	0.059199 0.009797	0.000000 0.000000	0.000000 0.000000	0.000000 0.000000	0.000000 0.000000	0.000000 0.000000	0.000000 0.000000	0.000000 0.000000	0.000000 0.000000	
2 48 10 2.050000	0.020036 0.005237	0.999594 0.000213	0.060392 0.009678	0.000000 0.000000	0.000000 0.000000	0.000000 0.000000	0.000000 0.000000	0.000000 0.000000	0.000000 0.000000	0.000000 0.000000	0.000000 0.000000	
2 48 10 2.060000	0.020786 0.009449	0.999553 0.000407	0.059606 0.008168	0.000000 0.000000	0.000000 0.000000	0.000000 0.000000	0.000000 0.000000	0.000000 0.000000	0.000000 0.000000	0.000000 0.000000	0.000000 0.000000	
2 48 10 2.070000	0.022002 0.008439	0.999506 0.000366	0.059599 0.007336	0.000000 0.000000	0.000000 0.000000	0.000000 0.000000	0.000000 0.000000	0.000000 0.000000	0.000000 0.000000	0.000000 0.000000	0.000000 0.000000	
2 48 10 2.080000	0.019656 0.007543	0.999607 0.000315	0.057397 0.008758	0.000000 0.000000	0.000000 0.000000	0.000000 0.000000	0.000000 0.000000	0.000000 0.000000	0.000000 0.000000	0.000000 0.000000	0.000000 0.000000	
2 48 10 2.090000	0.020345 0.004357	0.999583 0.000180	0.054440 0.008329	0.000000 0.000000	0.000000 0.000000	0.000000 0.000000	0.000000 0.000000	0.000000 0.000000	0.000000 0.000000	0.000000 0.000000	0.000000 0.000000	
2 48 10 2.100000	0.018795 0.002050	0.999646 0.000078	0.061081 0.009249	0.000000 0.000000	0.000000 0.000000	0.000000 0.000000	0.000000 0.000000	0.000000 0.000000	0.000000 0.000000	0.000000 0.000000	0.000000 0.000000	
2 48 10 2.110000	0.020646 0.005115	0.999571 0.000209	0.057820 0.008899	0.000000 0.000000	0.000000 0.000000	0.000000 0.000000	0.000000 0.000000	0.000000 0.000000	0.000000 0.000000	0.000000 0.000000	0.000000 0.000000	
2 48 10 2.120000	0.022206 0.008172	0.999499 0.000347	0.055826 0.006422	0.000000 0.000000	0.000000 0.000000	0.000000 0.000000	0.000000 0.000000	0.000000 0.000000	0.000000 0.000000	0.000000 0.000000	0.000000 0.000000	
2 48 10 2.130000	0.020510 0.005481	0.999576 0.000218	0.056936 0.006643	0.000000 0.000000	0.000000 0.000000	0.000000 0.000000	0.000000 0.000000	0.000000 0.000000	0.000000 0.000000	0.000000 0.000000	0.000000 0.000000	
2 48 10 2.140000	0.019673 0.009655	0.999599 0.000429	0.056987 0.007287	0.000000 0.000000	0.000000 0.000000	0.000000 0.000000	0.000000 0.000000	0.000000 0.000000	0.000000 0.000000	0.000000 0.000000	0.000000 0.000000	
2 48 10 2.150000	0.020272 0.002006	0.999588 0.000083	0.055517 0.009324	0.000000 0.000000	0.000000 0.000000	0.000000 0.000000	0.000000 0.000000	0.000000 0.000000	0.000000 0.000000	0.000000 0.000000	0.000000 0.000000	
2 48 10 2.160000	0.022795 0.002819	0.999480 0.000129	0.054635 0.006722	0.000000 0.000000	0.000000 0.000000	0.000000 0.000000	0.000000 0.000000	0.000000 0.000000	0.000000 0.000000	0.000000 0.000000	0.000000 0.000000	
2 48 10 2.170000	0.019746 0.003700	0.999608 0.000146	0.054052 0.006422	0.000000 0.000000	0.000000 0.000000	0.000000 0.000000	0.000000 0.000000	0.000000 0.000000	0.000000 0.000000	0.000000 0.000000	0.000000 0.000000	
2 48 10 2.180000	0.019567 0.009644	0.999603 0.000370	0.052004 0.008211	0.000000 0.000000	0.000000 0.000000	0.000000 0.000000	0.000000 0.000000	0.000000 0.000000	0.000000 0.000000	0.000000 0.000000	0.000000 0.000000	
2 48 10 2.190000	0.020025 0.008319	0.999589 0.000348	0.053918 0.009402	0.000000 0.000000	0.000000 0.000000	0.000000 0.000000	0.000000 0.000000	0.000000 0.000000	0.000000 0.000000	0.000000 0.000000	0.000000 0.000000	
2 48 10 2.200000	0.017357 0.007609	0.999692 0.000259	0.058077 0.004285	0.000000 0.000000	0.000000 0.000000	0.000000 0.000000	0.000000 0.000000	0.000000 0.000000	0.001775 0.008875	0.000000 0.000000	0.000000 0.000000	
2 48 10 2.210000	0.020066 0.008724	0.999588 0.000335	0.055235 0.009397	0.000000 0.000000	0.000000 0.000000	0.000000 0.000000	0.000000 0.000000	0.000000 0.000000	0.000000 0.000000	0.000000 0.000000	0.000000 0.000000	
2 48 10 2.220000	0.020446 0.009592	0.999571 0.000383	0.057101 0.009369	0.000000 0.000000	0.000000 0.000000	0.000000 0.000000	0.000000 0.000000	0.000000 0.000000	0.000000 0.000000	0.000000 0.000000	0.000000 0.000000	
2 48 10 2.230000	0.021274 0.006104	0.999541 0.000252	0.053813 0.009164	0.000000 0.000000	0.000000 0.000000	0.000000 0.000000	0.000000 0.000000	0.000000 0.000000	0.000000 0.000000	0.000000 0.000000	0.000000 0.000000	
2 48 10 2.240000	0.020184 0.008184	0.999583 0.000325	0.052364 0.008227	0.000000 0.000000	0.000000 0.000000	0.000000 0.000000	0.000000 0.000000	0.000000 0.000000	0.000000 0.000000	0.000000 0.000000	0.000000 0.000000	
2 48 10 2.250000	0.020262 0.006337	0.999585 0.000254	0.051347 0.008025	0.000000 0.000000	0.000000 0.000000	0.000000 0.000000	0.000000 0.000000	0.000000 0.000000	0.000000 0.000000	0.000000 0.000000	0.000000 0.000000	
2 48 10 2.260000	0.022146 0.006067	0.999505 0.000261	0.049297 0.009604	0.000000 0.000000	0.000000 0.000000	0.000000 0.000000	0.000000 0.000000	0.000000 0.000000	0.000000 0.000000	0.000000 0.000000	0.000000 0.000000	
2 48 10 2.270000	0.023063 0.007355	0.999462 0.000349	0.056032 0.008775	0.000000 0.000000	0.000000 0.000000	0.000000 0.000000	0.000000 0.000000	0.000000 0.000000	0.000000 0.000000	0.000000 0.000000	0.000000 0.000000	
2 48 10 2.280000	0.023970 0.005010	0.999422 0.000238	0.052192 0.008829	0.000000 0.000000	0.000000 0.000000	0.000000 0.000000	0.000000 0.000000	0.000000 0.000000	0.000000 0.000000	0.000000 0.000000	0.000000 0.000000	
2 48 10 2.290000	0.019442 0.004357	0.999620 0.000162	0.052766 0.009510	0.000000 0.000000	0.000000 0.000000	0.000000 0.000000	0.000000 0.000000	0.000000 0.000000	0.000000 0.000000	0.000000 0.000000	0.000000 0.000000	
2 48 10 2.300000	0.019265 0.006967	0.999623 0.000280	0.051747 0.009271	0.000000 0.000000	0.000000 0.000000	0.000000 0.000000	0.000000 0.000000	0.000000 0.000000	0.000000 0.000000	0.000000 0.000000	0.000000 0.000000	
2 48 10 2.310000	0.019440 0.003184	0.999621 0.000127	0.048793 0.009902	0.000000 0.000000	0.000000 0.000000	0.000000 0.000000	0.000000 0.000000	0.000000 0.000000	0.000000 0.000000	0.000000 0.000000	0.000000 0.000000	
2 48 10 2.320000	0.020352 0.007201	0.999579 0.000306	0.048747 0.008696	0.000000 0.000000	0.000000 0.000000	0.000000 0.000000	0.000000 0.000000	0.000000 0.000000	0.000000 0.000000	0.000000 0.000000	0.000000 0.000000	
2 48 10 2.330000	0.020479 0.006680	0.999574 0.000286	0.049976 0.005343	0.000000 0.000000	0.000000 0.000000	0.000000 0.000000	0.000000 0.000000	0.000000 0.000000	0.000000 0.000000	0.000000 0.000000	0.000000 0.000000	
2 48 10 2.340000	0.019977 0.004993	0.999596 0.000198	0.051246 0.009749	0.000000 0.000000	0.000000 0.000000	0.000000 0.000000	0.000000 0.000000	0.000000 0.000000	0.000000 0.000000	0.000000 0.000000	0.000000 0.000000	
2 48 10 2.350000	0.022586 0.003578	0.999488 0.000159	0.048929 0.009815	0.000000 0.000000	0.000000 0.000000	0.000000 0.000000	0.000000 0.000000	0.000000 0.000000	0.000000 0.000000	0.000000 0.000000	0.000000 0.000000	
2 48 10 2.360000	0.019997 0.008540	0.999592 0.000341	0.053764 0.008569	0.000000 0.000000	0.000000 0.000000	0.000000 0.000000	0.000000 0.000000	0.000000 0.000000	0.000000 0.000000	0.000000 0.000000	0.000000 0.000000	
2 48 10 2.370000	0.021478 0.009619	0.999526 0.000384	0.051149 0.009762	0.000000 0.000000	0.000000 0.000000	0.000000 0.000000	0.000000 0.000000	0.000000 0.000000	0.000000 0.000000	0.000000 0.000000	0.000000 0.000000	
2 48 10 2.380000	0.019698 0.005355	0.999608 0.000196	0.049792 0.007867	0.000000 0.000000	0.000000 0.000000	0.000000 0.000000	0.000000 0.000000	0.000000 0.000000	0.000000 0.000000	0.000000 0.000000	0.000000 0.000000	
2 48 10 2.390000	0.019154 0.006981	0.999627 0.000277	0.048504 0.008715	0.000000 0.000000	0.000000 0.000000	0.000000 0.000000	0.000000 0.000000	0.000000 0.000000	0.000000 0.000000	0.000000 0.000000	0.000000 0.000000	
2 48 10 2.400000	0.023478 0.006922	0.999442 0.000333	0.052178 0.009681	0.000000 0.000000	0.000000 0.000000	0.000000 0.000000	0.000000 0.000000	0.000000 0.000000	0.000000 0.000000	0.000000 0.000000	0.000000 0.000000	
2 48 10 2.410000	0.020162 0.007845	0.999587 0.000315	0.046758 0.006032	0.000000 0.000000	0.000000 0.000000	0.000000 0.000000	0.000000 0.000000	0.000000 0.000000	0.000000 0.000000	0.000000 0.000000	0.000000 0.000000	
2 48 10 2.420000	0.019395 0.002455	0.999623 0.000093	0.046801 0.007754	0.000000 0.000000	0.000000 0.000000	0.000000 0.000000	0.000000 0.000000	0.000000 0.000000	0.000000 0.000000	0.000000 0.000000	0.000000 0.000000	
2 48 10 2.430000	0.021383 0.007526	0.999535 0.000343	0.047182 0.008679	0.000000 0.000000	0.000000 0.000000	0.000000 0.000000	0.000000 0.000000	0.000000 0.000000	0.000000 0.000000	0.000000 0.000000	0.000000 0.000000	
2 48 10 2.440000	0.019911 0.008469	0.999595 0.000343	0.044834 0.009500	0.000000 0.000000	0.000000 0.000000	0.000000 0.000000	0.000000 0.000000	0.000000 0.000000	0.000000 0.000000	0.000000 0.000000	0.000000 0.000000	
2 48 10 2.450000	0.022633 0.008400	0.999477 0.000371	0.046892 0.008087	0.000000 0.000000	0.000000 0.000000	0.000000 0.000000	0.000000 0.000000	0.000000 0.000000	0.000000 0.000000	0.000000 0.000000	0.000000 0.000000	
2 48 10 2.460000	0.020141 0.007586	0.999586 0.000324	0.046086 0.008536	0.000000 0.000000	0.000000 0.000000	0.000000 0.000000	0.000000 0.000000	0.000000 0.000000	0.000000 0.000000	0.000000 0.000000	0.000000 0.000000	
2 48 10 2.470000	0.020567 0.007956	0.999568 0.000334	0.048289 0.006142	0.000000 0.000000	0.000000 0.000000	0.000000 0.000000	0.000000 0.000000	0.000000 0.000000	0.000000 0.000000	0.000000 0.000000	0.000000 0.000000	
2 48 10 2.480000	0.020675 0.006587	0.999568 0.000275	0.045575 0.008889	0.000000 0.000000	0.000000 0.000000	0.000000 0.000000	0.000000 0.000000	0.000000 0.000000	0.000000 0.000000	0.000000 0.000000	0.000000 0.000000	
2 48 10 2.490000	0.017934 0.007914	0.999669 0.000316	0.043706 0.008269	0.001984 0.009919	0.000000 0.000000	0.000000 0.000000	0.000000 0.000000	0.000000 0.000000	0.000000 0.000000	0.000000 0.000000	0.001979 0.009897	
2 48 10 2.500000	0.020425 0.008420	0.999574 0.000323	0.046256 0.005894	0.000000 0.000000	0.000000 0.000000	0.000000 0.000000	0.000000 0.000000	0.000000 0.000000	0.000000 0.000000	0.000000 0.000000	0.000000 0.000000	
