0.500000	0.993082 0.006826	0.006890 0.009961	0.000759 0.009886	0.001692 0.001587	0.000429 0.003680	-0.000333 0.005305	0.001912 0.002578	0.001188 0.003400	0.000936 0.003494	0.001840 0.007262	0.000409 0.005207	
0.600000	0.978881 0.005117	0.021806 0.009007	0.004805 0.007476	0.000643 0.009468	-0.000010 0.009918	-0.000502 0.007604	-0.001932 0.005594	0.001128 0.007087	-0.001289 0.003364	0.002743 0.005346	0.002140 0.005870	
0.700000	0.871043 0.009974	0.112213 0.007059	0.047463 0.005947	0.024269 0.003672	0.014675 0.003267	0.009498 0.005588	0.005845 0.003408	0.004244 0.004935	0.002713 0.003813	0.002181 0.001510	0.001583 0.002469	
0.800000	0.035154 0.000887	0.047784 0.009231	0.033902 0.003704	0.027304 0.005709	0.027748 0.004558	0.028282 0.009433	0.025685 0.008001	0.028871 0.008816	0.027330 0.003717	0.026004 0.009095	0.028601 0.008420	
0.900000	0.029288 0.003294	0.043967 0.009710	0.029206 0.003877	0.030137 0.005021	0.028026 0.002346	0.027860 0.009865	0.027575 0.003236	0.028618 0.005766	0.027768 0.003003	0.028067 0.006174	0.028953 0.008342	
1.000000	0.024660 0.007502	0.043294 0.009890	0.028720 0.007430	0.028786 0.007785	0.029287 0.006481	0.026320 0.008614	0.027186 0.006003	0.028473 0.009510	0.027349 0.009960	0.028579 0.008993	0.027469 0.009290	
1.100000	0.025295 0.002561	0.041572 0.008907	0.029366 0.006260	0.027606 0.005939	0.027733 0.003385	0.026905 0.006288	0.026638 0.005987	0.027647 0.004319	0.028986 0.002497	0.028821 0.005111	0.028491 0.003857	
1.200000	0.020445 0.007979	0.041207 0.009426	0.030542 0.009981	0.026911 0.005625	0.028256 0.009472	0.027375 0.008669	0.027955 0.007783	0.029150 0.009767	0.028369 0.005594	0.028466 0.005154	0.025753 0.003179	
1.300000	0.021878 0.002223	0.040433 0.009667	0.029382 0.008635	0.026717 0.003102	0.028905 0.007022	0.027662 0.005313	0.027675 0.005377	0.028493 0.009217	0.026926 0.007496	0.029601 0.003493	0.028074 0.005838	
1.400000	0.022176 0.006967	0.044096 0.009960	0.027279 0.008380	0.029771 0.008427	0.026151 0.005807	0.027180 0.008117	0.026101 0.006928	0.025750 0.002882	0.026974 0.005557	0.027111 0.005883	0.026621 0.006099	
1.500000	0.021881 0.005713	0.042098 0.008897	0.027830 0.003141	0.028852 0.007542	0.028077 0.005852	0.028722 0.004296	0.027423 0.006412	0.027969 0.005223	0.028069 0.005712	0.027534 0.005807	0.027389 0.008057	
1.600000	0.022137 0.004954	0.042462 0.009452	0.027416 0.007299	0.026065 0.006964	0.028166 0.005003	0.026697 0.005428	0.026475 0.005889	0.026396 0.006077	0.028243 0.008137	0.029601 0.007519	0.029150 0.006159	
1.700000	0.021585 0.007170	0.039319 0.009152	0.026816 0.004078	0.027884 0.006362	0.026743 0.002489	0.029438 0.009464	0.023650 0.007159	0.027092 0.004838	0.029456 0.005455	0.026223 0.003190	0.030399 0.007086	
1.800000	0.020546 0.003429	0.041960 0.008545	0.027067 0.007506	0.030653 0.006301	0.027317 0.006643	0.026632 0.007741	0.026201 0.005708	0.027476 0.006410	0.027641 0.006114	0.027183 0.006040	0.026869 0.009180	
1.900000	0.019902 0.004342	0.042376 0.009436	0.029141 0.004171	0.026380 0.008295	0.027116 0.002952	0.028608 0.007111	0.026374 0.006903	0.028169 0.009137	0.029099 0.007232	0.027611 0.008082	0.027069 0.008425	
2.000000	0.019555 0.009203	0.036741 0.009926	0.027945 0.007387	0.026288 0.002782	0.026047 0.006128	0.028468 0.006266	0.026774 0.006383	0.027443 0.007273	0.026344 0.008288	0.029068 0.007011	0.028207 0.008799	
2.100000	0.020412 0.003547	0.038910 0.008685	0.025720 0.006514	0.027453 0.005817	0.027711 0.009600	0.025759 0.007794	0.029377 0.007902	0.028988 0.002325	0.025100 0.004110	0.026605 0.006965	0.025862 0.005916	
2.200000	0.018958 0.001958	0.041475 0.008669	0.027796 0.007156	0.029512 0.006412	0.026176 0.009721	0.028791 0.005585	0.026734 0.003891	0.027537 0.004236	0.028430 0.001994	0.027342 0.004987	0.028603 0.004613	
2.300000	0.019448 0.006247	0.039755 0.009878	0.024743 0.006495	0.027763 0.006283	0.027598 0.004334	0.026454 0.005223	0.028553 0.005181	0.028235 0.005625	0.029071 0.008132	0.027567 0.005523	0.028188 0.006646	
2.400000	0.020345 0.008951	0.036705 0.008846	0.025980 0.005665	0.025540 0.005788	0.028162 0.008105	0.029786 0.006027	0.025340 0.003914	0.027814 0.007549	0.032766 0.009418	0.024575 0.005789	0.026563 0.005632	
2.500000	0.018004 0.001819	0.042619 0.005767	0.029287 0.004995	0.028782 0.003047	0.027298 0.003430	0.026747 0.005785	0.027811 0.002833	0.029475 0.008991	0.028404 0.004989	0.028436 0.009041	0.028799 0.003964	
2.600000	0.020212 0.007142	0.039700 0.009637	0.028357 0.002445	0.027649 0.004670	0.027717 0.009726	0.028247 0.003666	0.027960 0.007007	0.028146 0.003433	0.028259 0.005391	0.028786 0.008080	0.026053 0.002755	
2.700000	0.018138 0.002403	0.038628 0.008874	0.027303 0.006896	0.026963 0.008424	0.027935 0.004763	0.028487 0.003202	0.027670 0.005220	0.026812 0.009328	0.029285 0.009602	0.026108 0.005267	0.028652 0.005829	
2.800000	0.020211 0.002848	0.039727 0.009923	0.026763 0.009065	0.027536 0.004880	0.029163 0.004812	0.027280 0.005516	0.024832 0.008055	0.028361 0.003752	0.026960 0.009445	0.027198 0.007467	0.029089 0.008282	
2.900000	0.018389 0.003794	0.038616 0.007065	0.026582 0.003406	0.029200 0.007584	0.030677 0.007860	0.027928 0.009393	0.028454 0.005846	0.025945 0.003821	0.027649 0.008098	0.026898 0.008577	0.027298 0.008068	
3.000000	0.018621 0.003045	0.040113 0.009972	0.025800 0.008747	0.028064 0.006690	0.026161 0.004387	0.027221 0.006436	0.026463 0.007179	0.027768 0.008502	0.027960 0.008063	0.028626 0.006505	0.029500 0.005159	
3.100000	0.019441 0.006067	0.039137 0.003995	0.027741 0.009491	0.027106 0.004283	0.027828 0.002472	0.028540 0.005622	0.026169 0.004817	0.026701 0.005517	0.028332 0.005683	0.029691 0.004885	0.027112 0.007911	
3.200000	0.019229 0.007293	0.041581 0.009182	0.027738 0.005957	0.028471 0.008694	0.027695 0.005575	0.027268 0.003907	0.028315 0.004886	0.028961 0.007664	0.028642 0.005711	0.029084 0.009938	0.027003 0.004374	
3.300000	0.019808 0.003136	0.040465 0.008867	0.027468 0.006418	0.029867 0.007893	0.028303 0.004507	0.027517 0.004103	0.027670 0.008774	0.027209 0.006433	0.026348 0.004265	0.028453 0.003571	0.028182 0.004580	
3.400000	0.019758 0.005297	0.039180 0.006299	0.026192 0.009615	0.026171 0.009788	0.028268 0.004820	0.028910 0.006261	0.028909 0.008877	0.027788 0.002517	0.026501 0.004394	0.024853 0.005965	0.025372 0.007624	
3.500000	0.019588 0.005365	0.040305 0.007928	0.026702 0.006300	0.027415 0.009865	0.028461 0.008176	0.027449 0.005640	0.026828 0.009073	0.027636 0.006066	0.027071 0.006443	0.029413 0.004101	0.027808 0.007820	
3.600000	0.018954 0.003702	0.037927 0.009004	0.026705 0.003922	0.025683 0.005026	0.028393 0.004925	0.026875 0.004911	0.028180 0.003420	0.026899 0.004803	0.027516 0.005194	0.026675 0.002771	0.029943 0.005314	
3.700000	0.019208 0.004864	0.041467 0.003068	0.026292 0.007100	0.028707 0.005860	0.028905 0.005859	0.028932 0.006262	0.027444 0.009848	0.025947 0.003395	0.027978 0.008116	0.027460 0.002226	0.029412 0.003647	
3.800000	0.019151 0.004863	0.044454 0.006328	0.028803 0.008244	0.027636 0.009990	0.026382 0.006709	0.026736 0.008186	0.027857 0.003596	0.030030 0.009392	0.027557 0.005488	0.028859 0.008520	0.026840 0.006725	
3.900000	0.019531 0.002459	0.040760 0.009857	0.026846 0.002378	0.028391 0.005624	0.025841 0.008499	0.026734 0.004000	0.026640 0.005266	0.026413 0.005857	0.027842 0.004012	0.027426 0.005711	0.028292 0.005096	
4.000000	0.019325 0.003588	0.041403 0.008773	0.029586 0.006590	0.027848 0.009628	0.026321 0.004673	0.027274 0.005446	0.029052 0.007940	0.026200 0.006239	0.027914 0.004997	0.027557 0.007273	0.027000 0.003256	
