5 10 3 0.400000	1.000000 0.000000	0.000000 0.000000	0.000000 0.000000	0.000000 0.000000	0.000000 0.000000	0.000000 0.000000	
5 10 3 0.410000	1.000000 0.000000	0.000000 0.000000	0.000000 0.000000	0.000000 0.000000	0.000000 0.000000	0.000000 0.000000	
5 10 3 0.420000	1.000000 0.000000	0.000000 0.000000	0.000000 0.000000	0.000000 0.000000	0.000000 0.000000	0.000000 0.000000	
5 10 3 0.430000	0.999988 0.000060	0.000000 0.000000	0.000000 0.000000	0.000000 0.000000	0.000000 0.000000	0.000000 0.000000	
5 10 3 0.440000	1.000000 0.000000	0.000000 0.000000	0.000000 0.000000	0.000000 0.000000	0.000000 0.000000	0.000000 0.000000	
5 10 3 0.450000	1.000000 0.000000	0.000000 0.000000	0.000000 0.000000	0.000000 0.000000	0.000000 0.000000	0.000000 0.000000	
5 10 3 0.460000	1.000000 0.000000	0.000000 0.000000	0.000000 0.000000	0.000000 0.000000	0.000000 0.000000	0.000000 0.000000	
5 10 3 0.470000	1.000000 0.000000	0.000000 0.000000	0.000000 0.000000	0.000000 0.000000	0.000000 0.000000	0.000000 0.000000	
5 10 3 0.480000	1.000000 0.000000	0.000000 0.000000	0.000000 0.000000	0.000000 0.000000	0.000000 0.000000	0.000000 0.000000	
5 10 3 0.490000	1.000000 0.000000	0.000000 0.000000	0.000000 0.000000	0.000000 0.000000	0.000000 0.000000	0.000000 0.000000	
5 10 3 0.500000	1.000000 0.000000	0.000000 0.000000	0.000000 0.000000	0.000000 0.000000	0.000000 0.000000	0.000000 0.000000	
5 10 3 0.510000	1.000000 0.000000	0.000000 0.000000	0.000000 0.000000	0.000000 0.000000	0.000000 0.000000	0.000000 0.000000	
5 10 3 0.520000	1.000000 0.000000	0.000000 0.000000	0.000000 0.000000	0.000000 0.000000	0.000000 0.000000	0.000000 0.000000	
5 10 3 0.530000	1.000000 0.000000	0.000000 0.000000	0.000000 0.000000	0.000000 0.000000	0.000000 0.000000	0.000000 0.000000	
5 10 3 0.540000	1.000000 0.000000	0.000000 0.000000	0.000000 0.000000	0.000000 0.000000	0.000000 0.000000	0.000000 0.000000	
5 10 3 0.550000	1.000000 0.000000	0.000000 0.000000	0.000000 0.000000	0.000000 0.000000	0.000000 0.000000	0.000000 0.000000	
5 10 3 0.560000	1.000000 0.000000	0.000000 0.000000	0.000000 0.000000	0.000000 0.000000	0.000000 0.000000	0.000000 0.000000	
5 10 3 0.570000	1.000000 0.000000	0.000000 0.000000	0.000000 0.000000	0.000000 0.000000	0.000000 0.000000	0.000000 0.000000	
5 10 3 0.580000	1.000000 0.000000	0.000000 0.000000	0.000000 0.000000	0.000000 0.000000	0.000000 0.000000	0.000000 0.000000	
5 10 3 0.590000	1.000000 0.000000	0.000000 0.000000	0.000000 0.000000	0.000000 0.000000	0.000000 0.000000	0.000000 0.000000	
5 10 3 0.600000	1.000000 0.000000	0.000000 0.000000	0.000000 0.000000	0.000000 0.000000	0.000000 0.000000	0.000000 0.000000	
5 10 3 0.610000	1.000000 0.000000	0.000000 0.000000	0.000000 0.000000	0.000000 0.000000	0.000000 0.000000	0.000000 0.000000	
5 10 3 0.620000	1.000000 0.000000	0.000000 0.000000	0.000000 0.000000	0.000000 0.000000	0.000000 0.000000	0.000000 0.000000	
5 10 3 0.630000	1.000000 0.000000	0.000000 0.000000	0.000000 0.000000	0.000000 0.000000	0.000000 0.000000	0.000000 0.000000	
5 10 3 0.640000	1.000000 0.000000	0.000000 0.000000	0.000000 0.000000	0.000000 0.000000	0.000000 0.000000	0.000000 0.000000	
5 10 3 0.650000	1.000000 0.000000	0.000000 0.000000	0.000000 0.000000	0.000000 0.000000	0.000000 0.000000	0.000000 0.000000	
5 10 3 0.660000	1.000000 0.000000	0.000000 0.000000	0.000000 0.000000	0.000000 0.000000	0.000000 0.000000	0.000000 0.000000	
5 10 3 0.670000	1.000000 0.000000	0.000000 0.000000	0.000000 0.000000	0.000000 0.000000	0.000000 0.000000	0.000000 0.000000	
5 10 3 0.680000	0.999997 0.000015	0.000000 0.000000	0.000000 0.000000	0.000000 0.000000	0.000000 0.000000	0.000000 0.000000	
5 10 3 0.690000	1.000000 0.000000	0.000000 0.000000	0.000000 0.000000	0.000000 0.000000	0.000000 0.000000	0.000000 0.000000	
5 10 3 0.700000	0.999997 0.000015	0.000000 0.000000	0.000000 0.000000	0.000000 0.000000	0.000000 0.000000	0.000000 0.000000	
5 10 3 0.710000	0.999997 0.000015	0.000000 0.000000	0.000000 0.000000	0.000000 0.000000	0.000000 0.000000	0.000000 0.000000	
5 10 3 0.720000	0.999997 0.000015	0.000000 0.000000	0.000000 0.000000	0.000000 0.000000	0.000000 0.000000	0.000000 0.000000	
5 10 3 0.730000	1.000000 0.000000	0.000000 0.000000	0.000000 0.000000	0.000000 0.000000	0.000000 0.000000	0.000000 0.000000	
5 10 3 0.740000	0.999997 0.000015	0.000000 0.000000	0.000000 0.000000	0.000000 0.000000	0.000000 0.000000	0.000000 0.000000	
5 10 3 0.750000	0.999997 0.000015	0.000000 0.000000	0.000000 0.000000	0.000000 0.000000	0.000000 0.000000	0.000000 0.000000	
5 10 3 0.760000	0.999988 0.000030	0.000000 0.000000	0.000000 0.000000	0.000000 0.000000	0.000000 0.000000	0.000000 0.000000	
5 10 3 0.770000	0.999997 0.000015	0.000000 0.000000	0.000000 0.000000	0.000000 0.000000	0.000000 0.000000	0.000000 0.000000	
5 10 3 0.780000	0.999997 0.000015	0.000000 0.000000	0.000000 0.000000	0.000000 0.000000	0.000000 0.000000	0.000000 0.000000	
5 10 3 0.790000	0.999994 0.000015	0.000000 0.000000	0.000000 0.000000	0.000000 0.000000	0.000000 0.000000	0.000000 0.000000	
5 10 3 0.800000	0.999976 0.000030	0.000000 0.000000	0.000000 0.000000	0.000000 0.000000	0.000000 0.000000	0.000000 0.000000	
5 10 3 0.810000	0.999994 0.000015	0.000000 0.000000	0.000000 0.000000	0.000000 0.000000	0.000000 0.000000	0.000000 0.000000	
5 10 3 0.820000	0.999991 0.000015	0.000000 0.000000	0.000000 0.000000	0.000000 0.000000	0.000000 0.000000	0.000000 0.000000	
5 10 3 0.830000	0.999988 0.000030	0.000000 0.000000	0.000000 0.000000	0.000000 0.000000	0.000000 0.000000	0.000000 0.000000	
5 10 3 0.840000	0.999982 0.000045	0.000000 0.000000	0.000000 0.000000	0.000000 0.000000	0.000000 0.000000	0.000000 0.000000	
5 10 3 0.850000	0.999970 0.000060	0.000000 0.000000	0.000000 0.000000	0.000000 0.000000	0.000000 0.000000	0.000000 0.000000	
5 10 3 0.860000	0.999541 0.002159	0.000000 0.000000	0.000000 0.000000	0.000000 0.000000	0.000000 0.000000	0.000000 0.000000	
5 10 3 0.870000	0.999970 0.000030	0.000000 0.000000	0.000000 0.000000	0.000000 0.000000	0.000000 0.000000	0.000000 0.000000	
5 10 3 0.880000	0.999973 0.000075	0.000000 0.000000	0.000000 0.000000	0.000000 0.000000	0.000000 0.000000	0.000000 0.000000	
5 10 3 0.890000	0.999940 0.000045	0.000000 0.000000	0.000000 0.000000	0.000000 0.000000	0.000000 0.000000	0.000000 0.000000	
5 10 3 0.900000	0.999949 0.000090	0.000000 0.000000	0.000000 0.000000	0.000000 0.000000	0.000000 0.000000	0.000000 0.000000	
5 10 3 0.910000	0.999364 0.002819	0.000000 0.000000	0.000000 0.000000	0.000000 0.000000	0.000000 0.000000	0.000000 0.000000	
5 10 3 0.920000	0.999946 0.000015	0.000000 0.000000	0.000000 0.000000	0.000000 0.000000	0.000000 0.000000	0.000000 0.000000	
5 10 3 0.930000	0.999958 0.000075	0.000000 0.000000	0.000000 0.000000	0.000000 0.000000	0.000000 0.000000	0.000000 0.000000	
5 10 3 0.940000	0.999928 0.000030	0.000000 0.000000	0.000000 0.000000	0.000000 0.000000	0.000000 0.000000	0.000000 0.000000	
5 10 3 0.950000	0.999916 0.000105	0.000000 0.000000	0.000000 0.000000	0.000000 0.000000	0.000000 0.000000	0.000000 0.000000	
5 10 3 0.960000	0.999916 0.000045	0.000000 0.000000	0.000000 0.000000	0.000000 0.000000	0.000000 0.000000	0.000000 0.000000	
5 10 3 0.970000	0.999901 0.000075	0.000000 0.000000	0.000000 0.000000	0.000000 0.000000	0.000000 0.000000	0.000000 0.000000	
5 10 3 0.980000	0.999907 0.000075	0.000000 0.000000	0.000000 0.000000	0.000000 0.000000	0.000000 0.000000	0.000000 0.000000	
5 10 3 0.990000	0.999865 0.000120	0.000000 0.000000	0.000000 0.000000	0.000000 0.000000	0.000000 0.000000	0.000000 0.000000	
5 10 3 1.000000	0.999865 0.000105	0.000000 0.000000	0.000000 0.000000	0.000000 0.000000	0.000000 0.000000	0.000000 0.000000	
5 10 3 1.010000	0.999835 0.000195	0.000000 0.000000	0.000000 0.000000	0.000000 0.000000	0.000000 0.000000	0.000000 0.000000	
5 10 3 1.020000	0.999877 0.000090	0.000000 0.000000	0.000000 0.000000	0.000000 0.000000	0.000000 0.000000	0.000000 0.000000	
5 10 3 1.030000	0.999775 0.000120	0.000000 0.000000	0.000000 0.000000	0.000000 0.000000	0.000000 0.000000	0.000000 0.000000	
5 10 3 1.040000	0.999793 0.000075	0.000000 0.000000	0.000000 0.000000	0.000000 0.000000	0.000000 0.000000	0.000000 0.000000	
5 10 3 1.050000	0.999763 0.000105	0.000000 0.000000	0.000000 0.000000	0.000000 0.000000	0.000000 0.000000	0.000000 0.000000	
5 10 3 1.060000	0.999772 0.000105	0.000000 0.000000	0.000000 0.000000	0.000000 0.000000	0.000000 0.000000	0.000000 0.000000	
5 10 3 1.070000	0.999760 0.000195	0.000000 0.000000	0.000000 0.000000	0.000000 0.000000	0.000000 0.000000	0.000000 0.000000	
5 10 3 1.080000	0.999679 0.000135	0.000000 0.000000	0.000000 0.000000	0.000000 0.000000	0.000000 0.000000	0.000000 0.000000	
5 10 3 1.090000	0.999733 0.000285	0.000000 0.000000	0.000000 0.000000	0.000000 0.000000	0.000000 0.000000	0.000000 0.000000	
5 10 3 1.100000	0.999661 0.000165	0.000000 0.000000	0.000000 0.000000	0.000000 0.000000	0.000000 0.000000	0.000000 0.000000	
5 10 3 1.110000	0.999655 0.000135	0.000000 0.000000	0.000000 0.000000	0.000000 0.000000	0.000000 0.000000	0.000000 0.000000	
5 10 3 1.120000	0.999676 0.000165	0.000000 0.000000	0.000000 0.000000	0.000000 0.000000	0.000000 0.000000	0.000000 0.000000	
5 10 3 1.130000	0.999547 0.000180	0.000000 0.000000	0.000000 0.000000	0.000000 0.000000	0.000000 0.000000	0.000000 0.000000	
5 10 3 1.140000	0.999559 0.000210	0.000000 0.000000	0.000000 0.000000	0.000000 0.000000	0.000000 0.000000	0.000000 0.000000	
5 10 3 1.150000	0.999541 0.000150	0.000000 0.000000	0.000000 0.000000	0.000000 0.000000	0.000000 0.000000	0.000000 0.000000	
5 10 3 1.160000	0.999442 0.000150	0.000000 0.000000	0.000000 0.000000	0.000000 0.000000	0.000000 0.000000	0.000000 0.000000	
5 10 3 1.170000	0.999481 0.000150	0.000000 0.000000	0.000000 0.000000	0.000000 0.000000	0.000000 0.000000	0.000000 0.000000	
5 10 3 1.180000	0.999448 0.000390	0.000000 0.000000	0.000000 0.000000	0.000000 0.000000	0.000000 0.000000	0.000000 0.000000	
5 10 3 1.190000	0.999394 0.000360	0.000000 0.000000	0.000000 0.000000	0.000000 0.000000	0.000000 0.000000	0.000000 0.000000	
5 10 3 1.200000	0.999355 0.000240	0.000000 0.000000	0.000000 0.000000	0.000000 0.000000	0.000000 0.000000	0.000000 0.000000	
5 10 3 1.210000	0.999211 0.000225	0.000000 0.000000	0.000000 0.000000	0.000000 0.000000	0.000000 0.000000	0.000000 0.000000	
5 10 3 1.220000	0.999049 0.000105	0.000000 0.000000	0.000000 0.000000	0.000000 0.000000	0.000000 0.000000	0.000000 0.000000	
5 10 3 1.230000	0.999082 0.000390	0.000000 0.000000	0.000000 0.000000	0.000000 0.000000	0.000000 0.000000	0.000000 0.000000	
5 10 3 1.240000	0.998956 0.000180	0.000000 0.000000	0.000000 0.000000	0.000000 0.000000	0.000000 0.000000	0.000000 0.000000	
5 10 3 1.250000	0.998989 0.000540	0.000000 0.000000	0.000000 0.000000	0.000000 0.000000	0.000000 0.000000	0.000000 0.000000	
5 10 3 1.260000	0.998938 0.000180	0.000000 0.000000	0.000000 0.000000	0.000000 0.000000	0.000000 0.000000	0.000000 0.000000	
5 10 3 1.270000	0.998656 0.000465	0.000000 0.000000	0.000000 0.000000	0.000000 0.000000	0.000000 0.000000	0.000000 0.000000	
5 10 3 1.280000	0.998728 0.000270	0.000000 0.000000	0.000000 0.000000	0.000000 0.000000	0.000000 0.000000	0.000000 0.000000	
5 10 3 1.290000	0.998728 0.000330	0.000000 0.000000	0.000000 0.000000	0.000000 0.000000	0.000000 0.000000	0.000000 0.000000	
5 10 3 1.300000	0.998671 0.000330	0.000000 0.000000	0.000000 0.000000	0.000000 0.000000	0.000000 0.000000	0.000000 0.000000	
5 10 3 1.310000	0.998560 0.000390	0.000000 0.000000	0.000000 0.000000	0.000000 0.000000	0.000000 0.000000	0.000000 0.000000	
5 10 3 1.320000	0.998320 0.000375	0.000000 0.000000	0.000000 0.000000	0.000000 0.000000	0.000000 0.000000	0.000000 0.000000	
5 10 3 1.330000	0.998401 0.000180	0.000000 0.000000	0.000000 0.000000	0.000000 0.000000	0.000000 0.000000	0.000000 0.000000	
5 10 3 1.340000	0.998359 0.000450	0.000000 0.000000	0.000000 0.000000	0.000000 0.000000	0.000000 0.000000	0.000000 0.000000	
5 10 3 1.350000	0.997783 0.001770	0.000000 0.000000	0.000000 0.000000	0.000000 0.000000	0.000000 0.000000	0.000000 0.000000	
5 10 3 1.360000	0.998026 0.000465	0.000000 0.000000	0.000000 0.000000	0.000000 0.000000	0.000000 0.000000	0.000000 0.000000	
5 10 3 1.370000	0.997585 0.002324	0.000000 0.000000	0.000000 0.000000	0.000000 0.000000	0.000000 0.000000	0.000000 0.000000	
5 10 3 1.380000	0.997393 0.001859	0.000000 0.000000	0.000000 0.000000	0.000000 0.000000	0.000000 0.000000	0.000000 0.000000	
5 10 3 1.390000	0.997729 0.000750	0.000000 0.000000	0.000000 0.000000	0.000000 0.000000	0.000000 0.000000	0.000000 0.000000	
5 10 3 1.400000	0.997483 0.000705	0.000000 0.000000	0.000000 0.000000	0.000000 0.000000	0.000000 0.000000	0.000000 0.000000	
5 10 3 1.410000	0.997435 0.000480	0.000000 0.000000	0.000000 0.000000	0.000000 0.000000	0.000000 0.000000	0.000000 0.000000	
5 10 3 1.420000	0.997315 0.000420	0.000000 0.000000	0.000000 0.000000	0.000000 0.000000	0.000000 0.000000	0.000000 0.000000	
5 10 3 1.430000	0.997213 0.000825	0.000000 0.000000	0.000000 0.000000	0.000000 0.000000	0.000000 0.000000	0.000000 0.000000	
5 10 3 1.440000	0.997144 0.000525	0.000000 0.000000	0.000000 0.000000	0.000000 0.000000	0.000000 0.000000	0.000000 0.000000	
5 10 3 1.450000	0.996922 0.000330	0.000000 0.000000	0.000000 0.000000	0.000000 0.000000	0.000000 0.000000	0.000000 0.000000	
5 10 3 1.460000	0.996661 0.000570	0.000000 0.000000	0.000000 0.000000	0.000000 0.000000	0.000000 0.000000	0.000000 0.000000	
5 10 3 1.470000	0.996478 0.001095	0.000000 0.000000	0.000000 0.000000	0.000000 0.000000	0.000000 0.000000	0.000000 0.000000	
5 10 3 1.480000	0.996067 0.001350	0.000000 0.000000	0.000000 0.000000	0.000000 0.000000	0.000000 0.000000	0.000000 0.000000	
5 10 3 1.490000	0.996382 0.000345	0.000000 0.000000	0.000000 0.000000	0.000000 0.000000	0.000000 0.000000	0.000000 0.000000	
5 10 3 1.500000	0.996118 0.000135	0.000000 0.000000	0.000000 0.000000	0.000000 0.000000	0.000000 0.000000	0.000000 0.000000	
5 10 3 1.510000	0.995833 0.001005	0.000000 0.000000	0.000000 0.000000	0.000000 0.000000	0.000000 0.000000	0.000000 0.000000	
5 10 3 1.520000	0.995638 0.000480	0.000000 0.000000	0.000000 0.000000	0.000000 0.000000	0.000000 0.000000	0.000000 0.000000	
5 10 3 1.530000	0.995380 0.000570	0.000000 0.000000	0.000000 0.000000	0.000000 0.000000	0.000000 0.000000	0.000000 0.000000	
5 10 3 1.540000	0.995131 0.000480	0.000000 0.000000	0.000000 0.000000	0.000000 0.000000	0.000000 0.000000	0.000000 0.000000	
5 10 3 1.550000	0.995023 0.000063	0.000000 0.000000	0.000000 0.000000	0.000000 0.000000	0.000000 0.000000	0.000000 0.000000	
5 10 3 1.560000	0.994766 0.000414	0.010441 0.000824	0.000000 0.000000	0.000000 0.000000	0.000000 0.000000	0.000000 0.000000	
5 10 3 1.570000	0.994702 0.000690	0.010568 0.001373	0.000000 0.000000	0.000000 0.000000	0.000000 0.000000	0.000000 0.000000	
5 10 3 1.580000	0.994072 0.000975	0.011821 0.001938	0.000000 0.000000	0.000000 0.000000	0.000000 0.000000	0.000000 0.000000	
5 10 3 1.590000	0.994159 0.000765	0.011648 0.001521	0.000000 0.000000	0.000000 0.000000	0.000000 0.000000	0.000000 0.000000	
5 10 3 1.600000	0.993664 0.000990	0.012632 0.001967	0.000000 0.000000	0.000000 0.000000	0.000000 0.000000	0.000000 0.000000	
5 10 3 1.610000	0.993454 0.000615	0.013049 0.001222	0.000000 0.000000	0.000000 0.000000	0.000000 0.000000	0.000000 0.000000	
5 10 3 1.620000	0.993205 0.000525	0.013544 0.001043	0.000000 0.000000	0.000000 0.000000	0.000000 0.000000	0.000000 0.000000	
5 10 3 1.630000	0.993262 0.001560	0.013430 0.003098	0.000000 0.000000	0.000000 0.000000	0.000000 0.000000	0.000000 0.000000	
5 10 3 1.640000	0.992719 0.001125	0.014509 0.002234	0.000000 0.000000	0.000000 0.000000	0.000000 0.000000	0.000000 0.000000	
5 10 3 1.650000	0.992434 0.000705	0.015075 0.001399	0.000000 0.000000	0.000000 0.000000	0.000000 0.000000	0.000000 0.000000	
5 10 3 1.660000	0.992188 0.000945	0.015563 0.001875	0.000000 0.000000	0.000000 0.000000	0.000000 0.000000	0.000000 0.000000	
5 10 3 1.670000	0.992092 0.000855	0.015753 0.001696	0.000000 0.000000	0.000000 0.000000	0.000000 0.000000	0.000000 0.000000	
5 10 3 1.680000	0.991411 0.001425	0.017104 0.002826	0.000000 0.000000	0.000000 0.000000	0.000000 0.000000	0.000000 0.000000	
5 10 3 1.690000	0.991375 0.000810	0.017175 0.001606	0.000000 0.000000	0.000000 0.000000	0.000000 0.000000	0.000000 0.000000	
5 10 3 1.700000	0.990820 0.001305	0.018275 0.002585	0.000000 0.000000	0.000000 0.000000	0.000000 0.000000	0.000000 0.000000	
5 10 3 1.710000	0.990292 0.000765	0.019322 0.001515	0.000000 0.000000	0.000000 0.000000	0.000000 0.000000	0.000000 0.000000	
5 10 3 1.720000	0.990244 0.000420	0.019417 0.000832	0.000000 0.000000	0.000000 0.000000	0.000000 0.000000	0.000000 0.000000	
5 10 3 1.730000	0.989884 0.000885	0.020130 0.001752	0.000000 0.000000	0.000000 0.000000	0.000000 0.000000	0.000000 0.000000	
5 10 3 1.740000	0.989461 0.000975	0.020967 0.001930	0.000000 0.000000	0.000000 0.000000	0.000000 0.000000	0.000000 0.000000	
5 10 3 1.750000	0.989047 0.001695	0.021786 0.003353	0.000000 0.000000	0.000000 0.000000	0.000000 0.000000	0.000000 0.000000	
5 10 3 1.760000	0.988309 0.001050	0.023245 0.002075	0.000000 0.000000	0.000000 0.000000	0.000000 0.000000	0.000000 0.000000	
5 10 3 1.770000	0.988210 0.000690	0.023441 0.001364	0.000000 0.000000	0.000000 0.000000	0.000000 0.000000	0.000000 0.000000	
5 10 3 1.780000	0.987949 0.000705	0.023957 0.001393	0.000000 0.000000	0.000000 0.000000	0.000000 0.000000	0.000000 0.000000	
5 10 3 1.790000	0.987505 0.000615	0.024834 0.001215	0.000000 0.000000	0.000000 0.000000	0.000000 0.000000	0.000000 0.000000	
5 10 3 1.800000	0.986983 0.001545	0.025864 0.003050	0.000000 0.000000	0.000000 0.000000	0.000000 0.000000	0.000000 0.000000	
5 10 3 1.810000	0.986617 0.001170	0.026587 0.002309	0.000000 0.000000	0.000000 0.000000	0.000000 0.000000	0.000000 0.000000	
5 10 3 1.820000	0.985807 0.000675	0.028184 0.001331	0.000000 0.000000	0.000000 0.000000	0.000000 0.000000	0.000000 0.000000	
5 10 3 1.830000	0.985524 0.001342	0.028743 0.002646	0.000000 0.000000	0.000000 0.000000	0.000000 0.000000	0.000000 0.000000	
5 10 3 1.840000	0.985237 0.000750	0.029308 0.001478	0.000000 0.000000	0.000000 0.000000	0.000000 0.000000	0.000000 0.000000	
5 10 3 1.850000	0.984979 0.000495	0.029816 0.000975	0.000000 0.000000	0.000000 0.000000	0.000000 0.000000	0.000000 0.000000	
5 10 3 1.860000	0.984481 0.001275	0.030797 0.002510	0.000000 0.000000	0.000000 0.000000	0.000000 0.000000	0.000000 0.000000	
5 10 3 1.870000	0.983944 0.001223	0.031854 0.002405	0.000000 0.000000	0.000000 0.000000	0.000000 0.000000	0.000000 0.000000	
5 10 3 1.880000	0.983260 0.001500	0.033199 0.002949	0.000000 0.000000	0.000000 0.000000	0.000000 0.000000	0.000000 0.000000	
5 10 3 1.890000	0.982603 0.000983	0.034491 0.001931	0.000000 0.000000	0.000000 0.000000	0.000000 0.000000	0.000000 0.000000	
5 10 3 1.900000	0.982228 0.001455	0.035228 0.002859	0.000000 0.000000	0.000000 0.000000	0.000000 0.000000	0.000000 0.000000	
5 10 3 1.910000	0.981820 0.000705	0.036029 0.001384	0.000000 0.000000	0.000000 0.000000	0.000000 0.000000	0.000000 0.000000	
5 10 3 1.920000	0.980224 0.003119	0.039159 0.006115	0.000000 0.000000	0.000000 0.000000	0.000000 0.000000	0.000000 0.000000	
5 10 3 1.930000	0.980740 0.000840	0.038149 0.001648	0.000976 0.004878	0.000000 0.000000	0.000000 0.000000	0.000000 0.000000	
5 10 3 1.940000	0.979734 0.001095	0.040122 0.002145	0.000000 0.000000	0.000000 0.000000	0.000000 0.000000	0.000000 0.000000	
5 10 3 1.950000	0.979519 0.000795	0.040542 0.001558	0.000000 0.000000	0.000000 0.000000	0.000000 0.000000	0.000000 0.000000	
5 10 3 1.960000	0.977854 0.003928	0.043799 0.007675	0.000000 0.000000	0.000000 0.000000	0.000000 0.000000	0.000000 0.000000	
5 10 3 1.970000	0.977479 0.001740	0.044534 0.003403	0.000000 0.000000	0.000000 0.000000	0.000000 0.000000	0.000000 0.000000	
5 10 3 1.980000	0.977581 0.002145	0.044335 0.004193	0.000000 0.000000	0.000000 0.000000	0.000000 0.000000	0.000000 0.000000	
5 10 3 1.990000	0.976999 0.002370	0.045472 0.004629	0.000000 0.000000	0.000000 0.000000	0.000000 0.000000	0.000000 0.000000	
5 10 3 2.000000	0.976171 0.002055	0.047089 0.004012	0.000000 0.000000	0.000000 0.000000	0.000000 0.000000	0.001944 0.009719	
5 10 3 2.010000	0.975403 0.001395	0.048589 0.002721	0.000000 0.000000	0.000000 0.000000	0.000000 0.000000	0.000000 0.000000	
5 10 3 2.020000	0.974539 0.001050	0.050273 0.002046	0.000000 0.000000	0.000000 0.000000	0.000000 0.000000	0.000000 0.000000	
5 10 3 2.030000	0.973939 0.000566	0.051443 0.001103	0.000000 0.000000	0.000000 0.000000	0.000000 0.000000	0.000000 0.000000	
5 10 3 2.040000	0.973267 0.000728	0.052751 0.001416	0.000000 0.000000	0.000000 0.000000	0.000000 0.000000	0.000000 0.000000	
5 10 3 2.050000	0.972634 0.002505	0.053982 0.004871	0.000000 0.000000	0.000000 0.000000	0.000000 0.000000	0.000000 0.000000	
5 10 3 2.060000	0.971092 0.002700	0.056979 0.005243	0.000000 0.000000	0.000000 0.000000	0.000000 0.000000	0.000000 0.000000	
5 10 3 2.070000	0.970695 0.002377	0.057751 0.004613	0.000000 0.000000	0.000000 0.000000	0.000000 0.000000	0.000000 0.000000	
5 10 3 2.080000	0.970030 0.003471	0.059040 0.006730	0.000000 0.000000	0.000000 0.000000	0.000000 0.000000	0.000000 0.000000	
5 10 3 2.090000	0.969315 0.001732	0.060429 0.003358	0.000000 0.000000	0.000000 0.000000	0.000000 0.000000	0.000000 0.000000	
5 10 3 2.100000	0.968554 0.001455	0.061903 0.002819	0.000000 0.000000	0.000000 0.000000	0.000000 0.000000	0.000000 0.000000	
5 10 3 2.110000	0.967557 0.001282	0.063834 0.002481	0.000000 0.000000	0.001173 0.005866	0.000000 0.000000	0.000000 0.000000	
5 10 3 2.120000	0.966984 0.002273	0.064942 0.004395	0.000000 0.000000	0.000000 0.000000	0.000000 0.000000	0.000000 0.000000	
5 10 3 2.130000	0.966286 0.001155	0.066291 0.002232	0.000000 0.000000	0.000000 0.000000	0.000000 0.000000	0.000000 0.000000	
5 10 3 2.140000	0.965404 0.002992	0.067994 0.005777	0.000000 0.000000	0.000000 0.000000	0.000000 0.000000	0.000000 0.000000	
5 10 3 2.150000	0.964347 0.001448	0.070035 0.002792	0.001992 0.009961	0.000000 0.000000	0.000000 0.000000	0.000000 0.000000	
5 10 3 2.160000	0.963217 0.000346	0.072213 0.000666	0.000000 0.000000	0.000000 0.000000	0.000000 0.000000	0.000000 0.000000	
5 10 3 2.170000	0.961897 0.001492	0.074754 0.002871	0.000000 0.000000	0.000000 0.000000	0.000000 0.000000	0.000000 0.000000	
5 10 3 2.180000	0.960551 0.003694	0.077339 0.007091	0.000000 0.000000	0.000000 0.000000	0.000000 0.000000	0.000000 0.000000	
5 10 3 2.190000	0.960504 0.001972	0.077432 0.003788	0.000000 0.000000	0.000000 0.000000	0.000000 0.000000	0.000000 0.000000	
5 10 3 2.200000	0.958567 0.003315	0.081148 0.006356	0.000000 0.000000	0.000000 0.000000	0.000000 0.000000	0.000000 0.000000	
5 10 3 2.210000	0.958710 0.000240	0.080876 0.000461	0.000000 0.000000	0.000000 0.000000	0.000000 0.000000	0.000000 0.000000	
5 10 3 2.220000	0.957172 0.001755	0.083821 0.003359	0.000000 0.000000	0.000000 0.000000	0.000000 0.000000	0.001650 0.008248	
5 10 3 2.230000	0.956550 0.002325	0.085011 0.004448	0.001378 0.006889	0.000000 0.000000	0.000000 0.000000	0.000000 0.000000	
5 10 3 2.240000	0.955075 0.001297	0.087831 0.002478	0.000000 0.000000	0.000000 0.000000	0.000000 0.000000	0.000000 0.000000	
5 10 3 2.250000	0.954115 0.002215	0.089664 0.004226	0.000000 0.000000	0.000000 0.000000	0.000000 0.000000	0.000000 0.000000	
5 10 3 2.260000	0.952752 0.001695	0.092264 0.003229	0.000000 0.000000	0.000585 0.002923	0.000000 0.000000	0.000000 0.000000	
5 10 3 2.270000	0.952342 0.002145	0.093043 0.004085	0.000708 0.003538	0.000000 0.000000	0.000000 0.000000	0.000000 0.000000	
5 10 3 2.280000	0.950964 0.001110	0.095667 0.002112	0.001992 0.009959	0.000000 0.000000	0.000000 0.000000	0.000000 0.000000	
5 10 3 2.290000	0.949685 0.001455	0.098099 0.002763	0.000000 0.000000	0.000000 0.000000	0.001756 0.008780	0.000000 0.000000	
5 10 3 2.300000	0.948753 0.002423	0.099868 0.004597	0.000000 0.000000	0.000000 0.000000	0.000000 0.000000	0.000000 0.000000	
5 10 3 2.310000	0.947797 0.000990	0.101681 0.001877	0.000000 0.000000	0.000000 0.000000	0.000000 0.000000	0.000000 0.000000	
5 10 3 2.320000	0.945845 0.002113	0.105376 0.003997	0.000000 0.000000	0.000000 0.000000	0.000000 0.000000	0.000000 0.000000	
5 10 3 2.330000	0.944965 0.001650	0.107041 0.003119	0.000000 0.000000	0.000000 0.000000	0.000000 0.000000	0.000000 0.000000	
5 10 3 2.340000	0.943575 0.001095	0.109667 0.002066	0.000000 0.000000	0.000000 0.000000	0.000000 0.000000	0.001693 0.008466	
5 10 3 2.350000	0.942483 0.001605	0.111725 0.003025	0.000000 0.000000	0.000000 0.000000	0.000000 0.000000	0.000000 0.000000	
5 10 3 2.360000	0.940755 0.002640	0.114980 0.004966	0.000000 0.000000	0.000000 0.000000	0.001820 0.009102	0.000000 0.000000	
5 10 3 2.370000	0.939122 0.001275	0.118049 0.002395	0.000000 0.000000	0.000000 0.000000	0.001979 0.009896	0.000000 0.000000	
5 10 3 2.380000	0.938320 0.000772	0.119555 0.001449	0.000000 0.000000	0.000000 0.000000	0.000000 0.000000	0.000000 0.000000	
5 10 3 2.390000	0.936800 0.001082	0.122405 0.002028	0.001931 0.009656	0.000000 0.000000	0.000000 0.000000	0.000000 0.000000	
5 10 3 2.400000	0.934990 0.001050	0.125793 0.001963	0.001770 0.008848	0.000000 0.000000	0.000000 0.000000	0.000000 0.000000	
5 10 3 2.410000	0.934238 0.001740	0.127198 0.003252	0.000000 0.000000	0.000000 0.000000	0.001862 0.009308	0.000000 0.000000	
5 10 3 2.420000	0.932780 0.001812	0.129920 0.003381	0.000000 0.000000	0.000000 0.000000	0.000000 0.000000	0.000000 0.000000	
5 10 3 2.430000	0.930961 0.002850	0.133310 0.005308	0.000000 0.000000	0.000000 0.000000	0.000000 0.000000	0.000000 0.000000	
5 10 3 2.440000	0.929460 0.001073	0.136104 0.001996	0.000000 0.000000	0.000000 0.000000	0.000000 0.000000	0.001868 0.009341	
5 10 3 2.450000	0.927820 0.002590	0.139149 0.004806	0.000000 0.000000	0.000000 0.000000	0.000000 0.000000	0.000000 0.000000	
5 10 3 2.460000	0.926078 0.001499	0.142379 0.002778	0.001741 0.008706	0.000000 0.000000	0.000000 0.000000	0.000000 0.000000	
5 10 3 2.470000	0.925183 0.001083	0.144037 0.002003	0.000000 0.000000	0.000000 0.000000	0.000000 0.000000	0.000000 0.000000	
5 10 3 2.480000	0.922385 0.002310	0.149205 0.004260	0.000000 0.000000	0.000000 0.000000	0.000000 0.000000	0.000000 0.000000	
5 10 3 2.490000	0.921537 0.002145	0.150768 0.003955	0.001647 0.008234	0.000000 0.000000	0.001942 0.009712	0.000000 0.000000	
5 10 3 2.500000	0.920041 0.001645	0.153523 0.003026	0.001007 0.005033	0.000000 0.000000	0.000000 0.000000	0.000000 0.000000	
