4 24 100 0.000000	0.998255 0.005002	0.003482 0.009981	0.000876 0.002476	0.000155 0.000465	0.000000 0.000000	0.000071 0.000212	0.000000 0.000000	0.000155 0.000465	0.000768 0.002305	0.000320 0.000749	0.000000 0.000000	
4 24 100 0.010000	0.974004 0.004875	0.051312 0.009502	0.000000 0.000000	0.000000 0.000000	0.000000 0.000000	0.000000 0.000000	0.000000 0.000000	0.000000 0.000000	0.001906 0.005719	0.000000 0.000000	0.000000 0.000000	
4 24 100 0.020000	0.983898 0.004285	0.031941 0.008432	0.000000 0.000000	0.002200 0.005942	0.000000 0.000000	0.000998 0.002995	0.000000 0.000000	0.000000 0.000000	0.000000 0.000000	0.000000 0.000000	0.003279 0.009836	
4 24 100 0.030000	0.993525 0.005022	0.012902 0.009988	0.000000 0.000000	0.000966 0.001814	0.000647 0.001942	0.000484 0.001452	0.001098 0.003295	0.000961 0.002883	0.002639 0.004487	0.000594 0.001781	0.002330 0.006991	
4 24 100 0.040000	0.996333 0.004968	0.007315 0.009906	0.001435 0.004305	0.000554 0.001083	0.000000 0.000000	0.000000 0.000000	0.000000 0.000000	0.000175 0.000524	0.000475 0.001424	0.000000 0.000000	0.000541 0.001054	
4 24 100 0.050000	0.998328 0.005010	0.003332 0.009995	0.000000 0.000000	0.000000 0.000000	0.000000 0.000000	0.000000 0.000000	0.001102 0.003305	0.001981 0.005942	0.001641 0.004923	0.001948 0.005845	0.000000 0.000000	
4 24 100 0.060000	0.996046 0.004995	0.007888 0.009957	0.000502 0.001506	0.000000 0.000000	0.000000 0.000000	0.000000 0.000000	0.000250 0.000751	0.000803 0.002408	0.000000 0.000000	0.000328 0.000985	0.000770 0.001586	
4 24 100 0.070000	0.995772 0.004997	0.008435 0.009952	0.000000 0.000000	0.000000 0.000000	0.000000 0.000000	0.000265 0.000796	0.000271 0.000812	0.000000 0.000000	0.000000 0.000000	0.001231 0.003693	0.000258 0.000775	
4 24 100 0.080000	0.986992 0.004752	0.025843 0.009375	0.001270 0.002255	0.000000 0.000000	0.001049 0.003147	0.000000 0.000000	0.000000 0.000000	0.000000 0.000000	0.000465 0.001395	0.000000 0.000000	0.000000 0.000000	
4 24 100 0.090000	0.996824 0.005010	0.006338 0.009993	0.000000 0.000000	0.000275 0.000825	0.000000 0.000000	0.000181 0.000543	0.000000 0.000000	0.000000 0.000000	0.000000 0.000000	0.000049 0.000148	0.000145 0.000434	
4 24 100 0.100000	0.998247 0.004967	0.003477 0.009969	0.000859 0.002391	0.000370 0.001109	0.000000 0.000000	0.000000 0.000000	0.000000 0.000000	0.000000 0.000000	0.000000 0.000000	0.000000 0.000000	0.000000 0.000000	
4 24 100 0.110000	0.997067 0.004973	0.005853 0.009912	0.000166 0.000498	0.000000 0.000000	0.000913 0.002739	0.000000 0.000000	0.000000 0.000000	0.000275 0.000824	0.001606 0.002863	0.000659 0.001977	0.000000 0.000000	
4 24 100 0.120000	0.997886 0.004965	0.004220 0.009903	0.001294 0.003422	0.000553 0.001658	0.000400 0.001201	0.000869 0.002606	0.000000 0.000000	0.000000 0.000000	0.000398 0.001194	0.000000 0.000000	0.000000 0.000000	
4 24 100 0.130000	0.995305 0.004947	0.009363 0.009856	0.000267 0.000800	0.000000 0.000000	0.000000 0.000000	0.000000 0.000000	0.000000 0.000000	0.000000 0.000000	0.000000 0.000000	0.000794 0.001663	0.000625 0.001875	
4 24 100 0.140000	0.996368 0.004995	0.007246 0.009951	0.000000 0.000000	0.000043 0.000130	0.000000 0.000000	0.000000 0.000000	0.000697 0.001551	0.000000 0.000000	0.000000 0.000000	0.000000 0.000000	0.000000 0.000000	
4 24 100 0.150000	0.998319 0.004945	0.003354 0.009867	0.000047 0.000142	0.000000 0.000000	0.000000 0.000000	0.000000 0.000000	0.000590 0.001770	0.000000 0.000000	0.001398 0.004193	0.002117 0.006351	0.001362 0.004086	
4 24 100 0.160000	0.972887 0.005046	0.053486 0.009813	0.000000 0.000000	0.002204 0.004957	0.004520 0.007172	0.001084 0.003251	0.000000 0.000000	0.002182 0.006545	0.000000 0.000000	0.000000 0.000000	0.002140 0.004563	
4 24 100 0.170000	0.993782 0.004941	0.012393 0.009824	0.000701 0.002103	0.001277 0.002344	0.000000 0.000000	0.000176 0.000529	0.000000 0.000000	0.000442 0.001325	0.000419 0.001256	0.000000 0.000000	0.000368 0.001105	
4 24 100 0.180000	0.997192 0.005011	0.005604 0.009991	0.001339 0.002915	0.000131 0.000393	0.000000 0.000000	0.000000 0.000000	0.000000 0.000000	0.000000 0.000000	0.000316 0.000947	0.001392 0.002762	0.002063 0.003594	
4 24 100 0.190000	0.995426 0.004730	0.009123 0.009416	0.000389 0.001167	0.000690 0.002069	0.000000 0.000000	0.000760 0.002279	0.000382 0.001146	0.000889 0.002666	0.001045 0.003136	0.000000 0.000000	0.000000 0.000000	
4 24 100 0.200000	0.998327 0.004897	0.003321 0.009823	0.000000 0.000000	0.000000 0.000000	0.000000 0.000000	0.000000 0.000000	0.000000 0.000000	0.000000 0.000000	0.000172 0.000515	0.000000 0.000000	0.000000 0.000000	
4 24 100 0.210000	0.964506 0.001900	0.069727 0.003665	0.006018 0.009329	0.000000 0.000000	0.000000 0.000000	0.000000 0.000000	0.003278 0.007629	0.003496 0.007449	0.001324 0.003973	0.002703 0.008109	0.003545 0.007726	
4 24 100 0.220000	0.998060 0.004945	0.003872 0.009864	0.000000 0.000000	0.000000 0.000000	0.000000 0.000000	0.000000 0.000000	0.000841 0.002213	0.000000 0.000000	0.000000 0.000000	0.000000 0.000000	0.000000 0.000000	
4 24 100 0.230000	0.989423 0.005016	0.021037 0.009917	0.002219 0.003660	0.000000 0.000000	0.000000 0.000000	0.001815 0.005445	0.001358 0.002844	0.000653 0.001960	0.000499 0.000796	0.002597 0.007790	0.002351 0.007053	
4 24 100 0.240000	0.995927 0.005003	0.008124 0.009971	0.000594 0.000967	0.000000 0.000000	0.000000 0.000000	0.000800 0.001654	0.000000 0.000000	0.002086 0.006259	0.000184 0.000552	0.000969 0.002907	0.000448 0.001344	
4 24 100 0.250000	0.997467 0.004914	0.005055 0.009799	0.000377 0.001131	0.000000 0.000000	0.000000 0.000000	0.000000 0.000000	0.000000 0.000000	0.000000 0.000000	0.000000 0.000000	0.000249 0.000746	0.000166 0.000497	
4 24 100 0.260000	0.992441 0.004914	0.015056 0.009751	0.001266 0.002003	0.000000 0.000000	0.002081 0.003325	0.000676 0.002028	0.001356 0.002339	0.001801 0.005403	0.001898 0.005695	0.000880 0.002641	0.001744 0.003289	
4 24 100 0.270000	0.997899 0.004972	0.004193 0.009916	0.000400 0.001201	0.000145 0.000436	0.000850 0.001079	0.000000 0.000000	0.000000 0.000000	0.000000 0.000000	0.001203 0.003609	0.000583 0.001749	0.000000 0.000000	
4 24 100 0.280000	0.997684 0.005004	0.004621 0.009977	0.000000 0.000000	0.000000 0.000000	0.000000 0.000000	0.000000 0.000000	0.000000 0.000000	0.000183 0.000549	0.000815 0.002126	0.000419 0.001256	0.000000 0.000000	
4 24 100 0.290000	0.998299 0.004914	0.003393 0.009806	0.000000 0.000000	0.000000 0.000000	0.000000 0.000000	0.000000 0.000000	0.000000 0.000000	0.000000 0.000000	0.000000 0.000000	0.000000 0.000000	0.000000 0.000000	
4 24 100 0.300000	0.992895 0.004946	0.014155 0.009823	0.001667 0.003186	0.001601 0.002894	0.000768 0.002305	0.000918 0.002753	0.000000 0.000000	0.000000 0.000000	0.000000 0.000000	0.000000 0.000000	0.000000 0.000000	
4 24 100 0.310000	0.995694 0.004996	0.008589 0.009946	0.000662 0.001985	0.000881 0.002642	0.001343 0.004029	0.000000 0.000000	0.002047 0.004216	0.000396 0.001187	0.000852 0.002556	0.000876 0.002627	0.000118 0.000355	
4 24 100 0.320000	0.996961 0.005010	0.006065 0.009992	0.000944 0.001866	0.000999 0.002997	0.001765 0.003440	0.000000 0.000000	0.000193 0.000580	0.000455 0.001364	0.000274 0.000823	0.000329 0.000986	0.000042 0.000125	
4 24 100 0.330000	0.997134 0.004994	0.005720 0.009961	0.000213 0.000638	0.000255 0.000766	0.000255 0.000766	0.000000 0.000000	0.000550 0.001650	0.000727 0.001443	0.000173 0.000518	0.000000 0.000000	0.000226 0.000678	
4 24 100 0.340000	0.995862 0.004926	0.008255 0.009809	0.000568 0.001703	0.000000 0.000000	0.000000 0.000000	0.000266 0.000799	0.000314 0.000943	0.000000 0.000000	0.000000 0.000000	0.000162 0.000485	0.000000 0.000000	
4 24 100 0.350000	0.988576 0.004906	0.022713 0.009693	0.003671 0.003505	0.001858 0.003713	0.001820 0.004296	0.001285 0.002824	0.001867 0.003581	0.001055 0.002434	0.002264 0.004992	0.000000 0.000000	0.001313 0.003938	
4 24 100 0.360000	0.996527 0.004993	0.006929 0.009954	0.000871 0.001600	0.000000 0.000000	0.000000 0.000000	0.000425 0.001275	0.000118 0.000355	0.000202 0.000606	0.000000 0.000000	0.001438 0.002501	0.000217 0.000650	
4 24 100 0.370000	0.992401 0.004931	0.015135 0.009780	0.002087 0.003993	0.000584 0.001752	0.002270 0.002847	0.000309 0.000928	0.000000 0.000000	0.001328 0.003554	0.000893 0.002218	0.000963 0.002890	0.000619 0.001546	
4 24 100 0.380000	0.997042 0.004978	0.005904 0.009928	0.000189 0.000568	0.000693 0.002079	0.000146 0.000438	0.000871 0.002612	0.000921 0.002764	0.000114 0.000341	0.000048 0.000144	0.000000 0.000000	0.000168 0.000503	
4 24 100 0.390000	0.985011 0.004983	0.029750 0.009815	0.003100 0.005353	0.004773 0.008746	0.002594 0.004493	0.002254 0.005467	0.002442 0.002103	0.002364 0.002455	0.003186 0.009558	0.001159 0.003478	0.001459 0.003657	
4 24 100 0.400000	0.980254 0.004116	0.039099 0.008072	0.001953 0.005860	0.001922 0.003428	0.003782 0.009975	0.000364 0.001091	0.002599 0.007798	0.002434 0.005244	0.001725 0.005176	0.001415 0.004245	0.000722 0.002165	
4 24 100 0.410000	0.063280 0.009275	0.995981 0.001167	0.102827 0.004955	0.032962 0.007029	0.027126 0.004093	0.020700 0.007376	0.019662 0.000432	0.013097 0.004557	0.012143 0.007840	0.011301 0.008050	0.007373 0.003252	
4 24 100 0.420000	0.042064 0.009191	0.998216 0.000765	0.087189 0.005009	0.026162 0.003072	0.019765 0.004790	0.012863 0.002533	0.009748 0.006347	0.010758 0.001044	0.007812 0.007610	0.004445 0.001221	0.004782 0.006027	
4 24 100 0.430000	0.995792 0.004978	0.008393 0.009911	0.001256 0.001532	0.001135 0.002646	0.001485 0.003907	0.001332 0.002596	0.000413 0.001238	0.000656 0.001597	0.000693 0.002078	0.000000 0.000000	0.000297 0.000890	
4 24 100 0.440000	0.990932 0.005007	0.018048 0.009919	0.003771 0.004817	0.002814 0.006782	0.001527 0.002963	0.000378 0.001133	0.002191 0.006572	0.000806 0.002418	0.002611 0.004451	0.000954 0.002863	0.001492 0.001394	
4 24 100 0.450000	0.022146 0.004730	0.999505 0.000202	0.074336 0.000248	0.016845 0.008843	0.009269 0.002833	0.007501 0.004596	0.003497 0.005753	0.004555 0.003986	0.002114 0.000455	0.000048 0.000143	0.001477 0.003224	
4 24 100 0.460000	0.014985 0.005075	0.999771 0.000151	0.077801 0.009165	0.010714 0.009771	0.005327 0.004394	0.004485 0.003132	0.002717 0.002627	0.003643 0.004142	0.001876 0.002374	0.000000 0.000000	0.000293 0.000528	
4 24 100 0.470000	0.005064 0.006027	0.999968 0.000058	0.071769 0.001963	0.007881 0.001992	0.001399 0.002468	0.000242 0.000726	0.000662 0.001736	0.002242 0.004514	0.000894 0.001573	0.000652 0.001202	0.000000 0.000000	
4 24 100 0.480000	0.996906 0.005018	0.006174 0.010000	0.000208 0.000623	0.000407 0.000840	0.000410 0.001229	0.000254 0.000763	0.000000 0.000000	0.000229 0.000686	0.000197 0.000591	0.000000 0.000000	0.000269 0.000808	
4 24 100 0.490000	0.005923 0.008701	0.999952 0.000106	0.063168 0.007470	0.008959 0.004012	0.001299 0.001234	0.000974 0.002921	0.000458 0.001154	0.000469 0.001406	0.000157 0.000250	0.000963 0.001736	0.000469 0.001406	
4 24 100 0.500000	0.978581 0.004883	0.042373 0.009549	0.008088 0.007134	0.005295 0.009941	0.003717 0.004775	0.005502 0.008577	0.001547 0.004641	0.002394 0.005462	0.002208 0.002240	0.002972 0.008425	0.001975 0.002237	
4 24 100 0.510000	0.002321 0.003429	0.999993 0.000017	0.056474 0.005805	0.003865 0.002511	0.002518 0.001277	0.000757 0.002272	0.000246 0.000739	0.001508 0.002276	0.000667 0.001497	0.000083 0.000249	0.000000 0.000000	
4 24 100 0.520000	0.001425 0.001655	0.999998 0.000005	0.058331 0.005048	0.002692 0.004545	0.001598 0.002525	0.000168 0.000503	0.000000 0.000000	0.000587 0.001261	0.000588 0.001763	0.000421 0.001262	0.000925 0.002776	
4 24 100 0.530000	0.001871 0.002600	0.999995 0.000012	0.054541 0.002525	0.003362 0.005545	-0.000004 0.000012	-0.000257 0.000758	0.000248 0.001779	0.000084 0.000251	-0.000173 0.000999	0.000837 0.003546	-0.000257 0.000506	
4 24 100 0.540000	0.001560 0.002109	0.999997 0.000007	0.051175 0.005296	0.001259 0.002783	0.000505 0.001515	0.001764 0.001513	0.000252 0.000757	0.000252 0.000755	0.001428 0.003786	0.000000 0.000000	0.000337 0.001010	
4 24 100 0.550000	0.002365 0.000871	0.999994 0.000004	0.053445 0.009851	0.002772 0.001772	0.000334 0.000501	0.001089 0.002018	0.000503 0.001509	0.000332 0.000750	0.000083 0.000249	0.001175 0.002265	0.000167 0.000501	
4 24 100 0.560000	0.001360 0.000847	0.999998 0.000002	0.050166 0.005053	0.002355 0.005300	0.000167 0.000502	0.000673 0.002019	0.000588 0.001764	0.000757 0.002272	0.001767 0.004039	0.000419 0.001009	0.000336 0.001009	
4 24 100 0.570000	0.002122 0.002501	0.999994 0.000010	0.045028 0.005818	0.002604 0.001511	0.000000 0.000000	0.000333 0.000999	0.000838 0.002262	0.000584 0.000515	0.000836 0.001504	0.000084 0.000252	0.000419 0.001258	
4 24 100 0.580000	0.002887 0.002608	0.999991 0.000015	0.043762 0.007316	0.001842 0.003298	0.000079 0.000236	0.001001 0.002264	0.000163 0.000488	0.000000 0.000000	0.002180 0.005294	0.000925 0.002775	0.000665 0.001759	
4 24 100 0.590000	0.002720 0.002128	0.999992 0.000012	0.040059 0.005053	0.002938 0.002522	0.001005 0.003015	0.001175 0.002775	0.000000 0.000000	0.000335 0.001004	0.000667 0.001500	0.001004 0.001764	0.000083 0.000249	
4 24 100 0.600000	0.000979 0.001095	0.999999 0.000002	0.041666 0.007830	0.002272 0.002022	0.000000 0.000000	0.000252 0.000757	0.000252 0.000504	0.000336 0.001008	0.000251 0.000504	0.000168 0.000504	0.000756 0.001767	
4 24 100 0.610000	0.002052 0.000181	0.999996 0.000001	0.038744 0.009848	0.002074 0.003952	0.000530 0.001259	0.000165 0.000248	0.000167 0.000501	0.000504 0.001511	0.000000 0.000000	0.000755 0.001764	0.000000 0.000000	
4 24 100 0.620000	0.001334 0.001597	0.999998 0.000005	0.037287 0.009348	0.001513 0.002272	0.000924 0.001510	0.000503 0.001005	0.000924 0.002015	0.000082 0.000247	0.001010 0.002020	0.000673 0.002019	0.000000 0.000000	
4 24 100 0.630000	0.003130 0.002512	0.999989 0.000018	0.033238 0.005808	0.001085 0.001745	0.000000 0.000000	0.000251 0.000752	0.000502 0.001005	0.001083 0.002020	0.000580 0.000987	0.000161 0.000482	0.002177 0.002038	
4 24 100 0.640000	0.001798 0.001442	0.999996 0.000005	0.036360 0.002278	0.002017 0.004289	0.000083 0.000249	0.002606 0.002018	0.001092 0.003277	0.000000 0.000000	0.000000 0.000000	0.000000 0.000000	0.001848 0.001765	
4 24 100 0.650000	0.002280 0.003726	0.999992 0.000021	0.034083 0.009870	0.000666 0.001262	0.000168 0.000504	0.000245 0.000735	0.000168 0.000504	0.000000 0.000000	0.000000 0.000000	0.000582 0.001746	0.000252 0.000757	
4 24 100 0.660000	0.000816 0.001313	0.999999 0.000003	0.034847 0.009596	0.000083 0.000250	0.000420 0.000755	0.001010 0.001767	0.000168 0.000505	0.000757 0.001260	0.000000 0.000000	0.000505 0.001515	0.001178 0.002273	
4 24 100 0.670000	0.002683 0.002201	0.999992 0.000012	0.034083 0.001258	0.001760 0.003288	0.000503 0.001508	0.000079 0.000238	0.000165 0.000250	0.000252 0.000755	0.000000 0.000000	0.000000 0.000000	0.000670 0.001008	
4 24 100 0.680000	0.002871 0.001505	0.999991 0.000008	0.028106 0.004038	0.001510 0.002513	0.000248 0.000745	0.000000 0.000000	0.000081 0.000243	0.000585 0.001511	0.000248 0.000745	0.000582 0.001506	0.000251 0.000754	
4 24 100 0.690000	0.002568 0.001446	0.999993 0.000007	0.034168 0.003038	0.000417 0.001252	0.001340 0.002028	0.000752 0.001252	0.000837 0.002009	0.000333 0.000502	0.000000 0.000000	0.000502 0.001007	0.000000 0.000000	
4 24 100 0.700000	0.002532 0.001660	0.999993 0.000008	0.031895 0.008086	0.001593 0.003525	0.000000 0.000000	0.000000 0.000000	0.001088 0.003020	0.000000 0.000000	0.000502 0.001505	0.000165 0.000250	0.000667 0.001507	
4 24 100 0.710000	0.001486 0.002308	0.999997 0.000006	0.028111 0.006057	0.001093 0.002525	0.000588 0.001007	0.000082 0.000246	0.000758 0.002273	0.000250 0.000505	0.000082 0.000246	0.000082 0.000246	0.001766 0.003276	
4 24 100 0.720000	0.002068 0.001972	0.999995 0.000009	0.030382 0.006062	0.000417 0.001252	0.000251 0.000502	0.000505 0.001514	0.000922 0.001757	0.000501 0.001000	0.000000 0.000000	0.000252 0.000755	0.000000 0.000000	
4 24 100 0.730000	0.001791 0.001731	0.999996 0.000006	0.030299 0.006309	0.002521 0.003279	0.002355 0.003787	0.001764 0.004034	0.000000 0.000000	0.000000 0.000000	0.000922 0.001006	0.000082 0.000246	0.001764 0.002271	
4 24 100 0.740000	0.001753 0.001172	0.999997 0.000004	0.024407 0.006317	0.001260 0.002267	0.001093 0.003280	0.001428 0.002019	0.000756 0.002267	0.000251 0.000752	0.000336 0.001008	0.000084 0.000251	0.000000 0.000000	
4 24 100 0.750000	0.001642 0.001533	0.999997 0.000005	0.027522 0.003787	0.000924 0.002773	0.000334 0.000753	0.000586 0.000757	0.000334 0.000501	0.000083 0.000248	0.001261 0.002015	0.000000 0.000000	0.000840 0.001767	
4 24 100 0.760000	0.002248 0.001893	0.999994 0.000008	0.029455 0.002784	0.000418 0.001254	0.000421 0.001262	0.000165 0.000496	0.000000 0.000000	0.000250 0.000749	0.000671 0.002012	0.000331 0.000749	0.000000 0.000000	
4 24 100 0.770000	0.001435 0.001229	0.999998 0.000003	0.024493 0.006310	0.001430 0.002272	0.000252 0.000757	0.000589 0.001767	0.000504 0.001513	0.000504 0.001260	0.001008 0.001008	0.000757 0.002270	0.000168 0.000503	
4 24 100 0.780000	0.001803 0.001237	0.999996 0.000004	0.025417 0.003535	0.001007 0.002521	0.001429 0.003278	0.000672 0.002015	0.000251 0.000752	0.000082 0.000247	0.000336 0.001009	0.000922 0.001007	0.000251 0.000753	
4 24 100 0.790000	0.001527 0.001710	0.999997 0.000005	0.025502 0.000510	0.000503 0.001510	0.000672 0.001767	0.001681 0.001008	0.000504 0.001007	0.000589 0.001767	0.000084 0.000252	0.000419 0.001257	0.000337 0.001010	
4 24 100 0.800000	0.001698 0.000555	0.999997 0.000002	0.024155 0.009342	0.001345 0.003533	0.000335 0.000756	0.000924 0.001764	0.000083 0.000250	0.000083 0.000250	0.000000 0.000000	0.000166 0.000250	0.000251 0.000502	
4 24 100 0.810000	0.001903 0.003111	0.999994 0.000015	0.026425 0.004798	0.001846 0.001501	0.000084 0.000252	0.000589 0.001767	0.000505 0.001514	0.000000 0.000000	0.000500 0.001500	0.000500 0.001500	0.000336 0.001009	
4 24 100 0.820000	0.002626 0.002176	0.999992 0.000013	0.022214 0.005821	0.000251 0.000753	0.001424 0.003026	0.000588 0.001764	0.001513 0.002269	0.000499 0.001247	0.001093 0.003279	0.000000 0.000000	0.000919 0.002522	
4 24 100 0.830000	0.001102 0.000603	0.999999 0.000001	0.023904 0.003789	0.000000 0.000000	0.000252 0.000756	0.000673 0.001262	0.000336 0.001009	0.000841 0.001766	0.001767 0.002777	0.002271 0.004292	0.000000 0.000000	
4 24 100 0.840000	0.001768 0.003107	0.999995 0.000013	0.020955 0.003284	0.002268 0.004533	0.001174 0.003029	0.002188 0.003283	0.002352 0.005807	0.001426 0.000517	0.001090 0.001755	0.000080 0.000239	0.000841 0.001262	
4 24 100 0.850000	0.002193 0.003237	0.999993 0.000016	0.019522 0.009105	0.002350 0.001024	0.000588 0.001513	0.000083 0.000250	0.000588 0.001765	0.000836 0.001498	0.000505 0.001514	0.000163 0.000488	0.000505 0.001514	
4 24 100 0.860000	0.000830 0.000680	0.999999 0.000001	0.023652 0.007577	0.001009 0.000757	0.000252 0.000757	0.000673 0.002020	0.000084 0.000252	0.000673 0.000254	0.000000 0.000000	0.000336 0.001009	0.000925 0.001514	
4 24 100 0.870000	0.001679 0.001663	0.999997 0.000005	0.020030 0.004540	0.002438 0.001008	0.000504 0.001512	0.000505 0.001514	0.000841 0.001262	0.000082 0.000246	0.000670 0.001007	0.000756 0.001512	0.000672 0.001514	
4 24 100 0.880000	0.002220 0.001115	0.999995 0.000005	0.018513 0.006058	0.000333 0.000750	0.000671 0.001765	0.000252 0.000755	0.000840 0.002520	0.000335 0.001005	0.001006 0.002265	0.000503 0.001510	0.000248 0.000500	
4 24 100 0.890000	0.002161 0.002241	0.999994 0.000009	0.020112 0.005547	0.000586 0.001758	0.001089 0.002519	0.000418 0.001253	0.000838 0.002011	0.000250 0.000751	0.001173 0.002787	0.000163 0.000246	0.000586 0.001758	
4 24 100 0.900000	0.002850 0.000649	0.999992 0.000004	0.019941 0.004039	0.000166 0.000497	0.000497 0.000501	0.001005 0.001761	0.000499 0.001252	0.000587 0.001761	0.000586 0.001757	0.000166 0.000498	0.000250 0.000750	
4 24 100 0.910000	0.002091 0.002708	0.999994 0.000013	0.018849 0.004280	0.001257 0.003521	0.000000 0.000000	0.000500 0.001008	0.001257 0.002007	0.000084 0.000251	0.000084 0.000251	0.000000 0.000000	0.000000 0.000000	
4 24 100 0.920000	0.002329 0.001673	0.999994 0.000008	0.021627 0.001764	0.000504 0.001513	0.000000 0.000000	0.000000 0.000000	0.000168 0.000503	0.000083 0.000250	0.000166 0.000499	0.000000 0.000000	0.000335 0.001004	
4 24 100 0.930000	0.001938 0.002577	0.999995 0.000012	0.019860 0.005303	0.001594 0.002261	0.001510 0.003042	0.000252 0.000757	0.000420 0.001261	0.000332 0.000997	0.000753 0.001514	0.000669 0.002007	0.001342 0.003017	
4 24 100 0.940000	0.001964 0.001277	0.999996 0.000005	0.021460 0.003035	0.000336 0.001009	0.000166 0.000499	0.000166 0.000499	0.000755 0.002019	0.001595 0.000501	0.000419 0.000752	0.000924 0.001766	0.000671 0.001514	
4 24 100 0.950000	0.001202 0.001321	0.999998 0.000003	0.016581 0.003785	0.001177 0.002018	0.001261 0.002774	0.000756 0.001514	0.001515 0.003030	0.001093 0.001516	0.002524 0.002777	0.000251 0.000505	0.001767 0.004039	
4 24 100 0.960000	0.002257 0.000930	0.999995 0.000004	0.020281 0.003532	0.001175 0.002014	0.000755 0.002017	0.000335 0.001004	0.000083 0.000250	0.001260 0.003781	0.000669 0.001256	0.001427 0.002771	0.001342 0.002273	
4 24 100 0.970000	0.001282 0.001445	0.999998 0.000004	0.018180 0.007832	0.002271 0.003784	0.000000 0.000000	0.000757 0.002272	0.000672 0.002015	0.000587 0.001006	0.000168 0.000504	0.000419 0.001258	0.000252 0.000757	
4 24 100 0.980000	0.001174 0.001460	0.999998 0.000004	0.019274 0.005299	0.000672 0.002016	0.000505 0.001514	0.000420 0.001259	0.002018 0.001262	0.000000 0.000000	0.001010 0.003029	0.000000 0.000000	0.000336 0.000756	
4 24 100 0.990000	0.001786 0.003697	0.999994 0.000017	0.015987 0.002794	0.000583 0.001498	0.000000 0.000000	0.000415 0.001246	0.001004 0.001515	0.000421 0.001262	0.000505 0.000757	0.001341 0.004023	0.000000 0.000000	
4 24 100 1.000000	0.001212 0.000184	0.999999 0.000000	0.016665 0.003282	0.000000 0.000000	0.000000 0.000000	0.000588 0.001514	0.000000 0.000000	0.000084 0.000251	0.000673 0.002019	0.000589 0.001766	0.001177 0.002776	
4 24 100 1.010000	0.001878 0.001061	0.999996 0.000004	0.017084 0.003279	0.000757 0.002271	0.000922 0.000761	0.000670 0.001763	0.000419 0.000753	0.000250 0.000500	0.000585 0.001011	0.000419 0.001257	0.000502 0.000753	
4 24 100 1.020000	0.001668 0.002008	0.999997 0.000007	0.017252 0.002528	0.000589 0.001767	0.001092 0.003030	0.000167 0.000502	0.000250 0.000751	0.000250 0.000751	0.000838 0.001761	0.000503 0.001256	0.001093 0.001765	
4 24 100 1.030000	0.001006 0.000585	0.999999 0.000001	0.015571 0.005556	0.000000 0.000000	0.000168 0.000504	0.001094 0.002019	0.000925 0.001515	0.001767 0.001768	0.000589 0.001010	0.000000 0.000000	0.000757 0.002272	
4 24 100 1.040000	0.001165 0.001177	0.999998 0.000002	0.020874 0.001518	0.000924 0.001766	0.000083 0.000250	0.000336 0.001008	0.000420 0.000757	0.000672 0.001515	0.001346 0.004038	0.000841 0.002523	0.000757 0.001262	
4 24 100 1.050000	0.001721 0.001064	0.999997 0.000004	0.013633 0.005812	0.000166 0.000499	0.000757 0.002271	0.000755 0.002014	0.001428 0.003281	0.001260 0.003277	0.000588 0.001261	0.000082 0.000247	0.000084 0.000251	
4 24 100 1.060000	0.001614 0.001321	0.999997 0.000005	0.014644 0.001520	0.000084 0.000251	0.000923 0.001766	0.000757 0.001261	0.000839 0.000762	0.000166 0.000499	0.000084 0.000251	0.000841 0.002524	0.000168 0.000503	
4 24 100 1.070000	0.002319 0.002142	0.999994 0.000011	0.014135 0.003787	0.000000 0.000000	0.001762 0.002775	0.000668 0.001007	0.000835 0.001251	0.000588 0.001765	0.000252 0.000755	0.001008 0.002270	0.000672 0.001260	
4 24 100 1.080000	0.001850 0.001390	0.999996 0.000006	0.018094 0.003282	0.000588 0.001765	0.000083 0.000250	0.000671 0.002013	0.000083 0.000250	0.000502 0.001255	0.000923 0.002770	0.001764 0.004285	0.000250 0.000750	
4 24 100 1.090000	0.002046 0.001694	0.999995 0.000008	0.017925 0.003543	0.000838 0.001513	0.001175 0.003525	0.000585 0.001000	0.000501 0.001253	0.000673 0.002018	0.000754 0.002018	0.000333 0.000748	0.001599 0.004796	
4 24 100 1.100000	0.002156 0.000640	0.999995 0.000003	0.013547 0.002273	0.000672 0.002016	0.000504 0.001512	0.000251 0.000753	0.000166 0.000499	0.001512 0.003532	0.000500 0.000502	0.000000 0.000000	0.000083 0.000249	
4 24 100 1.110000	0.002208 0.000480	0.999995 0.000002	0.015062 0.009090	0.001175 0.003279	0.001261 0.003782	0.000000 0.000000	0.000251 0.000752	0.000502 0.001005	0.000755 0.001510	0.000418 0.000752	0.000924 0.002772	
4 24 100 1.120000	0.001286 0.000928	0.999998 0.000002	0.012288 0.002779	0.001092 0.001770	0.000252 0.000755	0.000084 0.000252	0.000673 0.002020	0.000337 0.001010	0.000756 0.002018	0.001262 0.003533	0.000841 0.001765	
4 24 100 1.130000	0.001564 0.001181	0.999997 0.000003	0.011698 0.005306	0.000757 0.002272	0.000839 0.001764	0.000000 0.000000	0.000000 0.000000	0.001682 0.002777	0.000000 0.000000	0.001345 0.002272	0.000840 0.001767	
4 24 100 1.140000	0.002149 0.001073	0.999995 0.000004	0.014894 0.008085	0.000250 0.000751	0.000838 0.002266	0.000755 0.001761	0.000335 0.001004	0.001175 0.002270	0.000082 0.000247	0.000000 0.000000	0.001090 0.002014	
4 24 100 1.150000	0.002057 0.003615	0.999994 0.000016	0.013714 0.007572	0.000331 0.000994	0.000504 0.001512	0.000168 0.000505	0.001177 0.003283	0.000163 0.000489	0.000500 0.001499	0.000168 0.000505	0.000421 0.001263	
4 24 100 1.160000	0.000863 0.000666	0.999999 0.000001	0.012457 0.001769	0.000084 0.000251	0.000168 0.000504	0.000000 0.000000	0.000925 0.001514	0.000925 0.001515	0.000505 0.001514	0.000337 0.001010	0.000168 0.000504	
4 24 100 1.170000	0.001370 0.001470	0.999998 0.000004	0.013382 0.005552	0.000000 0.000000	0.000168 0.000505	0.000335 0.000757	0.001936 0.005808	0.000505 0.001514	0.000756 0.002268	0.000505 0.001515	0.001176 0.002271	
