4 48 2 0.000000	1.000000 0.000000	0.000000 0.000000	0.000000 0.000000	0.000000 0.000000	0.000000 0.000000	0.000000 0.000000	0.000000 0.000000	0.000000 0.000000	0.000000 0.000000	0.000000 0.000000	0.000000 0.000000	
4 48 2 0.010000	1.000000 0.000000	0.000000 0.000000	0.000000 0.000000	0.000000 0.000000	0.000000 0.000000	0.000000 0.000000	0.000000 0.000000	0.000000 0.000000	0.000000 0.000000	0.000000 0.000000	0.000000 0.000000	
4 48 2 0.020000	1.000000 0.000000	0.000000 0.000000	0.000000 0.000000	0.000000 0.000000	0.000000 0.000000	0.000000 0.000000	0.000000 0.000000	0.000000 0.000000	0.000000 0.000000	0.000000 0.000000	0.000000 0.000000	
4 48 2 0.030000	1.000000 0.000000	0.000000 0.000000	0.000000 0.000000	0.000000 0.000000	0.000000 0.000000	0.000000 0.000000	0.000000 0.000000	0.000000 0.000000	0.000000 0.000000	0.000000 0.000000	0.000000 0.000000	
4 48 2 0.040000	1.000000 0.000000	0.000000 0.000000	0.000000 0.000000	0.000000 0.000000	0.000000 0.000000	0.000000 0.000000	0.000000 0.000000	0.000000 0.000000	0.000000 0.000000	0.000000 0.000000	0.000000 0.000000	
4 48 2 0.050000	1.000000 0.000000	0.000000 0.000000	0.000000 0.000000	0.000000 0.000000	0.000000 0.000000	0.000000 0.000000	0.000000 0.000000	0.000000 0.000000	0.000000 0.000000	0.000000 0.000000	0.000000 0.000000	
4 48 2 0.060000	1.000000 0.000000	0.000000 0.000000	0.000000 0.000000	0.000000 0.000000	0.000000 0.000000	0.000000 0.000000	0.000000 0.000000	0.000000 0.000000	0.000000 0.000000	0.000000 0.000000	0.000000 0.000000	
4 48 2 0.070000	1.000000 0.000000	0.000000 0.000000	0.000000 0.000000	0.000000 0.000000	0.000000 0.000000	0.000000 0.000000	0.000000 0.000000	0.000000 0.000000	0.000000 0.000000	0.000000 0.000000	0.000000 0.000000	
4 48 2 0.080000	1.000000 0.000000	0.000000 0.000000	0.000000 0.000000	0.000000 0.000000	0.000000 0.000000	0.000000 0.000000	0.000000 0.000000	0.000000 0.000000	0.000000 0.000000	0.000000 0.000000	0.000000 0.000000	
4 48 2 0.090000	1.000000 0.000000	0.000000 0.000000	0.000000 0.000000	0.000000 0.000000	0.000000 0.000000	0.000000 0.000000	0.000000 0.000000	0.000000 0.000000	0.000000 0.000000	0.000000 0.000000	0.000000 0.000000	
4 48 2 0.100000	1.000000 0.000000	0.000000 0.000000	0.000000 0.000000	0.000000 0.000000	0.000000 0.000000	0.000000 0.000000	0.000000 0.000000	0.000000 0.000000	0.000000 0.000000	0.000000 0.000000	0.000000 0.000000	
4 48 2 0.110000	1.000000 0.000000	0.000000 0.000000	0.000000 0.000000	0.000000 0.000000	0.000000 0.000000	0.000000 0.000000	0.000000 0.000000	0.000000 0.000000	0.000000 0.000000	0.000000 0.000000	0.000000 0.000000	
4 48 2 0.120000	1.000000 0.000000	0.000000 0.000000	0.000000 0.000000	0.000000 0.000000	0.000000 0.000000	0.000000 0.000000	0.000000 0.000000	0.000000 0.000000	0.000000 0.000000	0.000000 0.000000	0.000000 0.000000	
4 48 2 0.130000	1.000000 0.000000	0.000000 0.000000	0.000000 0.000000	0.000000 0.000000	0.000000 0.000000	0.000000 0.000000	0.000000 0.000000	0.000000 0.000000	0.000000 0.000000	0.000000 0.000000	0.000000 0.000000	
4 48 2 0.140000	1.000000 0.000000	0.000000 0.000000	0.000000 0.000000	0.000000 0.000000	0.000000 0.000000	0.000000 0.000000	0.000000 0.000000	0.000000 0.000000	0.000000 0.000000	0.000000 0.000000	0.000000 0.000000	
4 48 2 0.150000	1.000000 0.000000	0.000000 0.000000	0.000000 0.000000	0.000000 0.000000	0.000000 0.000000	0.000000 0.000000	0.000000 0.000000	0.000000 0.000000	0.000000 0.000000	0.000000 0.000000	0.000000 0.000000	
4 48 2 0.160000	1.000000 0.000000	0.000000 0.000000	0.000000 0.000000	0.000000 0.000000	0.000000 0.000000	0.000000 0.000000	0.000000 0.000000	0.000000 0.000000	0.000000 0.000000	0.000000 0.000000	0.000000 0.000000	
4 48 2 0.170000	1.000000 0.000000	0.000000 0.000000	0.000000 0.000000	0.000000 0.000000	0.000000 0.000000	0.000000 0.000000	0.000000 0.000000	0.000000 0.000000	0.000000 0.000000	0.000000 0.000000	0.000000 0.000000	
4 48 2 0.180000	1.000000 0.000000	0.000000 0.000000	0.000000 0.000000	0.000000 0.000000	0.000000 0.000000	0.000000 0.000000	0.000000 0.000000	0.000000 0.000000	0.000000 0.000000	0.000000 0.000000	0.000000 0.000000	
4 48 2 0.190000	1.000000 0.000000	0.000000 0.000000	0.000000 0.000000	0.000000 0.000000	0.000000 0.000000	0.000000 0.000000	0.000000 0.000000	0.000000 0.000000	0.000000 0.000000	0.000000 0.000000	0.000000 0.000000	
4 48 2 0.200000	1.000000 0.000000	0.000000 0.000000	0.000000 0.000000	0.000000 0.000000	0.000000 0.000000	0.000000 0.000000	0.000000 0.000000	0.000000 0.000000	0.000000 0.000000	0.000000 0.000000	0.000000 0.000000	
4 48 2 0.210000	1.000000 0.000000	0.000000 0.000000	0.000000 0.000000	0.000000 0.000000	0.000000 0.000000	0.000000 0.000000	0.000000 0.000000	0.000000 0.000000	0.000000 0.000000	0.000000 0.000000	0.000000 0.000000	
4 48 2 0.220000	1.000000 0.000000	0.000000 0.000000	0.000000 0.000000	0.000000 0.000000	0.000000 0.000000	0.000000 0.000000	0.000000 0.000000	0.000000 0.000000	0.000000 0.000000	0.000000 0.000000	0.000000 0.000000	
4 48 2 0.230000	1.000000 0.000000	0.000000 0.000000	0.000000 0.000000	0.000000 0.000000	0.000000 0.000000	0.000000 0.000000	0.000000 0.000000	0.000000 0.000000	0.000000 0.000000	0.000000 0.000000	0.000000 0.000000	
4 48 2 0.240000	1.000000 0.000000	0.000000 0.000000	0.000000 0.000000	0.000000 0.000000	0.000000 0.000000	0.000000 0.000000	0.000000 0.000000	0.000000 0.000000	0.000000 0.000000	0.000000 0.000000	0.000000 0.000000	
4 48 2 0.250000	1.000000 0.000000	0.000000 0.000000	0.000000 0.000000	0.000000 0.000000	0.000000 0.000000	0.000000 0.000000	0.000000 0.000000	0.000000 0.000000	0.000000 0.000000	0.000000 0.000000	0.000000 0.000000	
4 48 2 0.260000	1.000000 0.000000	0.000000 0.000000	0.000000 0.000000	0.000000 0.000000	0.000000 0.000000	0.000000 0.000000	0.000000 0.000000	0.000000 0.000000	0.000000 0.000000	0.000000 0.000000	0.000000 0.000000	
4 48 2 0.270000	1.000000 0.000000	0.000000 0.000000	0.000000 0.000000	0.000000 0.000000	0.000000 0.000000	0.000000 0.000000	0.000000 0.000000	0.000000 0.000000	0.000000 0.000000	0.000000 0.000000	0.000000 0.000000	
4 48 2 0.280000	1.000000 0.000000	0.000000 0.000000	0.000000 0.000000	0.000000 0.000000	0.000000 0.000000	0.000000 0.000000	0.000000 0.000000	0.000000 0.000000	0.000000 0.000000	0.000000 0.000000	0.000000 0.000000	
4 48 2 0.290000	1.000000 0.000000	0.000000 0.000000	0.000000 0.000000	0.000000 0.000000	0.000000 0.000000	0.000000 0.000000	0.000000 0.000000	0.000000 0.000000	0.000000 0.000000	0.000000 0.000000	0.000000 0.000000	
4 48 2 0.300000	1.000000 0.000000	0.000000 0.000000	0.000000 0.000000	0.000000 0.000000	0.000000 0.000000	0.000000 0.000000	0.000000 0.000000	0.000000 0.000000	0.000000 0.000000	0.000000 0.000000	0.000000 0.000000	
4 48 2 0.310000	1.000000 0.000000	0.000000 0.000000	0.000000 0.000000	0.000000 0.000000	0.000000 0.000000	0.000000 0.000000	0.000000 0.000000	0.000000 0.000000	0.000000 0.000000	0.000000 0.000000	0.000000 0.000000	
4 48 2 0.320000	1.000000 0.000000	0.000000 0.000000	0.000000 0.000000	0.000000 0.000000	0.000000 0.000000	0.000000 0.000000	0.000000 0.000000	0.000000 0.000000	0.000000 0.000000	0.000000 0.000000	0.000000 0.000000	
4 48 2 0.330000	1.000000 0.000000	0.000000 0.000000	0.000000 0.000000	0.000000 0.000000	0.000000 0.000000	0.000000 0.000000	0.000000 0.000000	0.000000 0.000000	0.000000 0.000000	0.000000 0.000000	0.000000 0.000000	
4 48 2 0.340000	1.000000 0.000000	0.000000 0.000000	0.000000 0.000000	0.000000 0.000000	0.000000 0.000000	0.000000 0.000000	0.000000 0.000000	0.000000 0.000000	0.000000 0.000000	0.000000 0.000000	0.000000 0.000000	
4 48 2 0.350000	1.000000 0.000000	0.000000 0.000000	0.000000 0.000000	0.000000 0.000000	0.000000 0.000000	0.000000 0.000000	0.000000 0.000000	0.000000 0.000000	0.000000 0.000000	0.000000 0.000000	0.000000 0.000000	
4 48 2 0.360000	1.000000 0.000000	0.000000 0.000000	0.000000 0.000000	0.000000 0.000000	0.000000 0.000000	0.000000 0.000000	0.000000 0.000000	0.000000 0.000000	0.000000 0.000000	0.000000 0.000000	0.000000 0.000000	
4 48 2 0.370000	1.000000 0.000000	0.000000 0.000000	0.000000 0.000000	0.000000 0.000000	0.000000 0.000000	0.000000 0.000000	0.000000 0.000000	0.000000 0.000000	0.000000 0.000000	0.000000 0.000000	0.000000 0.000000	
4 48 2 0.380000	1.000000 0.000000	0.000000 0.000000	0.000000 0.000000	0.000000 0.000000	0.000000 0.000000	0.000000 0.000000	0.000000 0.000000	0.000000 0.000000	0.000000 0.000000	0.000000 0.000000	0.000000 0.000000	
4 48 2 0.390000	1.000000 0.000000	0.000000 0.000000	0.000000 0.000000	0.000000 0.000000	0.000000 0.000000	0.000000 0.000000	0.000000 0.000000	0.000000 0.000000	0.000000 0.000000	0.000000 0.000000	0.000000 0.000000	
4 48 2 0.400000	1.000000 0.000000	0.000000 0.000000	0.000000 0.000000	0.000000 0.000000	0.000000 0.000000	0.000000 0.000000	0.000000 0.000000	0.000000 0.000000	0.000000 0.000000	0.000000 0.000000	0.000000 0.000000	
4 48 2 0.410000	1.000000 0.000000	0.000000 0.000000	0.000000 0.000000	0.000000 0.000000	0.000000 0.000000	0.000000 0.000000	0.000000 0.000000	0.000000 0.000000	0.000000 0.000000	0.000000 0.000000	0.000000 0.000000	
4 48 2 0.420000	1.000000 0.000000	0.000000 0.000000	0.000000 0.000000	0.000000 0.000000	0.000000 0.000000	0.000000 0.000000	0.000000 0.000000	0.000000 0.000000	0.000000 0.000000	0.000000 0.000000	0.000000 0.000000	
4 48 2 0.430000	1.000000 0.000000	0.000000 0.000000	0.000000 0.000000	0.000000 0.000000	0.000000 0.000000	0.000000 0.000000	0.000000 0.000000	0.000000 0.000000	0.000000 0.000000	0.000000 0.000000	0.000000 0.000000	
4 48 2 0.440000	1.000000 0.000000	0.000000 0.000000	0.000000 0.000000	0.000000 0.000000	0.000000 0.000000	0.000000 0.000000	0.000000 0.000000	0.000000 0.000000	0.000000 0.000000	0.000000 0.000000	0.000000 0.000000	
4 48 2 0.450000	1.000000 0.000000	0.000000 0.000000	0.000000 0.000000	0.000000 0.000000	0.000000 0.000000	0.000000 0.000000	0.000000 0.000000	0.000000 0.000000	0.000000 0.000000	0.000000 0.000000	0.000000 0.000000	
4 48 2 0.460000	1.000000 0.000000	0.000000 0.000000	0.000000 0.000000	0.000000 0.000000	0.000000 0.000000	0.000000 0.000000	0.000000 0.000000	0.000000 0.000000	0.000000 0.000000	0.000000 0.000000	0.000000 0.000000	
4 48 2 0.470000	1.000000 0.000000	0.000000 0.000000	0.000000 0.000000	0.000000 0.000000	0.000000 0.000000	0.000000 0.000000	0.000000 0.000000	0.000000 0.000000	0.000000 0.000000	0.000000 0.000000	0.000000 0.000000	
4 48 2 0.480000	1.000000 0.000001	0.000000 0.000000	0.000000 0.000000	0.000000 0.000000	0.000000 0.000000	0.000000 0.000000	0.000000 0.000000	0.000000 0.000000	0.000000 0.000000	0.000000 0.000000	0.000000 0.000000	
4 48 2 0.490000	1.000000 0.000001	0.000000 0.000000	0.000000 0.000000	0.000000 0.000000	0.000000 0.000000	0.000000 0.000000	0.000000 0.000000	0.000000 0.000000	0.000000 0.000000	0.000000 0.000000	0.000000 0.000000	
4 48 2 0.500000	1.000000 0.000001	0.000000 0.000000	0.000000 0.000000	0.000000 0.000000	0.000000 0.000000	0.000000 0.000000	0.000000 0.000000	0.000000 0.000000	0.000000 0.000000	0.000000 0.000000	0.000000 0.000000	
4 48 2 0.510000	1.000000 0.000000	0.000000 0.000000	0.000000 0.000000	0.000000 0.000000	0.000000 0.000000	0.000000 0.000000	0.000000 0.000000	0.000000 0.000000	0.000000 0.000000	0.000000 0.000000	0.000000 0.000000	
4 48 2 0.520000	0.999999 0.000000	0.000000 0.000000	0.000000 0.000000	0.000000 0.000000	0.000000 0.000000	0.000000 0.000000	0.000000 0.000000	0.000000 0.000000	0.000000 0.000000	0.000000 0.000000	0.000000 0.000000	
4 48 2 0.530000	1.000000 0.000000	0.000000 0.000000	0.000000 0.000000	0.000000 0.000000	0.000000 0.000000	0.000000 0.000000	0.000000 0.000000	0.000000 0.000000	0.000000 0.000000	0.000000 0.000000	0.000000 0.000000	
4 48 2 0.540000	0.999999 0.000002	0.000000 0.000000	0.000000 0.000000	0.000000 0.000000	0.000000 0.000000	0.000000 0.000000	0.000000 0.000000	0.000000 0.000000	0.000000 0.000000	0.000000 0.000000	0.000000 0.000000	
4 48 2 0.550000	0.999999 0.000002	0.000000 0.000000	0.000000 0.000000	0.000000 0.000000	0.000000 0.000000	0.000000 0.000000	0.000000 0.000000	0.000000 0.000000	0.000000 0.000000	0.000000 0.000000	0.000000 0.000000	
4 48 2 0.560000	0.999999 0.000001	0.000000 0.000000	0.000000 0.000000	0.000000 0.000000	0.000000 0.000000	0.000000 0.000000	0.000000 0.000000	0.000000 0.000000	0.000000 0.000000	0.000000 0.000000	0.000000 0.000000	
4 48 2 0.570000	0.999999 0.000002	0.000000 0.000000	0.000000 0.000000	0.000000 0.000000	0.000000 0.000000	0.000000 0.000000	0.000000 0.000000	0.000000 0.000000	0.000000 0.000000	0.000000 0.000000	0.000000 0.000000	
4 48 2 0.580000	0.999998 0.000002	0.000000 0.000000	0.000000 0.000000	0.000000 0.000000	0.000000 0.000000	0.000000 0.000000	0.000000 0.000000	0.000000 0.000000	0.000000 0.000000	0.000000 0.000000	0.000000 0.000000	
4 48 2 0.590000	0.999997 0.000001	0.000000 0.000000	0.000000 0.000000	0.000000 0.000000	0.000000 0.000000	0.000000 0.000000	0.000000 0.000000	0.000000 0.000000	0.000000 0.000000	0.000000 0.000000	0.000000 0.000000	
4 48 2 0.600000	0.999997 0.000002	0.000000 0.000000	0.000000 0.000000	0.000000 0.000000	0.000000 0.000000	0.000000 0.000000	0.000000 0.000000	0.000000 0.000000	0.000000 0.000000	0.000000 0.000000	0.000000 0.000000	
4 48 2 0.610000	0.999996 0.000003	0.000000 0.000000	0.000000 0.000000	0.000000 0.000000	0.000000 0.000000	0.000000 0.000000	0.000000 0.000000	0.000000 0.000000	0.000000 0.000000	0.000000 0.000000	0.000000 0.000000	
4 48 2 0.620000	0.999996 0.000002	0.000000 0.000000	0.000000 0.000000	0.000000 0.000000	0.000000 0.000000	0.000000 0.000000	0.000000 0.000000	0.000000 0.000000	0.000000 0.000000	0.000000 0.000000	0.000000 0.000000	
4 48 2 0.630000	0.999994 0.000003	0.000000 0.000000	0.000000 0.000000	0.000000 0.000000	0.000000 0.000000	0.000000 0.000000	0.000000 0.000000	0.000000 0.000000	0.000000 0.000000	0.000000 0.000000	0.000000 0.000000	
4 48 2 0.640000	0.999992 0.000003	0.000000 0.000000	0.000000 0.000000	0.000000 0.000000	0.000000 0.000000	0.000000 0.000000	0.000000 0.000000	0.000000 0.000000	0.000000 0.000000	0.000000 0.000000	0.000000 0.000000	
4 48 2 0.650000	0.999991 0.000003	0.000000 0.000000	0.000000 0.000000	0.000000 0.000000	0.000000 0.000000	0.000000 0.000000	0.000000 0.000000	0.000000 0.000000	0.000000 0.000000	0.000000 0.000000	0.000000 0.000000	
4 48 2 0.660000	0.999990 0.000001	0.000000 0.000000	0.000000 0.000000	0.000000 0.000000	0.000000 0.000000	0.000000 0.000000	0.000000 0.000000	0.000000 0.000000	0.000000 0.000000	0.000000 0.000000	0.000000 0.000000	
4 48 2 0.670000	0.999988 0.000002	0.000000 0.000000	0.000000 0.000000	0.000000 0.000000	0.000000 0.000000	0.000000 0.000000	0.000000 0.000000	0.000000 0.000000	0.000000 0.000000	0.000000 0.000000	0.000000 0.000000	
4 48 2 0.680000	0.999984 0.000004	0.000000 0.000000	0.000000 0.000000	0.000000 0.000000	0.000000 0.000000	0.000000 0.000000	0.000000 0.000000	0.000000 0.000000	0.000000 0.000000	0.000000 0.000000	0.000000 0.000000	
4 48 2 0.690000	0.999983 0.000006	0.000000 0.000000	0.000000 0.000000	0.000000 0.000000	0.000000 0.000000	0.000000 0.000000	0.000000 0.000000	0.000000 0.000000	0.000000 0.000000	0.000000 0.000000	0.000000 0.000000	
4 48 2 0.700000	0.999978 0.000007	0.000000 0.000000	0.000000 0.000000	0.000000 0.000000	0.000000 0.000000	0.000000 0.000000	0.000000 0.000000	0.000000 0.000000	0.000000 0.000000	0.000000 0.000000	0.000000 0.000000	
4 48 2 0.710000	0.999976 0.000002	0.000000 0.000000	0.000000 0.000000	0.000000 0.000000	0.000000 0.000000	0.000000 0.000000	0.000000 0.000000	0.000000 0.000000	0.000000 0.000000	0.000000 0.000000	0.000000 0.000000	
4 48 2 0.720000	0.999971 0.000002	0.000000 0.000000	0.000000 0.000000	0.000000 0.000000	0.000000 0.000000	0.000000 0.000000	0.000000 0.000000	0.000000 0.000000	0.000000 0.000000	0.000000 0.000000	0.000000 0.000000	
4 48 2 0.730000	0.999967 0.000009	0.000000 0.000000	0.000000 0.000000	0.000000 0.000000	0.000000 0.000000	0.000000 0.000000	0.000000 0.000000	0.000000 0.000000	0.000000 0.000000	0.000000 0.000000	0.000000 0.000000	
4 48 2 0.740000	0.999961 0.000003	0.000000 0.000000	0.000000 0.000000	0.000000 0.000000	0.000000 0.000000	0.000000 0.000000	0.000000 0.000000	0.000000 0.000000	0.000000 0.000000	0.000000 0.000000	0.000000 0.000000	
4 48 2 0.750000	0.999955 0.000004	0.000000 0.000000	0.000000 0.000000	0.000000 0.000000	0.000000 0.000000	0.000000 0.000000	0.000000 0.000000	0.000000 0.000000	0.000000 0.000000	0.000000 0.000000	0.000000 0.000000	
4 48 2 0.760000	0.999947 0.000003	0.000106 0.000005	0.000071 0.000109	0.000106 0.000005	0.000106 0.000005	0.000106 0.000005	0.000106 0.000005	0.000106 0.000005	0.000106 0.000005	0.000072 0.000109	0.000106 0.000005	
4 48 2 0.770000	0.999938 0.000008	0.000124 0.000015	0.000080 0.000120	0.000080 0.000120	0.000080 0.000120	0.000084 0.000134	0.000124 0.000015	0.000124 0.000015	0.000124 0.000015	0.000085 0.000134	0.000085 0.000134	
4 48 2 0.780000	0.999930 0.000010	0.000140 0.000020	0.000097 0.000150	0.000140 0.000020	0.000093 0.000150	0.000043 0.000130	0.000140 0.000020	0.000140 0.000020	0.000140 0.000020	0.000140 0.000020	0.000140 0.000020	
4 48 2 0.790000	0.999922 0.000002	0.000157 0.000004	0.000105 0.000158	0.000051 0.000154	0.000104 0.000157	0.000157 0.000004	0.000104 0.000157	0.000104 0.000158	0.000157 0.000004	0.000104 0.000157	0.000157 0.000004	
4 48 2 0.800000	0.999906 0.000003	0.000187 0.000007	0.000187 0.000007	0.000187 0.000007	0.000187 0.000007	0.000124 0.000188	0.000124 0.000188	0.000125 0.000191	0.000063 0.000188	0.000125 0.000191	0.000187 0.000007	
4 48 2 0.810000	0.999899 0.000007	0.000202 0.000014	0.000202 0.000014	0.000202 0.000014	0.000134 0.000207	0.000133 0.000205	0.000133 0.000205	0.000202 0.000014	0.000202 0.000014	0.000133 0.000205	0.000133 0.000205	
4 48 2 0.820000	0.999879 0.000014	0.000241 0.000029	0.000241 0.000029	0.000241 0.000029	0.000241 0.000029	0.000156 0.000242	0.000241 0.000029	0.000085 0.000255	0.000166 0.000255	0.000085 0.000255	0.000166 0.000255	
4 48 2 0.830000	0.999873 0.000011	0.000255 0.000022	0.000255 0.000022	0.000255 0.000022	0.000167 0.000258	0.000088 0.000264	0.000167 0.000258	0.000000 0.000000	0.000255 0.000022	0.000255 0.000022	0.000255 0.000022	
4 48 2 0.840000	0.999849 0.000014	0.000302 0.000028	0.000206 0.000315	0.000302 0.000028	0.000096 0.000287	0.000101 0.000304	0.000302 0.000028	0.000302 0.000028	0.000302 0.000028	0.000302 0.000028	0.000302 0.000028	
4 48 2 0.850000	0.999834 0.000005	0.000331 0.000009	0.000222 0.000336	0.000222 0.000336	0.000000 0.000000	0.000109 0.000327	0.000331 0.000009	0.000109 0.000327	0.000112 0.000336	0.000331 0.000009	0.000331 0.000009	
4 48 2 0.860000	0.999817 0.000018	0.000366 0.000035	0.000251 0.000380	0.000251 0.000380	0.000366 0.000035	0.000125 0.000374	0.000242 0.000380	0.000115 0.000345	0.000366 0.000035	0.000366 0.000035	0.000366 0.000035	
4 48 2 0.870000	0.999796 0.000014	0.000409 0.000027	0.000134 0.000402	0.000275 0.000426	0.000134 0.000402	0.000134 0.000402	0.000275 0.000426	0.000276 0.000426	0.000409 0.000027	0.000134 0.000402	0.000267 0.000402	
4 48 2 0.880000	0.999768 0.000008	0.000463 0.000016	0.000308 0.000470	0.000463 0.000016	0.000307 0.000466	0.000157 0.000470	0.000308 0.000470	0.000157 0.000470	0.000151 0.000454	0.000307 0.000466	0.000308 0.000470	
4 48 2 0.890000	0.999747 0.000029	0.000506 0.000057	0.000157 0.000472	0.000177 0.000530	0.000000 0.000000	0.000348 0.000530	0.000177 0.000530	0.000329 0.000515	0.000172 0.000515	0.000172 0.000515	0.000177 0.000530	
4 48 2 0.900000	0.999732 0.000014	0.000536 0.000027	0.000536 0.000027	0.000177 0.000530	0.000177 0.000530	0.000177 0.000530	0.000361 0.000552	0.000352 0.000530	0.000352 0.000530	0.000177 0.000530	0.000177 0.000530	
4 48 2 0.910000	0.999696 0.000017	0.000607 0.000033	0.000203 0.000610	0.000233 0.000590	0.000233 0.000590	0.000411 0.000623	0.000233 0.000590	0.000607 0.000033	0.000208 0.000623	0.000441 0.000486	0.000244 0.000610	
4 48 2 0.920000	0.999652 0.000010	0.000695 0.000020	0.000529 0.000520	0.000362 0.000480	0.000295 0.000702	0.000295 0.000682	0.000128 0.000202	0.000301 0.000702	0.000000 0.000000	0.000461 0.000702	0.000061 0.000182	
4 48 2 0.930000	0.999627 0.000006	0.000746 0.000012	0.000332 0.000753	0.000248 0.000744	0.000746 0.000012	0.000413 0.000502	0.000166 0.000253	0.000498 0.000753	0.000332 0.000753	0.000579 0.000512	0.000746 0.000012	
4 48 2 0.940000	0.999599 0.000013	0.000802 0.000026	0.000636 0.000474	0.000273 0.000820	0.000196 0.000294	0.000529 0.000794	0.000802 0.000026	0.000802 0.000026	0.000469 0.000499	0.000000 0.000000	0.000371 0.000820	
4 48 2 0.950000	0.999556 0.000031	0.000887 0.000061	0.000251 0.000406	0.000418 0.000848	0.000418 0.000848	0.000302 0.000906	0.000418 0.000848	0.000418 0.000848	0.000136 0.000409	0.000585 0.000906	0.000418 0.000906	
4 48 2 0.960000	0.999505 0.000043	0.000989 0.000085	0.000474 0.000961	0.000182 0.000546	0.000822 0.000585	0.000641 0.000961	0.000000 0.000000	0.000182 0.000546	0.000474 0.000961	0.000000 0.000000	0.000320 0.000961	
4 48 2 0.970000	0.999477 0.000001	0.001046 0.000002	0.000349 0.001047	0.000697 0.001046	0.000697 0.001046	0.000182 0.000546	0.000698 0.001047	0.000531 0.001046	0.000000 0.000000	0.000000 0.000000	0.000531 0.001046	
4 48 2 0.980000	0.999420 0.000033	0.001160 0.000066	0.000660 0.001041	0.000493 0.000525	0.000041 0.000124	0.000271 0.000690	0.000000 0.000000	0.000263 0.000624	0.000785 0.001190	0.000430 0.000665	0.000000 0.000000	
4 48 2 0.990000	0.999371 0.000060	0.001257 0.000120	0.000081 0.000244	0.000924 0.001080	0.000482 0.000744	0.000401 0.001204	0.000248 0.000744	0.000676 0.001204	0.000590 0.000580	0.000342 0.000823	0.001090 0.000420	
4 48 2 1.000000	0.999319 0.000022	0.001362 0.000044	0.000130 0.000391	0.000746 0.001391	0.000580 0.000891	0.000000 0.000000	0.000695 0.000458	0.000282 0.000846	0.000695 0.000544	0.001028 0.000498	0.000362 0.000044	
4 48 2 1.010000	0.999273 0.000056	0.001454 0.000111	0.000985 0.001517	0.000652 0.001439	0.001121 0.000466	0.000146 0.000439	0.000621 0.000466	0.000615 0.000939	0.000819 0.001439	0.000615 0.000939	0.000782 0.001439	
4 48 2 1.020000	0.999197 0.000030	0.001606 0.000060	0.000895 0.001613	0.000748 0.001613	0.000000 0.000000	0.000895 0.001613	0.000377 0.001132	0.000562 0.001113	0.000000 0.000000	0.000401 0.001072	0.001106 0.001020	
4 48 2 1.030000	0.999138 0.000032	0.001723 0.000064	0.000821 0.001763	0.000000 0.000000	0.000969 0.001699	0.000000 0.000000	0.000421 0.001263	0.000469 0.001208	0.000824 0.001263	0.000490 0.000763	0.000654 0.001263	
4 48 2 1.040000	0.999089 0.000021	0.001820 0.000042	0.000556 0.001335	0.000542 0.001293	0.000445 0.001335	0.000889 0.001335	0.000612 0.001835	0.000611 0.001833	0.000987 0.000541	0.000889 0.001835	0.000444 0.001333	
4 48 2 1.050000	0.999000 0.000047	0.001998 0.000095	0.000314 0.000942	0.000505 0.001515	0.000481 0.001442	0.000512 0.001537	0.001332 0.001522	0.001498 0.001095	0.000000 0.000000	0.000827 0.001942	0.000986 0.002015	
4 48 2 1.060000	0.998919 0.000077	0.002161 0.000154	0.000799 0.001241	0.000552 0.001655	0.000218 0.000655	0.001495 0.000586	0.000414 0.001088	0.000132 0.000241	0.000995 0.000932	0.000632 0.001155	0.000052 0.000155	
4 48 2 1.070000	0.998826 0.000006	0.002347 0.000011	0.001065 0.001842	0.000732 0.001842	0.000618 0.001853	0.000451 0.001353	0.000118 0.000353	0.000000 0.000000	0.000000 0.000000	0.000447 0.001342	0.000399 0.000845	
4 48 2 1.080000	0.998771 0.000030	0.002456 0.000060	0.002123 0.001058	0.000146 0.000438	0.000313 0.000938	0.000312 0.000935	0.000665 0.001996	0.000644 0.000996	0.000978 0.002438	0.000312 0.000935	0.000000 0.000000	
4 48 2 1.090000	0.998644 0.000013	0.002711 0.000026	0.000544 0.000526	0.000236 0.000707	0.000975 0.002225	0.000469 0.001207	0.000742 0.002225	0.001144 0.002225	0.000575 0.001725	0.000067 0.000200	0.000242 0.000725	
4 48 2 1.100000	0.998557 0.000063	0.002885 0.000126	0.001218 0.000979	0.001106 0.001857	0.000731 0.001857	0.001218 0.001605	0.000987 0.002962	0.000654 0.001962	0.000321 0.000962	0.000000 0.000000	0.001606 0.002462	
4 48 2 1.110000	0.998445 0.000011	0.003107 0.000022	0.000575 0.001607	0.000536 0.001607	0.000941 0.001022	0.000408 0.001119	0.000040 0.000119	0.000901 0.002597	0.001742 0.002619	0.000000 0.000000	0.000702 0.002107	
4 48 2 1.120000	0.998336 0.000066	0.003325 0.000132	0.000922 0.002767	0.000799 0.002398	0.000769 0.002308	0.001388 0.002398	0.000799 0.002398	0.001236 0.002398	0.001569 0.002398	0.001192 0.001808	0.002325 0.000910	
4 48 2 1.130000	0.998252 0.000041	0.003493 0.000082	0.000654 0.001023	0.000314 0.000941	0.000985 0.002516	0.001993 0.000993	0.001154 0.002023	0.000814 0.002441	0.000485 0.001016	0.001005 0.003016	0.001321 0.002523	
4 48 2 1.140000	0.998143 0.000058	0.003710 0.000115	0.000961 0.002635	0.000000 0.000000	0.000000 0.000000	0.000415 0.001246	0.000417 0.001250	0.001794 0.003135	0.001127 0.002635	0.001043 0.001496	0.001543 0.001611	
4 48 2 1.150000	0.998018 0.000079	0.003959 0.000159	0.001617 0.003484	0.000000 0.000000	0.000956 0.002868	0.000965 0.001868	0.002459 0.001043	0.001131 0.002527	0.000828 0.002484	0.000623 0.001868	0.001284 0.002484	
4 48 2 1.160000	0.997889 0.000029	0.004217 0.000057	0.000739 0.002216	0.001802 0.003216	0.001645 0.003189	0.000405 0.001216	0.000000 0.000000	0.000000 0.000000	0.001063 0.003189	0.001135 0.001716	0.000063 0.000189	
4 48 2 1.170000	0.997758 0.000089	0.004479 0.000177	0.001002 0.003006	0.000000 0.000000	0.001185 0.003554	0.001977 0.003554	0.001144 0.001878	0.001018 0.003054	0.000835 0.002506	0.001313 0.002048	0.000793 0.002378	
4 48 2 1.180000	0.997636 0.000046	0.004722 0.000092	0.000656 0.001687	0.001389 0.002419	0.001822 0.003780	0.001229 0.003687	0.000722 0.001489	0.002322 0.003780	0.001322 0.002780	0.001629 0.003187	0.002055 0.003081	
4 48 2 1.190000	0.997514 0.000048	0.004966 0.000096	0.000820 0.002459	0.000673 0.002018	0.001800 0.001441	0.000839 0.002518	0.001127 0.001959	0.001659 0.004459	0.000807 0.002422	0.000807 0.002422	0.001966 0.001941	
4 48 2 1.200000	0.997318 0.000085	0.005357 0.000170	0.000596 0.000953	0.000594 0.001783	0.001857 0.002619	0.002246 0.004453	0.000524 0.000551	0.001873 0.004335	0.002357 0.002330	0.002524 0.000551	0.000778 0.002335	
4 48 2 1.210000	0.997161 0.000025	0.005669 0.000050	0.002287 0.004696	0.000787 0.001196	0.001120 0.002696	0.001336 0.003020	0.001287 0.002196	0.001787 0.004165	0.001787 0.003165	0.000937 0.002146	0.000388 0.001165	
4 48 2 1.220000	0.997038 0.000054	0.005916 0.000108	0.001324 0.003973	0.001294 0.001973	0.000628 0.001473	0.000803 0.002410	0.002916 0.002545	0.000446 0.000973	0.001916 0.003955	0.000779 0.001865	0.000158 0.000473	
4 48 2 1.230000	0.996822 0.000097	0.006346 0.000193	0.000240 0.000720	0.000000 0.000000	0.001407 0.004220	0.002106 0.004405	0.001375 0.002720	0.002209 0.004220	0.000240 0.000720	0.000740 0.002220	0.000635 0.001905	
4 48 2 1.240000	0.996687 0.000047	0.006616 0.000093	0.000000 0.000000	0.001755 0.003676	0.000922 0.002589	0.000000 0.000000	0.000861 0.002582	0.001755 0.002676	0.000000 0.000000	0.001255 0.002089	0.000922 0.002176	
4 48 2 1.250000	0.996490 0.000048	0.007008 0.000095	0.000845 0.001469	0.001355 0.004065	0.000830 0.002491	0.000323 0.000969	0.001675 0.002095	0.000000 0.000000	0.001820 0.002969	0.000664 0.001991	0.000656 0.001969	
4 48 2 1.260000	0.996330 0.000122	0.007326 0.000243	0.003660 0.002929	0.000644 0.001931	0.001040 0.001931	0.001373 0.002688	0.001016 0.002360	0.000620 0.001860	0.002493 0.003243	0.001120 0.003360	0.001873 0.002931	
4 48 2 1.270000	0.996119 0.000039	0.007746 0.000077	0.002159 0.005200	0.000587 0.001761	0.000926 0.002778	0.000000 0.000000	0.001754 0.005261	0.000233 0.000700	0.002326 0.003778	0.003513 0.005761	0.000259 0.000778	
4 48 2 1.280000	0.995892 0.000015	0.008199 0.000030	0.000000 0.000000	0.000000 0.000000	0.000000 0.000000	0.002866 0.002505	0.002699 0.003970	0.000962 0.002181	0.000904 0.002711	0.001472 0.002211	0.001235 0.003706	
4 48 2 1.290000	0.995699 0.000105	0.008584 0.000209	0.000063 0.000188	0.000493 0.001479	0.001729 0.005188	0.001757 0.003084	0.001257 0.002584	0.002250 0.004396	0.000493 0.001479	0.000528 0.001584	0.000528 0.001584	
4 48 2 1.300000	0.995500 0.000077	0.008979 0.000154	0.000000 0.000000	0.000794 0.001402	0.002012 0.005556	0.002012 0.003556	0.000000 0.000000	0.000967 0.002902	0.001178 0.002056	0.001160 0.003479	0.001185 0.003556	
4 48 2 1.310000	0.995224 0.000056	0.009529 0.000111	0.003019 0.007084	0.000510 0.001530	0.001704 0.003030	0.000000 0.000000	0.001685 0.002584	0.001519 0.002973	0.000000 0.000000	0.001667 0.004473	0.002185 0.004084	
4 48 2 1.320000	0.995017 0.000059	0.009941 0.000118	0.002295 0.005883	0.000461 0.001383	0.002295 0.005501	0.000000 0.000000	0.000794 0.002383	0.000312 0.000937	0.002441 0.002564	0.000607 0.001383	0.002274 0.004383	
4 48 2 1.330000	0.994755 0.000014	0.010462 0.000027	0.001484 0.004452	0.001977 0.003479	0.000000 0.000000	0.000319 0.000956	0.004312 0.006979	0.000000 0.000000	0.001651 0.004952	0.000993 0.002979	0.000969 0.002452	
4 48 2 1.340000	0.994523 0.000087	0.010924 0.000174	0.000629 0.001886	0.001080 0.002356	0.001247 0.002886	0.000285 0.000856	0.003805 0.006530	0.004090 0.006326	0.000452 0.001356	0.005462 0.009530	0.000000 0.000000	
4 48 2 1.350000	0.994233 0.000177	0.011500 0.000353	0.003667 0.004353	0.003833 0.001353	0.001830 0.005490	0.001670 0.003329	0.000439 0.000829	0.002106 0.005490	0.002057 0.005490	0.000000 0.000000	0.000330 0.000990	
4 48 2 1.360000	0.993948 0.000077	0.012068 0.000154	0.000502 0.001506	0.002515 0.005006	0.000000 0.000000	0.002722 0.005006	0.002720 0.008159	0.000553 0.001659	0.002679 0.008038	0.000335 0.001006	0.000346 0.001038	
4 48 2 1.370000	0.993664 0.000132	0.012631 0.000263	0.000093 0.000280	0.000672 0.002017	0.000093 0.000280	0.004131 0.006237	0.004131 0.007184	0.002093 0.006280	0.002631 0.002421	0.001006 0.003017	0.001760 0.005280	
4 48 2 1.380000	0.993414 0.000059	0.013128 0.000118	0.000962 0.001434	0.001041 0.003124	0.004295 0.005434	0.001604 0.002690	0.000375 0.001124	0.000899 0.002124	0.001921 0.004072	0.004295 0.003882	0.001921 0.005572	
4 48 2 1.390000	0.993098 0.000066	0.013756 0.000131	0.005089 0.004961	0.001510 0.003699	0.001923 0.003961	0.004589 0.004631	0.004523 0.006830	0.000277 0.000830	0.002843 0.004330	0.000913 0.002738	0.000000 0.000000	
4 48 2 1.400000	0.992780 0.000052	0.014389 0.000104	0.003555 0.005501	0.001940 0.005820	0.001914 0.003923	0.002282 0.003923	0.000000 0.000000	0.005055 0.006999	0.000107 0.000320	0.001581 0.003320	0.002081 0.004423	
