4 10 100 0.000000	0.997185 0.004959	0.005607 0.009926	0.002003 0.003325	0.000756 0.002268	0.000746 0.002238	0.001390 0.004169	
4 10 100 0.010000	0.997251 0.005007	0.005487 0.009984	0.000082 0.000246	0.000055 0.000164	0.000000 0.000000	0.000232 0.000697	
4 10 100 0.020000	0.983398 0.005031	0.032923 0.009887	0.000000 0.000000	0.002065 0.006196	0.000321 0.000962	0.005568 0.006683	
4 10 100 0.030000	0.988196 0.004894	0.023464 0.009680	0.000397 0.001191	0.001591 0.004773	0.001610 0.004831	0.001586 0.002968	
4 10 100 0.040000	0.993689 0.004818	0.012579 0.009575	0.001111 0.001973	0.002119 0.004171	0.004471 0.008715	0.000634 0.001901	
4 10 100 0.050000	0.996037 0.004860	0.007906 0.009675	0.000181 0.000543	0.000000 0.000000	0.001558 0.004674	0.000425 0.001276	
4 10 100 0.060000	0.996759 0.004512	0.006468 0.008994	0.000391 0.000888	0.002639 0.007916	0.001185 0.002153	0.003410 0.009806	
4 10 100 0.070000	0.996961 0.004906	0.006048 0.009835	0.000864 0.002592	0.000566 0.001699	0.000652 0.001956	0.001424 0.004272	
4 10 100 0.080000	0.997306 0.004978	0.005376 0.009929	0.000629 0.001887	0.001326 0.003979	0.000348 0.001045	0.000000 0.000000	
4 10 100 0.090000	0.998290 0.005002	0.003411 0.009979	0.000803 0.002410	0.002234 0.006701	0.000532 0.001597	0.002180 0.006541	
4 10 100 0.100000	0.995251 0.004981	0.009472 0.009919	0.001686 0.001610	0.000000 0.000000	0.002797 0.006454	0.003354 0.009172	
4 10 100 0.110000	0.997369 0.004873	0.005250 0.009713	0.000595 0.001158	0.000884 0.001875	0.000958 0.001022	0.001368 0.002576	
4 10 100 0.120000	0.997259 0.004901	0.005470 0.009778	0.000362 0.001087	0.000268 0.000804	0.001262 0.003786	0.001367 0.004102	
4 10 100 0.130000	0.996155 0.005009	0.007671 0.009977	0.000742 0.001853	0.000471 0.001414	0.000796 0.002389	0.001960 0.004334	
4 10 100 0.140000	0.997469 0.004918	0.005052 0.009808	0.000222 0.000666	0.000000 0.000000	0.000222 0.000666	0.000000 0.000000	
4 10 100 0.150000	0.997296 0.005006	0.005397 0.009982	0.000174 0.000521	0.000813 0.002439	0.000000 0.000000	0.000316 0.000947	
4 10 100 0.160000	0.989894 0.004862	0.020107 0.009627	0.002695 0.004107	0.000000 0.000000	0.000000 0.000000	0.000000 0.000000	
4 10 100 0.170000	0.998241 0.005002	0.003510 0.009979	0.000000 0.000000	0.000303 0.000908	0.000000 0.000000	0.000000 0.000000	
4 10 100 0.180000	0.998202 0.004987	0.003588 0.009949	0.000160 0.000480	0.000000 0.000000	0.000124 0.000372	0.000000 0.000000	
4 10 100 0.190000	0.997178 0.005015	0.005633 0.009999	0.000398 0.000614	0.000000 0.000000	0.000842 0.002526	0.000000 0.000000	
4 10 100 0.200000	0.995519 0.004891	0.008938 0.009740	0.000593 0.001778	0.000000 0.000000	0.001131 0.003393	0.001354 0.004062	
4 10 100 0.210000	0.997891 0.004970	0.004186 0.009983	0.000000 0.000000	0.000000 0.000000	0.000000 0.000000	0.000000 0.000000	
4 10 100 0.220000	0.996145 0.005013	0.007691 0.009989	0.000000 0.000000	0.000000 0.000000	0.000664 0.001322	0.004993 0.006380	
4 10 100 0.230000	0.993805 0.005006	0.012346 0.009957	0.001345 0.004034	0.000000 0.000000	0.001645 0.004935	0.000760 0.002280	
4 10 100 0.240000	0.991470 0.004910	0.016984 0.009735	0.001033 0.002591	0.002430 0.002669	0.004692 0.009991	0.000000 0.000000	
4 10 100 0.250000	0.998157 0.004993	0.003678 0.009959	0.001115 0.003344	0.000000 0.000000	0.000000 0.000000	0.000000 0.000000	
4 10 100 0.260000	0.997482 0.004959	0.005024 0.009887	0.000252 0.000755	0.000193 0.000578	0.000000 0.000000	0.000000 0.000000	
4 10 100 0.270000	0.986301 0.005047	0.027206 0.009960	0.000200 0.000601	0.000000 0.000000	0.001911 0.002444	0.001138 0.003413	
4 10 100 0.280000	0.997926 0.005000	0.004138 0.009980	0.000068 0.000204	0.000000 0.000000	0.000270 0.000810	0.000000 0.000000	
4 10 100 0.290000	0.984501 0.005031	0.030752 0.009910	0.000000 0.000000	0.000000 0.000000	0.010756 0.007041	0.000672 0.002016	
4 10 100 0.300000	0.991062 0.004956	0.017791 0.009830	0.000777 0.002332	0.000357 0.001072	0.001005 0.003015	0.000386 0.001159	
4 10 100 0.310000	0.994944 0.004669	0.010081 0.009299	0.000493 0.001224	0.000675 0.002024	0.000000 0.000000	0.005054 0.009733	
4 10 100 0.320000	0.996294 0.004964	0.007393 0.009896	0.000463 0.001185	0.000000 0.000000	0.000317 0.000952	0.000938 0.002814	
4 10 100 0.330000	0.998213 0.004994	0.003561 0.009975	0.000423 0.001270	0.000000 0.000000	0.000000 0.000000	0.001916 0.005747	
4 10 100 0.340000	0.991666 0.005040	0.016595 0.009993	0.000000 0.000000	0.001690 0.003097	0.002057 0.006172	0.002260 0.005352	
4 10 100 0.350000	0.965563 0.005053	0.067684 0.009755	0.009011 0.007050	0.000000 0.000000	0.000000 0.000000	0.000000 0.000000	
4 10 100 0.360000	0.997256 0.004855	0.005476 0.009680	0.000169 0.000506	0.000000 0.000000	0.000000 0.000000	0.000000 0.000000	
4 10 100 0.370000	0.994364 0.004984	0.011236 0.009909	0.001031 0.001836	0.000575 0.001725	0.000850 0.002551	0.000509 0.001526	
4 10 100 0.380000	0.981345 0.004989	0.036959 0.009793	0.003366 0.004612	0.004188 0.009348	0.000000 0.000000	0.003285 0.009855	
4 10 100 0.390000	0.958941 0.005180	0.080427 0.009936	0.005177 0.009462	0.003566 0.005802	0.002206 0.005210	0.000000 0.000000	
4 10 100 0.400000	0.996853 0.004896	0.006279 0.009765	0.001222 0.003316	0.000000 0.000000	0.000000 0.000000	0.000000 0.000000	
4 10 100 0.410000	0.993543 0.004823	0.012868 0.009585	0.002082 0.002360	0.000000 0.000000	0.000992 0.002977	0.000000 0.000000	
4 10 100 0.420000	0.024188 0.006811	0.999406 0.000320	0.084086 0.009275	0.011864 0.002962	0.001644 0.002626	0.000886 0.002053	
4 10 100 0.430000	0.996606 0.004965	0.006772 0.009895	0.000309 0.000927	0.000000 0.000000	0.000000 0.000000	0.000000 0.000000	
4 10 100 0.440000	0.012779 0.003586	0.999834 0.000090	0.079632 0.005971	0.008252 0.009028	0.003791 0.005241	0.001577 0.003331	
4 10 100 0.450000	0.014856 0.009586	0.999763 0.000300	0.085790 0.004281	0.008264 0.003294	0.001906 0.006554	0.000268 0.000517	
4 10 100 0.460000	0.987754 0.005040	0.024338 0.009955	0.002538 0.005269	0.000889 0.002667	0.000914 0.001900	0.001442 0.003700	
4 10 100 0.470000	0.013105 0.006024	0.999822 0.000154	0.064553 0.002679	0.006388 0.007735	0.002346 0.004861	0.000864 0.002084	
4 10 100 0.480000	0.016432 0.007725	0.999720 0.000252	0.074930 0.008966	0.008306 0.002401	0.001446 0.001642	0.000000 0.000000	
4 10 100 0.490000	0.017406 0.006289	0.999689 0.000230	0.067113 0.003247	0.006675 0.006973	0.001638 0.003376	0.000000 0.000000	
4 10 100 0.500000	0.015299 0.006648	0.999756 0.000217	0.065834 0.007786	0.004134 0.005296	0.000533 0.001599	-0.000103 0.002483	
4 10 100 0.510000	0.009918 0.005731	0.999896 0.000109	0.062915 0.006927	0.005002 0.007395	0.000597 0.002453	0.000013 0.000040	
4 10 100 0.520000	0.007763 0.005006	0.999935 0.000080	0.058810 0.009047	0.002725 0.000807	0.000639 0.001918	0.000300 0.000900	
4 10 100 0.530000	0.011917 0.008221	0.999847 0.000201	0.054392 0.005416	0.003803 0.003901	0.001362 0.001325	0.001703 0.003913	
4 10 100 0.540000	0.012449 0.008439	0.999831 0.000192	0.052440 0.007485	0.005134 0.001576	0.000000 0.000000	0.000151 0.000454	
4 10 100 0.550000	0.011470 0.009527	0.999853 0.000207	0.049516 0.007746	0.003220 0.001686	0.000199 0.000596	0.001281 0.002363	
4 10 100 0.560000	0.010944 0.008118	0.999867 0.000160	0.047931 0.008931	0.001298 0.002801	0.000184 0.000334	0.000858 0.001849	
4 10 100 0.570000	0.014613 0.007497	0.999774 0.000202	0.044471 0.005365	0.001542 0.000819	0.001153 0.002745	0.000000 0.000000	
4 10 100 0.580000	0.011720 0.000373	0.999863 0.000009	0.044728 0.006313	0.002012 0.005665	0.000581 0.001128	0.000208 0.000623	
4 10 100 0.590000	0.006048 0.009191	0.999948 0.000127	0.046918 0.006832	0.003231 0.003156	0.000124 0.000373	0.000840 0.002520	
4 10 100 0.600000	0.006625 0.006930	0.999948 0.000092	0.045824 0.002053	0.002978 0.003063	0.000134 0.000403	0.000303 0.000908	
4 10 100 0.610000	0.006950 0.008731	0.999937 0.000137	0.039331 0.001904	0.001873 0.002142	0.002210 0.003298	0.000000 0.000000	
4 10 100 0.620000	0.008106 0.007784	0.999924 0.000131	0.037298 0.009309	0.002533 0.000723	0.001860 0.001865	0.001710 0.002757	
4 10 100 0.630000	0.009760 0.001912	0.999904 0.000038	0.036604 0.005846	0.002766 0.001048	0.001628 0.002694	0.001054 0.003161	
4 10 100 0.640000	0.004606 0.007266	0.999970 0.000069	0.035408 0.004494	0.001569 0.000958	0.000078 0.000234	0.000078 0.000234	
4 10 100 0.650000	0.008757 0.003782	0.999920 0.000062	0.036537 0.003085	0.002867 0.001325	0.000053 0.000158	0.000944 0.001665	
4 10 100 0.660000	0.010659 0.009880	0.999865 0.000180	0.034209 0.003455	0.000187 0.000560	0.000078 0.000235	0.000000 0.000000	
4 10 100 0.670000	0.009543 0.004624	0.999905 0.000087	0.034249 0.005510	0.002767 0.003999	0.001505 0.001726	0.001420 0.002732	
4 10 100 0.680000	0.013940 0.006225	0.999798 0.000162	0.030606 0.008009	0.000582 0.001339	0.000279 0.001359	0.000250 0.000749	
4 10 100 0.690000	0.008561 0.005089	0.999922 0.000092	0.031235 0.003044	0.000848 0.006327	0.001080 0.003240	0.000000 0.000000	
4 10 100 0.700000	0.007263 0.003129	0.999945 0.000049	0.030893 0.008369	0.001264 0.000961	-0.000182 0.001311	0.000659 0.001933	
4 10 100 0.710000	0.012778 0.001700	0.999836 0.000044	0.028792 0.002481	0.002341 0.006415	0.000693 0.002080	0.001065 0.001828	
4 10 100 0.720000	0.008672 0.004335	0.999921 0.000070	0.029803 0.006495	0.001352 0.002848	0.000714 0.003727	0.000221 0.000662	
4 10 100 0.730000	0.009346 0.008575	0.999900 0.000156	0.027341 0.006734	0.002762 0.002357	0.000052 0.000157	0.000245 0.000734	
4 10 100 0.740000	0.012144 0.009430	0.999837 0.000218	0.027026 0.005590	0.002506 0.003775	0.000530 0.001591	0.000193 0.000580	
4 10 100 0.750000	0.007916 0.004000	0.999934 0.000060	0.029985 0.001754	0.002628 0.000299	-0.000124 0.001203	0.000212 0.003223	
4 10 100 0.760000	0.006334 0.006372	0.999953 0.000084	0.027815 0.009911	0.001058 0.002766	0.000000 0.000000	0.001416 0.002997	
4 10 100 0.770000	0.011803 0.004199	0.999857 0.000095	0.026878 0.002935	0.001174 0.002597	0.001066 0.003198	0.001006 0.002850	
4 10 100 0.780000	0.014772 0.007460	0.999773 0.000220	0.025586 0.005655	0.000812 0.001884	-0.000058 0.001615	0.000633 0.001899	
4 10 100 0.790000	0.006622 0.005173	0.999951 0.000076	0.025877 0.005379	0.000716 0.001922	0.001078 0.002503	0.000051 0.000154	
4 10 100 0.800000	0.011173 0.008353	0.999861 0.000205	0.024777 0.001720	0.000977 0.002697	0.000625 0.001435	0.000331 0.000992	
4 10 100 0.810000	0.007056 0.006261	0.999943 0.000083	0.022250 0.006514	0.000221 0.000663	0.000957 0.002431	0.000137 0.000410	
4 10 100 0.820000	0.009826 0.004783	0.999899 0.000088	0.025404 0.003208	0.001038 0.001646	0.002549 0.003994	0.000613 0.001128	
4 10 100 0.830000	0.006186 0.007370	0.999953 0.000089	0.024616 0.003877	0.002057 0.002326	0.001386 0.002231	0.000587 0.001762	
4 10 100 0.840000	0.010683 0.008089	0.999872 0.000152	0.019344 0.002101	0.000549 0.001831	0.000025 0.000076	0.000000 0.000000	
4 10 100 0.850000	0.008437 0.005966	0.999923 0.000104	0.021371 0.003129	0.000228 0.000621	0.000063 0.000189	0.000000 0.000000	
4 10 100 0.860000	0.009971 0.007717	0.999891 0.000156	0.021187 0.003253	0.000405 0.000718	0.000352 0.001055	0.000461 0.001223	
4 10 100 0.870000	0.014494 0.001168	0.999790 0.000034	0.020413 0.009608	0.000616 0.001573	0.001213 0.003088	0.001033 0.002318	
4 10 100 0.880000	0.005740 0.001461	0.999967 0.000017	0.021768 0.004539	0.000977 0.000489	0.000325 0.000975	-0.000020 0.001505	
4 10 100 0.890000	0.007834 0.007447	0.999929 0.000126	0.020636 0.005429	0.001374 0.003134	0.000287 0.000861	0.000413 0.001240	
4 10 100 0.900000	0.009954 0.006161	0.999893 0.000112	0.022424 0.007171	0.000864 0.001900	0.000000 0.000000	-0.000068 0.000205	
4 10 100 0.910000	0.011771 0.008915	0.999848 0.000203	0.019377 0.002981	0.000621 0.001863	0.000116 0.000348	0.000116 0.000348	
4 10 100 0.920000	0.008498 0.006557	0.999919 0.000122	0.020963 0.004304	0.000561 0.000962	0.000000 0.000000	0.000068 0.000205	
4 10 100 0.930000	0.012563 0.002673	0.999841 0.000068	0.016676 0.004067	0.000000 0.000000	0.000579 0.001135	0.000126 0.000377	
4 10 100 0.940000	0.011332 0.009209	0.999857 0.000198	0.022837 0.003163	0.001282 0.003245	0.000000 0.000000	0.000621 0.001863	
4 10 100 0.950000	0.009111 0.007705	0.999907 0.000135	0.015479 0.006879	0.001682 0.002619	0.001085 0.000937	0.000750 0.002249	
4 10 100 0.960000	0.009262 0.005542	0.999908 0.000094	0.015480 0.004040	0.000466 0.001398	0.000592 0.001052	-0.000011 0.000033	
4 10 100 0.970000	0.007746 0.008677	0.999927 0.000146	0.017014 0.009994	0.000575 0.001726	0.000323 0.000969	0.000956 0.002868	
4 10 100 0.980000	0.008820 0.008770	0.999905 0.000130	0.018508 0.001267	0.001000 0.000383	0.000081 0.000243	0.000245 0.000623	
4 10 100 0.990000	0.008702 0.000995	0.999924 0.000017	0.018022 0.009831	0.000477 0.001430	0.000000 0.000000	0.000312 0.000935	
4 10 100 1.000000	0.008055 0.009261	0.999921 0.000146	0.018439 0.004713	0.001187 0.003127	0.000060 0.000181	0.000116 0.000349	
4 10 100 1.010000	0.011280 0.007841	0.999862 0.000169	0.016950 0.004376	0.000271 0.000458	0.000000 0.000000	0.000586 0.000963	
4 10 100 1.020000	0.004465 0.002477	0.999979 0.000021	0.016309 0.003275	0.001834 0.004515	0.000161 0.000482	0.000492 0.001232	
4 10 100 1.030000	0.006341 0.007847	0.999949 0.000095	0.016448 0.007670	0.000203 0.000406	0.001397 0.002174	0.000000 0.000000	
4 10 100 1.040000	0.006362 0.007266	0.999948 0.000110	0.015015 0.004292	0.000632 0.001895	0.000000 0.000000	0.001047 0.001752	
4 10 100 1.050000	0.006968 0.004723	0.999947 0.000059	0.014677 0.007130	0.000000 0.000000	0.000482 0.001446	0.000247 0.000742	
4 10 100 1.060000	0.008807 0.005622	0.999917 0.000093	0.014058 0.002432	0.001021 0.002764	0.000847 0.001561	0.000052 0.000155	
4 10 100 1.070000	0.007631 0.007277	0.999930 0.000094	0.017102 0.001860	0.000556 0.001667	0.000267 0.000917	0.000132 0.000599	
4 10 100 1.080000	0.011573 0.009181	0.999850 0.000194	0.017611 0.001204	0.001186 0.003558	0.000934 0.002801	0.001021 0.002341	
4 10 100 1.090000	0.007621 0.008766	0.999926 0.000114	0.013984 0.001535	0.000504 0.001511	0.000854 0.001670	0.001818 0.003278	
4 10 100 1.100000	0.007378 0.003062	0.999944 0.000047	0.015348 0.001057	0.000072 0.000215	0.000954 0.001468	0.000477 0.001431	
4 10 100 1.110000	0.011135 0.004587	0.999871 0.000095	0.012161 0.003785	0.000315 0.000944	0.000199 0.000596	0.000451 0.001354	
4 10 100 1.120000	0.010987 0.007189	0.999870 0.000153	0.013507 0.002373	0.000421 0.000808	0.000981 0.001566	0.000236 0.000708	
4 10 100 1.130000	0.008641 0.008751	0.999910 0.000130	0.016239 0.005173	0.000000 0.000000	0.000000 0.000000	0.000127 0.000382	
4 10 100 1.140000	0.004584 0.001726	0.999978 0.000015	0.015803 0.001753	0.000913 0.001503	0.000997 0.001503	0.000156 0.000240	
4 10 100 1.150000	0.010404 0.008148	0.999880 0.000159	0.014274 0.004903	0.000207 0.000620	0.000000 0.000000	0.000599 0.001577	
4 10 100 1.160000	0.007971 0.008550	0.999924 0.000135	0.012466 0.001179	0.000164 0.000492	0.000332 0.000997	0.000563 0.001197	
4 10 100 1.170000	0.004816 0.005607	0.999972 0.000054	0.012514 0.005016	0.000402 0.001205	0.000815 0.001997	0.000000 0.000000	
4 10 100 1.180000	0.017143 0.008756	0.999693 0.000299	0.012320 0.004751	0.000069 0.000208	0.000351 0.001054	0.000688 0.002064	
4 10 100 1.190000	0.004995 0.008165	0.999964 0.000087	0.011327 0.003370	0.001172 0.002254	0.001059 0.001932	0.001647 0.001698	
4 10 100 1.200000	0.011083 0.007190	0.999867 0.000172	0.014682 0.004374	0.000485 0.001273	0.000648 0.001021	0.000961 0.001498	
4 10 100 1.210000	0.009762 0.009798	0.999885 0.000164	0.016888 0.001679	0.000705 0.002116	0.000611 0.001591	0.000779 0.001250	
4 10 100 1.220000	0.013145 0.007322	0.999817 0.000179	0.012527 0.000684	0.002173 0.004619	0.000168 0.000505	0.000406 0.000684	
4 10 100 1.230000	0.007303 0.003920	0.999944 0.000053	0.013832 0.000811	0.000556 0.000987	0.000329 0.000987	0.000000 0.000000	
4 10 100 1.240000	0.008340 0.005409	0.999925 0.000082	0.013280 0.006732	0.001503 0.003608	0.000305 0.000914	0.000557 0.001672	
4 10 100 1.250000	0.009821 0.006615	0.999896 0.000129	0.012691 0.002401	0.000752 0.001415	0.000364 0.001093	0.000196 0.000588	
4 10 100 1.260000	0.012269 0.006379	0.999842 0.000164	0.010616 0.004129	0.001526 0.002109	0.000000 0.000000	0.000306 0.000917	
4 10 100 1.270000	0.012845 0.006415	0.999827 0.000155	0.012369 0.001794	0.000915 0.001689	0.000746 0.001560	0.002000 0.003807	
4 10 100 1.280000	0.010819 0.006782	0.999875 0.000149	0.012922 0.003885	0.000486 0.001457	0.000000 0.000000	0.000000 0.000000	
4 10 100 1.290000	0.007033 0.007585	0.999940 0.000097	0.010125 0.001453	0.001069 0.001951	0.000901 0.002456	0.000503 0.001508	
4 10 100 1.300000	0.011304 0.005637	0.999866 0.000122	0.011202 0.007103	0.000517 0.000947	-0.000133 0.000400	0.000135 0.000404	
4 10 100 1.310000	0.010782 0.003119	0.999882 0.000070	0.009309 0.003718	0.000558 0.001673	0.000558 0.001673	0.000052 0.000156	
4 10 100 1.320000	0.013331 0.002340	0.999821 0.000061	0.010175 0.003036	0.000307 0.000617	0.000374 0.001122	0.000543 0.001628	
4 10 100 1.330000	0.010714 0.009733	0.999868 0.000224	0.010783 0.005259	0.000682 0.002076	0.000070 0.000209	-0.000196 0.000589	
4 10 100 1.340000	0.006625 0.007333	0.999947 0.000090	0.010889 0.002941	0.000063 0.001210	0.000285 0.000447	0.000640 0.001931	
4 10 100 1.350000	0.009978 0.009843	0.999884 0.000201	0.011332 0.003143	0.000000 0.000000	0.001345 0.003002	0.000223 0.000668	
4 10 100 1.360000	0.003985 0.007140	0.999976 0.000055	0.011003 0.004059	0.000649 0.000992	0.001575 0.001731	0.000246 0.000487	
4 10 100 1.370000	0.017614 0.002512	0.999688 0.000087	0.009958 0.005044	0.000056 0.000169	0.001147 0.002774	0.000225 0.000674	
4 10 100 1.380000	0.014815 0.009725	0.999765 0.000295	0.009108 0.004704	0.001195 0.000958	0.001568 0.004093	0.000000 0.000000	
4 10 100 1.390000	0.003932 0.005936	0.999979 0.000044	0.010837 0.004058	0.000505 0.001515	0.000330 0.000991	0.000583 0.002291	
4 10 100 1.400000	0.007782 0.005367	0.999933 0.000074	0.010034 0.001589	0.000974 0.001750	-0.000031 0.000092	0.000138 0.000413	
4 10 100 1.410000	0.007853 0.002081	0.999937 0.000032	0.009533 0.004009	0.000000 0.000000	0.000000 0.000000	0.001719 0.002956	
4 10 100 1.420000	0.003054 0.003764	0.999988 0.000022	0.009500 0.005830	0.000410 0.000735	0.000241 0.000494	0.000746 0.000780	
4 10 100 1.430000	0.010019 0.004314	0.999896 0.000091	0.009155 0.003275	-0.000026 0.000079	0.000930 0.002363	0.000932 0.002454	
4 10 100 1.440000	0.010061 0.006585	0.999890 0.000146	0.007970 0.001408	0.000483 0.001450	0.000000 0.000000	0.000500 0.001202	
4 10 100 1.450000	0.008290 0.006383	0.999924 0.000100	0.009099 0.001550	0.001395 0.003767	0.000217 0.000484	0.001395 0.002440	
4 10 100 1.460000	0.005963 0.007550	0.999955 0.000091	0.008793 0.004070	0.000083 0.000248	0.000136 0.000409	0.000083 0.000248	
4 10 100 1.470000	0.014776 0.008060	0.999769 0.000255	0.009533 0.002775	0.001168 0.003143	0.000289 0.000867	0.000122 0.000365	
4 10 100 1.480000	0.006561 0.005762	0.999951 0.000083	0.008200 0.003366	0.000000 0.000000	0.000075 0.000224	0.001054 0.002507	
4 10 100 1.490000	0.011791 0.009023	0.999843 0.000239	0.008429 0.001669	0.000535 0.001605	0.000711 0.001439	0.000316 0.000947	
4 10 100 1.500000	0.005524 0.006232	0.999961 0.000081	0.010988 0.003707	0.000080 0.000241	0.000975 0.002009	0.000137 0.000412	
4 10 100 1.510000	0.013192 0.008577	0.999811 0.000245	0.008481 0.003304	0.001054 0.003162	0.000000 0.000000	0.000979 0.002938	
4 10 100 1.520000	0.013655 0.001858	0.999813 0.000050	0.010335 0.002555	0.000000 0.000000	0.000876 0.001578	0.000456 0.001304	
4 10 100 1.530000	0.007475 0.002775	0.999943 0.000041	0.008024 0.002247	0.000232 0.000697	0.000712 0.001440	0.000000 0.000000	
4 10 100 1.540000	0.009579 0.003717	0.999906 0.000072	0.008576 0.005584	0.000525 0.001383	0.000777 0.001383	0.000737 0.002212	
4 10 100 1.550000	0.009519 0.004957	0.999905 0.000092	0.006639 0.001859	0.001673 0.003085	-0.000118 0.000353	0.001336 0.001208	
4 10 100 1.560000	0.008839 0.006343	0.999913 0.000100	0.010772 0.003024	0.001301 0.002409	0.001260 0.001169	0.001597 0.002026	
4 10 100 1.570000	0.005981 0.003967	0.999962 0.000046	0.007706 0.004247	0.000485 0.001455	0.001061 0.001707	0.001158 0.003475	
4 10 100 1.580000	0.006957 0.003108	0.999950 0.000043	0.010219 0.001285	0.000000 0.000000	0.000464 0.001191	0.000135 0.000224	
4 10 100 1.590000	0.009504 0.009561	0.999890 0.000210	0.009570 0.002825	0.001081 0.002529	0.002247 0.003240	0.000238 0.000715	
4 10 100 1.600000	0.012035 0.004214	0.999852 0.000099	0.007512 0.004224	0.001125 0.003374	0.000105 0.000314	0.000273 0.000819	
4 10 100 1.610000	0.005869 0.006773	0.999957 0.000087	0.010900 0.001084	0.000389 0.001166	0.000000 0.000000	0.000494 0.000748	
4 10 100 1.620000	0.008340 0.008136	0.999919 0.000146	0.007831 0.001131	0.000901 0.002223	0.001154 0.001971	0.001350 0.002045	
4 10 100 1.630000	0.012846 0.004948	0.999831 0.000126	0.007322 0.003914	0.001312 0.003935	0.000287 0.000526	0.001346 0.001576	
4 10 100 1.640000	0.013930 0.009949	0.999788 0.000259	0.007953 0.005624	0.001264 0.003792	0.000000 0.000000	0.000422 0.001266	
4 10 100 1.650000	0.006660 0.005052	0.999951 0.000073	0.008031 0.001508	0.000632 0.000980	0.000413 0.001240	0.000632 0.000980	
4 10 100 1.660000	0.008680 0.007366	0.999915 0.000122	0.006902 0.000811	0.000427 0.000867	0.002356 0.000942	0.002356 0.000880	
4 10 100 1.670000	0.012195 0.009944	0.999833 0.000226	0.008924 0.004014	0.000828 0.002484	0.000239 0.000717	0.000512 0.000969	
4 10 100 1.680000	0.007200 0.007971	0.999936 0.000100	0.008774 0.004898	0.000384 0.000905	0.000728 0.001432	0.001486 0.002442	
4 10 100 1.690000	0.008997 0.003670	0.999917 0.000065	0.007745 0.009026	0.000152 0.000456	0.000438 0.000923	0.000467 0.001401	
4 10 100 1.700000	0.011552 0.005071	0.999862 0.000119	0.008027 0.005184	0.000297 0.000891	0.001293 0.001802	0.001069 0.002407	
4 10 100 1.710000	0.009349 0.002818	0.999911 0.000050	0.007655 0.005253	-0.000456 0.001368	0.000722 0.002167	0.000133 0.000399	
4 10 100 1.720000	0.012174 0.007327	0.999841 0.000165	0.007922 0.005277	0.000945 0.002834	0.000263 0.000788	0.000000 0.000000	
4 10 100 1.730000	0.010493 0.005939	0.999884 0.000122	0.007712 0.005678	0.000008 0.000880	0.000235 0.000704	0.000407 0.003088	
4 10 100 1.740000	0.008852 0.009564	0.999905 0.000185	0.008491 0.006286	0.000000 0.000000	0.000502 0.001211	0.000151 0.000453	
4 10 100 1.750000	0.007669 0.002917	0.999940 0.000046	0.006758 0.005291	0.000824 0.002472	0.000795 0.001681	0.001486 0.004459	
4 10 100 1.760000	0.008062 0.009749	0.999919 0.000154	0.008000 0.005111	0.000229 0.000688	0.000282 0.000847	0.001266 0.000950	
4 10 100 1.770000	0.006944 0.007631	0.999942 0.000111	0.007433 0.003958	0.000071 0.000212	0.000212 0.000635	0.000872 0.002150	
4 10 100 1.780000	0.011870 0.006063	0.999853 0.000146	0.006587 0.005396	0.000265 0.000677	0.000553 0.000877	0.000890 0.001634	
4 10 100 1.790000	0.008053 0.009569	0.999919 0.000144	0.009599 0.004185	0.000427 0.000858	0.000309 0.000928	0.000340 0.000649	
4 10 100 1.800000	0.010981 0.003706	0.999877 0.000083	0.005348 0.002300	0.000523 0.001065	0.001533 0.004179	0.000000 0.000000	
4 10 100 1.810000	0.002579 0.003179	0.999992 0.000017	0.006389 0.002256	0.001340 0.002524	0.000160 0.000493	-0.000175 0.000270	
4 10 100 1.820000	0.006285 0.005572	0.999955 0.000064	0.007951 0.004986	0.001220 0.001947	0.000000 0.000000	0.000649 0.001947	
4 10 100 1.830000	0.009411 0.004756	0.999908 0.000088	0.006529 0.005047	0.002349 0.001395	0.000600 0.001801	0.000264 0.000791	
4 10 100 1.840000	0.008708 0.003983	0.999921 0.000067	0.007104 0.005074	0.000000 0.000000	0.000407 0.001221	-0.000345 0.001035	
4 10 100 1.850000	0.011537 0.009377	0.999848 0.000245	0.006834 0.003537	0.000458 0.000938	0.000000 0.000000	0.000000 0.000000	
4 10 100 1.860000	0.010152 0.009241	0.999880 0.000209	0.005351 0.005825	0.002321 0.005512	0.000232 0.000696	0.000589 0.001767	
4 10 100 1.870000	0.007404 0.006896	0.999937 0.000105	0.007555 0.005156	0.001452 0.000905	0.000541 0.001624	0.000548 0.001645	
4 10 100 1.880000	0.011325 0.007196	0.999861 0.000179	0.008278 0.002451	0.001377 0.002442	0.000283 0.000680	0.001486 0.002947	
4 10 100 1.890000	0.010244 0.006809	0.999887 0.000140	0.005527 0.004153	0.000707 0.001720	-0.000013 0.000842	0.000274 0.000823	
4 10 100 1.900000	0.007125 0.008599	0.999936 0.000131	0.006502 0.004398	0.000277 0.000720	0.000000 0.000000	0.000000 0.000000	
4 10 100 1.910000	0.006927 0.002126	0.999951 0.000029	0.006264 0.002244	0.000652 0.001957	0.000410 0.001229	0.000473 0.000947	
4 10 100 1.920000	0.006201 0.007225	0.999953 0.000092	0.006518 0.001236	0.000746 0.002239	0.000722 0.001668	0.000241 0.000723	
4 10 100 1.930000	0.004618 0.001786	0.999978 0.000016	0.005870 0.004305	0.001423 0.004268	0.001165 0.001992	0.000000 0.000000	
4 10 100 1.940000	0.002983 0.001185	0.999991 0.000007	0.005715 0.008335	0.002100 0.003277	0.000166 0.000499	0.000000 0.000000	
4 10 100 1.950000	0.009942 0.001211	0.999901 0.000024	0.007561 0.006794	0.001369 0.003941	0.000556 0.001668	0.000636 0.001909	
4 10 100 1.960000	0.009581 0.006932	0.999900 0.000133	0.007055 0.003150	0.000138 0.000413	0.000280 0.000840	0.000138 0.000413	
4 10 100 1.970000	0.014100 0.004667	0.999796 0.000139	0.003837 0.000366	0.001985 0.002779	0.000575 0.001724	0.001410 0.002872	
4 10 100 1.980000	0.012498 0.007356	0.999835 0.000181	0.007326 0.002850	0.000113 0.000338	0.001182 0.002451	0.001742 0.002704	
4 10 100 1.990000	0.010702 0.004441	0.999881 0.000101	0.006531 0.005656	0.001481 0.001919	0.001342 0.002594	0.000560 0.001679	
4 10 100 2.000000	0.005024 0.004866	0.999971 0.000048	0.007939 0.004609	0.001102 0.002098	-0.000121 0.000364	0.000487 0.001461	
4 10 100 2.010000	0.012222 0.009903	0.999829 0.000273	0.006732 0.001248	0.000951 0.001942	0.000388 0.001164	0.000000 0.000000	
4 10 100 2.020000	0.005949 0.002142	0.999964 0.000024	0.005940 0.003536	0.002489 0.004041	0.001416 0.004249	0.000077 0.000232	
4 10 100 2.030000	0.008498 0.001269	0.999927 0.000022	0.004557 0.001790	0.000904 0.002713	0.001241 0.003723	0.000000 0.000000	
4 10 100 2.040000	0.003553 0.002666	0.999986 0.000021	0.006973 0.002255	0.000000 0.000000	0.001333 0.002255	0.001924 0.004014	
4 10 100 2.050000	0.010414 0.004285	0.999888 0.000090	0.006538 0.001857	0.000554 0.001661	0.000385 0.001156	0.000699 0.001951	
4 10 100 2.060000	0.007436 0.004441	0.999941 0.000069	0.005833 0.002511	0.000388 0.001163	0.000546 0.000910	0.001808 0.005203	
4 10 100 2.070000	0.009264 0.009139	0.999900 0.000170	0.006887 0.005196	0.000000 0.000000	0.001507 0.002838	-0.000344 0.001032	
4 10 100 2.080000	0.013037 0.009132	0.999815 0.000249	0.004782 0.005615	0.001499 0.001069	0.001610 0.003457	0.000769 0.001879	
4 10 100 2.090000	0.006738 0.007771	0.999944 0.000101	0.006117 0.002159	0.000368 0.000705	0.000000 0.000000	0.000671 0.002014	
4 10 100 2.100000	0.016284 0.006348	0.999727 0.000196	0.004777 0.005279	0.000484 0.000838	0.000592 0.001168	0.000768 0.002203	
4 10 100 2.110000	0.009274 0.002886	0.999912 0.000051	0.004626 0.002268	0.000000 0.000000	0.000049 0.000146	0.000000 0.000000	
4 10 100 2.120000	0.010457 0.006607	0.999882 0.000127	0.006953 0.005664	0.000408 0.001223	0.000905 0.001854	0.000119 0.000357	
4 10 100 2.130000	0.012118 0.008996	0.999839 0.000212	0.004553 0.001222	0.000114 0.000342	0.000248 0.000745	0.000000 0.000000	
4 10 100 2.140000	0.010009 0.009853	0.999880 0.000225	0.006024 0.006285	0.000810 0.001473	0.000000 0.000000	0.001414 0.004241	
4 10 100 2.150000	0.004224 0.004951	0.999977 0.000034	0.007469 0.005590	0.001745 0.004008	0.000493 0.001227	0.001829 0.003567	
4 10 100 2.160000	0.009313 0.005704	0.999908 0.000106	0.004958 0.005002	0.001857 0.003136	0.000000 0.000000	0.000000 0.000000	
4 10 100 2.170000	0.006852 0.003660	0.999951 0.000048	0.004833 0.004511	0.001382 0.001550	0.002139 0.002560	0.000245 0.000736	
4 10 100 2.180000	0.007936 0.008103	0.999926 0.000128	0.005397 0.004467	0.000621 0.000995	0.000000 0.000000	0.000000 0.000000	
4 10 100 2.190000	0.007206 0.009683	0.999932 0.000139	0.003805 0.002134	0.003047 0.006108	0.000000 0.000000	0.000709 0.002128	
4 10 100 2.200000	0.007323 0.006058	0.999940 0.000091	0.005243 0.002498	0.000414 0.001242	0.000819 0.001242	0.000321 0.000963	
4 10 100 2.210000	0.010066 0.007942	0.999888 0.000168	0.004349 0.008043	0.000322 0.000966	0.000406 0.001219	0.002076 0.001393	
4 10 100 2.220000	0.006261 0.004675	0.999957 0.000059	0.003745 0.004604	0.001472 0.003089	0.000240 0.000719	0.000901 0.002704	
4 10 100 2.230000	0.005762 0.002333	0.999966 0.000027	0.006868 0.003397	0.000443 0.001106	0.000236 0.000709	0.001171 0.003514	
4 10 100 2.240000	0.008119 0.006108	0.999928 0.000097	0.006578 0.002091	0.001371 0.003717	0.001339 0.002454	0.000385 0.000602	
4 10 100 2.250000	0.008573 0.005604	0.999921 0.000101	0.005645 0.006039	0.000446 0.000719	0.000627 0.001881	0.000388 0.000950	
4 10 100 2.260000	0.010906 0.005300	0.999875 0.000124	0.003579 0.003150	0.001122 0.001934	0.000000 0.000000	0.000449 0.000928	
4 10 100 2.270000	0.006591 0.004178	0.999953 0.000049	0.007949 0.005556	0.000000 0.000000	0.000248 0.000743	0.000584 0.001753	
4 10 100 2.280000	0.006028 0.003942	0.999961 0.000045	0.004927 0.001308	0.000080 0.000239	0.000000 0.000000	0.000386 0.000713	
4 10 100 2.290000	0.012080 0.008560	0.999839 0.000188	0.004806 0.002208	0.000780 0.001535	0.000238 0.000713	0.000918 0.001975	
4 10 100 2.300000	0.006203 0.002343	0.999961 0.000030	0.005264 0.005080	0.000141 0.000226	0.000075 0.000226	0.001403 0.002751	
4 10 100 2.310000	0.010766 0.004253	0.999880 0.000086	0.005520 0.003115	0.000266 0.000695	0.000182 0.001853	0.001445 0.003725	
4 10 100 2.320000	0.007517 0.009584	0.999925 0.000168	0.003376 0.002685	0.000949 0.002846	0.000438 0.000826	0.000239 0.000749	
4 10 100 2.330000	0.007137 0.003839	0.999947 0.000056	0.005039 0.004000	0.000701 0.002103	0.000518 0.001554	0.000350 0.001050	
4 10 100 2.340000	0.006906 0.009041	0.999937 0.000111	0.006251 0.002231	0.000060 0.000181	0.000000 0.000000	0.000443 0.000868	
4 10 100 2.350000	0.008258 0.008688	0.999919 0.000142	0.004465 0.005950	0.000845 0.000420	0.000616 0.000996	0.000650 0.001949	
4 10 100 2.360000	0.008991 0.008863	0.999906 0.000160	0.004620 0.005656	0.001253 0.001708	0.000916 0.001170	0.000613 0.001840	
4 10 100 2.370000	0.011448 0.004380	0.999865 0.000105	0.004495 0.002925	0.000406 0.000809	0.000318 0.000809	0.001464 0.003178	
4 10 100 2.380000	0.008568 0.007751	0.999914 0.000152	0.004712 0.005909	0.000000 0.000000	0.000000 0.000000	0.000072 0.000217	
4 10 100 2.390000	0.010258 0.002265	0.999894 0.000046	0.004524 0.005004	0.001067 0.003200	0.001577 0.001031	0.001016 0.002144	
4 10 100 2.400000	0.005809 0.006465	0.999958 0.000085	0.004083 0.003962	0.000162 0.000487	0.000301 0.000661	0.000667 0.002002	
4 10 100 2.410000	0.010706 0.008790	0.999872 0.000178	0.004922 0.005125	0.000410 0.001230	0.001602 0.004082	0.000531 0.000869	
4 10 100 2.420000	0.012317 0.009482	0.999833 0.000224	0.003200 0.003439	0.000060 0.003254	0.000691 0.001590	0.000000 0.000000	
4 10 100 2.430000	0.010845 0.005774	0.999876 0.000118	0.006189 0.005530	0.001812 0.001633	0.000000 0.000000	0.000288 0.000864	
4 10 100 2.440000	0.011806 0.006164	0.999853 0.000136	0.004483 0.001398	0.000000 0.000000	0.001266 0.001958	0.001028 0.003085	
4 10 100 2.450000	0.012612 0.007146	0.999832 0.000172	0.003872 0.002978	0.000000 0.000000	0.000589 0.001091	0.000087 0.000262	
4 10 100 2.460000	0.009233 0.002130	0.999914 0.000040	0.003786 0.002281	0.000442 0.001153	0.000792 0.001193	0.000805 0.002415	
4 10 100 2.470000	0.010007 0.005260	0.999895 0.000108	0.006545 0.002599	0.000756 0.002108	0.000113 0.000340	0.000000 0.000000	
4 10 100 2.480000	0.007334 0.001296	0.999946 0.000019	0.006596 0.006294	0.000802 0.002218	0.000821 0.002462	0.000147 0.000442	
4 10 100 2.490000	0.008673 0.003011	0.999923 0.000054	0.005563 0.002314	0.000132 0.000397	-0.000139 0.001316	0.000681 0.000492	
4 10 100 2.500000	0.006151 0.003578	0.999960 0.000041	0.004674 0.003798	0.000000 0.000000	0.000000 0.000000	0.000402 0.001205	
4 10 100 2.510000	0.010126 0.008802	0.999881 0.000156	0.004343 0.003519	0.000898 0.001608	0.000000 0.000000	0.000000 0.000000	
4 10 100 2.520000	0.008681 0.007504	0.999914 0.000143	0.005722 0.004814	0.000241 0.000724	0.001261 0.000900	0.000783 0.002349	
4 10 100 2.530000	0.006739 0.008235	0.999943 0.000101	0.005582 0.005202	0.000386 0.001158	0.000000 0.000000	0.001542 0.003746	
4 10 100 2.540000	0.007703 0.009825	0.999924 0.000155	0.005648 0.004404	0.000235 0.000704	0.000334 0.001001	0.000081 0.000244	
4 10 100 2.550000	0.007429 0.005962	0.999938 0.000096	0.004231 0.006396	0.000000 0.000000	0.002716 0.003692	0.000328 0.000985	
4 10 100 2.560000	0.009784 0.002332	0.999903 0.000045	0.006132 0.001988	0.000000 0.000000	0.000046 0.000137	0.000313 0.000939	
4 10 100 2.570000	0.006935 0.003956	0.999949 0.000054	0.005421 0.004828	0.000403 0.001210	0.001212 0.002303	0.001482 0.003007	
4 10 100 2.580000	0.008504 0.006758	0.999920 0.000112	0.003988 0.001656	0.000377 0.000594	0.000601 0.001688	0.000366 0.001099	
4 10 100 2.590000	0.010135 0.007156	0.999886 0.000161	0.003281 0.004298	0.001194 0.002719	0.000540 0.001620	0.000158 0.000358	
4 10 100 2.600000	0.012340 0.008738	0.999831 0.000239	0.004209 0.003017	0.000452 0.000924	0.000536 0.000937	0.000926 0.001775	
4 10 100 2.610000	0.007814 0.006930	0.999930 0.000098	0.006075 0.003634	0.001389 0.003775	0.000000 0.000000	0.001024 0.001361	
4 10 100 2.620000	0.009526 0.007780	0.999898 0.000135	0.005032 0.001633	0.001213 0.002904	0.000960 0.002399	0.000077 0.000230	
4 10 100 2.630000	0.004053 0.004450	0.999980 0.000040	0.004862 0.005011	0.000322 0.000965	-0.000018 0.001986	0.000238 0.000713	
4 10 100 2.640000	0.012350 0.006809	0.999840 0.000167	0.003880 0.001174	0.000847 0.002447	0.000597 0.002187	0.000311 0.000932	
4 10 100 2.650000	0.010649 0.005020	0.999882 0.000102	0.003754 0.001843	0.000609 0.000951	-0.000054 0.000161	0.001872 0.002971	
4 10 100 2.660000	0.013513 0.007299	0.999808 0.000207	0.005279 0.001433	0.000699 0.001954	0.001493 0.004480	0.000456 0.001368	
4 10 100 2.670000	0.009223 0.002953	0.999913 0.000056	0.004964 0.005864	0.001029 0.001690	0.001176 0.001726	0.000227 0.000680	
4 10 100 2.680000	0.009443 0.008723	0.999898 0.000161	0.004612 0.001190	0.001170 0.003511	0.000000 0.000000	0.000297 0.000734	
4 10 100 2.690000	0.010133 0.003194	0.999896 0.000065	0.005283 0.002296	0.000594 0.001417	-0.000117 0.000351	0.000542 0.001627	
4 10 100 2.700000	0.007949 0.007460	0.999925 0.000137	0.003712 0.001884	0.000000 0.000000	0.001074 0.001737	0.001113 0.002495	
4 10 100 2.710000	0.008021 0.004810	0.999932 0.000077	0.006666 0.004623	0.001363 0.002241	0.000637 0.001911	0.000894 0.001483	
4 10 100 2.720000	0.005460 0.002799	0.999969 0.000028	0.004177 0.003310	0.000407 0.001221	0.000000 0.000000	0.000000 0.000000	
4 10 100 2.730000	0.008132 0.007957	0.999922 0.000142	0.002876 0.005007	0.000406 0.001219	0.000618 0.001854	0.000076 0.000228	
4 10 100 2.740000	0.008757 0.001968	0.999922 0.000033	0.003374 0.004042	0.002309 0.003701	0.000223 0.000670	0.000794 0.001712	
4 10 100 2.750000	0.007641 0.006072	0.999934 0.000103	0.004395 0.001365	0.000159 0.000476	0.000074 0.000223	0.001072 0.002496	
4 10 100 2.760000	0.008249 0.008715	0.999918 0.000132	0.004043 0.001395	0.000639 0.001757	0.000000 0.000000	0.000000 0.000000	
4 10 100 2.770000	0.011386 0.009343	0.999855 0.000226	0.005579 0.005510	0.001211 0.001965	0.000066 0.000198	0.000000 0.000000	
4 10 100 2.780000	0.007352 0.003984	0.999943 0.000060	0.005134 0.002988	0.000969 0.002747	0.000879 0.002013	0.000000 0.000000	
4 10 100 2.790000	0.010802 0.003530	0.999881 0.000073	0.003669 0.003017	0.000649 0.001946	0.001188 0.003208	0.000519 0.000876	
4 10 100 2.800000	0.010304 0.005938	0.999888 0.000123	0.005612 0.001591	0.000664 0.001337	0.000951 0.002852	0.000639 0.001917	
4 10 100 2.810000	0.009175 0.004621	0.999912 0.000089	0.003195 0.005376	0.000626 0.001878	0.000603 0.001446	0.000735 0.002204	
4 10 100 2.820000	0.010201 0.001836	0.999895 0.000038	0.003683 0.003259	0.000598 0.000909	0.000771 0.002148	0.001103 0.002676	
4 10 100 2.830000	0.010419 0.008865	0.999877 0.000200	0.002234 0.001344	0.000660 0.001016	0.001474 0.002731	0.000742 0.002226	
4 10 100 2.840000	0.014968 0.007138	0.999766 0.000227	0.004732 0.005329	0.000202 0.000605	0.000623 0.001868	0.000000 0.000000	
4 10 100 2.850000	0.007496 0.009516	0.999927 0.000158	0.001527 0.001538	0.001752 0.002995	0.000325 0.000975	0.000858 0.001345	
4 10 100 2.860000	0.011070 0.008771	0.999864 0.000200	0.004073 0.003140	0.000826 0.001718	0.001817 0.005053	0.000573 0.001718	
4 10 100 2.870000	0.007831 0.009029	0.999924 0.000125	0.004890 0.001602	0.000138 0.000413	0.000220 0.000413	-0.000031 0.000092	
4 10 100 2.880000	0.007490 0.005227	0.999939 0.000075	0.002464 0.004086	0.000330 0.000989	0.001882 0.004732	0.000000 0.000000	
4 10 100 2.890000	0.010862 0.002455	0.999881 0.000053	0.004763 0.004264	0.000000 0.000000	0.001100 0.002381	0.000342 0.000666	
4 10 100 2.900000	0.006067 0.008548	0.999951 0.000100	0.003318 0.000546	0.000742 0.002018	0.000070 0.000210	0.000673 0.002018	
4 10 100 2.910000	0.006217 0.008043	0.999950 0.000106	0.002644 0.005578	0.001634 0.001285	0.000159 0.000476	0.000000 0.000000	
4 10 100 2.920000	0.011047 0.006051	0.999870 0.000123	0.003969 0.006150	0.000000 0.000000	0.000235 0.000706	0.000000 0.000000	
4 10 100 2.930000	0.009138 0.001808	0.999916 0.000032	0.003704 0.003509	0.001882 0.002966	0.000863 0.001677	0.001200 0.002687	
4 10 100 2.940000	0.005069 0.008011	0.999963 0.000086	0.003499 0.004527	0.001064 0.002943	0.000414 0.001242	0.000084 0.000251	
4 10 100 2.950000	0.009352 0.007974	0.999899 0.000169	0.003518 0.001765	0.000727 0.001219	0.001177 0.002312	0.000503 0.001302	
4 10 100 2.960000	0.006648 0.005653	0.999949 0.000084	0.003148 0.004371	0.001480 0.004441	0.000293 0.000653	0.000160 0.000479	
4 10 100 2.970000	0.008233 0.005694	0.999927 0.000094	0.005061 0.001807	0.000370 0.000635	0.001465 0.002496	0.000875 0.001739	
4 10 100 2.980000	0.010262 0.005394	0.999890 0.000114	0.004401 0.000189	0.000909 0.002728	0.000384 0.000708	0.001023 0.001718	
4 10 100 2.990000	0.010341 0.004110	0.999890 0.000084	0.002163 0.003367	0.000286 0.000858	0.000623 0.001868	0.000264 0.000438	
4 10 100 3.000000	0.009875 0.001306	0.999902 0.000026	0.005626 0.000752	0.000576 0.000990	0.000000 0.000000	0.000383 0.001149	
4 10 100 3.010000	0.006620 0.005094	0.999951 0.000073	0.002897 0.001273	0.000824 0.001999	0.000877 0.000443	0.000474 0.001422	
4 10 100 3.020000	0.008651 0.002454	0.999924 0.000043	0.004890 0.004084	0.000785 0.002172	0.001075 0.003226	0.000547 0.001458	
4 10 100 3.030000	0.012141 0.001720	0.999852 0.000041	0.003219 0.005050	0.000199 0.000596	0.000115 0.000344	0.002135 0.006405	
4 10 100 3.040000	0.008781 0.002969	0.999921 0.000055	0.003625 0.001969	0.000174 0.002023	-0.000358 0.001073	0.002615 0.003791	
4 10 100 3.050000	0.006792 0.004988	0.999949 0.000076	0.003652 0.004291	0.000740 0.001993	0.000000 0.000000	0.000387 0.001161	
4 10 100 3.060000	0.007569 0.005053	0.999937 0.000084	0.003810 0.001520	0.002463 0.001763	0.000382 0.001146	0.000000 0.000000	
4 10 100 3.070000	0.007325 0.003437	0.999944 0.000049	0.002385 0.003517	0.000806 0.001991	0.000148 0.000445	0.000479 0.001437	
4 10 100 3.080000	0.012819 0.005363	0.999829 0.000128	0.003011 0.002271	0.000000 0.000000	0.000359 0.001076	0.000392 0.001175	
4 10 100 3.090000	0.016716 0.003104	0.999719 0.000102	0.002917 0.003869	0.001005 0.002305	0.000634 0.001193	0.001341 0.003820	
4 10 100 3.100000	0.008488 0.004705	0.999924 0.000084	0.002730 0.002104	0.001552 0.004655	0.000247 0.000614	0.000205 0.000614	
4 10 100 3.110000	0.010259 0.005573	0.999888 0.000124	0.004097 0.002901	0.000586 0.001070	0.000693 0.002080	0.000104 0.000313	
4 10 100 3.120000	0.005098 0.008866	0.999961 0.000092	0.004170 0.003559	0.000581 0.001743	0.001897 0.002501	0.000000 0.000000	
4 10 100 3.130000	0.013650 0.005384	0.999807 0.000156	0.002753 0.001924	0.001033 0.002229	0.000659 0.001977	0.000374 0.001123	
4 10 100 3.140000	0.007558 0.002444	0.999942 0.000038	0.004824 0.000999	0.000952 0.000972	0.000978 0.001473	0.000885 0.002231	
4 10 100 3.150000	0.006862 0.002813	0.999951 0.000036	0.004413 0.004542	0.001812 0.003473	0.000160 0.000479	0.002160 0.003257	
4 10 100 3.160000	0.007201 0.008696	0.999932 0.000103	0.003215 0.006473	0.000000 0.000000	0.000217 0.000652	0.000000 0.000000	
4 10 100 3.170000	0.006987 0.006104	0.999945 0.000089	0.002723 0.002966	0.000654 0.001474	0.000534 0.000822	0.000738 0.001245	
4 10 100 3.180000	0.002855 0.001961	0.999991 0.000012	0.005126 0.001514	0.000079 0.000236	0.000000 0.000000	0.000000 0.000000	
4 10 100 3.190000	0.007302 0.008054	0.999935 0.000105	0.003554 0.002746	0.001308 0.003677	0.000671 0.002014	0.000645 0.001761	
4 10 100 3.200000	0.010989 0.001244	0.999879 0.000027	0.002825 0.002781	0.000428 0.000906	-0.000037 0.002044	0.000300 0.000508	
4 10 100 3.210000	0.006286 0.007242	0.999952 0.000095	0.003487 0.001333	0.000000 0.000000	0.000804 0.002264	0.000000 0.000000	
4 10 100 3.220000	0.008837 0.009940	0.999901 0.000204	0.002315 0.004665	0.000000 0.000000	0.001073 0.001740	0.000063 0.000190	
4 10 100 3.230000	0.008710 0.005504	0.999919 0.000097	0.003090 0.001107	0.000032 0.000096	0.000425 0.001275	0.000701 0.001297	
4 10 100 3.240000	0.011026 0.004745	0.999875 0.000104	0.004841 0.005155	0.000421 0.000832	0.000000 0.000000	0.000439 0.000936	
4 10 100 3.250000	0.006797 0.007216	0.999944 0.000109	0.002390 0.004168	0.000000 0.000000	0.000328 0.000983	0.000331 0.000994	
4 10 100 3.260000	0.006785 0.008554	0.999940 0.000098	0.003643 0.002042	0.000387 0.001162	0.000445 0.001339	0.001236 0.002018	
4 10 100 3.270000	0.006670 0.007648	0.999944 0.000118	0.003984 0.003400	0.000416 0.001248	0.001258 0.003773	0.000000 0.000000	
4 10 100 3.280000	0.010389 0.005104	0.999888 0.000109	0.002665 0.003611	0.000893 0.002680	0.000000 0.000000	0.001040 0.002932	
4 10 100 3.290000	0.015546 0.008022	0.999747 0.000240	0.002946 0.004889	0.002525 0.002098	0.000376 0.000904	0.000000 0.000000	
4 10 100 3.300000	0.008962 0.006966	0.999910 0.000114	0.001508 0.004523	0.001846 0.002438	0.000123 0.000368	0.000000 0.000000	
4 10 100 3.310000	0.012390 0.003895	0.999844 0.000100	0.003295 0.002285	0.001095 0.001901	0.000000 0.000000	0.000000 0.000000	
4 10 100 3.320000	0.006686 0.003463	0.999953 0.000047	0.003489 0.001043	0.001393 0.002452	0.000467 0.000717	0.000576 0.001727	
4 10 100 3.330000	0.008575 0.004961	0.999922 0.000083	0.004215 0.002861	0.000129 0.000387	0.000802 0.002407	0.000073 0.000218	
4 10 100 3.340000	0.014802 0.005405	0.999775 0.000151	0.003226 0.004647	0.001341 0.004023	0.001220 0.003661	-0.000174 0.000523	
4 10 100 3.350000	0.012109 0.006298	0.999847 0.000154	0.004729 0.006472	0.000000 0.000000	0.000374 0.001121	0.000289 0.000868	
4 10 100 3.360000	0.008016 0.006303	0.999928 0.000109	0.002874 0.001911	0.000000 0.000000	0.000074 0.000222	0.000153 0.000460	
4 10 100 3.370000	0.007764 0.003324	0.999938 0.000053	0.001369 0.001731	-0.000231 0.000773	0.000780 0.001300	0.000000 0.000000	
4 10 100 3.380000	0.006067 0.006422	0.999955 0.000087	0.003659 0.002107	0.000830 0.002008	0.000501 0.001503	0.000077 0.000231	
4 10 100 3.390000	0.008392 0.006617	0.999922 0.000116	0.002868 0.002944	0.000288 0.000865	0.000317 0.000951	0.000000 0.000000	
4 10 100 3.400000	0.008482 0.008336	0.999916 0.000152	0.002778 0.003408	0.000522 0.000834	0.000615 0.001844	0.000909 0.002726	
4 10 100 3.410000	0.009756 0.005970	0.999898 0.000124	0.003433 0.002906	0.000150 0.000450	0.000000 0.000000	0.000000 0.000000	
4 10 100 3.420000	0.008421 0.008514	0.999915 0.000160	0.002188 0.003552	0.001430 0.001103	0.000597 0.002163	0.000496 0.001489	
4 10 100 3.430000	0.005762 0.006098	0.999960 0.000068	0.002738 0.002493	0.000649 0.001947	0.000000 0.000000	0.000324 0.000971	
4 10 100 3.440000	0.010979 0.005099	0.999875 0.000116	0.004504 0.002805	0.000000 0.000000	0.000000 0.000000	0.000302 0.000906	
4 10 100 3.450000	0.006416 0.008517	0.999947 0.000110	0.002893 0.000900	0.000000 0.000000	0.001043 0.001653	0.000046 0.000137	
4 10 100 3.460000	0.007374 0.006159	0.999938 0.000081	0.002800 0.003349	0.001311 0.002260	0.000111 0.000174	0.001537 0.002258	
4 10 100 3.470000	0.007084 0.006203	0.999943 0.000082	0.004741 0.001739	0.000558 0.001674	0.002047 0.002949	0.000080 0.000240	
4 10 100 3.480000	0.009762 0.000657	0.999905 0.000013	0.003524 0.002007	0.000000 0.000000	0.000608 0.001411	0.000138 0.000414	
4 10 100 3.490000	0.006092 0.008232	0.999951 0.000105	0.004834 0.002698	0.000300 0.000900	-0.000047 0.002446	0.001635 0.001915	
4 10 100 3.500000	0.013770 0.003844	0.999808 0.000107	0.003427 0.001409	0.000000 0.000000	0.002395 0.005161	0.000000 0.000000	
4 10 100 3.510000	0.006972 0.006829	0.999943 0.000092	0.001879 0.000666	0.002403 0.004282	0.000471 0.001413	0.001141 0.002514	
4 10 100 3.520000	0.006800 0.005843	0.999946 0.000090	0.001798 0.002615	0.000076 0.000228	0.001217 0.002665	0.000299 0.000897	
4 10 100 3.530000	0.011421 0.006228	0.999863 0.000148	0.003061 0.002125	0.001319 0.002668	0.000236 0.000428	0.000909 0.001691	
4 10 100 3.540000	0.008945 0.008152	0.999908 0.000159	0.002096 0.002684	0.000739 0.002218	0.000000 0.000000	0.001423 0.001421	
4 10 100 3.550000	0.005180 0.001688	0.999973 0.000017	0.004181 0.004550	0.000748 0.002243	0.001067 0.001027	0.000162 0.000487	
4 10 100 3.560000	0.010550 0.006237	0.999882 0.000138	0.003333 0.003926	0.000102 0.000305	0.000905 0.002715	0.001060 0.000649	
4 10 100 3.570000	0.009195 0.005613	0.999910 0.000105	0.003361 0.002846	0.000372 0.001115	0.002183 0.001984	0.000793 0.002378	
4 10 100 3.580000	0.006328 0.006628	0.999953 0.000082	0.002478 0.004245	0.000334 0.001002	0.001218 0.001977	0.000000 0.000000	
4 10 100 3.590000	0.010326 0.007367	0.999884 0.000159	0.003335 0.002814	0.000055 0.000165	0.002157 0.003658	0.000728 0.002185	
4 10 100 3.600000	0.006213 0.007670	0.999952 0.000094	0.004076 0.004076	0.000251 0.000752	0.000204 0.000794	0.000472 0.001416	
4 10 100 3.610000	0.011185 0.008091	0.999864 0.000179	0.003063 0.004699	0.000798 0.002395	0.001624 0.003153	0.000068 0.000203	
4 10 100 3.620000	0.007554 0.006496	0.999934 0.000111	0.002151 0.003728	0.000972 0.002077	-0.000123 0.000368	0.000000 0.000000	
4 10 100 3.630000	0.004191 0.005162	0.999977 0.000052	0.003512 0.002324	0.000000 0.000000	0.000736 0.002014	0.002081 0.004092	
4 10 100 3.640000	0.008984 0.000795	0.999919 0.000014	0.002444 0.001277	0.000901 0.002702	0.000707 0.001944	0.001207 0.001944	
4 10 100 3.650000	0.008583 0.009644	0.999909 0.000149	0.001873 0.003501	0.000301 0.000903	0.000727 0.002180	0.001062 0.001661	
4 10 100 3.660000	0.009979 0.009341	0.999883 0.000164	0.003755 0.001903	0.000860 0.001498	0.001151 0.003130	0.001028 0.002597	
4 10 100 3.670000	0.012176 0.009901	0.999831 0.000213	0.002768 0.004512	0.000348 0.000763	0.000325 0.000976	0.000000 0.000000	
4 10 100 3.680000	0.008247 0.003410	0.999930 0.000058	0.004644 0.000238	0.000000 0.000000	0.000069 0.000207	0.000955 0.001916	
4 10 100 3.690000	0.007324 0.008941	0.999933 0.000136	0.000907 0.002263	0.000790 0.002263	0.000369 0.000748	0.001030 0.001721	
4 10 100 3.700000	0.008745 0.006854	0.999915 0.000127	0.001737 0.004487	0.000199 0.000596	0.000738 0.002214	0.000738 0.002214	
4 10 100 3.710000	0.005267 0.006814	0.999964 0.000076	0.001816 0.003342	0.000588 0.001763	0.001843 0.004036	0.000226 0.000677	
4 10 100 3.720000	0.005439 0.006617	0.999963 0.000075	0.002909 0.002002	0.000000 0.000000	0.001739 0.003454	0.000419 0.001257	
4 10 100 3.730000	0.009621 0.009325	0.999893 0.000183	0.004523 0.001445	0.000000 0.000000	0.000496 0.001489	0.002026 0.003579	
4 10 100 3.740000	0.005603 0.005965	0.999962 0.000076	0.003834 0.002015	0.000809 0.001756	0.000977 0.002766	0.000055 0.000165	
4 10 100 3.750000	0.006916 0.008490	0.999939 0.000130	0.002969 0.003647	0.001538 0.000898	0.001932 0.005797	0.001633 0.003776	
4 10 100 3.760000	0.012202 0.001155	0.999851 0.000028	0.002629 0.002750	0.001746 0.002872	0.000577 0.001104	0.000577 0.001357	
4 10 100 3.770000	0.013022 0.009567	0.999815 0.000240	0.002424 0.002285	0.000000 0.000000	0.000340 0.000815	0.000677 0.001467	
4 10 100 3.780000	0.007731 0.009553	0.999924 0.000161	0.003796 0.003669	0.000611 0.001089	0.000248 0.000744	0.000501 0.001502	
4 10 100 3.790000	0.007588 0.002942	0.999941 0.000047	0.004150 0.001509	0.000812 0.001720	0.000980 0.002736	0.000491 0.001474	
4 10 100 3.800000	0.009849 0.004766	0.999898 0.000101	0.002508 0.004192	0.000880 0.001698	0.000229 0.000688	0.000342 0.000690	
4 10 100 3.810000	0.009772 0.009592	0.999885 0.000214	0.003674 0.006273	0.000000 0.000000	0.000404 0.001213	0.000673 0.002019	
4 10 100 3.820000	0.008667 0.003508	0.999923 0.000058	0.004468 0.001812	0.000714 0.001428	0.000644 0.001933	0.000000 0.000000	
4 10 100 3.830000	0.010115 0.008394	0.999883 0.000150	0.004092 0.001384	0.000077 0.000230	0.000918 0.002755	0.000369 0.001108	
4 10 100 3.840000	0.007026 0.001753	0.999950 0.000024	0.003906 0.003006	0.000064 0.000191	0.002054 0.003521	0.000388 0.000721	
4 10 100 3.850000	0.005358 0.004144	0.999968 0.000047	0.002409 0.001057	0.001067 0.002756	0.001419 0.002756	0.000164 0.000492	
4 10 100 3.860000	0.007411 0.004429	0.999942 0.000063	0.003814 0.003324	0.000000 0.000000	0.000896 0.002501	0.000652 0.001956	
4 10 100 3.870000	0.008604 0.008744	0.999909 0.000126	0.002350 0.001265	0.000583 0.000376	-0.000175 0.000883	0.000376 0.001129	
4 10 100 3.880000	0.004968 0.006352	0.999969 0.000064	0.002411 0.003972	0.000734 0.001195	0.000918 0.002755	0.000000 0.000000	
4 10 100 3.890000	0.011727 0.004759	0.999859 0.000111	0.003478 0.003225	0.000000 0.000000	0.001992 0.004406	0.000139 0.000418	
4 10 100 3.900000	0.008199 0.007210	0.999923 0.000129	0.002112 0.003266	0.000480 0.000964	0.000000 0.000000	0.000153 0.000459	
4 10 100 3.910000	0.008990 0.005763	0.999912 0.000113	0.001680 0.001761	0.000000 0.000000	0.001091 0.001874	0.000604 0.001354	
4 10 100 3.920000	0.011874 0.006234	0.999852 0.000154	0.001704 0.000135	0.000477 0.001430	0.000942 0.001647	0.000000 0.000000	
4 10 100 3.930000	0.004550 0.004559	0.999976 0.000045	0.001827 0.003290	0.000000 0.000000	0.001849 0.005548	0.001159 0.003023	
4 10 100 3.940000	0.013573 0.002278	0.999815 0.000062	0.001550 0.003350	0.000000 0.000000	0.000180 0.000541	0.000096 0.000289	
4 10 100 3.950000	0.012584 0.009517	0.999825 0.000254	0.002519 0.004799	0.001365 0.002703	0.000608 0.001645	0.001213 0.002703	
4 10 100 3.960000	0.008457 0.006461	0.999920 0.000121	0.001616 0.003239	0.000240 0.000720	0.000000 0.000000	0.001113 0.001861	
4 10 100 3.970000	0.010478 0.008998	0.999872 0.000215	0.002313 0.003246	0.000630 0.001553	0.000720 0.001207	0.000733 0.001749	
4 10 100 3.980000	0.008217 0.001246	0.999932 0.000020	0.004309 0.001769	0.000059 0.000178	0.000546 0.001440	0.000066 0.000198	
4 10 100 3.990000	0.007389 0.004154	0.999943 0.000061	0.003169 0.001744	0.000653 0.001205	0.000393 0.001569	0.000046 0.000313	
4 10 100 4.000000	0.008943 0.008666	0.999906 0.000171	0.002431 0.004969	0.000141 0.001030	0.000562 0.001232	0.001347 0.003737	
4 10 100 4.010000	0.008094 0.007858	0.999922 0.000112	0.003794 0.004384	0.001731 0.003434	0.000377 0.000888	0.001057 0.002263	
4 10 100 4.020000	0.007366 0.007519	0.999933 0.000129	0.002459 0.002149	0.000867 0.002249	0.000413 0.001238	0.001247 0.001996	
4 10 100 4.030000	0.006079 0.006134	0.999956 0.000084	0.002397 0.000589	0.000667 0.002000	0.000161 0.000484	0.000164 0.000491	
4 10 100 4.040000	0.008832 0.008214	0.999907 0.000123	0.003948 0.005679	0.000376 0.001128	0.000123 0.000370	0.000080 0.000241	
4 10 100 4.050000	0.012179 0.009079	0.999837 0.000236	0.002278 0.001246	0.000631 0.001208	-0.000290 0.000869	0.000618 0.001656	
4 10 100 4.060000	0.012325 0.004919	0.999844 0.000116	0.002621 0.000874	0.000446 0.001337	0.000392 0.001175	0.000000 0.000000	
4 10 100 4.070000	0.008462 0.006697	0.999920 0.000120	0.001867 0.005247	0.000000 0.000000	0.001623 0.002999	0.001665 0.004994	
4 10 100 4.080000	0.008391 0.004570	0.999926 0.000081	0.003143 0.006441	0.000431 0.000493	0.000614 0.001391	0.000150 0.000450	
4 10 100 4.090000	0.005750 0.008771	0.999954 0.000109	0.001141 0.003423	0.001553 0.003263	0.000251 0.000754	0.000664 0.001259	
4 10 100 4.100000	0.007361 0.006833	0.999938 0.000096	0.001453 0.002177	0.000216 0.000648	0.000568 0.001704	0.000469 0.001406	
4 10 100 4.110000	0.010628 0.007680	0.999875 0.000178	0.002059 0.003461	0.000000 0.000000	0.000312 0.000935	0.000317 0.000950	
4 10 100 4.120000	0.008322 0.006079	0.999924 0.000108	0.003423 0.005521	0.000356 0.000706	0.000320 0.000959	0.000073 0.000218	
4 10 100 4.130000	0.007310 0.005818	0.999941 0.000085	0.001288 0.000724	0.000537 0.001209	0.000000 0.000000	0.000302 0.000905	
4 10 100 4.140000	0.009293 0.005368	0.999909 0.000097	0.003191 0.004098	-0.000091 0.002835	-0.000603 0.001808	0.002111 0.004661	
4 10 100 4.150000	0.011307 0.006934	0.999862 0.000143	0.003566 0.001889	-0.000100 0.000299	0.000000 0.000000	0.000951 0.002852	
4 10 100 4.160000	0.010875 0.005972	0.999875 0.000138	0.002400 0.001401	0.000396 0.001189	0.000000 0.000000	0.000182 0.000546	
4 10 100 4.170000	0.012208 0.007058	0.999843 0.000172	0.004388 0.002367	0.000011 0.005209	0.000937 0.001185	0.000286 0.000858	
4 10 100 4.180000	0.008500 0.001444	0.999927 0.000024	0.000769 0.001769	0.000000 0.000000	0.000226 0.000678	0.002200 0.001769	
4 10 100 4.190000	0.008308 0.006213	0.999924 0.000107	0.004301 0.004186	0.000123 0.000368	0.000628 0.001883	0.001149 0.001737	
4 10 100 4.200000	0.006194 0.002519	0.999960 0.000030	0.004674 0.000500	0.000320 0.000959	0.000582 0.001746	0.002065 0.000986	
4 10 100 4.210000	0.009912 0.004244	0.999898 0.000079	0.001582 0.000494	0.000970 0.002909	0.001117 0.002141	0.000067 0.000200	
4 10 100 4.220000	0.007286 0.005615	0.999941 0.000085	0.001709 0.002692	0.000575 0.001724	0.000406 0.001219	0.000329 0.000987	
4 10 100 4.230000	0.008318 0.009426	0.999914 0.000138	0.003477 0.001584	0.000289 0.000866	0.001011 0.002587	0.000161 0.000482	
4 10 100 4.240000	0.004425 0.008211	0.999966 0.000094	0.002912 0.001674	0.000641 0.001923	0.001145 0.002775	0.000504 0.001512	
4 10 100 4.250000	0.006381 0.003138	0.999957 0.000043	0.001229 0.001951	0.000412 0.001235	0.000000 0.000000	0.001136 0.001301	
4 10 100 4.260000	0.011552 0.000251	0.999867 0.000006	0.001971 0.004040	0.001466 0.001263	0.001466 0.001515	0.000500 0.001384	
4 10 100 4.270000	0.013027 0.007665	0.999820 0.000206	0.001198 0.002125	0.001267 0.002432	0.000000 0.000000	0.000000 0.000000	
4 10 100 4.280000	0.006897 0.004626	0.999949 0.000061	0.002642 0.004003	0.000000 0.000000	0.001638 0.003961	0.000000 0.000000	
4 10 100 4.290000	0.003097 0.002862	0.999989 0.000019	0.002935 0.003773	0.001087 0.003260	0.000411 0.001003	0.001764 0.003023	
4 10 100 4.300000	0.008595 0.008087	0.999912 0.000160	0.002774 0.002870	0.002184 0.003880	0.000662 0.001985	0.000512 0.001227	
4 10 100 4.310000	0.011204 0.008548	0.999862 0.000184	0.002135 0.003857	0.000000 0.000000	0.001356 0.004068	0.000540 0.001620	
4 10 100 4.320000	0.007757 0.006688	0.999931 0.000093	0.001783 0.003014	0.000644 0.001932	0.001535 0.003699	0.001615 0.001692	
4 10 100 4.330000	0.007565 0.006629	0.999935 0.000092	0.003161 0.002281	0.000641 0.001831	0.000809 0.002252	0.000473 0.001418	
4 10 100 4.340000	0.012207 0.009695	0.999833 0.000216	0.003284 0.004458	0.000576 0.001728	0.000843 0.001098	0.000508 0.001223	
4 10 100 4.350000	0.013658 0.009061	0.999798 0.000267	0.002575 0.002288	0.001060 0.003179	0.000713 0.002139	0.000763 0.001634	
4 10 100 4.360000	0.010625 0.005935	0.999881 0.000120	0.004005 0.003655	0.000000 0.000000	-0.000483 0.000894	0.001246 0.003737	
4 10 100 4.370000	0.006247 0.003026	0.999959 0.000038	0.002569 0.001982	0.000000 0.000000	0.000000 0.000000	0.000569 0.001707	
4 10 100 4.380000	0.009293 0.000944	0.999913 0.000018	0.001429 0.001750	0.000394 0.001182	0.000226 0.000677	0.000057 0.000171	
4 10 100 4.390000	0.011461 0.003477	0.999866 0.000076	0.002896 0.002090	0.000675 0.001606	0.000392 0.001177	0.000000 0.000000	
4 10 100 4.400000	0.009643 0.006472	0.999900 0.000124	0.000980 0.002008	0.000796 0.002008	0.000362 0.000746	0.000000 0.000000	
4 10 100 4.410000	0.005403 0.004119	0.999968 0.000047	0.002493 0.000767	0.000653 0.001960	0.001062 0.002731	0.000666 0.001998	
4 10 100 4.420000	0.007672 0.002181	0.999940 0.000032	0.001480 0.004253	0.000736 0.002207	0.000206 0.000439	0.000122 0.000187	
4 10 100 4.430000	0.006273 0.005812	0.999954 0.000066	0.001388 0.003478	0.001154 0.003462	0.000481 0.001442	0.000250 0.000750	
4 10 100 4.440000	0.010170 0.008055	0.999886 0.000166	0.002411 0.005663	0.000000 0.000000	0.000812 0.000951	0.001518 0.002320	
4 10 100 4.450000	0.008257 0.004072	0.999928 0.000062	0.003380 0.000700	0.000390 0.001169	0.000663 0.001989	0.000000 0.000000	
4 10 100 4.460000	0.004143 0.005704	0.999977 0.000040	0.005280 0.003495	0.000337 0.001010	0.000495 0.001486	0.000660 0.001010	
4 10 100 4.470000	0.006512 0.004249	0.999954 0.000051	0.004920 0.005091	0.000717 0.001207	0.000000 0.000000	0.000000 0.000000	
4 10 100 4.480000	0.007041 0.008732	0.999937 0.000113	0.002716 0.004681	0.001323 0.002773	0.000298 0.000893	0.000000 0.000000	
4 10 100 4.490000	0.006946 0.001468	0.999951 0.000020	0.003318 0.002768	0.000486 0.001457	0.002917 0.006264	0.002224 0.001747	
4 10 100 4.500000	0.004059 0.004251	0.999980 0.000039	0.001832 0.001223	0.000993 0.002227	0.001079 0.003237	0.000069 0.000207	
4 10 100 4.510000	0.009031 0.003965	0.999915 0.000068	0.003703 0.003215	0.000622 0.001656	0.001277 0.002679	0.000238 0.000714	
4 10 100 4.520000	0.006972 0.004224	0.999948 0.000059	0.003147 0.004513	0.000899 0.002696	0.000983 0.002948	0.001086 0.003259	
4 10 100 4.530000	0.009107 0.009547	0.999900 0.000191	0.002907 0.000819	-0.000110 0.000735	0.000562 0.001041	0.000509 0.000459	
4 10 100 4.540000	0.007242 0.003999	0.999944 0.000053	0.002890 0.002326	0.000201 0.000602	0.000301 0.000904	0.002133 0.001212	
4 10 100 4.550000	0.010470 0.004070	0.999887 0.000082	0.001172 0.002905	0.000820 0.002460	0.000000 0.000000	0.000042 0.000127	
4 10 100 4.560000	0.009601 0.008288	0.999895 0.000172	0.002224 0.001997	0.000555 0.001113	0.000562 0.002781	0.001410 0.001940	
4 10 100 4.570000	0.008218 0.003924	0.999929 0.000060	0.001950 0.001707	0.000000 0.000000	0.000726 0.002179	0.000726 0.002179	
4 10 100 4.580000	0.010440 0.007268	0.999881 0.000141	0.002070 0.002384	0.000988 0.001842	0.000361 0.001084	0.000988 0.001627	
4 10 100 4.590000	0.007531 0.002865	0.999942 0.000042	0.002972 0.002553	0.000157 0.000470	0.001300 0.002968	0.000552 0.001480	
4 10 100 4.600000	0.003702 0.002695	0.999985 0.000022	0.001089 0.002768	0.000745 0.001234	0.000830 0.001991	0.000000 0.000000	
4 10 100 4.610000	0.007166 0.004035	0.999945 0.000053	0.002471 0.002074	0.000161 0.000484	0.000077 0.000231	0.000245 0.000736	
4 10 100 4.620000	0.010446 0.008968	0.999877 0.000189	0.002319 0.003719	0.001019 0.003058	0.000262 0.000785	0.000000 0.000000	
4 10 100 4.630000	0.003949 0.009522	0.999968 0.000093	0.001988 0.004802	0.000421 0.001263	0.001735 0.001932	0.000136 0.002361	
4 10 100 4.640000	0.009138 0.008526	0.999904 0.000155	0.001083 0.003726	0.000553 0.001239	0.000645 0.001935	0.000914 0.001201	
4 10 100 4.650000	0.005262 0.002647	0.999971 0.000028	0.001492 0.002247	0.000392 0.000486	0.000491 0.001237	0.000000 0.000000	
4 10 100 4.660000	0.009797 0.006433	0.999895 0.000139	0.002084 0.004159	0.000356 0.001067	-0.000170 0.001634	0.000419 0.001067	
4 10 100 4.670000	0.006235 0.008603	0.999948 0.000094	0.004914 0.001862	0.001411 0.003029	0.001010 0.003029	0.000505 0.001514	
4 10 100 4.680000	0.005235 0.007925	0.999962 0.000086	0.002235 0.002251	0.000497 0.001491	0.001982 0.004126	0.000328 0.000755	
4 10 100 4.690000	0.007462 0.006548	0.999936 0.000106	0.001704 0.002181	0.001199 0.002672	0.001158 0.002235	0.001663 0.002992	
4 10 100 4.700000	0.010222 0.008827	0.999881 0.000195	0.003501 0.000562	0.000719 0.001947	0.000975 0.002359	0.000000 0.000000	
4 10 100 4.710000	0.006045 0.004329	0.999960 0.000055	0.001307 0.002470	0.000144 0.000433	0.000902 0.002705	0.000724 0.001190	
4 10 100 4.720000	0.004990 0.002660	0.999974 0.000026	0.001835 0.004506	0.000417 0.001250	0.000412 0.001236	0.001245 0.002234	
4 10 100 4.730000	0.005933 0.003808	0.999962 0.000048	0.001486 0.004021	0.000398 0.001195	0.000000 0.000000	0.000075 0.000225	
4 10 100 4.740000	0.009574 0.005777	0.999902 0.000106	0.003269 0.000574	0.000949 0.004146	-0.000204 0.000613	0.000084 0.000468	
4 10 100 4.750000	0.009577 0.004226	0.999904 0.000087	0.000735 0.002206	0.000117 0.000352	0.000000 0.000000	0.001419 0.003283	
4 10 100 4.760000	0.009446 0.006455	0.999904 0.000127	0.001840 0.000284	0.000070 0.000209	0.001644 0.003744	0.001166 0.004197	
4 10 100 4.770000	0.005391 0.007492	0.999961 0.000091	0.002823 0.001354	0.001397 0.003186	0.000000 0.000000	0.000251 0.000752	
4 10 100 4.780000	0.006416 0.006251	0.999952 0.000084	0.003993 0.005114	0.001679 0.005037	0.000967 0.002681	0.001836 0.003755	
4 10 100 4.790000	0.005206 0.006234	0.999966 0.000058	0.002996 0.002000	0.000575 0.000970	0.000000 0.000000	0.000504 0.001513	
4 10 100 4.800000	0.007688 0.007729	0.999931 0.000119	0.002625 0.005674	0.001129 0.002392	0.001154 0.002213	0.000124 0.000372	
4 10 100 4.810000	0.007600 0.007664	0.999931 0.000106	0.002625 0.003894	0.000632 0.001253	0.000000 0.000000	0.000524 0.001434	
4 10 100 4.820000	0.004382 0.005758	0.999975 0.000057	0.002080 0.004787	0.000584 0.001258	0.001406 0.002834	0.000904 0.001454	
4 10 100 4.830000	0.008137 0.007107	0.999925 0.000122	0.002366 0.002395	0.000000 0.000000	0.001245 0.003736	0.000665 0.001995	
4 10 100 4.840000	0.006936 0.006122	0.999945 0.000078	0.003059 0.003228	0.000475 0.001426	0.001713 0.001461	0.001544 0.000583	
4 10 100 4.850000	0.011173 0.005152	0.999870 0.000120	0.002094 0.005221	0.000309 0.000928	0.000438 0.001313	0.001453 0.003200	
4 10 100 4.860000	0.007639 0.004664	0.999938 0.000069	0.000864 0.003466	0.002064 0.004450	0.001790 0.002486	0.000864 0.002090	
4 10 100 4.870000	0.009139 0.005989	0.999910 0.000112	0.004035 0.005085	0.000000 0.000000	0.000000 0.000000	0.000525 0.001109	
4 10 100 4.880000	0.014213 0.007133	0.999790 0.000203	0.001679 0.003725	0.000000 0.000000	0.000000 0.000000	0.001136 0.000645	
4 10 100 4.890000	0.006273 0.002140	0.999960 0.000027	0.002329 0.004490	0.000914 0.002741	0.000000 0.000000	0.000655 0.001965	
4 10 100 4.900000	0.007357 0.003065	0.999944 0.000047	0.001880 0.002067	0.000630 0.001178	0.000786 0.001729	0.000646 0.000973	
4 10 100 4.910000	0.011692 0.007677	0.999853 0.000173	0.002042 0.003961	0.000000 0.000000	0.000234 0.000703	0.000713 0.001540	
4 10 100 4.920000	0.006493 0.008914	0.999942 0.000134	0.001963 0.001633	0.000330 0.000991	0.001205 0.000882	0.000959 0.002516	
4 10 100 4.930000	0.007841 0.003123	0.999936 0.000046	0.001788 0.001977	0.000058 0.000173	0.000073 0.000219	0.001379 0.002446	
4 10 100 4.940000	0.006283 0.005165	0.999956 0.000069	0.003154 0.004307	0.001056 0.002693	0.000079 0.000236	0.001056 0.002945	
4 10 100 4.950000	0.011400 0.005463	0.999865 0.000123	0.001633 0.001069	0.000000 0.000000	0.000500 0.001319	0.001068 0.002330	
4 10 100 4.960000	0.005198 0.005429	0.999968 0.000061	0.001567 0.001314	0.001317 0.003517	0.000142 0.000244	0.000398 0.001193	
4 10 100 4.970000	0.008585 0.003059	0.999924 0.000050	0.003322 0.006980	0.000306 0.000917	0.000713 0.001172	0.000391 0.001172	
4 10 100 4.980000	0.011023 0.004614	0.999874 0.000096	0.002568 0.000853	0.000454 0.001362	0.000000 0.000000	0.002483 0.000922	
4 10 100 4.990000	0.012018 0.000694	0.999855 0.000017	0.001422 0.003139	0.000117 0.000352	0.001960 0.003014	0.002886 0.004031	
4 10 100 5.000000	0.006060 0.008250	0.999952 0.000105	0.002140 0.003111	0.001335 0.002748	0.000000 0.000000	0.000290 0.000647	
