3 100 2 0.800000	0.998840 0.000106	0.002318 0.000212	0.000537 0.002423	0.000314 0.000877	0.000309 0.001544	0.001223 0.002307	0.000647 0.002263	0.000305 0.000929	0.000095 0.000263	0.000000 0.000000	0.000972 0.001720	
3 100 2 0.810000	0.998738 0.000126	0.002522 0.000252	0.000456 0.001209	0.001480 0.002403	0.000745 0.001988	0.000081 0.000407	0.000335 0.001269	0.000816 0.002407	0.001109 0.002542	0.001855 0.002136	0.000937 0.002403	
3 100 2 0.820000	0.998624 0.000084	0.002751 0.000168	0.000710 0.001493	0.000948 0.002032	0.000432 0.002159	0.000846 0.002020	0.000678 0.002024	0.000308 0.001353	0.000603 0.001521	0.000975 0.002686	0.000709 0.002187	
3 100 2 0.830000	0.998514 0.000082	0.002971 0.000164	0.001118 0.002367	0.000766 0.001700	0.000441 0.002203	0.000882 0.001700	0.000409 0.001688	0.000723 0.002355	0.001771 0.001497	0.001189 0.002367	0.001033 0.001700	
3 100 2 0.840000	0.998305 0.000140	0.003387 0.000280	0.001770 0.003577	0.000807 0.001964	0.000540 0.001417	0.000531 0.002655	0.001106 0.002910	0.000788 0.001988	0.000182 0.000910	0.001195 0.003321	0.000000 0.000000	
3 100 2 0.850000	0.998185 0.000162	0.003627 0.000323	0.000394 0.001146	0.001146 0.002223	0.000910 0.002359	0.000164 0.000822	0.001131 0.002251	0.001131 0.003026	0.000541 0.001812	0.000968 0.002479	0.000000 0.000000	
3 100 2 0.860000	0.998046 0.000086	0.003905 0.000172	0.000874 0.002551	0.001645 0.003329	0.000735 0.002663	0.000897 0.003301	0.001163 0.002663	0.001135 0.003158	0.001540 0.002663	0.000473 0.000663	0.001674 0.003301	
3 100 2 0.870000	0.997857 0.000076	0.004282 0.000152	0.001312 0.003537	0.000717 0.001617	0.000707 0.003537	0.000379 0.000950	0.001144 0.001621	0.000835 0.003022	0.001558 0.003621	0.000363 0.001537	0.001024 0.002283	
3 100 2 0.880000	0.997692 0.000154	0.004611 0.000307	0.000463 0.001904	0.000359 0.001385	0.001186 0.002647	0.001319 0.003313	0.000952 0.003385	0.000948 0.003377	0.000643 0.001904	0.000940 0.002718	0.001748 0.004710	
3 100 2 0.890000	0.997450 0.000068	0.005094 0.000136	0.000346 0.000507	0.000919 0.003712	0.001110 0.004475	0.000843 0.003740	0.001687 0.003840	0.001204 0.003038	0.001419 0.004507	0.000683 0.002371	0.000937 0.003141	
3 100 2 0.900000	0.997268 0.000218	0.005457 0.000435	0.001000 0.002718	0.000845 0.002303	0.000540 0.001980	0.000806 0.002051	0.002394 0.005025	0.001062 0.003692	0.002124 0.004646	0.000878 0.002646	0.001723 0.001712	
