3 100 10 2.800000	0.001210 0.000782	0.999998 0.000002	0.043394 0.009199	0.001741 0.005049	0.001122 0.002895	0.001004 0.005020	0.002206 0.006583	0.001410 0.004407	0.001371 0.003028	0.001271 0.006355	0.002066 0.007283	
3 100 10 2.810000	0.000997 0.001040	0.999999 0.000002	0.044406 0.003519	0.000259 0.001296	0.000999 0.009073	0.002876 0.006111	0.000543 0.002715	0.000963 0.004813	0.004505 0.007222	0.000950 0.004072	0.000653 0.002099	
3 100 10 2.820000	0.001072 0.000389	0.999999 0.000001	0.040769 0.008445	0.001385 0.003888	0.001333 0.006666	0.000555 0.003889	0.000166 0.000832	0.002125 0.006295	0.001363 0.006814	0.000385 0.001110	0.000696 0.001850	
3 100 10 2.830000	0.000788 0.000485	0.999999 0.000001	0.041777 0.007737	0.001337 0.002900	0.000018 0.000092	0.002963 0.009893	0.001520 0.003280	0.002489 0.006790	0.000642 0.003209	0.000074 0.000370	0.000757 0.001851	
3 100 10 2.840000	0.000833 0.000931	0.999999 0.000002	0.037814 0.006295	0.003407 0.005925	0.000185 0.000740	0.000746 0.003456	0.001000 0.005000	0.000728 0.005495	0.003530 0.009136	0.000308 0.000925	0.001135 0.006421	
3 100 10 2.850000	0.001089 0.000388	0.999999 0.000001	0.038600 0.006008	0.003576 0.007869	0.002759 0.007128	-0.000056 0.001018	0.001227 0.004813	0.001015 0.003227	0.001124 0.003703	0.002461 0.006254	0.001824 0.005415	
3 100 10 2.860000	0.000880 0.001018	0.999999 0.000002	0.037131 0.005450	0.001772 0.004232	0.000423 0.002116	0.001209 0.003395	0.000855 0.005882	0.000567 0.004072	0.001402 0.003778	0.001214 0.003333	0.001205 0.003580	
3 100 10 2.870000	0.000956 0.000522	0.999999 0.000001	0.039871 0.008418	0.001441 0.005823	0.000349 0.002160	0.000000 0.000000	-0.000024 0.000200	0.001395 0.004173	0.001516 0.004254	0.000340 0.001332	0.000000 0.000000	
3 100 10 2.880000	0.001031 0.000449	0.999999 0.000001	0.041110 0.008148	0.002246 0.009013	0.002197 0.005431	0.000815 0.004073	0.002147 0.005555	0.000246 0.000863	0.000444 0.002221	0.000000 0.000000	0.000197 0.005061	
3 100 10 2.890000	0.001019 0.000414	0.999999 0.000001	0.038029 0.006296	0.000601 0.003003	0.001972 0.008841	0.000555 0.002777	0.000610 0.002468	0.000222 0.001110	0.001600 0.003888	0.000913 0.005309	0.000164 0.000822	
3 100 10 2.900000	0.000966 0.000487	0.999999 0.000001	0.038184 0.008334	0.001659 0.003271	0.001771 0.004814	0.000960 0.003657	0.000451 0.002255	0.000230 0.001152	0.000148 0.000576	0.000098 0.000370	0.000265 0.001028	
