3 100 10 1.600000	0.001202 0.000341	0.999999 0.000001	0.080764 0.006359	0.007159 0.007099	0.001596 0.003085	0.000861 0.003567	0.000659 0.003295	0.001661 0.004915	0.001547 0.004982	0.000847 0.004237	-0.000010 0.000048	
3 100 10 1.610000	0.001058 0.000838	0.999999 0.000002	0.079969 0.007185	0.007628 0.006075	0.002200 0.005471	0.001174 0.005872	0.003886 0.007282	0.000449 0.001726	0.001558 0.005061	0.003240 0.006135	0.001708 0.004813	
3 100 10 1.620000	0.001310 0.000312	0.999998 0.000001	0.081236 0.006243	0.012101 0.005662	0.004201 0.004630	0.000558 0.002368	0.000296 0.001729	0.000864 0.004319	0.000624 0.003119	0.001738 0.007899	0.001909 0.005492	
3 100 10 1.630000	0.001076 0.000793	0.999999 0.000002	0.077851 0.007631	0.008236 0.005704	0.001944 0.007963	0.001788 0.004442	0.002551 0.008221	0.002827 0.008332	0.000370 0.001851	0.001488 0.004296	0.001244 0.004444	
3 100 10 1.640000	0.001467 0.000970	0.999998 0.000003	0.079520 0.007447	0.005934 0.007223	0.001370 0.004857	0.001432 0.006064	0.002645 0.008641	0.000703 0.003055	0.001431 0.007281	0.000518 0.002589	0.000268 0.001339	
3 100 10 1.650000	0.001188 0.000505	0.999999 0.000001	0.083768 0.007902	0.005957 0.008353	0.000222 0.001110	0.001250 0.006430	0.000460 0.001439	0.000360 0.001798	0.001250 0.003955	0.001166 0.005143	0.001612 0.005267	
3 100 10 1.660000	0.001014 0.000368	0.999999 0.000001	0.079105 0.009457	0.005347 0.003086	0.002712 0.005872	0.000438 0.002191	0.001211 0.002912	0.001850 0.006049	0.000777 0.003517	0.000686 0.002053	0.000763 0.002928	
3 100 10 1.670000	0.001305 0.001146	0.999998 0.000003	0.080393 0.008643	0.007638 0.007779	0.000073 0.001603	0.000000 0.000000	0.000962 0.007037	-0.000365 0.001205	0.001654 0.005801	0.001841 0.004567	0.001584 0.006147	
3 100 10 1.680000	0.001110 0.000853	0.999999 0.000002	0.075713 0.009418	0.004720 0.008362	0.001111 0.004134	0.001149 0.003950	0.000417 0.001350	0.000355 0.003852	0.001255 0.008007	0.002380 0.006454	0.003363 0.008359	
3 100 10 1.690000	0.000918 0.000717	0.999999 0.000001	0.078221 0.006852	0.006425 0.007686	0.000962 0.004443	0.004876 0.004939	0.001333 0.006666	-0.000334 0.004260	0.000518 0.004445	-0.000111 0.000556	0.004407 0.009073	
3 100 10 1.700000	0.001398 0.000959	0.999998 0.000002	0.078823 0.006509	0.006961 0.002542	0.003360 0.008812	0.000488 0.002442	0.001051 0.002432	0.001502 0.004918	0.002676 0.005182	0.001204 0.004689	0.001417 0.002590	
