3 100 3 1.500000	0.900441 0.005303	0.189202 0.009545	0.016738 0.008811	0.002536 0.007856	0.000852 0.003131	0.001932 0.008490	0.002287 0.006344	0.001241 0.004268	0.001588 0.007940	0.000699 0.003495	0.002125 0.009500	
3 100 3 1.510000	0.896319 0.003903	0.196610 0.006994	0.016760 0.004507	0.001656 0.008278	0.000676 0.003378	0.001406 0.007028	0.001206 0.006028	0.000766 0.003828	0.000000 0.000000	0.000000 0.000000	0.000675 0.003374	
3 100 3 1.520000	0.893817 0.000673	0.201090 0.001203	0.018639 0.007509	0.002258 0.009392	0.001857 0.009287	0.002430 0.005894	0.000189 0.002310	0.001181 0.005904	0.003199 0.004393	0.002893 0.009984	0.001406 0.004634	
3 100 3 1.530000	0.888525 0.002991	0.210522 0.005313	0.021122 0.007795	0.001754 0.005663	0.000569 0.002843	0.003440 0.008643	0.000605 0.003025	0.000000 0.000000	0.001878 0.003991	0.000779 0.003896	0.001498 0.004276	
3 100 3 1.540000	0.884792 0.001775	0.217143 0.003140	0.024115 0.008247	0.005190 0.008874	0.002587 0.006731	0.002222 0.006331	0.002187 0.007977	0.000000 0.000000	0.000418 0.002366	0.000202 0.001009	0.000017 0.000084	
3 100 3 1.550000	0.879724 0.001346	0.226086 0.002369	0.025912 0.009255	0.000000 0.000000	0.000000 0.000000	0.002032 0.007002	0.000000 0.000000	0.000578 0.002905	0.000673 0.003071	0.001414 0.008842	0.001736 0.005886	
3 100 3 1.560000	0.872175 0.001705	0.239311 0.002973	0.022625 0.009796	0.002774 0.007613	0.002687 0.007049	0.001518 0.007592	0.001587 0.005946	0.001468 0.003803	0.000000 0.000000	0.002431 0.007346	0.000714 0.003570	
3 100 3 1.570000	0.869707 0.000473	0.243610 0.000824	0.025220 0.009746	0.001564 0.005850	0.000000 0.000000	0.000860 0.003668	0.001125 0.004637	0.003835 0.007900	0.001576 0.004953	0.001746 0.005071	0.001884 0.002877	
3 100 3 1.580000	0.864088 0.001776	0.253351 0.003068	0.027079 0.004772	0.001400 0.003315	0.000737 0.003361	0.002232 0.005132	0.002830 0.006101	0.000038 0.000188	0.002452 0.009506	0.002274 0.006066	0.001539 0.007694	
3 100 3 1.590000	0.858691 0.000179	0.262650 0.000308	0.031332 0.009299	0.005065 0.007666	0.001419 0.004492	0.000924 0.004622	0.000862 0.003217	0.000662 0.002246	0.000538 0.002690	0.001437 0.005115	0.001502 0.003449	
3 100 3 1.600000	0.848975 0.004012	0.279240 0.006814	0.032547 0.009594	0.005463 0.005862	0.002236 0.005020	0.000209 0.001043	0.000000 0.000000	0.002704 0.007159	0.001478 0.007389	0.000000 0.000000	0.002620 0.009928	
