3 100 5 2.500000	0.001333 0.000969	0.999998 0.000003	0.093368 0.002642	0.013794 0.007315	0.001198 0.003681	-0.000316 0.001578	0.000975 0.002737	0.000840 0.004806	0.001330 0.005175	0.002293 0.005772	0.002270 0.005459	
3 100 5 2.510000	0.001256 0.000385	0.999998 0.000001	0.092165 0.009205	0.012150 0.006856	0.001945 0.005183	0.002299 0.007498	0.001822 0.003644	0.002066 0.007036	0.000827 0.002823	0.002694 0.005643	0.000342 0.001711	
3 100 5 2.520000	0.001322 0.000145	0.999998 0.000000	0.095522 0.003571	0.010143 0.005073	0.002384 0.006437	-0.000092 0.000384	0.002397 0.004051	0.000166 0.000832	0.002439 0.008415	0.001097 0.005484	0.000323 0.001613	
3 100 5 2.530000	0.001348 0.000720	0.999998 0.000002	0.092227 0.007015	0.009459 0.008056	0.000549 0.001612	0.001419 0.003416	0.001706 0.004165	0.002367 0.006919	0.001093 0.001832	0.000749 0.002498	0.000378 0.000994	
3 100 5 2.540000	0.001106 0.001098	0.999999 0.000003	0.088447 0.007661	0.007242 0.002693	0.001069 0.004791	0.000458 0.002289	0.000307 0.001537	0.002743 0.008425	0.004571 0.009333	0.001774 0.004997	0.001714 0.007747	
3 100 5 2.550000	0.001054 0.000553	0.999999 0.000001	0.087730 0.005370	0.004102 0.006859	0.001261 0.005416	0.002607 0.004860	0.000000 0.000000	0.000646 0.003228	0.000000 0.000000	0.003154 0.006064	0.000139 0.000693	
3 100 5 2.560000	0.001201 0.000129	0.999999 0.000000	0.085425 0.006765	0.006209 0.007457	0.002281 0.004106	0.003300 0.006443	0.002807 0.007151	0.000303 0.001516	0.000824 0.002114	0.000213 0.001847	0.002214 0.006405	
3 100 5 2.570000	0.001301 0.000616	0.999998 0.000002	0.089568 0.004863	0.006483 0.009374	0.001392 0.003749	0.001516 0.007581	0.004346 0.009214	0.000000 0.000000	0.001581 0.004499	0.000986 0.002582	0.000350 0.001748	
3 100 5 2.580000	0.001379 0.000467	0.999998 0.000001	0.088217 0.009895	0.007755 0.007805	0.005120 0.005112	0.001666 0.008331	0.001179 0.002439	0.001042 0.008049	0.000000 0.000000	0.002033 0.004695	0.000952 0.002885	
3 100 5 2.590000	0.001212 0.000502	0.999999 0.000001	0.088364 0.008718	0.003666 0.005800	0.000875 0.004373	0.002179 0.006017	0.003611 0.009498	0.001264 0.003492	0.001607 0.003941	0.002782 0.007081	0.001050 0.003332	
3 100 5 2.600000	0.001076 0.000348	0.999999 0.000001	0.088221 0.006112	0.005508 0.006574	0.002615 0.005601	0.000728 0.003638	0.002663 0.005887	0.000672 0.003362	0.000387 0.001935	0.002026 0.008034	0.001494 0.007471	
