3 100 5 2.100000	0.001400 0.000268	0.999998 0.000001	0.116543 0.009872	0.015325 0.009808	0.003757 0.006665	0.002219 0.004238	0.000227 0.001135	0.000000 0.000000	0.001583 0.003281	0.001023 0.002465	0.001765 0.004261	
3 100 5 2.110000	0.001339 0.000207	0.999998 0.000001	0.116982 0.007517	0.015065 0.005066	0.002090 0.003732	0.004843 0.009110	0.002180 0.006915	0.000521 0.001456	0.000886 0.001332	0.000664 0.004436	0.001022 0.005112	
3 100 5 2.120000	0.001144 0.000904	0.999999 0.000002	0.117158 0.006668	0.016533 0.004446	0.002940 0.007726	0.002770 0.008582	0.002418 0.004998	0.002539 0.005117	0.002983 0.006437	0.002641 0.005137	0.002329 0.004696	
3 100 5 2.130000	0.001482 0.000575	0.999998 0.000002	0.116139 0.003335	0.016374 0.008237	0.004311 0.008826	0.001723 0.004770	0.001340 0.004966	0.000864 0.004322	0.001871 0.004841	0.003667 0.008787	0.000447 0.002233	
3 100 5 2.140000	0.001602 0.001004	0.999997 0.000003	0.114547 0.008917	0.012836 0.005059	0.005291 0.008541	0.000791 0.003955	0.000288 0.001438	0.000000 0.000000	0.001572 0.004434	0.001377 0.005970	0.002623 0.006940	
3 100 5 2.150000	0.001478 0.000865	0.999998 0.000003	0.111283 0.009254	0.013642 0.009254	0.000803 0.002327	0.000872 0.004988	0.001717 0.005496	0.000755 0.001909	0.002212 0.004277	0.001293 0.005804	0.000822 0.003510	
3 100 5 2.160000	0.001635 0.001177	0.999997 0.000004	0.113205 0.004720	0.015705 0.008332	0.001643 0.003633	0.001822 0.007821	0.000138 0.000691	0.001881 0.005556	0.004539 0.008608	0.003709 0.009440	0.001756 0.004082	
3 100 5 2.170000	0.001444 0.000282	0.999998 0.000001	0.114120 0.008250	0.016483 0.005751	0.003644 0.006201	0.001988 0.005325	0.001923 0.004314	0.000564 0.002819	0.000250 0.001248	0.001442 0.006411	0.000933 0.004140	
3 100 5 2.180000	0.001356 0.000513	0.999998 0.000001	0.111491 0.007013	0.012005 0.009514	0.002608 0.003992	0.001159 0.004283	0.004378 0.008373	0.000824 0.002856	0.000451 0.002255	0.000000 0.000000	0.000947 0.002368	
3 100 5 2.190000	0.001194 0.000228	0.999999 0.000001	0.112211 0.008372	0.011611 0.009386	0.001903 0.005951	0.001645 0.004374	0.000735 0.002248	0.001189 0.007247	0.000481 0.002406	0.000083 0.000415	0.000538 0.002314	
3 100 5 2.200000	0.001470 0.001272	0.999998 0.000004	0.110620 0.008252	0.012670 0.005970	0.002971 0.007636	0.000871 0.004355	0.001552 0.005859	0.002596 0.009359	0.001055 0.005275	0.001595 0.004154	0.000597 0.002985	
