3 100 4 1.700000	0.002486 0.000237	0.999994 0.000001	0.206932 0.007686	0.052731 0.005176	0.020318 0.009125	0.006409 0.006937	0.002864 0.007065	0.001974 0.005089	0.003002 0.008501	0.000960 0.006117	0.001149 0.005393	
3 100 4 1.710000	0.002617 0.000618	0.999993 0.000003	0.205134 0.006826	0.053519 0.009376	0.016547 0.006909	0.005866 0.008669	0.003102 0.007814	0.002192 0.008151	0.001927 0.003483	0.003263 0.008489	0.001508 0.004097	
3 100 4 1.720000	0.002700 0.000461	0.999993 0.000003	0.204551 0.009371	0.050037 0.007233	0.013546 0.003536	0.004094 0.007656	0.002042 0.004240	0.000064 0.000320	0.001244 0.004599	0.002374 0.005611	0.000091 0.000457	
3 100 4 1.730000	0.002603 0.000927	0.999993 0.000005	0.200686 0.009819	0.049375 0.007262	0.013641 0.004408	0.003767 0.008174	0.003353 0.007569	0.001053 0.003312	0.000506 0.002528	0.000862 0.003250	0.001091 0.003330	
3 100 4 1.740000	0.002544 0.000889	0.999993 0.000004	0.198598 0.009953	0.049411 0.005507	0.014082 0.009890	0.004402 0.003741	0.001768 0.004812	0.001791 0.007291	0.002271 0.005702	0.000632 0.001614	0.000514 0.002080	
3 100 4 1.750000	0.002256 0.001126	0.999995 0.000005	0.197253 0.004386	0.045730 0.009462	0.010686 0.007488	0.007454 0.005602	0.001259 0.004360	0.001439 0.003851	0.000000 0.000000	0.000829 0.002859	0.003469 0.008758	
3 100 4 1.760000	0.002305 0.001548	0.999994 0.000008	0.194057 0.007565	0.044509 0.009971	0.010188 0.008797	0.005048 0.006595	0.000324 0.001619	0.001977 0.004713	0.000622 0.003108	0.000493 0.002464	0.001187 0.003271	
3 100 4 1.770000	0.002084 0.001356	0.999995 0.000006	0.194813 0.009333	0.045295 0.009533	0.010799 0.002432	0.005248 0.006746	0.003392 0.006813	0.000739 0.003694	0.002605 0.006005	0.000626 0.003130	0.000887 0.003061	
3 100 4 1.780000	0.002427 0.000729	0.999994 0.000004	0.192918 0.004240	0.041796 0.009007	0.012480 0.007734	0.001027 0.003216	0.000648 0.003242	0.001191 0.005088	0.001071 0.005328	0.000765 0.003824	0.000499 0.001740	
3 100 4 1.790000	0.002079 0.000466	0.999996 0.000002	0.191635 0.009360	0.042366 0.007759	0.007516 0.009079	0.002228 0.004655	0.000411 0.002057	0.001319 0.003366	0.001602 0.005652	0.001404 0.005519	0.000812 0.004061	
3 100 4 1.800000	0.002272 0.000549	0.999995 0.000002	0.188038 0.009274	0.041055 0.007173	0.009894 0.008262	0.003315 0.009388	0.002564 0.001671	0.003238 0.007593	0.002138 0.004902	0.001612 0.005307	0.001337 0.006684	
