3 100 2 1.300000	0.974491 0.000272	0.050368 0.000531	0.002613 0.005062	0.000269 0.001346	0.001158 0.003581	0.001468 0.007338	0.001925 0.005220	0.002448 0.004400	0.000865 0.003710	0.000000 0.000000	0.000882 0.004412	
3 100 2 1.310000	0.973429 0.000443	0.052436 0.000862	0.003717 0.008132	0.001653 0.003438	0.001610 0.006908	0.000334 0.001671	0.000065 0.000327	0.000717 0.003584	0.002346 0.005805	0.001440 0.005053	0.000565 0.005881	
3 100 2 1.320000	0.972272 0.000310	0.054687 0.000603	0.003207 0.006845	0.001832 0.006178	0.001784 0.006539	0.002688 0.006873	0.001699 0.005511	-0.000112 0.008954	0.001844 0.005427	0.002571 0.009649	0.000621 0.003046	
3 100 2 1.330000	0.971149 0.000387	0.056869 0.000752	0.006173 0.007666	0.001941 0.006277	0.004504 0.009613	0.000201 0.001922	0.001627 0.008134	0.000931 0.002343	0.001155 0.002915	-0.000025 0.002164	0.003676 0.005126	
3 100 2 1.340000	0.970056 0.000296	0.058992 0.000575	0.003024 0.009501	0.001066 0.004415	0.001854 0.004875	0.000959 0.005585	0.001611 0.006190	0.001428 0.005619	0.001966 0.004727	0.001583 0.005976	0.002988 0.009643	
3 100 2 1.350000	0.968818 0.000357	0.061392 0.000693	0.002018 0.005473	0.003411 0.008405	0.000713 0.001384	0.001482 0.006146	0.000457 0.002285	0.002873 0.005095	0.003946 0.009098	0.001457 0.006120	0.002154 0.005214	
3 100 2 1.360000	0.967504 0.000276	0.063936 0.000534	0.005956 0.009163	0.000501 0.002504	0.000221 0.001104	0.001761 0.006450	0.002172 0.008754	0.002167 0.002488	0.002038 0.007938	0.000597 0.002987	0.002409 0.009938	
3 100 2 1.370000	0.966228 0.000158	0.066404 0.000305	0.000839 0.004193	0.002526 0.009546	0.001600 0.007151	0.002050 0.005252	0.002979 0.009239	0.000276 0.001378	0.000906 0.002311	0.000972 0.004858	0.001619 0.009233	
3 100 2 1.380000	0.964871 0.000357	0.069023 0.000690	0.002518 0.007805	0.001375 0.003404	-0.000246 0.001458	0.001231 0.006234	0.001568 0.007842	0.001147 0.003583	0.000601 0.003004	0.001212 0.004589	0.001778 0.007510	
3 100 2 1.390000	0.963768 0.000236	0.071151 0.000455	0.000362 0.004835	0.000051 0.002933	0.000897 0.004487	0.002923 0.008377	0.001070 0.008668	0.004659 0.009811	0.000626 0.003489	0.000997 0.003992	0.001364 0.004350	
3 100 2 1.400000	0.962177 0.000310	0.074216 0.000597	0.004483 0.008366	0.000618 0.003089	0.000052 0.002449	0.000000 0.000000	0.000587 0.002670	0.000746 0.002593	0.001065 0.003057	0.000937 0.005291	0.003311 0.008409	
