3 100 3 2.700000	0.001590 0.000348	0.999997 0.000001	0.140934 0.006819	0.019461 0.009136	0.002543 0.003020	0.001361 0.003497	0.004697 0.007444	0.000366 0.001830	0.001129 0.005644	0.002659 0.008897	0.001245 0.003797	
3 100 3 2.710000	0.001645 0.000441	0.999997 0.000001	0.137905 0.008769	0.025251 0.007538	0.004292 0.007748	0.000183 0.000915	0.003422 0.005844	0.003872 0.008948	0.001789 0.008943	0.000580 0.002898	0.001445 0.007227	
3 100 3 2.720000	0.001435 0.000289	0.999998 0.000001	0.139528 0.004761	0.023959 0.006370	0.006756 0.008842	0.002436 0.006212	0.002874 0.006551	0.000199 0.000997	0.001691 0.008453	0.001638 0.005968	0.002080 0.006053	
3 100 3 2.730000	0.001600 0.000295	0.999997 0.000001	0.139019 0.005071	0.019325 0.003393	0.005355 0.008462	0.004531 0.008945	0.003027 0.004997	0.002089 0.007029	0.001561 0.005386	0.001808 0.005174	0.000658 0.003289	
3 100 3 2.740000	0.001601 0.000496	0.999997 0.000002	0.138697 0.003036	0.020762 0.009929	0.001490 0.002151	0.001856 0.004057	0.002577 0.006757	0.001389 0.005365	0.002770 0.005414	0.001024 0.001756	0.000585 0.002690	
3 100 3 2.750000	0.001535 0.000495	0.999998 0.000002	0.139678 0.009733	0.021798 0.006500	0.003238 0.007007	0.002344 0.005568	0.002213 0.005884	0.001359 0.006797	0.000319 0.001593	0.001240 0.005897	0.002458 0.006998	
3 100 3 2.760000	0.001638 0.000474	0.999997 0.000001	0.137197 0.007737	0.021671 0.009632	0.002815 0.006685	0.003350 0.008443	0.003188 0.008397	0.001682 0.005917	-0.000012 0.000062	0.001943 0.009713	0.002294 0.005891	
3 100 3 2.770000	0.001404 0.000528	0.999998 0.000001	0.137973 0.009095	0.022823 0.008032	0.001828 0.003532	0.000093 0.000464	0.001930 0.005797	0.000996 0.003398	0.000540 0.002698	0.000299 0.001497	0.000455 0.001275	
3 100 3 2.780000	0.001574 0.000484	0.999997 0.000001	0.136197 0.009657	0.018135 0.002657	0.003172 0.006477	0.000316 0.001578	0.002327 0.007077	0.003617 0.006678	0.002804 0.008133	0.001387 0.003515	0.001311 0.005606	
3 100 3 2.790000	0.001479 0.000886	0.999998 0.000003	0.135810 0.003559	0.017482 0.008119	0.002790 0.007598	0.001363 0.004527	0.002271 0.005369	0.002276 0.004881	0.000152 0.000758	0.002750 0.008798	0.000689 0.004200	
3 100 3 2.800000	0.001559 0.000296	0.999998 0.000001	0.134477 0.008708	0.018402 0.008563	0.001833 0.005145	0.001381 0.005079	0.001209 0.004157	0.000025 0.000126	0.000878 0.003498	0.000334 0.001668	0.000107 0.000537	
