3 100 10 0.600000	0.998485 0.004551	0.003025 0.009077	0.000448 0.002239	0.000765 0.003527	0.000589 0.002754	0.000345 0.001329	0.000744 0.003720	0.000669 0.002134	0.000475 0.002376	0.000469 0.002344	0.000801 0.003149	
3 100 10 0.610000	0.997576 0.004932	0.004839 0.009829	0.000908 0.003477	0.001745 0.004764	0.001115 0.005246	0.000807 0.001848	0.000647 0.001757	0.001078 0.003820	0.000000 0.000000	0.000832 0.002820	0.000336 0.001681	
3 100 10 0.620000	0.997069 0.004807	0.005851 0.009577	0.000712 0.001974	0.000885 0.002212	0.000560 0.001190	0.000867 0.002980	0.000560 0.002116	0.000796 0.002415	0.000000 0.000000	0.000412 0.000872	0.000664 0.002010	
3 100 10 0.630000	0.995358 0.004462	0.009259 0.008887	0.003356 0.004930	0.002019 0.003657	0.003140 0.005648	0.001176 0.003023	0.001846 0.004554	0.000435 0.002175	0.001621 0.003761	0.001800 0.004117	0.000511 0.001912	
3 100 10 0.640000	0.997672 0.004964	0.004647 0.009893	0.000797 0.003526	0.001511 0.005740	0.000767 0.002869	0.000740 0.002166	0.000936 0.004427	0.000922 0.003132	0.000639 0.002556	0.000514 0.002571	0.000955 0.004534	
3 100 10 0.650000	0.996335 0.004422	0.007316 0.008812	0.001669 0.002496	0.001661 0.003938	0.001214 0.002996	0.000683 0.002063	0.001276 0.002919	0.000423 0.002117	0.001590 0.003066	0.000708 0.001677	0.000777 0.001839	
3 100 10 0.660000	0.997533 0.004772	0.004925 0.009510	0.000846 0.003165	0.000662 0.001337	0.000885 0.003043	0.000394 0.001971	0.000361 0.001313	0.000712 0.001759	0.000675 0.001990	0.000685 0.003427	0.000814 0.002367	
3 100 10 0.670000	0.996904 0.004483	0.006179 0.008934	0.001375 0.003372	0.001045 0.003279	0.001281 0.002779	0.001297 0.002350	0.001236 0.002794	0.000161 0.000805	0.000000 0.000000	0.001093 0.003687	0.001008 0.002627	
3 100 10 0.680000	0.996859 0.004433	0.006270 0.008830	0.000793 0.002538	0.000178 0.000461	0.000459 0.002293	0.000739 0.003034	0.000547 0.002737	0.000248 0.000693	0.000086 0.000428	0.000842 0.002578	0.000156 0.000779	
3 100 10 0.690000	0.996057 0.004649	0.007868 0.009258	0.001442 0.003117	0.001094 0.003649	0.000564 0.001531	0.001328 0.003456	0.001950 0.003825	0.000158 0.000792	0.001636 0.002455	0.000928 0.001747	0.000787 0.002818	
3 100 10 0.700000	0.995851 0.004876	0.008278 0.009706	0.000879 0.003834	0.001260 0.003260	0.001959 0.004840	0.001111 0.002457	0.000708 0.001951	0.001003 0.002414	0.000000 0.000000	0.000323 0.000966	0.000356 0.001778	
