3 100 2 2.200000	0.487526 0.001676	0.762318 0.001634	0.193045 0.002584	0.063711 0.007840	0.025912 0.003638	0.014553 0.009541	0.005913 0.009544	0.002704 0.005842	0.002420 0.006169	0.001507 0.005470	0.003202 0.007132	
3 100 2 2.210000	0.458376 0.002294	0.789891 0.002102	0.203875 0.009117	0.069959 0.007175	0.030894 0.009579	0.015140 0.003290	0.006600 0.007062	0.004986 0.005499	0.003360 0.004306	0.002103 0.003781	0.001603 0.003082	
3 100 2 2.220000	0.425050 0.003527	0.819331 0.002996	0.218653 0.009382	0.077212 0.005807	0.037246 0.003158	0.020435 0.006233	0.012542 0.008248	0.006013 0.007376	0.003385 0.005980	0.003760 0.006815	0.002098 0.009605	
3 100 2 2.230000	0.384610 0.003110	0.852074 0.002395	0.234052 0.009773	0.086285 0.003720	0.044068 0.005529	0.024493 0.007020	0.016574 0.003010	0.010698 0.003955	0.009332 0.003690	0.006747 0.002734	0.003266 0.006613	
3 100 2 2.240000	0.328824 0.008457	0.891866 0.005583	0.257873 0.007802	0.105227 0.008941	0.054187 0.005094	0.032040 0.004435	0.021523 0.005419	0.016777 0.005601	0.014146 0.005572	0.006099 0.006117	0.006140 0.007810	
3 100 2 2.250000	0.242062 0.009916	0.941394 0.004764	0.285138 0.006852	0.125376 0.005447	0.070605 0.006894	0.046967 0.007982	0.035005 0.008100	0.023037 0.005460	0.018241 0.003296	0.014593 0.004773	0.011009 0.004651	
3 100 2 2.260000	0.058086 0.009455	0.996612 0.001121	0.325573 0.007788	0.150837 0.006871	0.091613 0.005220	0.064950 0.009599	0.050826 0.004819	0.038254 0.006574	0.030438 0.003805	0.026825 0.007784	0.023245 0.005654	
3 100 2 2.270000	0.019969 0.007712	0.999594 0.000295	0.317392 0.007182	0.145460 0.008226	0.086747 0.004043	0.059222 0.008373	0.041756 0.009743	0.034866 0.006089	0.026417 0.005856	0.020631 0.006011	0.015786 0.007391	
3 100 2 2.280000	0.014108 0.003156	0.999800 0.000087	0.312419 0.006805	0.139219 0.006374	0.078806 0.009795	0.050919 0.007638	0.036095 0.003250	0.026250 0.004858	0.020459 0.008832	0.013764 0.003766	0.011727 0.007843	
3 100 2 2.290000	0.011563 0.002612	0.999865 0.000059	0.310104 0.002635	0.133001 0.004302	0.075685 0.005316	0.047687 0.007064	0.033165 0.003508	0.024288 0.005614	0.017583 0.009914	0.012104 0.006187	0.011282 0.006447	
3 100 2 2.300000	0.009918 0.005023	0.999899 0.000099	0.303453 0.006982	0.130100 0.009662	0.068713 0.004350	0.040490 0.005169	0.027741 0.004199	0.021509 0.008115	0.013804 0.005371	0.010852 0.006923	0.009676 0.005820	
