3 100 3 1.100000	0.983585 0.004487	0.032558 0.008816	0.001832 0.004940	0.000000 0.000000	0.002137 0.009856	0.002501 0.008332	0.002711 0.004818	0.002122 0.005555	-0.000276 0.001382	0.002603 0.007655	0.002577 0.008369	
3 100 3 1.110000	0.982932 0.002949	0.033843 0.005794	0.001241 0.005128	0.001056 0.003854	0.000000 0.000000	0.001160 0.004187	0.000000 0.000000	0.000590 0.002059	0.000660 0.003301	0.001791 0.005704	0.003382 0.007161	
3 100 3 1.120000	0.981631 0.004446	0.036398 0.008718	0.000678 0.001805	0.000951 0.002930	-0.000338 0.001689	0.000387 0.001937	0.000840 0.003087	0.002193 0.003705	0.001045 0.003411	0.001761 0.005411	0.001265 0.004305	
3 100 3 1.130000	0.981368 0.001067	0.036916 0.002093	0.000000 0.000000	0.001370 0.004293	0.002391 0.005134	0.000728 0.003638	0.001087 0.005434	0.001032 0.005027	0.001149 0.003453	0.000111 0.000554	0.001484 0.005134	
3 100 3 1.140000	0.979525 0.003464	0.040528 0.006782	0.000843 0.003529	0.000254 0.001270	0.002429 0.008021	0.001163 0.003787	0.000743 0.003388	0.001137 0.006042	-0.000056 0.000279	0.000518 0.002588	0.001105 0.003736	
3 100 3 1.150000	0.979630 0.000890	0.040325 0.001743	0.001453 0.007555	0.001501 0.005934	0.001435 0.005707	0.001593 0.004948	0.002497 0.007445	0.000541 0.002707	0.001689 0.004427	0.003900 0.007059	0.002280 0.005785	
3 100 3 1.160000	0.978646 0.000362	0.042252 0.000709	0.002632 0.005621	0.000669 0.002030	0.001516 0.007448	0.001248 0.004310	0.001591 0.007405	0.001098 0.003452	0.003230 0.007626	0.000880 0.002021	0.000841 0.004206	
3 100 3 1.170000	0.976465 0.001363	0.046517 0.002661	0.001078 0.005389	0.000279 0.001397	0.001747 0.003692	0.000237 0.001031	0.000196 0.000981	0.002875 0.008392	0.000413 0.001753	0.002541 0.005631	0.000000 0.000000	
3 100 3 1.180000	0.974060 0.005124	0.051205 0.009978	0.000950 0.004748	0.002467 0.008427	0.001111 0.005555	0.000778 0.003888	0.000364 0.003290	0.000000 0.000000	0.002025 0.003927	0.000000 0.000000	0.001367 0.004260	
3 100 3 1.190000	0.974645 0.002470	0.050067 0.004812	0.001805 0.009025	0.000044 0.000220	0.001955 0.005895	0.000378 0.001892	0.000593 0.002966	0.001794 0.008970	0.001223 0.003526	0.001716 0.005078	0.003517 0.007757	
3 100 3 1.200000	0.972588 0.002630	0.054071 0.005114	0.005580 0.009845	0.000000 0.000000	0.002016 0.005156	0.000735 0.003431	0.001858 0.009290	0.000068 0.000342	0.001307 0.003290	0.000518 0.002592	0.001609 0.004790	
