3 100 3 0.700000	0.999151 0.001386	0.001697 0.002768	0.000261 0.000718	0.000140 0.000700	0.000265 0.001128	0.000609 0.001218	0.000265 0.000700	0.000401 0.000718	0.000488 0.001854	0.000586 0.001128	0.000680 0.001354	
3 100 3 0.710000	0.999333 0.000117	0.001334 0.000234	0.000221 0.000748	0.000667 0.001305	0.000377 0.000781	0.000624 0.001281	0.000232 0.000856	0.000607 0.001248	0.000784 0.001356	0.000467 0.001281	0.000246 0.000748	
3 100 3 0.720000	0.999252 0.000163	0.001495 0.000327	0.000700 0.001649	0.000486 0.001134	0.000821 0.001649	0.000689 0.001323	0.000243 0.000823	0.000030 0.000149	0.000551 0.001649	0.000716 0.001134	0.000324 0.001472	
3 100 3 0.730000	0.999156 0.000180	0.001688 0.000360	0.000745 0.001868	0.000912 0.001712	0.000788 0.001404	0.000000 0.000000	0.000370 0.001745	0.000667 0.001368	0.000323 0.001508	0.001388 0.000704	0.000572 0.001508	
3 100 3 0.740000	0.998993 0.000499	0.002013 0.000998	0.000362 0.001808	0.000895 0.001823	0.000056 0.000281	0.000757 0.001371	0.000156 0.000781	0.000265 0.001323	0.000530 0.001371	0.001192 0.002279	0.000530 0.001871	
3 100 3 0.750000	0.998898 0.000189	0.002203 0.000378	0.000722 0.002075	0.000707 0.002120	0.000812 0.002075	0.000612 0.001620	0.000706 0.001575	0.000432 0.001539	0.000705 0.001866	0.000298 0.001075	0.001130 0.002120	
3 100 3 0.760000	0.998528 0.000766	0.002941 0.001531	0.000000 0.000000	0.001969 0.002651	0.000620 0.002330	0.001375 0.003151	0.000072 0.000360	0.000412 0.001911	0.000911 0.001860	0.000602 0.001651	0.000363 0.001360	
3 100 3 0.770000	0.998108 0.003105	0.003779 0.006193	0.000890 0.002162	0.000515 0.001444	0.002079 0.004504	0.000459 0.001632	0.001290 0.002632	0.001553 0.003136	0.000848 0.001944	0.000332 0.001662	0.000359 0.001162	
3 100 3 0.780000	0.998534 0.000207	0.002931 0.000413	0.000701 0.003130	0.000931 0.002245	0.000899 0.002375	0.000782 0.001375	0.001182 0.002657	0.001256 0.002657	0.000598 0.002243	0.000207 0.000749	0.001032 0.002375	
3 100 3 0.790000	0.997810 0.003231	0.004373 0.006443	0.000711 0.001930	0.001427 0.002874	0.000511 0.001680	0.000331 0.000680	0.000527 0.002514	0.001031 0.002124	0.000411 0.002307	0.000545 0.002352	0.000000 0.000000	
3 100 3 0.800000	0.997240 0.002551	0.005511 0.005086	0.001174 0.003007	0.001176 0.004770	0.001076 0.003612	0.000642 0.001593	0.001038 0.003073	0.000924 0.003507	0.001070 0.002507	0.000978 0.003007	0.000537 0.002112	
