3 100 2 2.400000	0.004248 0.000475	0.999982 0.000004	0.273889 0.008715	0.098778 0.007110	0.042281 0.009654	0.021543 0.009428	0.011443 0.004704	0.008514 0.006099	0.005858 0.006026	0.003794 0.008387	0.002317 0.006896	
3 100 2 2.410000	0.004304 0.001655	0.999981 0.000015	0.268871 0.007745	0.100635 0.009093	0.042816 0.008691	0.022973 0.007480	0.013051 0.009656	0.005061 0.009650	0.003894 0.005546	0.003088 0.006146	0.002432 0.005391	
3 100 2 2.420000	0.004497 0.000868	0.999980 0.000008	0.267718 0.009599	0.097473 0.006654	0.039977 0.008119	0.021365 0.001477	0.011456 0.008499	0.005758 0.005849	0.003976 0.009243	0.000571 0.001335	0.001310 0.004237	
3 100 2 2.430000	0.004007 0.000792	0.999984 0.000006	0.265691 0.007766	0.093252 0.003142	0.042660 0.006766	0.019487 0.009187	0.009384 0.005765	0.005086 0.003716	0.004198 0.007843	0.002245 0.005878	0.001377 0.003946	
3 100 2 2.440000	0.004510 0.002211	0.999979 0.000020	0.263489 0.009278	0.092408 0.008959	0.035889 0.008198	0.018037 0.004958	0.007723 0.007366	0.006189 0.008825	0.002779 0.007209	0.007477 0.006533	0.000573 0.002866	
3 100 2 2.450000	0.003774 0.000775	0.999986 0.000006	0.257625 0.006415	0.091833 0.009547	0.040311 0.007117	0.014522 0.008217	0.006658 0.005452	0.003883 0.008653	0.003446 0.007781	0.002428 0.003288	0.003521 0.009138	
3 100 2 2.460000	0.003849 0.001367	0.999985 0.000011	0.262686 0.008826	0.084947 0.007899	0.035544 0.009529	0.014650 0.007177	0.010026 0.006124	0.007290 0.009709	0.003083 0.007368	0.002094 0.005445	0.002484 0.005976	
3 100 2 2.470000	0.003844 0.001144	0.999985 0.000009	0.258635 0.006190	0.085990 0.006730	0.034586 0.009520	0.015166 0.003190	0.008440 0.002473	0.003793 0.007191	0.003963 0.009866	0.000656 0.003282	0.002806 0.005728	
3 100 2 2.480000	0.003632 0.001297	0.999987 0.000010	0.260005 0.005685	0.085857 0.009444	0.035100 0.006618	0.013515 0.008806	0.007191 0.003264	0.000798 0.003521	0.002364 0.005980	0.003051 0.007089	0.001098 0.005490	
3 100 2 2.490000	0.003561 0.001039	0.999987 0.000007	0.252554 0.007076	0.083065 0.009294	0.035079 0.005071	0.015163 0.007686	0.005455 0.007259	0.003705 0.004141	0.001112 0.004443	0.002733 0.004778	0.001895 0.002939	
3 100 2 2.500000	0.003836 0.001341	0.999985 0.000010	0.251600 0.008395	0.081111 0.008790	0.035580 0.008282	0.012899 0.003527	0.008214 0.008328	0.003531 0.007256	0.002936 0.005953	0.001905 0.006568	0.000757 0.003787	
