3 100 5 2.300000	0.001307 0.000358	0.999998 0.000001	0.103443 0.009082	0.010976 0.007556	0.000951 0.003391	0.000969 0.003272	0.000375 0.001874	0.003145 0.009820	0.000846 0.001854	0.000631 0.003153	0.001180 0.005901	
3 100 5 2.310000	0.001382 0.000327	0.999998 0.000001	0.105015 0.009167	0.011915 0.006583	0.002165 0.005218	0.001027 0.002722	0.001184 0.004582	0.001078 0.005392	0.002654 0.006555	0.000985 0.003493	0.000041 0.000207	
3 100 5 2.320000	0.001308 0.000458	0.999998 0.000001	0.104244 0.008773	0.014147 0.007587	0.001436 0.004332	0.000261 0.001304	0.001049 0.004139	0.001270 0.003749	0.002361 0.007550	0.001682 0.004402	0.000089 0.000446	
3 100 5 2.330000	0.001626 0.001214	0.999997 0.000004	0.103914 0.008595	0.009336 0.009011	0.001802 0.003387	0.001619 0.008093	0.000942 0.004708	0.001939 0.007018	0.001623 0.006452	0.000879 0.002914	0.002398 0.006197	
3 100 5 2.340000	0.001187 0.000504	0.999999 0.000001	0.103679 0.008263	0.013179 0.007154	0.001876 0.003976	0.003247 0.005971	0.001194 0.004859	0.001312 0.003332	0.000000 0.000000	0.001851 0.007591	0.001716 0.008165	
3 100 5 2.350000	0.001358 0.000875	0.999998 0.000002	0.103898 0.006667	0.011181 0.005332	0.002568 0.007833	0.001033 0.003082	0.003665 0.008581	0.000000 0.000000	0.000000 0.000000	0.000000 0.000000	0.001710 0.006469	
3 100 5 2.360000	0.001318 0.000643	0.999998 0.000002	0.099707 0.008178	0.010647 0.009844	0.000408 0.002250	0.001683 0.006304	0.000562 0.002811	0.000499 0.002289	0.000996 0.003664	0.001631 0.007028	0.005266 0.008965	
3 100 5 2.370000	0.001491 0.000271	0.999998 0.000001	0.101581 0.009542	0.010138 0.002924	0.002159 0.003373	0.001096 0.002754	0.001661 0.003921	0.001545 0.004033	0.001109 0.005545	0.000201 0.001003	0.001135 0.003908	
3 100 5 2.380000	0.001187 0.001031	0.999998 0.000002	0.097029 0.005794	0.008438 0.009847	0.001849 0.005705	0.001377 0.005794	0.000101 0.000506	0.000000 0.000000	0.004035 0.009810	0.002508 0.001845	0.000562 0.002812	
3 100 5 2.390000	0.001212 0.000447	0.999999 0.000001	0.095999 0.009762	0.008706 0.003956	0.001879 0.003629	0.000000 0.000000	0.001212 0.006059	0.004850 0.007290	0.002163 0.004749	0.000525 0.002627	0.000361 0.001804	
3 100 5 2.400000	0.001333 0.000873	0.999998 0.000002	0.095588 0.009743	0.009915 0.003880	0.002388 0.008402	0.000950 0.003161	0.000000 0.000000	0.002674 0.007006	0.002056 0.008939	0.000000 0.000000	0.002470 0.005762	
