3 100 10 1.500000	0.001236 0.000575	0.999998 0.000001	0.089484 0.009122	0.008108 0.007411	0.000929 0.002377	0.000955 0.002369	0.000398 0.001990	0.000000 0.000000	0.001888 0.003679	0.001654 0.003919	0.001707 0.003516	
3 100 10 1.510000	0.001338 0.000581	0.999998 0.000002	0.090443 0.008335	0.009127 0.005415	0.003725 0.003005	0.001110 0.002136	0.002725 0.006122	0.001224 0.005819	0.000667 0.001963	0.000285 0.001426	0.001871 0.005685	
3 100 10 1.520000	0.001214 0.000699	0.999998 0.000002	0.091258 0.008372	0.005821 0.009628	0.003859 0.007591	0.002303 0.007998	0.000311 0.001554	0.001777 0.006592	0.002351 0.007776	0.001496 0.007480	0.000259 0.001295	
3 100 10 1.530000	0.001225 0.000550	0.999998 0.000001	0.091258 0.009939	0.006208 0.005370	0.001024 0.004010	0.001620 0.008100	-0.000206 0.001031	0.001117 0.003270	0.002909 0.006666	0.000928 0.003702	0.000161 0.000807	
3 100 10 1.540000	0.001314 0.000450	0.999998 0.000001	0.083363 0.008096	0.010887 0.003174	0.001346 0.004019	0.000148 0.000738	0.002590 0.007088	0.001845 0.004875	0.001015 0.002803	0.004062 0.009320	0.002123 0.005924	
3 100 10 1.550000	0.001263 0.000756	0.999998 0.000002	0.084028 0.009631	0.008349 0.001531	0.001703 0.003702	0.001610 0.003515	0.000704 0.001649	0.001911 0.004505	0.000080 0.000401	0.000290 0.001452	0.000844 0.004221	
3 100 10 1.560000	0.001245 0.000272	0.999998 0.000001	0.087184 0.003827	0.008443 0.002593	0.003352 0.005556	0.001101 0.003949	0.001142 0.004196	0.002529 0.005241	0.001071 0.003209	0.003172 0.007962	0.000400 0.001999	
3 100 10 1.570000	0.001222 0.000956	0.999998 0.000002	0.088591 0.007378	0.005909 0.006923	0.000468 0.003397	0.002872 0.006172	0.001221 0.005491	0.000713 0.003567	0.000392 0.001961	0.003696 0.007834	0.001656 0.004982	
3 100 10 1.580000	0.001453 0.001306	0.999998 0.000004	0.084561 0.007706	0.004191 0.007480	0.000651 0.003036	0.001406 0.004884	0.002862 0.007775	0.004598 0.007592	0.000407 0.002034	0.002779 0.006369	0.000962 0.004810	
3 100 10 1.590000	0.001242 0.000416	0.999998 0.000001	0.083110 0.009925	0.005124 0.006519	0.001284 0.002498	0.001354 0.003924	0.003139 0.007852	0.002493 0.006541	0.002518 0.006387	0.000666 0.004075	0.001511 0.007553	
3 100 10 1.600000	0.001170 0.001329	0.999998 0.000003	0.083903 0.008413	0.009385 0.004657	0.002724 0.005645	0.001506 0.004568	0.001955 0.005257	0.001675 0.004548	0.001195 0.005976	0.001236 0.004383	0.000000 0.000000	
