3 100 5 0.800000	0.994964 0.004823	0.010043 0.009588	0.001707 0.003904	0.001012 0.003488	0.001031 0.005154	0.000000 0.000000	0.000843 0.004217	0.000920 0.004599	0.000823 0.004113	0.000000 0.000000	0.000582 0.002307	
3 100 5 0.810000	0.995713 0.003825	0.008553 0.007611	0.000740 0.001880	0.000494 0.001880	0.000000 0.000000	0.000238 0.000922	0.000569 0.001388	0.000652 0.002361	0.000876 0.003686	0.000000 0.000000	0.000333 0.000944	
3 100 5 0.820000	0.995297 0.003124	0.009382 0.006215	0.000759 0.002518	0.000349 0.001743	0.000894 0.002811	0.000441 0.002207	0.000275 0.001373	0.000000 0.000000	0.001445 0.003456	0.000809 0.003586	0.000295 0.001476	
3 100 5 0.830000	0.995109 0.003810	0.009757 0.007576	0.000704 0.003518	0.000741 0.001911	0.000824 0.003399	0.001125 0.004113	0.000000 0.000000	0.000394 0.001970	0.000596 0.002982	0.000117 0.000586	0.000606 0.002833	
3 100 5 0.840000	0.994130 0.004830	0.011703 0.009596	0.000323 0.001617	0.000685 0.003425	0.001681 0.004164	0.000000 0.000000	0.000143 0.000713	0.000000 0.000000	0.000717 0.003586	0.000000 0.000000	0.000360 0.001053	
3 100 5 0.850000	0.993262 0.004487	0.013428 0.008910	0.001107 0.003659	0.001282 0.005104	0.000998 0.004631	0.000610 0.003048	0.001265 0.006326	0.000000 0.000000	0.001737 0.004996	0.000471 0.002354	0.000000 0.000000	
3 100 5 0.860000	0.992816 0.004521	0.014314 0.008970	0.001148 0.002265	0.001578 0.003707	0.001343 0.004669	0.000991 0.004957	0.000000 0.000000	0.001486 0.003002	0.000701 0.002329	0.000530 0.002649	0.001008 0.003803	
3 100 5 0.870000	0.991970 0.004705	0.015991 0.009330	0.001809 0.006667	0.001835 0.003445	0.001032 0.002935	0.000460 0.001334	0.001758 0.004621	0.001124 0.003334	0.000724 0.001837	0.002093 0.007028	0.000704 0.002019	
3 100 5 0.880000	0.986076 0.004315	0.027652 0.008506	0.003317 0.007097	0.003523 0.009484	0.003143 0.007840	0.001746 0.006098	0.003651 0.005833	0.002072 0.006855	0.000927 0.004635	0.000000 0.000000	0.000588 0.002938	
3 100 5 0.890000	0.990835 0.004877	0.018243 0.009660	0.001479 0.005043	0.000337 0.001687	0.000818 0.001948	0.000000 0.000000	0.000929 0.004643	0.000749 0.002476	0.000000 0.000000	0.000345 0.001726	0.000000 0.000000	
3 100 5 0.900000	0.990536 0.004935	0.018837 0.009773	0.001740 0.005023	0.001646 0.003081	0.001466 0.004045	0.000559 0.002793	0.000505 0.002523	0.000680 0.003398	0.001517 0.004046	0.000360 0.001799	0.001181 0.003902	
