3 100 5 1.900000	0.001662 0.000930	0.999997 0.000003	0.133608 0.008888	0.019103 0.006473	0.002700 0.007625	0.000672 0.003149	0.000215 0.001074	0.002279 0.004332	0.001612 0.004789	0.002004 0.004234	0.002384 0.004809	
3 100 5 1.910000	0.001470 0.000158	0.999998 0.000000	0.131115 0.008250	0.018740 0.009209	0.002490 0.008081	0.000769 0.004578	0.001093 0.002914	0.001429 0.005612	0.000647 0.002054	0.000658 0.003289	0.000965 0.003137	
3 100 5 1.920000	0.001667 0.000929	0.999997 0.000003	0.136866 0.009051	0.015759 0.009940	0.002427 0.007021	0.001951 0.004997	0.000500 0.002498	0.004321 0.009497	0.000118 0.000592	0.001086 0.004879	0.001332 0.003608	
3 100 5 1.930000	0.001520 0.000572	0.999998 0.000002	0.129044 0.008981	0.017223 0.006667	0.004485 0.008283	0.000395 0.001191	0.000460 0.002298	0.000258 0.001058	0.000233 0.001164	0.001143 0.003781	0.001012 0.003002	
3 100 5 1.940000	0.001475 0.000393	0.999998 0.000001	0.133241 0.009837	0.018980 0.009095	0.003189 0.003746	0.003416 0.007024	0.002516 0.007536	0.000608 0.002452	0.000245 0.001223	0.000400 0.001998	0.001224 0.003748	
3 100 5 1.950000	0.001466 0.000535	0.999998 0.000002	0.128984 0.008889	0.019442 0.008056	0.002795 0.006134	0.001829 0.004016	0.000808 0.003207	0.000236 0.003895	-0.000217 0.001085	0.000902 0.003609	0.001202 0.003378	
3 100 5 1.960000	0.001330 0.000568	0.999998 0.000001	0.127378 0.008334	0.021359 0.008148	0.004428 0.008025	0.002155 0.007562	0.001273 0.006367	0.000880 0.004402	0.000620 0.001702	0.001166 0.004165	0.000270 0.001352	
3 100 5 1.970000	0.001640 0.000359	0.999997 0.000001	0.124309 0.007917	0.016471 0.003573	0.003828 0.006534	0.000583 0.002914	0.000815 0.002886	0.001367 0.003460	0.002918 0.005599	0.000000 0.000000	0.000000 0.000000	
3 100 5 1.980000	0.001591 0.000449	0.999997 0.000001	0.127006 0.008162	0.017884 0.009277	0.004279 0.007828	0.001768 0.008122	0.001366 0.004849	0.000755 0.002407	0.002049 0.005709	0.001371 0.003435	0.000975 0.002753	
3 100 5 1.990000	0.001432 0.000687	0.999998 0.000002	0.126486 0.008869	0.019498 0.004584	0.003641 0.008987	0.001401 0.003123	0.000850 0.002706	0.001332 0.003807	0.000000 0.000000	0.001773 0.008749	0.001751 0.007561	
3 100 5 2.000000	0.001459 0.000711	0.999998 0.000002	0.121368 0.007593	0.015248 0.007641	0.002951 0.007704	0.002825 0.009082	0.001153 0.003556	0.000259 0.001295	0.002346 0.008490	0.000975 0.003471	0.002191 0.005137	
