3 100 4 1.900000	0.001775 0.000446	0.999997 0.000002	0.171972 0.007141	0.031280 0.007771	0.007411 0.006666	0.000826 0.002088	0.000000 0.000000	0.000444 0.002219	0.001810 0.007552	0.002426 0.008949	0.001729 0.006353	
3 100 4 1.910000	0.002153 0.000445	0.999995 0.000002	0.169274 0.007554	0.033069 0.008957	0.007298 0.009401	0.001793 0.004014	0.002866 0.007275	0.000545 0.001668	0.001750 0.004815	0.000391 0.001266	0.001399 0.004509	
3 100 4 1.920000	0.001907 0.000508	0.999996 0.000002	0.166590 0.007474	0.029928 0.008485	0.008551 0.007386	0.002337 0.006375	0.002062 0.005571	0.000959 0.001885	0.000000 0.000000	0.000337 0.001686	0.001730 0.007575	
3 100 4 1.930000	0.001796 0.000439	0.999997 0.000002	0.167392 0.009602	0.029387 0.005885	0.009140 0.004218	0.002936 0.006897	0.001704 0.006636	0.001082 0.005412	0.000000 0.000000	0.000913 0.002985	0.001453 0.003730	
3 100 4 1.940000	0.001755 0.000204	0.999997 0.000001	0.164596 0.009620	0.030807 0.005691	0.006788 0.001637	0.002867 0.006727	0.000539 0.002696	0.000583 0.002171	0.001040 0.003055	0.000345 0.001017	0.001002 0.003645	
3 100 4 1.950000	0.001919 0.000638	0.999996 0.000002	0.164058 0.004288	0.029507 0.009410	0.005041 0.009255	0.001344 0.005046	0.003227 0.006943	0.000000 0.000000	0.002854 0.007651	0.002641 0.006351	0.001799 0.008292	
3 100 4 1.960000	0.001851 0.000499	0.999997 0.000002	0.165745 0.007214	0.027593 0.007269	0.006719 0.004622	0.005047 0.009719	0.001247 0.004386	0.001246 0.002611	0.000384 0.000809	0.001361 0.003303	0.000751 0.002091	
3 100 4 1.970000	0.001721 0.000221	0.999997 0.000001	0.162209 0.009038	0.031612 0.005531	0.005537 0.007678	0.000326 0.001487	0.002905 0.007416	0.001685 0.005664	0.003907 0.009367	0.000768 0.003712	0.000525 0.002627	
3 100 4 1.980000	0.001725 0.000557	0.999997 0.000002	0.161797 0.008924	0.029804 0.009444	0.006464 0.003370	0.003694 0.009070	0.002247 0.006621	0.000332 0.001658	0.002388 0.005774	0.002392 0.005370	0.001768 0.003483	
3 100 4 1.990000	0.001725 0.000645	0.999997 0.000002	0.159508 0.007557	0.026056 0.009780	0.006574 0.005533	0.001439 0.005329	0.001400 0.005372	0.001182 0.003453	0.000851 0.003010	0.000570 0.002851	0.000000 0.000000	
3 100 4 2.000000	0.001854 0.000682	0.999997 0.000003	0.154833 0.008850	0.024449 0.007029	0.002905 0.006250	0.003354 0.007076	0.001786 0.005479	0.000290 0.001450	0.002308 0.007975	0.000293 0.001467	0.001229 0.005048	
