3 100 3 1.600000	0.852854 0.000265	0.272640 0.000451	0.030484 0.002771	0.005954 0.009507	0.001360 0.003430	0.001259 0.002652	0.000087 0.000436	0.000374 0.001871	0.000328 0.001640	0.001153 0.003432	0.000489 0.002713	
3 100 3 1.610000	0.846489 0.000968	0.283456 0.001639	0.030361 0.009870	0.003574 0.006388	0.002470 0.008398	0.000846 0.004230	0.000000 0.000000	0.000000 0.000000	-0.000005 0.000023	0.001573 0.004101	0.000000 0.000000	
3 100 3 1.620000	0.839503 0.000808	0.295235 0.001356	0.035003 0.005366	0.000509 0.002545	0.001386 0.003793	0.000570 0.002848	0.004323 0.008588	0.000605 0.001861	0.000719 0.002170	0.000154 0.000772	0.001510 0.007552	
3 100 3 1.630000	0.832668 0.000759	0.306663 0.001264	0.036439 0.003151	0.007298 0.009790	0.003734 0.006829	0.002481 0.007834	0.002930 0.007627	0.000622 0.003108	0.001051 0.003406	0.000232 0.001160	0.001348 0.004261	
3 100 3 1.640000	0.825554 0.000968	0.318460 0.001598	0.039443 0.009208	0.004541 0.007378	0.001754 0.008032	0.000741 0.001972	0.001563 0.004818	0.000803 0.004014	0.000511 0.002555	0.000965 0.003173	0.001361 0.006803	
3 100 3 1.650000	0.818070 0.000536	0.330762 0.000877	0.043728 0.008911	0.009725 0.008090	0.000280 0.000955	0.001171 0.005853	0.002263 0.005227	0.000859 0.002362	0.002976 0.005708	0.002548 0.007032	0.000000 0.000000	
3 100 3 1.660000	0.809566 0.000463	0.344602 0.000749	0.046397 0.009093	0.005779 0.009551	0.002802 0.007211	0.000846 0.002333	0.000000 0.000000	0.001515 0.004049	0.000450 0.001636	0.001620 0.006151	0.001936 0.005843	
3 100 3 1.670000	0.800925 0.000944	0.358520 0.001512	0.049749 0.009920	0.006152 0.007898	0.003150 0.004669	0.001884 0.006397	0.000175 0.000876	0.002125 0.005436	0.001104 0.002773	0.000205 0.001025	0.001149 0.003353	
3 100 3 1.680000	0.791531 0.000518	0.373479 0.000820	0.052582 0.009229	0.009391 0.009445	0.002854 0.008829	0.001393 0.005816	0.001166 0.002930	0.001365 0.002280	0.000438 0.002192	0.000800 0.004426	0.001475 0.004087	
3 100 3 1.690000	0.781362 0.000948	0.389473 0.001481	0.056643 0.009358	0.014070 0.005800	0.002507 0.008377	0.000178 0.000890	0.001021 0.002841	0.000137 0.000683	0.000293 0.001099	0.002956 0.006274	0.001312 0.004199	
3 100 3 1.700000	0.770858 0.001186	0.405778 0.001829	0.060799 0.007977	0.013303 0.009926	0.004271 0.008619	0.000645 0.002888	0.000767 0.003358	0.000000 0.000000	0.001141 0.003321	0.001984 0.005451	0.000646 0.003231	
