3 100 5 0.000000	0.997613 0.004544	0.004765 0.009064	0.001074 0.005371	0.001337 0.005954	0.000557 0.002229	0.001969 0.006038	0.001941 0.007454	0.002635 0.009621	0.002241 0.007871	0.001024 0.005121	0.002065 0.009204	
3 100 5 0.010000	0.999105 0.002307	0.001779 0.004612	0.000193 0.000966	0.000464 0.002320	0.000293 0.001466	0.000136 0.000680	0.000293 0.001466	0.000276 0.001382	0.000000 0.000000	0.000449 0.001279	0.000991 0.003293	
3 100 5 0.020000	0.999997 0.000013	0.000000 0.000000	0.000000 0.000000	0.000000 0.000000	0.000000 0.000000	0.000000 0.000000	0.000000 0.000000	0.000000 0.000000	0.000000 0.000000	0.000000 0.000000	0.000000 0.000000	
3 100 5 0.030000	0.999266 0.002698	0.001459 0.005390	0.000515 0.002334	0.000459 0.001223	0.000000 0.000000	0.000000 0.000000	0.000661 0.003306	0.000000 0.000000	0.000495 0.002473	0.000000 0.000000	0.000000 0.000000	
3 100 5 0.040000	0.999995 0.000018	0.000000 0.000000	0.000000 0.000000	0.000000 0.000000	0.000000 0.000000	0.000000 0.000000	0.000000 0.000000	0.000000 0.000000	0.000000 0.000000	0.000000 0.000000	0.000000 0.000000	
3 100 5 0.050000	0.999198 0.003767	0.001580 0.007544	0.001009 0.005044	0.000000 0.000000	0.000000 0.000000	0.000024 0.000118	0.000000 0.000000	0.000676 0.003378	0.000759 0.003794	0.000048 0.000239	0.000000 0.000000	
3 100 5 0.060000	0.999517 0.002034	0.000945 0.004064	0.000368 0.001842	0.000000 0.000000	0.000389 0.001286	0.000263 0.001314	0.000396 0.001981	0.000694 0.003469	0.000285 0.001425	0.000515 0.002576	0.000707 0.002874	
3 100 5 0.070000	0.992770 0.004499	0.014404 0.008931	0.004737 0.003849	0.002676 0.006055	0.001496 0.005165	0.001763 0.003972	0.002010 0.007526	0.002077 0.006276	0.000938 0.003915	0.004126 0.003276	0.002880 0.009748	
3 100 5 0.080000	0.999987 0.000028	0.000000 0.000000	0.000000 0.000000	0.000000 0.000000	0.000000 0.000000	0.000000 0.000000	0.000000 0.000000	0.000000 0.000000	0.000000 0.000000	0.000000 0.000000	0.000000 0.000000	
3 100 5 0.090000	0.998868 0.004439	0.002261 0.008858	0.001372 0.005108	0.001677 0.006172	0.001392 0.005663	0.001207 0.005385	0.001163 0.005617	0.001432 0.005570	0.001274 0.006172	0.001237 0.005987	0.001811 0.008858	
3 100 5 0.100000	0.998928 0.004775	0.002121 0.009535	0.000640 0.003202	0.001188 0.004868	0.000214 0.001070	0.001271 0.005285	0.001488 0.006368	0.000538 0.002035	0.001288 0.006202	0.000879 0.004396	0.000963 0.004813	
