3 100 4 1.100000	0.977348 0.003501	0.044789 0.006840	0.002320 0.006293	0.000780 0.003898	0.000966 0.003838	0.000365 0.001370	0.000836 0.003045	0.001048 0.004111	0.000015 0.000074	0.000000 0.000000	0.000766 0.003832	
3 100 4 1.110000	0.975297 0.003032	0.048795 0.005912	0.003552 0.006930	0.001060 0.005302	0.000882 0.002514	0.001877 0.009383	0.000594 0.002970	0.000610 0.003051	0.000489 0.002445	0.001498 0.004506	0.000434 0.002170	
3 100 4 1.120000	0.973802 0.005103	0.051707 0.009934	0.004186 0.009310	0.001628 0.004758	0.002092 0.004509	0.001038 0.003528	0.002371 0.008391	0.001853 0.007379	0.002167 0.007344	0.002375 0.006026	0.000000 0.000000	
3 100 4 1.130000	0.973810 0.002429	0.051693 0.004728	0.005184 0.009437	0.001399 0.004449	0.000419 0.001826	0.001604 0.005534	0.000687 0.001826	0.001093 0.005464	0.000501 0.002506	0.000000 0.000000	0.001348 0.006742	
3 100 4 1.140000	0.971303 0.004996	0.056568 0.009692	0.002958 0.007811	0.002019 0.005653	0.000000 0.000000	0.001720 0.008600	0.001085 0.005424	0.000844 0.004222	0.001026 0.005128	0.000000 0.000000	0.000862 0.002658	
3 100 4 1.150000	0.970051 0.003685	0.058999 0.007143	0.001872 0.004815	0.000801 0.002450	0.001652 0.004223	0.000436 0.002178	0.001087 0.003057	0.001494 0.004045	0.001785 0.004725	0.001464 0.005615	0.001605 0.004934	
3 100 4 1.160000	0.967460 0.003630	0.064020 0.007026	0.005439 0.005582	0.002497 0.003730	0.001924 0.006161	0.000000 0.000000	0.001652 0.005372	0.002248 0.008835	0.002562 0.007057	0.001056 0.005279	0.000913 0.003721	
3 100 4 1.170000	0.966554 0.005142	0.065770 0.009927	0.001365 0.006386	0.001597 0.004514	0.000388 0.001941	0.001003 0.002545	0.000826 0.002969	0.000000 0.000000	0.000932 0.004661	0.000638 0.003191	0.000113 0.000565	
3 100 4 1.180000	0.964551 0.003672	0.069638 0.007083	0.002821 0.005366	0.002953 0.007310	0.000310 0.001549	0.000661 0.002366	0.000604 0.003021	0.001623 0.003560	0.000000 0.000000	0.000129 0.000644	0.001473 0.006005	
3 100 4 1.190000	0.962242 0.004191	0.074087 0.008066	0.004351 0.008468	0.001593 0.004551	0.001620 0.004801	0.000000 0.000000	0.002484 0.004801	0.001452 0.004245	0.001834 0.005940	0.001556 0.005468	0.000000 0.000000	
3 100 4 1.200000	0.961532 0.004019	0.075453 0.007720	0.003556 0.006497	0.000055 0.000275	0.000993 0.003132	0.000000 0.000000	0.000000 0.000000	0.000000 0.000000	0.000428 0.002139	0.001404 0.003063	0.001237 0.006183	
