3 100 5 2.200000	0.001258 0.000318	0.999998 0.000001	0.111311 0.004791	0.015175 0.003073	0.001083 0.005415	0.000466 0.002202	0.000809 0.004046	0.000488 0.002439	0.002143 0.005264	0.002654 0.007787	0.004250 0.007819	
3 100 5 2.210000	0.001392 0.000368	0.999998 0.000001	0.107122 0.009490	0.014439 0.006405	0.001748 0.005832	0.003107 0.004285	0.000000 0.000000	0.003272 0.007060	0.001372 0.003504	-0.000048 0.000240	0.000929 0.001863	
3 100 5 2.220000	0.001266 0.000674	0.999998 0.000002	0.108832 0.008977	0.010807 0.009734	0.002462 0.006400	0.000139 0.000694	0.000936 0.004678	0.002857 0.006092	0.000798 0.002206	0.000903 0.003153	0.000743 0.002675	
3 100 5 2.230000	0.001204 0.000482	0.999999 0.000001	0.108397 0.009907	0.013878 0.005601	0.002672 0.007082	0.000000 0.000000	0.003146 0.007221	0.000194 0.000971	0.000750 0.003748	0.001390 0.003853	0.002076 0.006249	
3 100 5 2.240000	0.001388 0.000423	0.999998 0.000001	0.103621 0.008284	0.010057 0.005098	0.000594 0.001664	0.001365 0.004966	0.002288 0.004879	0.000381 0.001903	0.002186 0.005355	0.001079 0.003523	0.000327 0.001635	
3 100 5 2.250000	0.001512 0.000530	0.999998 0.000002	0.103331 0.006921	0.010543 0.005482	0.001113 0.005567	0.004408 0.008170	0.000949 0.003831	0.001692 0.008459	0.002512 0.008256	0.002737 0.009468	0.002951 0.009884	
3 100 5 2.260000	0.001195 0.000731	0.999998 0.000002	0.110582 0.005249	0.012482 0.008251	0.003543 0.007638	0.001251 0.002833	0.002894 0.006664	0.000000 0.000000	0.003770 0.007966	0.002132 0.008668	0.001641 0.004873	
3 100 5 2.270000	0.001201 0.000265	0.999999 0.000001	0.112267 0.008889	0.013980 0.003379	0.001092 0.004212	0.001300 0.004806	0.000875 0.004374	0.001013 0.003401	0.001375 0.006831	0.001547 0.008333	0.000740 0.002082	
3 100 5 2.280000	0.001283 0.000906	0.999998 0.000002	0.106930 0.008334	0.012400 0.008335	0.002215 0.006458	0.001574 0.004373	0.001986 0.004542	0.000124 0.000960	0.000675 0.003934	0.000738 0.001872	0.003554 0.005916	
3 100 5 2.290000	0.001523 0.000523	0.999998 0.000002	0.106149 0.009241	0.010861 0.009811	0.002217 0.008332	0.000814 0.002822	0.003828 0.002777	0.002992 0.005571	0.001639 0.007042	0.000827 0.003407	0.001762 0.007706	
3 100 5 2.300000	0.001344 0.000297	0.999998 0.000001	0.102601 0.009088	0.011339 0.007242	0.002519 0.009093	0.001476 0.004425	0.000000 0.000000	0.002211 0.007617	0.001776 0.004337	0.000488 0.002439	0.002574 0.005248	
