3 100 3 1.400000	0.935228 0.000450	0.125348 0.000842	0.009573 0.009885	0.002068 0.003984	0.000328 0.001642	0.001368 0.004802	0.001352 0.005880	0.000937 0.004953	0.000426 0.001268	0.000195 0.001736	0.001010 0.003354	
3 100 3 1.410000	0.930993 0.005020	0.133248 0.009336	0.010882 0.002612	0.003386 0.008724	0.003405 0.008811	0.001698 0.003669	0.000680 0.002745	0.000255 0.001275	0.001476 0.007378	0.001336 0.006679	0.000000 0.000000	
3 100 3 1.420000	0.929561 0.000465	0.135917 0.000865	0.009805 0.009686	0.001451 0.002657	0.001022 0.004163	0.000636 0.003178	0.000982 0.001998	0.001992 0.005034	0.001583 0.005605	0.001996 0.007704	0.002329 0.009150	
3 100 3 1.430000	0.926621 0.000210	0.141374 0.000388	0.012234 0.009731	0.000482 0.002412	0.000564 0.002822	0.000388 0.001939	0.000898 0.004490	0.000520 0.001392	0.002383 0.006172	0.001129 0.004039	0.000298 0.001063	
3 100 3 1.440000	0.923494 0.000218	0.147159 0.000403	0.013398 0.008768	0.002766 0.004799	0.001651 0.005296	0.000989 0.002757	0.001049 0.002066	0.002580 0.009561	0.000078 0.000392	0.001516 0.006481	0.000142 0.000708	
3 100 3 1.450000	0.920225 0.000550	0.153186 0.001011	0.011466 0.008946	0.001565 0.006985	0.000825 0.002533	0.000507 0.002535	-0.000129 0.000646	0.000963 0.002510	0.000000 0.000000	0.000640 0.003202	0.001913 0.004421	
3 100 3 1.460000	0.914161 0.003576	0.164308 0.006533	0.014245 0.009586	0.001811 0.005181	0.001107 0.005535	0.002135 0.005675	0.000755 0.003773	0.000600 0.003000	0.000000 0.000000	0.000000 0.000000	0.001236 0.006125	
3 100 3 1.470000	0.913582 0.000424	0.165369 0.000775	0.015671 0.009923	0.000608 0.002573	0.000804 0.003404	0.001072 0.004995	0.003044 0.004530	0.000516 0.001962	0.000556 0.001905	0.001111 0.002931	0.000742 0.002063	
3 100 3 1.480000	0.909293 0.001672	0.173185 0.003041	0.017385 0.009748	0.001786 0.003792	0.000759 0.003793	0.001639 0.008193	0.002461 0.007353	0.000490 0.002451	0.001477 0.005378	0.000078 0.000390	0.001571 0.007853	
3 100 3 1.490000	0.903884 0.005321	0.182991 0.009613	0.018631 0.007645	0.001733 0.005222	0.001737 0.006842	0.000438 0.002192	0.000778 0.003889	0.002398 0.006947	0.000000 0.000000	0.001926 0.009629	0.000601 0.003004	
3 100 3 1.500000	0.902230 0.000462	0.185981 0.000834	0.018492 0.009781	0.002058 0.003922	0.001860 0.008067	0.001219 0.003534	0.000438 0.003123	0.000472 0.002360	0.001458 0.007291	0.001649 0.004213	0.001444 0.006627	
