3 100 10 0.000000	0.998962 0.004914	0.002054 0.009804	0.000911 0.004553	0.000000 0.000000	0.000000 0.000000	0.000000 0.000000	0.000030 0.000152	0.000062 0.000310	0.000000 0.000000	0.000973 0.004553	0.000926 0.004632	
3 100 10 0.010000	0.999078 0.004501	0.001798 0.008989	0.000000 0.000000	0.000000 0.000000	0.000000 0.000000	0.000000 0.000000	0.000000 0.000000	0.000260 0.001299	0.000000 0.000000	0.000000 0.000000	0.000000 0.000000	
3 100 10 0.020000	0.998645 0.003005	0.002708 0.005999	0.000994 0.002886	0.000043 0.000217	0.000247 0.001235	0.000203 0.001013	0.000577 0.002886	0.000577 0.002886	0.000000 0.000000	0.000709 0.002741	0.000055 0.000277	
3 100 10 0.030000	0.998654 0.003915	0.002688 0.007814	0.000000 0.000000	0.000124 0.000441	0.000068 0.000340	0.000000 0.000000	0.000000 0.000000	0.000000 0.000000	0.000000 0.000000	0.000000 0.000000	0.000000 0.000000	
3 100 10 0.040000	0.999174 0.004129	0.001648 0.008240	0.000000 0.000000	0.000000 0.000000	0.000000 0.000000	0.000160 0.000802	0.000000 0.000000	0.000467 0.002335	0.000288 0.001440	0.000000 0.000000	0.000000 0.000000	
3 100 10 0.050000	0.996832 0.002175	0.006325 0.004337	0.001448 0.003182	0.001169 0.004725	0.001191 0.004026	0.000000 0.000000	0.000427 0.002133	0.000000 0.000000	0.000000 0.000000	0.000000 0.000000	0.000330 0.001652	
3 100 10 0.060000	0.998628 0.003464	0.002740 0.006915	0.000754 0.002617	0.000087 0.000437	0.000511 0.002263	0.000649 0.001812	0.000263 0.001313	0.000665 0.002488	0.000216 0.000771	0.000387 0.000935	0.000358 0.001012	
3 100 10 0.070000	0.998883 0.003908	0.002230 0.007800	0.000381 0.001366	0.000000 0.000000	0.000155 0.000776	0.000033 0.000166	0.000153 0.000763	0.000072 0.000358	0.000356 0.001778	0.000224 0.001119	0.000084 0.000420	
3 100 10 0.080000	0.997123 0.002779	0.005745 0.005542	0.000226 0.001132	0.000547 0.001409	0.000502 0.002511	0.000000 0.000000	0.000259 0.001297	0.000000 0.000000	0.000313 0.001564	0.000420 0.001347	0.000119 0.000597	
3 100 10 0.090000	0.996798 0.004928	0.006390 0.009827	0.000000 0.000000	0.000598 0.002992	0.000000 0.000000	0.000665 0.003323	0.000000 0.000000	0.000513 0.002563	0.000000 0.000000	0.000000 0.000000	0.000000 0.000000	
3 100 10 0.100000	0.998396 0.003101	0.003203 0.006195	0.000000 0.000000	0.000000 0.000000	0.000000 0.000000	0.000394 0.001972	0.000000 0.000000	0.000370 0.001849	0.000176 0.000879	0.000296 0.001478	0.000398 0.001990	
