3 100 4 2.300000	0.001586 0.000373	0.999997 0.000001	0.129169 0.008241	0.018648 0.008727	0.003635 0.002760	0.001287 0.005498	0.001077 0.002859	0.001340 0.004970	0.001081 0.003470	0.000676 0.001776	0.001835 0.003153	
3 100 4 2.310000	0.001320 0.001037	0.999998 0.000003	0.131183 0.006738	0.018591 0.009333	0.004411 0.009259	0.003303 0.006577	0.002932 0.007943	0.001106 0.008041	0.002795 0.006343	0.000000 0.000000	0.001735 0.006719	
3 100 4 2.320000	0.001493 0.000354	0.999998 0.000001	0.130048 0.008889	0.018600 0.007479	0.002118 0.005634	0.001740 0.003776	0.000530 0.001839	0.001356 0.002309	0.000000 0.000000	0.001648 0.004784	0.001290 0.003244	
3 100 4 2.330000	0.001444 0.000692	0.999998 0.000002	0.129153 0.007168	0.018987 0.005277	0.005798 0.009844	0.000742 0.002887	0.001110 0.005152	0.000032 0.002755	0.000738 0.003691	0.002111 0.006942	0.001676 0.005170	
3 100 4 2.340000	0.001584 0.000650	0.999997 0.000002	0.126901 0.006026	0.020086 0.009532	0.005296 0.008823	0.000990 0.004332	0.001493 0.003844	0.000862 0.003691	0.000444 0.002221	0.000599 0.002997	0.001034 0.005168	
3 100 4 2.350000	0.001410 0.000743	0.999998 0.000002	0.125883 0.009953	0.017315 0.003638	0.004585 0.002632	0.002357 0.006280	0.000784 0.003919	0.002472 0.005419	0.000467 0.002337	0.001178 0.002757	0.000000 0.000000	
3 100 4 2.360000	0.001372 0.000384	0.999998 0.000001	0.127287 0.009952	0.018101 0.007092	0.003362 0.006709	0.000342 0.001712	0.001930 0.007917	0.001614 0.004069	0.001950 0.005493	0.002839 0.006361	0.000847 0.002772	
3 100 4 2.370000	0.001431 0.000717	0.999998 0.000002	0.124357 0.006149	0.013722 0.002205	0.004241 0.008442	0.003038 0.007004	0.001358 0.005002	0.002007 0.004759	0.003040 0.009910	0.001663 0.005486	0.000462 0.002310	
3 100 4 2.380000	0.001559 0.000307	0.999998 0.000001	0.121631 0.009555	0.017875 0.006111	0.003871 0.006487	0.002083 0.009597	0.000577 0.002442	0.000960 0.002220	0.002788 0.006665	0.004222 0.008323	0.001775 0.005024	
3 100 4 2.390000	0.001468 0.000843	0.999998 0.000002	0.125751 0.005087	0.015764 0.009442	0.002475 0.004267	0.000758 0.003791	0.000017 0.000611	0.000648 0.001370	0.002864 0.009775	0.000589 0.002219	0.001114 0.004534	
3 100 4 2.400000	0.001356 0.000586	0.999998 0.000002	0.121760 0.007395	0.014576 0.009655	0.002731 0.006875	0.004583 0.009803	0.000252 0.001262	0.000555 0.001797	0.002474 0.007554	0.002210 0.005686	0.000838 0.003606	
