3 100 10 3.000000	0.001157 0.000521	0.999999 0.000001	0.040769 0.007777	0.001259 0.004591	0.000704 0.003518	0.003844 0.007035	0.000877 0.003871	0.001841 0.007802	0.002325 0.006369	0.001125 0.003185	0.002780 0.006075	
3 100 10 3.010000	0.001011 0.000661	0.999999 0.000001	0.035914 0.009205	0.003068 0.006137	0.000765 0.002839	-0.000124 0.000619	-0.000212 0.004868	0.001347 0.007230	0.003451 0.008394	0.000728 0.001975	0.000000 0.000000	
3 100 10 3.020000	0.001078 0.000831	0.999999 0.000002	0.038616 0.005555	0.003182 0.009503	0.000562 0.002592	0.002000 0.004814	0.001777 0.007111	0.001451 0.006444	0.002666 0.009135	-0.000124 0.000618	0.002765 0.006481	
3 100 10 3.030000	0.001116 0.001052	0.999999 0.000002	0.033888 0.002963	0.002314 0.008889	0.000000 0.000000	0.000740 0.002408	0.003135 0.008640	0.002802 0.006665	0.001283 0.004073	0.003481 0.007776	0.001604 0.004443	
3 100 10 3.040000	0.000999 0.000968	0.999999 0.000002	0.040480 0.003704	0.001295 0.002960	0.000000 0.000000	0.001703 0.005648	0.001456 0.003580	0.001296 0.006111	0.001036 0.004074	0.004135 0.009137	0.000826 0.002345	
3 100 10 3.050000	0.000946 0.000500	0.999999 0.000001	0.037288 0.002223	-0.000164 0.003630	0.002859 0.008443	0.002696 0.008888	0.000770 0.003850	0.002533 0.004444	0.002000 0.005739	0.001481 0.007406	0.000696 0.001777	
3 100 10 3.060000	0.000940 0.000481	0.999999 0.000001	0.038295 0.008371	0.002703 0.006667	0.001840 0.004295	0.000000 0.000000	0.003774 0.009702	0.001696 0.006185	0.000814 0.003702	0.000281 0.002593	0.000000 0.000000	
3 100 10 3.070000	0.000733 0.000482	0.999999 0.000001	0.035814 0.006667	0.002765 0.005740	0.001740 0.004814	0.002938 0.005555	-0.000408 0.001482	0.001704 0.008518	0.000481 0.002408	0.000148 0.003888	0.001444 0.007222	
3 100 10 3.080000	0.001049 0.000663	0.999999 0.000002	0.036585 0.008384	0.002656 0.005851	0.000516 0.002410	0.001105 0.003250	0.001471 0.001231	0.000563 0.002814	0.001563 0.003804	0.001679 0.002422	0.002558 0.005462	
3 100 10 3.090000	0.000808 0.000499	0.999999 0.000001	0.035747 0.005703	0.002081 0.006148	0.000237 0.001184	0.000267 0.001333	0.002852 0.007221	0.000000 0.000000	0.002859 0.005703	0.002851 0.006739	0.003525 0.009037	
3 100 10 3.100000	0.001124 0.001165	0.999999 0.000003	0.038628 0.008826	0.000492 0.002649	0.002045 0.004135	0.000114 0.000571	0.002626 0.007668	0.000860 0.005180	0.000909 0.002558	0.000820 0.001478	0.001135 0.003207	
