3 100 5 0.400000	0.999414 0.002927	0.001169 0.005845	0.000000 0.000000	0.000000 0.000000	0.000000 0.000000	0.000000 0.000000	0.000000 0.000000	0.000000 0.000000	0.000000 0.000000	0.000000 0.000000	0.000000 0.000000	
3 100 5 0.410000	0.999422 0.002879	0.001151 0.005754	0.000000 0.000000	0.000000 0.000000	0.000000 0.000000	0.000000 0.000000	0.000000 0.000000	0.000000 0.000000	0.000000 0.000000	0.000000 0.000000	0.000000 0.000000	
3 100 5 0.420000	0.998798 0.002971	0.002402 0.005934	0.000883 0.004416	0.000801 0.002853	0.000216 0.001082	0.000882 0.003166	0.000391 0.001395	0.000371 0.001707	0.000000 0.000000	0.000517 0.002437	0.000000 0.000000	
3 100 5 0.430000	0.998585 0.003849	0.002803 0.007700	0.000790 0.003950	0.000000 0.000000	0.000000 0.000000	0.000000 0.000000	0.000690 0.003450	0.000000 0.000000	0.000022 0.000112	0.000000 0.000000	0.000000 0.000000	
3 100 5 0.440000	0.998975 0.004321	0.002041 0.008636	0.000032 0.000162	0.000000 0.000000	0.000000 0.000000	0.000000 0.000000	0.000000 0.000000	0.000032 0.000162	0.000000 0.000000	0.000000 0.000000	0.000000 0.000000	
3 100 5 0.450000	0.999961 0.000154	0.000065 0.000323	0.000000 0.000000	0.000000 0.000000	0.000000 0.000000	0.000000 0.000000	0.000000 0.000000	0.000000 0.000000	0.000000 0.000000	0.000000 0.000000	0.000000 0.000000	
3 100 5 0.460000	0.999418 0.001793	0.001151 0.003640	0.000132 0.000661	0.000095 0.000475	0.000059 0.000296	0.000000 0.000000	0.000000 0.000000	0.000096 0.000480	0.000191 0.000480	0.000000 0.000000	0.000032 0.000162	
3 100 5 0.470000	0.999215 0.001148	0.001570 0.002293	0.000000 0.000000	0.000000 0.000000	0.000222 0.001108	0.000117 0.000587	0.000222 0.001108	0.000305 0.001525	0.000348 0.001108	0.000000 0.000000	0.000000 0.000000	
3 100 5 0.480000	0.999856 0.000393	0.000264 0.000826	0.000000 0.000000	0.000085 0.000277	0.000055 0.000277	0.000000 0.000000	0.000055 0.000277	0.000000 0.000000	0.000055 0.000277	0.000039 0.000194	0.000000 0.000000	
3 100 5 0.490000	0.998116 0.004055	0.003761 0.008091	0.000403 0.002015	0.000036 0.000181	0.000534 0.002669	0.000140 0.000702	0.000000 0.000000	0.000819 0.003723	0.000000 0.000000	0.000000 0.000000	0.000554 0.002015	
3 100 5 0.500000	0.999087 0.003597	0.001797 0.007245	0.000095 0.000477	0.000058 0.000292	0.000189 0.000947	0.000278 0.001235	0.000000 0.000000	0.000031 0.000154	0.000295 0.001474	0.000000 0.000000	0.000150 0.000594	
