3 100 2 2.300000	0.009533 0.002630	0.999908 0.000051	0.303245 0.008831	0.128441 0.004974	0.071652 0.006998	0.045641 0.009561	0.030358 0.005487	0.021681 0.009933	0.013301 0.008867	0.011435 0.008043	0.007265 0.006987	
3 100 2 2.310000	0.008934 0.003266	0.999919 0.000057	0.299983 0.006663	0.124456 0.008415	0.065624 0.005222	0.040698 0.008959	0.025045 0.009424	0.019279 0.004179	0.012665 0.007177	0.012563 0.005207	0.009168 0.006950	
3 100 2 2.320000	0.007767 0.001925	0.999939 0.000029	0.297504 0.009337	0.122313 0.005573	0.064532 0.008781	0.037487 0.002421	0.025278 0.006940	0.017201 0.003288	0.009712 0.004837	0.006284 0.003095	0.004780 0.007160	
3 100 2 2.330000	0.007091 0.002310	0.999949 0.000033	0.295077 0.004761	0.118072 0.008131	0.057192 0.007985	0.036209 0.009840	0.020144 0.009367	0.014724 0.007241	0.011254 0.006274	0.005845 0.007862	0.007186 0.004577	
3 100 2 2.340000	0.006418 0.001058	0.999959 0.000013	0.291140 0.009778	0.113614 0.008791	0.057467 0.006075	0.030483 0.009313	0.022142 0.006912	0.012832 0.009299	0.009022 0.007490	0.002877 0.006807	0.002238 0.005299	
3 100 2 2.350000	0.006256 0.002301	0.999960 0.000029	0.286028 0.005491	0.111255 0.006595	0.055699 0.007971	0.030105 0.008632	0.019743 0.004379	0.010825 0.005417	0.006649 0.005212	0.004553 0.006195	0.005884 0.009981	
3 100 2 2.360000	0.005587 0.002769	0.999968 0.000031	0.283578 0.004529	0.113046 0.009872	0.053389 0.006127	0.028921 0.009644	0.015221 0.007757	0.011263 0.009057	0.006065 0.004912	0.004298 0.001112	0.002032 0.005166	
3 100 2 2.370000	0.005386 0.001105	0.999971 0.000012	0.283389 0.009185	0.104528 0.008821	0.046145 0.008245	0.025898 0.003803	0.014859 0.008744	0.007553 0.006679	0.006188 0.007178	0.007331 0.005672	0.002398 0.008761	
3 100 2 2.380000	0.005212 0.002547	0.999972 0.000025	0.278742 0.009326	0.103864 0.006607	0.047593 0.008552	0.024182 0.007440	0.015269 0.005642	0.007887 0.008926	0.004454 0.007780	0.003848 0.007553	0.002289 0.005887	
3 100 2 2.390000	0.005189 0.000873	0.999973 0.000009	0.275282 0.007151	0.102220 0.004887	0.043919 0.006894	0.025032 0.009932	0.013367 0.008185	0.006382 0.007741	0.005768 0.006893	0.002627 0.006414	0.002094 0.005705	
3 100 2 2.400000	0.004753 0.001186	0.999977 0.000011	0.275550 0.009126	0.098503 0.008018	0.044052 0.008910	0.024561 0.009107	0.012324 0.004685	0.006687 0.003830	0.003736 0.007060	0.003850 0.007356	0.003667 0.008022	
