3 100 5 2.800000	0.001287 0.000516	0.999998 0.000001	0.078518 0.009294	0.010370 0.007371	0.000423 0.002114	0.002396 0.007956	0.002202 0.008598	0.000208 0.003542	0.002130 0.003634	0.002532 0.006332	0.000319 0.001596	
3 100 5 2.810000	0.001161 0.000330	0.999999 0.000001	0.082999 0.007576	0.005362 0.008902	0.001807 0.009113	0.001149 0.004082	0.000260 0.001301	0.001895 0.007227	0.000622 0.001769	0.001833 0.009165	0.000679 0.002685	
3 100 5 2.820000	0.001337 0.000443	0.999998 0.000001	0.076354 0.008598	0.007191 0.009977	0.001562 0.004540	0.002246 0.004694	0.001893 0.003562	0.000949 0.004927	0.001649 0.003029	0.000000 0.000000	0.000871 0.003847	
3 100 5 2.830000	0.000809 0.000210	0.999999 0.000000	0.080716 0.006083	0.007321 0.004833	0.003664 0.006157	0.002048 0.009322	0.001448 0.006718	0.004765 0.008437	0.000287 0.001435	0.003797 0.007500	0.001655 0.008273	
3 100 5 2.840000	0.001179 0.000301	0.999999 0.000001	0.080963 0.003949	0.008337 0.009968	0.003678 0.007137	0.000611 0.002360	0.000786 0.003188	0.002686 0.008772	0.002021 0.005415	0.002274 0.007394	0.003192 0.009332	
3 100 5 2.850000	0.001193 0.000080	0.999999 0.000000	0.080876 0.008684	0.007999 0.008088	0.002206 0.007323	0.001515 0.003240	0.000837 0.004187	0.000781 0.002787	0.000596 0.002981	0.002775 0.007320	0.001988 0.003424	
3 100 5 2.860000	0.001347 0.000541	0.999998 0.000002	0.076771 0.004847	0.009536 0.007044	0.000866 0.003581	-0.000298 0.001490	0.000904 0.002498	0.000177 0.001003	0.001711 0.007499	0.000354 0.001769	0.001753 0.003559	
3 100 5 2.870000	0.001047 0.000510	0.999999 0.000001	0.073544 0.008864	0.004169 0.009469	0.003188 0.006064	0.001131 0.003749	0.001742 0.005492	0.000405 0.005058	0.001049 0.002915	0.001341 0.006704	0.001318 0.005499	
3 100 5 2.880000	0.001208 0.000524	0.999999 0.000001	0.077970 0.009963	0.008604 0.002355	0.001269 0.003630	0.002267 0.005415	0.000000 0.000000	0.000308 0.001073	0.000433 0.002165	0.000137 0.000687	0.000000 0.000000	
3 100 5 2.890000	0.001190 0.000196	0.999999 0.000000	0.079125 0.009873	0.006975 0.005126	0.001269 0.005513	0.001567 0.003967	0.000796 0.003814	0.000207 0.001278	0.001591 0.006379	0.000287 0.001702	0.000379 0.001618	
3 100 5 2.900000	0.001115 0.000834	0.999999 0.000002	0.075099 0.009332	0.008825 0.009443	0.003876 0.006250	0.004193 0.009118	0.001990 0.007035	0.001910 0.007592	0.002182 0.009478	0.000187 0.000935	0.002103 0.004250	
