3 100 10 1.100000	0.001886 0.000698	0.999996 0.000003	0.159387 0.007447	0.031741 0.005393	0.006450 0.006533	0.002016 0.005551	0.002377 0.005058	0.002914 0.005875	0.001929 0.005366	0.002088 0.003887	0.000370 0.001848	
3 100 10 1.110000	0.001976 0.000488	0.999996 0.000002	0.150589 0.004387	0.026321 0.008434	0.004207 0.004531	0.002358 0.003639	0.002698 0.005141	0.001579 0.004935	0.002715 0.008103	0.000134 0.000668	0.000181 0.000799	
3 100 10 1.120000	0.002012 0.002460	0.999995 0.000012	0.149180 0.003457	0.026119 0.008777	0.006662 0.005547	0.000421 0.002626	0.001571 0.004185	0.000878 0.002838	0.001095 0.003996	0.000824 0.002712	0.002256 0.005924	
3 100 10 1.130000	0.001686 0.000987	0.999997 0.000003	0.143866 0.009375	0.025667 0.006523	0.005712 0.008137	0.000617 0.002762	0.000964 0.002183	0.001879 0.004200	0.001098 0.003365	0.000463 0.000965	0.000343 0.001091	
3 100 10 1.140000	0.001510 0.000972	0.999998 0.000003	0.145325 0.009857	0.025063 0.004901	0.005967 0.006105	0.001457 0.005492	0.001170 0.002961	0.000807 0.003699	0.000822 0.002547	0.001113 0.004785	0.000898 0.004035	
3 100 10 1.150000	0.001734 0.000865	0.999997 0.000003	0.142152 0.009852	0.023249 0.008963	0.003337 0.004213	0.001263 0.003559	0.002122 0.003987	0.000595 0.001804	0.000640 0.002541	0.000918 0.004588	0.000593 0.001187	
3 100 10 1.160000	0.001688 0.000825	0.999997 0.000003	0.142679 0.009777	0.023138 0.008889	0.006442 0.004963	0.000996 0.004583	0.000948 0.003050	0.001476 0.002796	0.001691 0.007405	0.000575 0.002875	0.003027 0.007405	
3 100 10 1.170000	0.001489 0.000944	0.999998 0.000003	0.136075 0.008042	0.022322 0.004636	0.003855 0.006922	0.001503 0.004145	0.000943 0.004113	0.000360 0.001393	0.000778 0.001981	0.000587 0.001517	0.000799 0.003610	
3 100 10 1.180000	0.001401 0.000479	0.999998 0.000001	0.133531 0.009629	0.020028 0.002778	0.004136 0.008331	0.001045 0.003593	0.000378 0.001890	0.000265 0.001323	0.000000 0.000000	0.001839 0.004739	0.000317 0.001294	
3 100 10 1.190000	0.001624 0.000972	0.999997 0.000003	0.133880 0.007528	0.020639 0.002595	0.003808 0.006471	0.000299 0.001497	0.000000 0.000000	0.001504 0.005430	0.000220 0.001320	0.000440 0.002198	0.001439 0.004137	
3 100 10 1.200000	0.001338 0.000728	0.999998 0.000002	0.132874 0.007608	0.022193 0.008079	0.002565 0.005557	0.002492 0.005487	0.001938 0.004919	0.000612 0.002738	0.003267 0.008395	0.001468 0.004813	0.000416 0.002080	
