3 100 4 1.600000	0.004396 0.000536	0.999981 0.000005	0.247466 0.009981	0.082266 0.007998	0.034546 0.005649	0.018438 0.009635	0.007737 0.008340	0.005175 0.007338	0.003701 0.007259	0.001330 0.004115	0.001998 0.004744	
3 100 4 1.610000	0.003466 0.001956	0.999988 0.000013	0.237700 0.007403	0.075045 0.007286	0.033558 0.009691	0.015800 0.003651	0.007389 0.004231	0.004279 0.007957	0.001683 0.003422	0.000877 0.002861	0.002197 0.005843	
3 100 4 1.620000	0.003753 0.001261	0.999986 0.000010	0.235292 0.009427	0.073550 0.009626	0.029443 0.007748	0.014422 0.009856	0.008998 0.006902	0.003524 0.007294	0.003462 0.008842	0.002021 0.004969	0.000062 0.000312	
3 100 4 1.630000	0.003383 0.001611	0.999988 0.000010	0.231217 0.009574	0.066271 0.003920	0.025944 0.009479	0.010806 0.005238	0.006462 0.006043	0.003774 0.006455	0.002443 0.004319	0.001412 0.003387	0.002582 0.005044	
3 100 4 1.640000	0.003448 0.001207	0.999988 0.000008	0.231749 0.008821	0.067379 0.009124	0.023017 0.006944	0.005922 0.009705	0.004109 0.003893	0.003391 0.007052	0.000335 0.001677	0.003753 0.007378	0.001996 0.004780	
3 100 4 1.650000	0.003226 0.001767	0.999989 0.000011	0.223811 0.007936	0.063872 0.009877	0.022110 0.009335	0.009137 0.003577	0.005869 0.003635	0.001979 0.004425	0.001253 0.004053	0.001071 0.003074	0.000123 0.000613	
3 100 4 1.660000	0.003015 0.000867	0.999991 0.000005	0.220027 0.009437	0.062480 0.005441	0.020106 0.006559	0.007084 0.006838	0.004295 0.008404	0.002115 0.007831	0.001116 0.003673	0.001805 0.004824	0.001488 0.005644	
3 100 4 1.670000	0.002701 0.000610	0.999993 0.000003	0.217966 0.006939	0.062589 0.009663	0.019384 0.004692	0.007968 0.005178	0.002922 0.003677	0.002302 0.006994	0.001677 0.004891	0.001170 0.003155	0.000377 0.001887	
3 100 4 1.680000	0.002800 0.001045	0.999992 0.000006	0.214050 0.009456	0.057341 0.006658	0.018884 0.007258	0.004257 0.008525	0.003326 0.005684	0.001701 0.004553	0.001343 0.003127	0.001209 0.005210	0.001493 0.002749	
3 100 4 1.690000	0.002586 0.000658	0.999993 0.000004	0.216425 0.008774	0.055292 0.009169	0.017573 0.005524	0.007990 0.003865	0.002300 0.005106	0.001518 0.004739	0.000925 0.002502	0.000600 0.003001	0.000778 0.003890	
3 100 4 1.700000	0.002775 0.000740	0.999992 0.000004	0.205032 0.004996	0.053021 0.003408	0.016552 0.008985	0.005153 0.006726	0.001945 0.004597	0.000661 0.003303	0.000635 0.002626	0.001366 0.006482	0.001124 0.003848	
