3 100 2 1.100000	0.990121 0.000159	0.019661 0.000315	0.000084 0.000220	0.000323 0.001617	0.001702 0.006291	0.002053 0.004442	0.002102 0.005998	0.003338 0.008513	0.003205 0.006513	0.000510 0.002881	0.002110 0.005089	
3 100 2 1.110000	0.989493 0.000384	0.020903 0.000760	0.004488 0.009612	0.002470 0.006712	0.001638 0.004045	0.001771 0.003378	0.002014 0.007378	0.000938 0.004692	0.002603 0.006945	0.000952 0.002716	0.002608 0.006049	
3 100 2 1.120000	0.988979 0.000514	0.021920 0.001017	0.002231 0.008112	0.002911 0.008779	0.002639 0.007748	0.001422 0.004415	0.000000 0.000000	0.000083 0.000415	0.001761 0.006779	0.002088 0.008027	0.000156 0.000779	
3 100 2 1.130000	0.988507 0.000225	0.022854 0.000445	0.002590 0.008666	0.002174 0.007556	0.000044 0.000666	0.000000 0.000000	0.000578 0.002888	0.002311 0.009777	0.003254 0.004666	0.002235 0.008063	0.000975 0.003111	
3 100 2 1.140000	0.987930 0.000622	0.023995 0.001229	0.002869 0.009174	0.002683 0.007280	0.001599 0.007997	0.002347 0.008559	0.000000 0.000000	0.001855 0.006614	0.001280 0.005174	0.001968 0.006614	0.002224 0.007280	
3 100 2 1.150000	0.987097 0.000173	0.025640 0.000341	0.001465 0.006351	0.001082 0.009427	0.002500 0.005058	0.001668 0.003804	0.000000 0.000000	0.001803 0.004818	0.003130 0.006058	0.000336 0.001477	0.000868 0.006661	
3 100 2 1.160000	0.986407 0.000466	0.027001 0.000919	0.002532 0.007090	0.000981 0.004483	0.001619 0.005007	0.003353 0.008423	0.003366 0.008672	0.004832 0.009816	0.002517 0.005007	0.000000 0.000000	0.002237 0.007086	
3 100 2 1.170000	0.985802 0.000355	0.028194 0.000700	0.003482 0.009744	0.001430 0.002768	0.003357 0.005062	0.001244 0.005268	0.000065 0.006716	0.002825 0.007062	0.001255 0.003213	0.002116 0.007729	0.001117 0.006049	
3 100 2 1.180000	0.985200 0.000317	0.029382 0.000625	0.001034 0.003129	0.004060 0.009130	0.001802 0.007042	0.002340 0.009469	0.003564 0.007686	0.002652 0.007375	0.001327 0.005797	0.002733 0.005708	-0.000094 0.000469	
3 100 2 1.190000	0.984268 0.000463	0.031216 0.000911	0.001405 0.004143	0.005057 0.008876	0.001319 0.004365	0.001551 0.004428	0.001398 0.006849	0.003086 0.006359	0.002559 0.009921	-0.000048 0.000239	0.002465 0.009293	
3 100 2 1.200000	0.983565 0.000223	0.032601 0.000439	0.001657 0.006289	0.002603 0.008598	0.000559 0.006511	0.001137 0.004586	0.001996 0.005994	0.001343 0.004675	0.003327 0.006661	-0.000182 0.002161	0.000974 0.002883	
