3 100 10 2.400000	0.001273 0.000432	0.999998 0.000001	0.049751 0.006996	0.002427 0.007717	-0.000058 0.000290	0.001902 0.004772	0.000814 0.004072	0.002174 0.005094	0.002983 0.006130	0.001151 0.003121	0.001646 0.007758	
3 100 10 2.410000	0.000952 0.000648	0.999999 0.000001	0.050518 0.003597	0.002250 0.008412	0.001147 0.002803	0.000433 0.001797	0.002483 0.004937	0.000000 0.000000	0.000207 0.001036	0.001465 0.006931	0.000617 0.003085	
3 100 10 2.420000	0.001138 0.001621	0.999998 0.000003	0.054986 0.004319	0.001283 0.009380	0.001258 0.004196	0.002049 0.005556	0.001603 0.003826	0.004987 0.009133	0.002296 0.007159	0.000913 0.003086	-0.000272 0.001360	
3 100 10 2.430000	0.001067 0.001260	0.999999 0.000003	0.048507 0.008148	0.002983 0.007460	0.000124 0.003015	0.002487 0.006789	0.003479 0.008666	0.000385 0.003703	0.002197 0.006046	0.002176 0.005214	0.001058 0.005291	
3 100 10 2.440000	0.001081 0.001481	0.999999 0.000003	0.049307 0.005187	0.001605 0.005926	0.002814 0.008148	0.001748 0.009925	0.000863 0.003330	0.002225 0.006017	0.001827 0.009134	0.004110 0.008479	0.001160 0.005186	
3 100 10 2.450000	0.000816 0.000951	0.999999 0.000002	0.050160 0.009878	0.004357 0.009196	0.002297 0.003703	0.000511 0.003503	0.000906 0.003110	0.000276 0.001583	0.001636 0.005986	0.001468 0.003703	0.001374 0.004882	
3 100 10 2.460000	0.000861 0.000850	0.999999 0.000002	0.048708 0.009789	0.002582 0.007037	0.002181 0.009241	0.001058 0.005290	-0.000521 0.002382	0.001382 0.006912	0.002913 0.007407	0.002591 0.005926	0.000000 0.000000	
3 100 10 2.470000	0.001092 0.000724	0.999999 0.000002	0.048265 0.009630	0.000731 0.003843	0.001610 0.004072	0.001191 0.003456	0.000666 0.003332	0.000910 0.004655	0.001319 0.005338	0.000678 0.002267	0.001054 0.005557	
3 100 10 2.480000	0.001030 0.000511	0.999999 0.000001	0.048314 0.005462	0.002877 0.009352	0.002081 0.003426	0.003100 0.008995	0.000950 0.003455	0.001012 0.005060	0.000000 0.000000	0.002091 0.003967	0.002848 0.007353	
3 100 10 2.490000	0.001065 0.000982	0.999999 0.000002	0.050110 0.009632	0.001684 0.009257	0.001407 0.009258	0.002345 0.006851	0.001000 0.005000	0.001073 0.008704	0.000098 0.004570	0.001777 0.006666	0.002024 0.008518	
3 100 10 2.500000	0.001149 0.000607	0.999999 0.000001	0.047307 0.008642	0.002572 0.004937	0.001799 0.005998	0.003027 0.009185	0.001975 0.005924	0.000833 0.001851	0.000000 0.000000	0.002286 0.007573	0.000666 0.005557	
