3 100 5 0.600000	0.998922 0.004118	0.002152 0.008217	0.000700 0.003401	0.000550 0.002609	0.000538 0.002692	0.000694 0.003067	0.000804 0.003651	0.000830 0.004151	0.000480 0.002401	0.000355 0.001484	0.000597 0.002984	
3 100 5 0.610000	0.998441 0.003591	0.003114 0.007166	0.000496 0.002481	0.000093 0.000463	0.000125 0.000627	0.000000 0.000000	0.000150 0.000748	0.000052 0.000262	0.000000 0.000000	0.000000 0.000000	0.000098 0.000488	
3 100 5 0.620000	0.998822 0.002384	0.002354 0.004760	0.000000 0.000000	0.000000 0.000000	0.000000 0.000000	0.000000 0.000000	0.000000 0.000000	0.000218 0.000566	0.000047 0.000235	0.000060 0.000298	0.000095 0.000473	
3 100 5 0.630000	0.997820 0.004964	0.004353 0.009898	0.000000 0.000000	0.000098 0.000490	0.000000 0.000000	0.000052 0.000258	0.000000 0.000000	0.000156 0.000781	0.000000 0.000000	0.000053 0.000264	0.000585 0.002924	
3 100 5 0.640000	0.998593 0.004545	0.002810 0.009065	0.001139 0.005068	0.000211 0.001053	0.001125 0.005623	0.001553 0.007206	0.001430 0.006179	0.001114 0.005568	0.001349 0.006540	0.001372 0.006268	0.001280 0.006000	
3 100 5 0.650000	0.998776 0.002263	0.002446 0.004518	0.000453 0.001943	0.000000 0.000000	0.000000 0.000000	0.000029 0.000147	0.000000 0.000000	0.000203 0.000742	0.000121 0.000373	0.000085 0.000425	0.000075 0.000376	
3 100 5 0.660000	0.998224 0.003173	0.003546 0.006331	0.000000 0.000000	0.000000 0.000000	0.000000 0.000000	0.000088 0.000441	0.000000 0.000000	0.000118 0.000592	0.000565 0.002121	0.000047 0.000237	0.000398 0.001991	
3 100 5 0.670000	0.996896 0.004589	0.006196 0.009149	0.001439 0.005562	0.001822 0.004312	0.001406 0.005341	0.002311 0.008515	0.001799 0.007585	0.001493 0.006052	0.000000 0.000000	0.001572 0.007862	0.002306 0.006346	
3 100 5 0.680000	0.998083 0.003354	0.003828 0.006692	0.000359 0.001012	0.000165 0.000826	0.000304 0.001521	0.000455 0.002276	0.000221 0.001104	0.000000 0.000000	0.000230 0.001150	0.000000 0.000000	0.000250 0.000817	
3 100 5 0.690000	0.997670 0.004646	0.004653 0.009263	0.000000 0.000000	0.000000 0.000000	0.000000 0.000000	0.000446 0.001159	0.000000 0.000000	0.000111 0.000557	0.000000 0.000000	0.000000 0.000000	0.000000 0.000000	
3 100 5 0.700000	0.996960 0.003850	0.006067 0.007676	0.000000 0.000000	0.000000 0.000000	0.000774 0.003869	0.000307 0.000912	0.000144 0.000721	0.000000 0.000000	0.000236 0.000646	0.000000 0.000000	0.000000 0.000000	
