3 64 3 0.000000	1.000000 0.000000	0.000000 0.000000	0.000000 0.000000	0.000000 0.000000	0.000000 0.000000	0.000000 0.000000	0.000000 0.000000	0.000000 0.000000	0.000000 0.000000	0.000000 0.000000	0.000000 0.000000	
3 64 3 0.010000	1.000000 0.000000	0.000000 0.000000	0.000000 0.000000	0.000000 0.000000	0.000000 0.000000	0.000000 0.000000	0.000000 0.000000	0.000000 0.000000	0.000000 0.000000	0.000000 0.000000	0.000000 0.000000	
3 64 3 0.020000	1.000000 0.000000	0.000000 0.000000	0.000000 0.000000	0.000000 0.000000	0.000000 0.000000	0.000000 0.000000	0.000000 0.000000	0.000000 0.000000	0.000000 0.000000	0.000000 0.000000	0.000000 0.000000	
3 64 3 0.030000	0.999983 0.000086	0.000034 0.000172	0.000000 0.000000	0.000034 0.000172	0.000034 0.000172	0.000034 0.000172	0.000034 0.000172	0.000034 0.000172	0.000034 0.000172	0.000034 0.000172	0.000000 0.000000	
3 64 3 0.040000	1.000000 0.000000	0.000000 0.000000	0.000000 0.000000	0.000000 0.000000	0.000000 0.000000	0.000000 0.000000	0.000000 0.000000	0.000000 0.000000	0.000000 0.000000	0.000000 0.000000	0.000000 0.000000	
3 64 3 0.050000	1.000000 0.000000	0.000000 0.000000	0.000000 0.000000	0.000000 0.000000	0.000000 0.000000	0.000000 0.000000	0.000000 0.000000	0.000000 0.000000	0.000000 0.000000	0.000000 0.000000	0.000000 0.000000	
3 64 3 0.060000	0.999981 0.000097	0.000039 0.000195	0.000000 0.000000	0.000039 0.000195	0.000039 0.000195	0.000039 0.000195	0.000039 0.000195	0.000039 0.000195	0.000000 0.000000	0.000039 0.000195	0.000039 0.000195	
3 64 3 0.070000	1.000000 0.000000	0.000000 0.000000	0.000000 0.000000	0.000000 0.000000	0.000000 0.000000	0.000000 0.000000	0.000000 0.000000	0.000000 0.000000	0.000000 0.000000	0.000000 0.000000	0.000000 0.000000	
3 64 3 0.080000	1.000000 0.000000	0.000000 0.000000	0.000000 0.000000	0.000000 0.000000	0.000000 0.000000	0.000000 0.000000	0.000000 0.000000	0.000000 0.000000	0.000000 0.000000	0.000000 0.000000	0.000000 0.000000	
3 64 3 0.090000	0.999986 0.000069	0.000027 0.000137	0.000027 0.000137	0.000000 0.000000	0.000027 0.000137	0.000027 0.000137	0.000027 0.000137	0.000027 0.000137	0.000027 0.000137	0.000000 0.000000	0.000027 0.000137	
3 64 3 0.100000	1.000000 0.000000	0.000000 0.000000	0.000000 0.000000	0.000000 0.000000	0.000000 0.000000	0.000000 0.000000	0.000000 0.000000	0.000000 0.000000	0.000000 0.000000	0.000000 0.000000	0.000000 0.000000	
3 64 3 0.110000	1.000000 0.000000	0.000000 0.000000	0.000000 0.000000	0.000000 0.000000	0.000000 0.000000	0.000000 0.000000	0.000000 0.000000	0.000000 0.000000	0.000000 0.000000	0.000000 0.000000	0.000000 0.000000	
3 64 3 0.120000	1.000000 0.000000	0.000000 0.000000	0.000000 0.000000	0.000000 0.000000	0.000000 0.000000	0.000000 0.000000	0.000000 0.000000	0.000000 0.000000	0.000000 0.000000	0.000000 0.000000	0.000000 0.000000	
3 64 3 0.130000	1.000000 0.000000	0.000000 0.000000	0.000000 0.000000	0.000000 0.000000	0.000000 0.000000	0.000000 0.000000	0.000000 0.000000	0.000000 0.000000	0.000000 0.000000	0.000000 0.000000	0.000000 0.000000	
3 64 3 0.140000	1.000000 0.000000	0.000000 0.000000	0.000000 0.000000	0.000000 0.000000	0.000000 0.000000	0.000000 0.000000	0.000000 0.000000	0.000000 0.000000	0.000000 0.000000	0.000000 0.000000	0.000000 0.000000	
3 64 3 0.150000	1.000000 0.000000	0.000000 0.000000	0.000000 0.000000	0.000000 0.000000	0.000000 0.000000	0.000000 0.000000	0.000000 0.000000	0.000000 0.000000	0.000000 0.000000	0.000000 0.000000	0.000000 0.000000	
3 64 3 0.160000	1.000000 0.000000	0.000000 0.000000	0.000000 0.000000	0.000000 0.000000	0.000000 0.000000	0.000000 0.000000	0.000000 0.000000	0.000000 0.000000	0.000000 0.000000	0.000000 0.000000	0.000000 0.000000	
3 64 3 0.170000	1.000000 0.000000	0.000000 0.000000	0.000000 0.000000	0.000000 0.000000	0.000000 0.000000	0.000000 0.000000	0.000000 0.000000	0.000000 0.000000	0.000000 0.000000	0.000000 0.000000	0.000000 0.000000	
3 64 3 0.180000	1.000000 0.000000	0.000000 0.000000	0.000000 0.000000	0.000000 0.000000	0.000000 0.000000	0.000000 0.000000	0.000000 0.000000	0.000000 0.000000	0.000000 0.000000	0.000000 0.000000	0.000000 0.000000	
3 64 3 0.190000	1.000000 0.000000	0.000000 0.000000	0.000000 0.000000	0.000000 0.000000	0.000000 0.000000	0.000000 0.000000	0.000000 0.000000	0.000000 0.000000	0.000000 0.000000	0.000000 0.000000	0.000000 0.000000	
3 64 3 0.200000	1.000000 0.000000	0.000000 0.000000	0.000000 0.000000	0.000000 0.000000	0.000000 0.000000	0.000000 0.000000	0.000000 0.000000	0.000000 0.000000	0.000000 0.000000	0.000000 0.000000	0.000000 0.000000	
3 64 3 0.210000	1.000000 0.000000	0.000000 0.000000	0.000000 0.000000	0.000000 0.000000	0.000000 0.000000	0.000000 0.000000	0.000000 0.000000	0.000000 0.000000	0.000000 0.000000	0.000000 0.000000	0.000000 0.000000	
3 64 3 0.220000	1.000000 0.000000	0.000000 0.000000	0.000000 0.000000	0.000000 0.000000	0.000000 0.000000	0.000000 0.000000	0.000000 0.000000	0.000000 0.000000	0.000000 0.000000	0.000000 0.000000	0.000000 0.000000	
3 64 3 0.230000	1.000000 0.000000	0.000000 0.000000	0.000000 0.000000	0.000000 0.000000	0.000000 0.000000	0.000000 0.000000	0.000000 0.000000	0.000000 0.000000	0.000000 0.000000	0.000000 0.000000	0.000000 0.000000	
3 64 3 0.240000	0.999966 0.000172	0.000069 0.000343	0.000069 0.000343	0.000000 0.000000	0.000000 0.000000	0.000069 0.000343	0.000069 0.000343	0.000069 0.000343	0.000069 0.000343	0.000069 0.000343	0.000069 0.000343	
3 64 3 0.250000	1.000000 0.000000	0.000000 0.000000	0.000000 0.000000	0.000000 0.000000	0.000000 0.000000	0.000000 0.000000	0.000000 0.000000	0.000000 0.000000	0.000000 0.000000	0.000000 0.000000	0.000000 0.000000	
3 64 3 0.260000	1.000000 0.000000	0.000000 0.000000	0.000000 0.000000	0.000000 0.000000	0.000000 0.000000	0.000000 0.000000	0.000000 0.000000	0.000000 0.000000	0.000000 0.000000	0.000000 0.000000	0.000000 0.000000	
3 64 3 0.270000	1.000000 0.000000	0.000000 0.000000	0.000000 0.000000	0.000000 0.000000	0.000000 0.000000	0.000000 0.000000	0.000000 0.000000	0.000000 0.000000	0.000000 0.000000	0.000000 0.000000	0.000000 0.000000	
3 64 3 0.280000	1.000000 0.000000	0.000000 0.000000	0.000000 0.000000	0.000000 0.000000	0.000000 0.000000	0.000000 0.000000	0.000000 0.000000	0.000000 0.000000	0.000000 0.000000	0.000000 0.000000	0.000000 0.000000	
3 64 3 0.290000	1.000000 0.000000	0.000000 0.000000	0.000000 0.000000	0.000000 0.000000	0.000000 0.000000	0.000000 0.000000	0.000000 0.000000	0.000000 0.000000	0.000000 0.000000	0.000000 0.000000	0.000000 0.000000	
3 64 3 0.300000	1.000000 0.000000	0.000000 0.000000	0.000000 0.000000	0.000000 0.000000	0.000000 0.000000	0.000000 0.000000	0.000000 0.000000	0.000000 0.000000	0.000000 0.000000	0.000000 0.000000	0.000000 0.000000	
3 64 3 0.310000	1.000000 0.000000	0.000000 0.000000	0.000000 0.000000	0.000000 0.000000	0.000000 0.000000	0.000000 0.000000	0.000000 0.000000	0.000000 0.000000	0.000000 0.000000	0.000000 0.000000	0.000000 0.000000	
3 64 3 0.320000	1.000000 0.000000	0.000000 0.000000	0.000000 0.000000	0.000000 0.000000	0.000000 0.000000	0.000000 0.000000	0.000000 0.000000	0.000000 0.000000	0.000000 0.000000	0.000000 0.000000	0.000000 0.000000	
3 64 3 0.330000	1.000000 0.000000	0.000000 0.000000	0.000000 0.000000	0.000000 0.000000	0.000000 0.000000	0.000000 0.000000	0.000000 0.000000	0.000000 0.000000	0.000000 0.000000	0.000000 0.000000	0.000000 0.000000	
3 64 3 0.340000	1.000000 0.000000	0.000000 0.000000	0.000000 0.000000	0.000000 0.000000	0.000000 0.000000	0.000000 0.000000	0.000000 0.000000	0.000000 0.000000	0.000000 0.000000	0.000000 0.000000	0.000000 0.000000	
3 64 3 0.350000	1.000000 0.000000	0.000000 0.000000	0.000000 0.000000	0.000000 0.000000	0.000000 0.000000	0.000000 0.000000	0.000000 0.000000	0.000000 0.000000	0.000000 0.000000	0.000000 0.000000	0.000000 0.000000	
3 64 3 0.360000	1.000000 0.000000	0.000000 0.000000	0.000000 0.000000	0.000000 0.000000	0.000000 0.000000	0.000000 0.000000	0.000000 0.000000	0.000000 0.000000	0.000000 0.000000	0.000000 0.000000	0.000000 0.000000	
3 64 3 0.370000	0.999997 0.000011	0.000000 0.000000	0.000000 0.000000	0.000000 0.000000	0.000000 0.000000	0.000000 0.000000	0.000000 0.000000	0.000000 0.000000	0.000000 0.000000	0.000000 0.000000	0.000000 0.000000	
3 64 3 0.380000	1.000000 0.000000	0.000000 0.000000	0.000000 0.000000	0.000000 0.000000	0.000000 0.000000	0.000000 0.000000	0.000000 0.000000	0.000000 0.000000	0.000000 0.000000	0.000000 0.000000	0.000000 0.000000	
3 64 3 0.390000	0.999955 0.000217	0.000087 0.000435	0.000087 0.000435	0.000087 0.000435	0.000087 0.000435	0.000087 0.000435	0.000000 0.000000	0.000087 0.000435	0.000000 0.000000	0.000087 0.000435	0.000000 0.000000	
3 64 3 0.400000	1.000000 0.000000	0.000000 0.000000	0.000000 0.000000	0.000000 0.000000	0.000000 0.000000	0.000000 0.000000	0.000000 0.000000	0.000000 0.000000	0.000000 0.000000	0.000000 0.000000	0.000000 0.000000	
3 64 3 0.410000	0.999985 0.000069	0.000027 0.000137	0.000027 0.000137	0.000000 0.000000	0.000027 0.000137	0.000027 0.000137	0.000027 0.000137	0.000027 0.000137	0.000027 0.000137	0.000027 0.000137	0.000027 0.000137	
3 64 3 0.420000	0.999335 0.003323	0.001327 0.006634	0.000127 0.000634	0.000000 0.000000	0.000000 0.000000	0.000227 0.001134	0.000000 0.000000	0.000727 0.003634	0.000000 0.000000	0.000727 0.003634	0.000000 0.000000	
3 64 3 0.430000	0.999997 0.000017	0.000000 0.000000	0.000000 0.000000	0.000000 0.000000	0.000000 0.000000	0.000000 0.000000	0.000000 0.000000	0.000000 0.000000	0.000000 0.000000	0.000000 0.000000	0.000000 0.000000	
3 64 3 0.440000	0.999999 0.000006	0.000000 0.000000	0.000000 0.000000	0.000000 0.000000	0.000000 0.000000	0.000000 0.000000	0.000000 0.000000	0.000000 0.000000	0.000000 0.000000	0.000000 0.000000	0.000000 0.000000	
3 64 3 0.450000	0.999997 0.000006	0.000000 0.000000	0.000000 0.000000	0.000000 0.000000	0.000000 0.000000	0.000000 0.000000	0.000000 0.000000	0.000000 0.000000	0.000000 0.000000	0.000000 0.000000	0.000000 0.000000	
3 64 3 0.460000	0.999681 0.001573	0.000629 0.003144	0.000129 0.000644	0.000000 0.000000	0.000129 0.000644	0.000000 0.000000	0.000029 0.000144	0.000529 0.002644	0.000329 0.001644	0.000000 0.000000	0.000000 0.000000	
3 64 3 0.470000	0.999993 0.000006	0.000000 0.000000	0.000000 0.000000	0.000000 0.000000	0.000000 0.000000	0.000000 0.000000	0.000000 0.000000	0.000000 0.000000	0.000000 0.000000	0.000000 0.000000	0.000000 0.000000	
3 64 3 0.480000	0.999979 0.000029	0.000000 0.000000	0.000000 0.000000	0.000000 0.000000	0.000000 0.000000	0.000000 0.000000	0.000000 0.000000	0.000000 0.000000	0.000000 0.000000	0.000000 0.000000	0.000000 0.000000	
3 64 3 0.490000	0.999979 0.000040	0.000000 0.000000	0.000000 0.000000	0.000000 0.000000	0.000000 0.000000	0.000000 0.000000	0.000000 0.000000	0.000000 0.000000	0.000000 0.000000	0.000000 0.000000	0.000000 0.000000	
3 64 3 0.500000	0.999975 0.000023	0.000000 0.000000	0.000000 0.000000	0.000000 0.000000	0.000000 0.000000	0.000000 0.000000	0.000000 0.000000	0.000000 0.000000	0.000000 0.000000	0.000000 0.000000	0.000000 0.000000	
3 64 3 0.510000	0.999971 0.000017	0.000000 0.000000	0.000000 0.000000	0.000000 0.000000	0.000000 0.000000	0.000000 0.000000	0.000000 0.000000	0.000000 0.000000	0.000000 0.000000	0.000000 0.000000	0.000000 0.000000	
3 64 3 0.520000	0.999970 0.000051	0.000023 0.000114	0.000023 0.000114	0.000023 0.000114	0.000023 0.000114	0.000023 0.000114	0.000023 0.000114	0.000023 0.000114	0.000023 0.000114	0.000023 0.000114	0.000023 0.000114	
3 64 3 0.530000	0.999965 0.000029	0.000041 0.000103	0.000041 0.000103	0.000041 0.000103	0.000041 0.000103	0.000041 0.000103	0.000000 0.000000	0.000041 0.000103	0.000041 0.000103	0.000000 0.000000	0.000041 0.000103	
3 64 3 0.540000	0.999960 0.000011	0.000000 0.000000	0.000000 0.000000	0.000000 0.000000	0.000000 0.000000	0.000000 0.000000	0.000000 0.000000	0.000000 0.000000	0.000000 0.000000	0.000000 0.000000	0.000000 0.000000	
3 64 3 0.550000	0.999832 0.000320	0.000320 0.000721	0.000191 0.000721	0.000095 0.000221	0.000320 0.000721	0.000320 0.000721	0.000076 0.000149	0.000076 0.000149	0.000220 0.000629	0.000176 0.000629	0.000320 0.000721	
3 64 3 0.560000	0.999873 0.000332	0.000236 0.000755	0.000136 0.000255	0.000027 0.000137	0.000208 0.000755	0.000057 0.000149	0.000236 0.000755	0.000136 0.000255	0.000108 0.000255	0.000085 0.000149	0.000178 0.000755	
3 64 3 0.570000	0.999890 0.000057	0.000220 0.000114	0.000137 0.000252	0.000119 0.000252	0.000167 0.000252	0.000169 0.000263	0.000130 0.000263	0.000167 0.000252	0.000172 0.000263	0.000220 0.000114	0.000117 0.000240	
3 64 3 0.580000	0.999786 0.000606	0.000428 0.001213	0.000156 0.000263	0.000359 0.001361	0.000103 0.000195	0.000117 0.000263	0.000103 0.000195	0.000156 0.000263	0.000069 0.000195	0.000082 0.000263	0.000121 0.000263	
3 64 3 0.590000	0.999888 0.000097	0.000224 0.000195	0.000156 0.000229	0.000156 0.000229	0.000156 0.000229	0.000137 0.000343	0.000156 0.000343	0.000140 0.000343	0.000156 0.000229	0.000069 0.000195	0.000224 0.000195	
3 64 3 0.600000	0.999863 0.000063	0.000275 0.000126	0.000206 0.000332	0.000160 0.000343	0.000206 0.000332	0.000114 0.000332	0.000275 0.000126	0.000206 0.000332	0.000158 0.000332	0.000158 0.000332	0.000275 0.000126	
3 64 3 0.610000	0.999829 0.000097	0.000341 0.000195	0.000268 0.000458	0.000215 0.000458	0.000268 0.000458	0.000126 0.000366	0.000215 0.000458	0.000249 0.000366	0.000062 0.000309	0.000062 0.000309	0.000341 0.000195	
3 64 3 0.620000	0.999804 0.000074	0.000391 0.000149	0.000318 0.000458	0.000220 0.000423	0.000149 0.000534	0.000153 0.000458	0.000165 0.000458	0.000127 0.000408	0.000080 0.000401	0.000311 0.000458	0.000238 0.000458	
3 64 3 0.630000	0.999753 0.000097	0.000494 0.000195	0.000181 0.000503	0.000199 0.000595	0.000119 0.000595	0.000494 0.000195	0.000201 0.000595	0.000112 0.000561	0.000082 0.000412	0.000394 0.000595	0.000263 0.000503	
3 64 3 0.640000	0.999733 0.000092	0.000533 0.000183	0.000442 0.000641	0.000028 0.000141	0.000423 0.000641	0.000433 0.000408	0.000323 0.000641	0.000320 0.000641	0.000028 0.000141	0.000028 0.000141	0.000120 0.000458	
3 64 3 0.650000	0.999714 0.000120	0.000572 0.000240	0.000126 0.000629	0.000469 0.000709	0.000375 0.000709	0.000262 0.000629	0.000375 0.000709	0.000369 0.000709	0.000265 0.000515	0.000245 0.000709	0.000197 0.000515	
3 64 3 0.660000	0.999666 0.000063	0.000668 0.000126	0.000329 0.000652	0.000329 0.000675	0.000130 0.000652	0.000329 0.000652	0.000194 0.000595	0.000568 0.000546	0.000175 0.000721	0.000349 0.000721	0.000184 0.000595	
3 64 3 0.670000	0.999032 0.002694	0.001934 0.005379	0.000807 0.002122	0.000242 0.000744	0.000161 0.000335	0.000316 0.000835	0.000283 0.000835	0.000885 0.002622	0.000585 0.001133	0.000442 0.000835	0.000418 0.000835	
3 64 3 0.680000	0.999561 0.000126	0.000879 0.000252	0.000185 0.000927	0.000493 0.001007	0.000428 0.000847	0.000377 0.000755	0.000341 0.000858	0.000538 0.001007	0.000241 0.000847	0.000538 0.001007	0.000085 0.000427	
3 64 3 0.690000	0.999514 0.000092	0.000973 0.000183	0.000106 0.000530	0.000297 0.000530	0.000370 0.000973	0.000576 0.001030	0.000195 0.000973	0.000297 0.000530	0.000472 0.000984	0.000578 0.001030	0.000212 0.000530	
3 64 3 0.700000	0.999403 0.000126	0.001194 0.000252	0.000748 0.001339	0.000550 0.001087	0.000694 0.000840	0.000659 0.001224	0.000377 0.000724	0.000168 0.000839	0.000482 0.001178	0.000548 0.001178	0.000521 0.001178	
3 64 3 0.710000	0.999256 0.000186	0.001487 0.000372	0.000186 0.000850	0.000157 0.000783	0.000400 0.001772	0.000253 0.000850	0.000360 0.000850	-0.000043 0.000217	0.000170 0.000663	0.000116 0.000580	0.000184 0.000919	
3 64 3 0.720000	0.999189 0.000498	0.001622 0.000995	0.000447 0.001339	0.000434 0.001339	0.000279 0.001396	0.000367 0.001833	0.000834 0.001499	0.000688 0.001499	0.000447 0.001396	0.000643 0.002333	0.000434 0.000999	
3 64 3 0.730000	0.999032 0.000280	0.001935 0.000560	0.000794 0.001330	0.000366 0.001830	0.000580 0.001647	0.000351 0.000707	0.000184 0.000922	0.000392 0.001422	0.000166 0.000830	0.000580 0.001330	0.001106 0.002070	
3 64 3 0.740000	0.998193 0.004500	0.003609 0.008972	0.000842 0.001692	0.000138 0.001793	0.002037 0.006653	0.000542 0.002030	0.002100 0.007653	0.001678 0.006653	0.000264 0.001319	0.001537 0.004320	0.000181 0.000364	
3 64 3 0.750000	0.998991 0.000320	0.002018 0.000640	0.000596 0.001922	0.000512 0.001342	0.000414 0.001716	0.000696 0.001342	0.000422 0.001253	0.000735 0.001922	0.000214 0.000856	0.000084 0.000422	0.000649 0.001716	
3 64 3 0.760000	0.998840 0.000246	0.002320 0.000492	0.000746 0.001605	0.000395 0.001196	0.001599 0.002196	0.000526 0.002028	0.000440 0.001605	0.000119 0.000596	0.000964 0.002528	0.000339 0.001696	0.000139 0.000696	
3 64 3 0.770000	0.997959 0.004106	0.004075 0.008185	0.000978 0.002553	0.001300 0.003053	0.000465 0.001959	0.000211 0.001053	0.000710 0.001619	0.000702 0.002553	0.000808 0.003053	0.001108 0.004053	0.001065 0.002459	
3 64 3 0.780000	0.998520 0.000372	0.002957 0.000743	0.001155 0.002790	0.000816 0.002268	0.001857 0.002106	0.000181 0.000905	0.000741 0.001905	0.000281 0.001405	0.000244 0.000905	0.001636 0.003010	0.001404 0.003010	
3 64 3 0.790000	0.998444 0.000320	0.003110 0.000640	0.000465 0.001645	0.000464 0.001553	0.000829 0.002768	0.000521 0.001553	0.000828 0.002179	0.000829 0.002679	0.000254 0.001268	0.000746 0.002053	0.000675 0.001179	
3 64 3 0.800000	0.998304 0.000298	0.003389 0.000594	0.000736 0.002976	0.000477 0.001202	0.000077 0.000202	0.000736 0.002999	0.000654 0.002182	0.000754 0.002682	0.000354 0.001182	0.000658 0.002088	0.000649 0.001682	
3 64 3 0.810000	0.997207 0.004283	0.005575 0.008532	0.000693 0.003282	0.000636 0.002399	0.000667 0.002399	0.000450 0.002250	0.000630 0.002250	0.000796 0.001750	0.000889 0.002684	0.001282 0.002899	0.000687 0.002750	
3 64 3 0.820000	0.997844 0.000229	0.004307 0.000457	0.000907 0.001294	0.000203 0.001015	0.001455 0.003059	0.001202 0.002435	0.001820 0.002764	0.001555 0.003559	0.000665 0.001764	0.000353 0.001764	0.000212 0.001059	
3 64 3 0.830000	0.997212 0.002272	0.005567 0.004528	0.000905 0.004527	0.000314 0.001572	0.002513 0.006555	0.001327 0.002555	0.002327 0.005555	0.001125 0.004055	0.000297 0.001483	0.000511 0.002555	0.001165 0.004555	
3 64 3 0.840000	0.996870 0.002168	0.006249 0.004321	0.001323 0.003792	0.001223 0.004292	0.000856 0.002292	0.001260 0.003144	0.000760 0.002155	0.001449 0.001647	0.000997 0.003655	0.001187 0.005144	0.000856 0.002292	
3 64 3 0.850000	0.997163 0.000401	0.005666 0.000799	0.000116 0.000579	0.000025 0.000123	0.002041 0.004374	0.001666 0.002352	0.000499 0.001623	0.002166 0.002249	0.000000 0.000000	0.002071 0.004579	0.000670 0.001974	
3 64 3 0.860000	0.996048 0.004528	0.007885 0.009009	0.001161 0.002908	0.001018 0.001896	0.001704 0.003896	0.000661 0.002408	0.000581 0.002906	0.000682 0.003408	0.001166 0.003433	0.000938 0.004406	0.002504 0.004408	
3 64 3 0.870000	0.996375 0.001682	0.007237 0.003350	0.001280 0.004272	0.001064 0.002127	0.000510 0.002421	0.002096 0.006272	0.001983 0.003627	0.000157 0.000786	0.000910 0.004421	0.000825 0.004127	0.002021 0.004421	
3 64 3 0.880000	0.996389 0.000715	0.007208 0.001425	0.001318 0.003495	0.001809 0.003413	0.001714 0.004570	0.001414 0.003495	0.001219 0.006094	0.001397 0.004570	0.001407 0.003995	0.000897 0.003413	0.000818 0.003495	
3 64 3 0.890000	0.995441 0.001327	0.009097 0.002642	0.003034 0.005795	0.000000 0.000000	0.001130 0.004182	0.000502 0.001817	0.001467 0.002295	0.000108 0.000540	0.000471 0.001540	0.000231 0.001153	0.002189 0.005653	
3 64 3 0.900000	0.995916 0.000401	0.008152 0.000798	0.000563 0.005967	0.000804 0.001698	0.001257 0.006295	0.001004 0.002996	0.001422 0.003496	0.000739 0.002698	0.002194 0.006625	0.000799 0.003996	0.001887 0.003996	
3 64 3 0.910000	0.994711 0.002351	0.010550 0.004675	0.001100 0.002150	0.000422 0.000975	0.001057 0.002763	0.001095 0.005475	0.000883 0.002263	0.002550 0.003224	0.001920 0.003487	0.001327 0.003374	0.000783 0.003763	
3 64 3 0.920000	0.995118 0.000595	0.009740 0.001184	0.001016 0.003977	0.002145 0.004101	0.002416 0.007101	0.001170 0.003477	0.000695 0.003624	0.000629 0.007125	0.001840 0.006706	0.000750 0.002477	0.001395 0.006876	
3 64 3 0.930000	0.994518 0.000789	0.010933 0.001570	0.001174 0.002557	0.001055 0.004980	0.000578 0.002057	0.001253 0.002910	0.002149 0.006057	0.001355 0.003057	0.003433 0.004422	0.002353 0.004410	0.001207 0.004557	
3 64 3 0.940000	0.994312 0.000509	0.011343 0.001013	0.003243 0.004535	0.002631 0.007378	0.001578 0.003616	0.002149 0.005378	0.000785 0.003365	0.002238 0.004365	0.001949 0.005878	0.002370 0.003911	0.001278 0.003411	
3 64 3 0.950000	0.993038 0.003031	0.013875 0.006019	0.001583 0.004969	0.000173 0.000441	0.000919 0.004594	0.001296 0.004947	0.000782 0.001969	0.000413 0.001594	0.001101 0.003469	0.002486 0.004947	0.001583 0.005969	
3 64 3 0.960000	0.992603 0.003283	0.014738 0.006512	0.003903 0.006822	0.001390 0.004970	0.002593 0.006322	0.001695 0.003981	0.001229 0.005174	0.001548 0.003674	0.002295 0.006322	0.002031 0.005481	0.002142 0.005674	
3 64 3 0.970000	0.991950 0.004486	0.016032 0.008890	0.004232 0.006931	0.002612 0.003765	0.002640 0.005390	0.002437 0.007599	0.000242 0.001208	0.000739 0.003696	0.000831 0.002390	0.000153 0.000765	0.001773 0.008265	
3 64 3 0.980000	0.992616 0.000412	0.014713 0.000818	0.003324 0.007902	0.002944 0.007277	0.000674 0.001777	0.001944 0.003095	0.000694 0.003375	0.002844 0.005277	0.000674 0.002277	0.000743 0.002818	0.000269 0.001345	
3 64 3 0.990000	0.991892 0.000730	0.016150 0.001447	0.001687 0.003958	0.002759 0.007471	0.000779 0.001958	0.001758 0.006205	0.001127 0.005633	0.000859 0.002291	0.001674 0.005955	0.000976 0.002795	0.000525 0.002624	
3 64 3 1.000000	0.991561 0.001310	0.016806 0.002598	0.000897 0.006478	0.001672 0.003548	0.001440 0.003548	0.000492 0.001548	0.000582 0.004523	0.000667 0.001786	0.004097 0.008048	0.001397 0.003526	0.001439 0.005124	
3 64 3 1.010000	0.991069 0.000263	0.017782 0.000522	0.001724 0.004671	0.000373 0.001864	0.001046 0.003702	0.001959 0.004731	0.002164 0.005974	0.003136 0.004891	0.000484 0.003641	0.000480 0.006004	0.001869 0.004557	
3 64 3 1.020000	0.990549 0.000558	0.018813 0.001105	0.002803 0.006161	0.003569 0.007078	0.001497 0.005055	0.002358 0.003912	0.003579 0.005557	0.001331 0.003773	0.001626 0.005884	0.000987 0.003828	0.000934 0.004668	
3 64 3 1.030000	0.988630 0.005041	0.022607 0.009952	0.000542 0.004172	0.000087 0.005506	0.000912 0.004561	0.000954 0.003061	0.000588 0.002942	0.002374 0.008207	0.002428 0.004207	0.000544 0.002722	0.000576 0.002103	
3 64 3 1.040000	0.988923 0.001264	0.022032 0.002501	0.001168 0.004387	0.001732 0.003283	0.001697 0.007328	0.002368 0.004572	0.001002 0.005202	0.002367 0.005739	0.001587 0.006440	0.000813 0.002328	0.000365 0.001827	
3 64 3 1.050000	0.988264 0.001064	0.023335 0.002103	0.003488 0.008840	0.001252 0.006801	0.001700 0.008499	0.000302 0.001509	0.003820 0.006884	0.000250 0.001249	0.002020 0.006385	0.003135 0.006384	0.000650 0.003249	
3 64 3 1.060000	0.987376 0.001316	0.025088 0.002599	0.002371 0.007631	0.001646 0.005589	0.002986 0.009089	0.000279 0.002844	0.003060 0.009956	0.003371 0.007211	0.001388 0.008423	0.002186 0.005589	0.001602 0.005555	
3 64 3 1.070000	0.986843 0.000778	0.026140 0.001536	0.002166 0.008038	0.000515 0.003068	0.000200 0.005941	0.001458 0.005803	0.001168 0.004970	0.000673 0.003363	0.000968 0.003038	0.002060 0.006068	0.000369 0.001643	
3 64 3 1.080000	0.986064 0.001068	0.027678 0.002106	0.001763 0.004635	0.003551 0.008478	0.000727 0.003633	0.001532 0.004409	0.000406 0.002029	0.002363 0.005035	0.000759 0.002151	0.001171 0.006062	0.000448 0.002242	
3 64 3 1.090000	0.984957 0.002073	0.029858 0.004083	0.001436 0.008417	0.002156 0.006494	0.001401 0.003631	0.001602 0.004881	0.001852 0.005881	0.001189 0.003994	0.001224 0.007356	-0.000211 0.002560	0.000499 0.002494	
3 64 3 1.100000	0.984028 0.001619	0.031689 0.003186	0.001855 0.009680	0.001537 0.005209	0.001483 0.007415	0.000608 0.003042	0.000951 0.003048	0.001368 0.004548	0.001710 0.008548	0.001768 0.004798	0.001233 0.006165	
3 64 3 1.110000	0.983721 0.000275	0.032293 0.000540	0.003418 0.006465	0.001228 0.003008	0.002293 0.004686	0.001251 0.003645	0.000174 0.000808	0.000236 0.001108	0.001013 0.004860	0.001308 0.007712	0.000688 0.003441	
3 64 3 1.120000	0.982851 0.000901	0.034004 0.001772	0.000934 0.003512	0.002835 0.005907	0.002928 0.008991	0.000619 0.003096	0.002986 0.008680	0.002863 0.005512	0.001765 0.005553	0.000601 0.001950	0.002994 0.006139	
3 64 3 1.130000	0.981508 0.001136	0.036642 0.002229	0.001523 0.004756	0.002102 0.005623	0.001779 0.005934	0.001105 0.005525	0.001992 0.007873	0.004270 0.008839	0.001883 0.004623	0.002512 0.009434	0.001605 0.007434	
3 64 3 1.140000	0.980722 0.000578	0.038185 0.001134	0.004018 0.008205	0.001994 0.004833	0.000093 0.000467	0.000660 0.003300	0.000101 0.002634	0.003408 0.007205	0.001337 0.005166	0.000028 0.001062	0.000000 0.000000	
3 64 3 1.150000	0.979487 0.000813	0.040605 0.001592	0.000941 0.002595	0.000682 0.001561	0.001631 0.005104	0.003120 0.007429	-0.000050 0.000252	0.000483 0.002414	0.000581 0.005107	0.002843 0.007183	0.002811 0.005432	
3 64 3 1.160000	0.978653 0.000668	0.042238 0.001307	0.002639 0.005798	0.001073 0.003329	0.000891 0.002286	0.001352 0.007036	0.001034 0.009102	0.001270 0.004329	0.001608 0.004510	0.002667 0.006398	0.000442 0.004205	
3 64 3 1.170000	0.976980 0.001659	0.045509 0.003242	0.003238 0.008151	0.001252 0.005141	0.000008 0.002074	0.000190 0.000951	0.001868 0.003891	0.001034 0.005170	0.000374 0.001868	0.000805 0.005258	0.000814 0.002587	
3 64 3 1.180000	0.976569 0.000422	0.046312 0.000823	0.000000 0.000000	0.002721 0.006372	-0.000319 0.000763	0.002477 0.004660	0.000506 0.002532	0.003655 0.009237	0.003602 0.009637	0.001486 0.006579	0.001043 0.003893	
3 64 3 1.190000	0.975095 0.000218	0.049190 0.000426	0.001906 0.006372	0.000870 0.002714	0.001286 0.002968	0.002559 0.008975	0.001100 0.004590	0.001590 0.004563	0.000054 0.001474	0.000894 0.003664	0.002588 0.007028	
3 64 3 1.200000	0.973557 0.000921	0.052186 0.001794	0.004217 0.009492	0.002771 0.007666	0.000000 0.000000	0.002648 0.006560	0.002151 0.008079	0.000830 0.003240	0.001720 0.005689	0.000275 0.001373	0.001233 0.003412	
3 64 3 1.210000	0.972544 0.000557	0.054159 0.001083	0.003278 0.008074	0.000911 0.004553	0.000881 0.004407	0.002214 0.006095	0.001994 0.005495	0.000639 0.002306	0.000827 0.005745	0.001437 0.003574	0.000715 0.003574	
3 64 3 1.220000	0.970819 0.000502	0.057510 0.000974	0.002491 0.006410	0.002824 0.008307	0.002048 0.005998	0.002376 0.007701	0.000749 0.001826	0.001499 0.004598	0.001403 0.004243	0.000000 0.000000	0.002482 0.006932	
3 64 3 1.230000	0.969407 0.001687	0.060250 0.003269	0.003182 0.009432	0.000760 0.003801	0.000965 0.004823	0.002021 0.005247	0.002290 0.008582	0.003142 0.008887	0.000315 0.001573	0.003245 0.008623	0.000790 0.003948	
3 64 3 1.240000	0.968254 0.000431	0.062484 0.000834	0.004752 0.009309	0.001370 0.004063	0.001233 0.002826	0.001205 0.003849	0.000606 0.001667	0.000000 0.000000	0.000997 0.002777	0.000466 0.002141	0.001434 0.005323	
3 64 3 1.250000	0.966546 0.000771	0.065789 0.001491	0.003601 0.009958	0.000910 0.002234	0.000230 0.000693	0.001612 0.006958	0.002536 0.007278	0.001222 0.006109	0.002555 0.006280	0.001776 0.005600	0.001387 0.005975	
3 64 3 1.260000	0.965130 0.001283	0.068525 0.002477	0.003049 0.007292	0.002368 0.004917	0.003042 0.005876	0.002341 0.005965	0.000146 0.000732	0.001656 0.008280	0.000307 0.001536	0.001049 0.004846	0.001913 0.009565	
3 64 3 1.270000	0.963640 0.000992	0.071397 0.001912	0.003808 0.008032	0.000620 0.003098	0.000641 0.001667	0.000464 0.002322	0.001560 0.006183	0.002735 0.006709	0.001904 0.004350	0.001244 0.003405	0.004090 0.007741	
3 64 3 1.280000	0.961739 0.000822	0.075058 0.001581	0.004339 0.007128	0.001542 0.004470	0.000734 0.002481	0.000718 0.003778	0.000150 0.000420	0.000580 0.002899	0.000720 0.003602	0.002249 0.009435	0.001106 0.005531	
3 64 3 1.290000	0.959756 0.000477	0.078868 0.000916	0.004210 0.009303	0.001584 0.007919	0.001136 0.005681	0.000000 0.000000	0.002933 0.004227	0.000491 0.001538	0.001351 0.003173	0.001648 0.005667	0.001442 0.004525	
3 64 3 1.300000	0.957953 0.000764	0.082325 0.001464	0.004048 0.007649	0.000630 0.003094	0.000000 0.000000	0.003785 0.009785	0.001286 0.003418	0.001906 0.007240	0.000385 0.001924	0.002456 0.006293	0.001085 0.004341	
3 64 3 1.310000	0.955837 0.001461	0.086375 0.002794	0.004704 0.008089	0.000251 0.001256	0.000000 0.000000	0.000632 0.003158	0.000678 0.003389	0.002081 0.005739	0.000000 0.000000	0.001527 0.004879	0.000643 0.003213	
3 64 3 1.320000	0.953765 0.000934	0.090331 0.001781	0.004642 0.008493	0.004420 0.009733	0.003158 0.007327	0.002861 0.008372	0.003960 0.008336	0.000933 0.002698	0.001931 0.006358	0.001133 0.005663	0.003150 0.005198	
3 64 3 1.330000	0.952161 0.001538	0.093390 0.002929	0.005387 0.008612	0.005050 0.009847	0.002554 0.009320	0.001259 0.006297	0.001709 0.008547	0.001076 0.002274	0.001846 0.005285	0.000393 0.001259	0.000548 0.001976	
3 64 3 1.340000	0.950096 0.000900	0.097318 0.001710	0.009271 0.007171	0.002764 0.006411	0.000767 0.003837	0.000000 0.000000	0.002023 0.005155	0.001033 0.005167	0.003098 0.009785	0.000411 0.001543	-0.000078 0.000350	
3 64 3 1.350000	0.947732 0.000600	0.101803 0.001138	0.003657 0.005062	0.001929 0.009647	0.000024 0.000120	0.003041 0.006854	0.001189 0.003042	0.000590 0.001803	0.002547 0.004558	0.001456 0.006840	0.000000 0.000000	
3 64 3 1.360000	0.945481 0.000872	0.106065 0.001649	0.006719 0.009807	0.000056 0.000578	0.000194 0.000971	0.000826 0.004941	0.001245 0.005179	0.000000 0.000000	0.000407 0.001827	0.000870 0.004350	0.002176 0.004948	
3 64 3 1.370000	0.942463 0.001378	0.111763 0.002597	0.007063 0.005609	0.000997 0.002843	0.003017 0.008086	0.002725 0.005554	0.004140 0.009970	0.002715 0.008754	0.000263 0.001316	0.002170 0.005504	0.001886 0.004714	
3 64 3 1.380000	0.940526 0.000707	0.115411 0.001331	0.008965 0.008362	0.001910 0.009549	0.004639 0.008362	0.001203 0.003969	0.001028 0.003112	0.000713 0.003567	0.001770 0.006281	0.001404 0.003319	0.000214 0.000794	
3 64 3 1.390000	0.937484 0.001034	0.121124 0.001939	0.005263 0.009464	0.002084 0.008040	0.002673 0.004927	0.001666 0.004437	0.000354 0.001771	0.003367 0.007186	0.000691 0.003455	0.001237 0.004760	0.002687 0.005297	
3 64 3 1.400000	0.935306 0.000543	0.125203 0.001016	0.007727 0.007930	0.001262 0.004571	0.000000 0.000000	0.001250 0.003384	0.000186 0.000928	0.001290 0.002902	0.001478 0.006504	0.001783 0.007722	0.001938 0.005710	
3 64 3 1.410000	0.932243 0.001081	0.130924 0.002015	0.008675 0.009012	0.002770 0.005760	0.000293 0.001466	0.000964 0.004112	0.000404 0.002019	0.000930 0.004649	0.003616 0.009545	0.000870 0.004352	0.001895 0.005124	
3 64 3 1.420000	0.929561 0.001198	0.135916 0.002227	0.008646 0.008531	0.002306 0.007040	0.004601 0.008545	0.000091 0.000456	0.002070 0.004044	0.000000 0.000000	0.002847 0.005460	0.000000 0.000000	0.004414 0.008653	
3 64 3 1.430000	0.926465 0.001271	0.141662 0.002354	0.014431 0.005568	0.000099 0.003589	0.000000 0.000000	0.000028 0.002235	0.001310 0.004620	0.001662 0.005253	0.003061 0.009688	0.001810 0.009776	0.002482 0.008853	
3 64 3 1.440000	0.923133 0.001701	0.147826 0.003140	0.008496 0.005100	0.000803 0.002212	0.001102 0.002853	0.002221 0.006483	0.001922 0.007628	0.003462 0.006123	0.004347 0.006475	0.001069 0.004546	0.000715 0.003575	
3 64 3 1.450000	0.920368 0.001329	0.152923 0.002447	0.010909 0.007825	0.001606 0.006029	0.000686 0.003428	0.001156 0.007053	0.005978 0.006965	0.000396 0.000733	0.001044 0.004143	0.001816 0.005416	0.000544 0.002719	
3 64 3 1.460000	0.916449 0.000728	0.160121 0.001334	0.013651 0.004562	0.002254 0.006807	0.002033 0.004186	0.000033 0.000165	0.001974 0.006063	0.002232 0.009282	0.000719 0.002249	0.005553 0.009412	0.001745 0.004828	
3 64 3 1.470000	0.913136 0.001804	0.166183 0.003294	0.012740 0.008136	0.000976 0.004879	0.001214 0.007120	0.000364 0.001822	0.002236 0.009833	0.000086 0.000430	0.003396 0.006952	0.002466 0.005448	0.000000 0.000000	
3 64 3 1.480000	0.910283 0.001322	0.171385 0.002406	0.017222 0.007425	0.001834 0.005381	0.001643 0.008215	0.000182 0.000469	0.001954 0.009772	0.002761 0.009323	0.001201 0.003255	0.000485 0.004246	0.000795 0.003623	
3 64 3 1.490000	0.906110 0.001508	0.178965 0.002732	0.012665 0.006583	0.000434 0.001391	0.002165 0.008223	0.001340 0.006701	0.000000 0.000000	0.000750 0.003751	0.001618 0.008089	0.000064 0.000322	0.003418 0.009558	
3 64 3 1.500000	0.902438 0.002549	0.185606 0.004603	0.015966 0.006459	0.003417 0.007909	0.000983 0.002903	0.000641 0.003203	0.001330 0.004597	0.004341 0.009165	0.001977 0.005590	0.002718 0.007390	0.001978 0.009892	
3 64 3 1.510000	0.898156 0.001826	0.193315 0.003279	0.016906 0.007175	0.002449 0.009994	0.000000 0.000000	0.001989 0.009944	0.002215 0.005421	0.003850 0.008302	0.000000 0.000000	0.002551 0.008976	0.001767 0.005760	
3 64 3 1.520000	0.893818 0.000869	0.201089 0.001554	0.016300 0.006332	0.002878 0.008352	0.001922 0.009609	0.004385 0.008873	0.000807 0.002675	0.002773 0.008147	0.000881 0.004403	0.001924 0.005697	0.001335 0.006675	
3 64 3 1.530000	0.889746 0.002240	0.208351 0.003987	0.018824 0.004676	0.000275 0.000722	0.001101 0.003316	0.000140 0.000698	0.003370 0.009364	0.002679 0.006108	0.000596 0.001879	0.000966 0.003629	0.003218 0.008239	
3 64 3 1.540000	0.885030 0.000603	0.216722 0.001068	0.024083 0.005449	0.002385 0.005102	0.003026 0.005558	0.000064 0.000760	0.000931 0.003024	0.002365 0.006039	0.000488 0.001597	0.001212 0.004031	0.003458 0.009372	
3 64 3 1.550000	0.880433 0.002180	0.224837 0.003837	0.024244 0.007723	0.004585 0.007911	0.000602 0.003010	0.002454 0.005307	0.001505 0.004380	0.002311 0.008435	0.000402 0.002008	0.004075 0.006328	0.000000 0.000000	
3 64 3 1.560000	0.875116 0.000889	0.234172 0.001556	0.025278 0.003812	0.001314 0.002180	0.000853 0.003225	0.002159 0.008209	0.001389 0.003254	0.003068 0.007540	0.000168 0.000842	0.002706 0.009523	0.001205 0.003458	
3 64 3 1.570000	0.869936 0.001296	0.243210 0.002254	0.025965 0.009406	0.002946 0.004986	0.003456 0.008651	0.000881 0.002523	0.004278 0.008637	0.000000 0.000000	0.001213 0.004267	0.002686 0.009527	0.002076 0.005865	
3 64 3 1.580000	0.863987 0.001817	0.253525 0.003140	0.029507 0.009050	0.003635 0.008948	0.002322 0.007184	0.001733 0.005198	0.001797 0.003830	0.001041 0.003897	0.000185 0.001399	0.000695 0.002183	0.000469 0.002346	
3 64 3 1.590000	0.858508 0.001017	0.262963 0.001745	0.029500 0.009909	0.003473 0.006456	0.001238 0.005296	0.000894 0.003419	0.001417 0.005049	0.001177 0.004868	0.001015 0.003349	0.000795 0.002011	0.001443 0.005979	
3 64 3 1.600000	0.852738 0.000539	0.272837 0.000919	0.033621 0.009594	0.004538 0.009813	0.000760 0.003802	0.001309 0.002962	0.000647 0.002444	0.002286 0.004295	0.001088 0.005438	0.001498 0.006774	0.001867 0.008523	
3 64 3 1.610000	0.846598 0.001143	0.283272 0.001935	0.034117 0.008560	0.006787 0.007204	0.001305 0.004876	0.000473 0.001714	0.001040 0.003561	0.003828 0.008908	0.000896 0.004478	0.000489 0.002445	0.003263 0.009168	
3 64 3 1.620000	0.839408 0.001873	0.295394 0.003144	0.035775 0.009399	0.005561 0.006947	0.002113 0.006912	0.000609 0.001997	0.001659 0.004518	-0.000107 0.000534	0.000892 0.004152	0.000199 0.000994	0.000734 0.002552	
3 64 3 1.630000	0.832924 0.002658	0.306236 0.004428	0.039253 0.009826	0.007111 0.009779	0.000771 0.003856	0.001390 0.006465	0.001363 0.003221	0.001827 0.006247	0.000220 0.001101	0.001290 0.006449	0.001117 0.003399	
3 64 3 1.640000	0.824942 0.001738	0.319470 0.002868	0.038975 0.009268	0.007837 0.007862	0.001986 0.007132	0.000552 0.002390	0.000309 0.001547	0.002352 0.005819	0.001078 0.005389	0.003178 0.009924	0.001681 0.005396	
3 64 3 1.650000	0.818019 0.000909	0.330845 0.001488	0.043237 0.009375	0.004734 0.008759	0.003842 0.005476	0.001417 0.006144	0.001187 0.003665	0.001398 0.004720	0.002033 0.004731	0.000000 0.000000	0.001176 0.005880	
3 64 3 1.660000	0.809454 0.001578	0.344783 0.002555	0.046152 0.008020	0.004790 0.009758	0.002260 0.006131	0.000814 0.003298	0.000000 0.000000	0.000769 0.003407	0.002565 0.006793	0.000491 0.002456	0.002363 0.008838	
3 64 3 1.670000	0.800772 0.001972	0.358763 0.003158	0.050736 0.005235	0.007014 0.008326	0.002115 0.006752	0.001473 0.004461	0.000469 0.002346	0.001446 0.007232	0.002417 0.007871	0.000000 0.000000	0.000377 0.002891	
3 64 3 1.680000	0.791892 0.001609	0.372906 0.002548	0.052328 0.008600	0.006053 0.006507	0.000509 0.001254	0.003126 0.009077	0.001127 0.004434	0.004812 0.009939	0.001283 0.004983	0.000000 0.000000	0.001746 0.004550	
3 64 3 1.690000	0.781612 0.002407	0.389082 0.003764	0.057554 0.008807	0.010850 0.008510	0.002663 0.007419	0.002013 0.005959	0.000000 0.000000	0.002422 0.007307	0.000732 0.001887	0.000908 0.004541	0.000452 0.001360	
3 64 3 1.700000	0.770051 0.001586	0.407021 0.002442	0.060846 0.003311	0.009599 0.009953	0.002916 0.006673	0.002809 0.009614	0.002057 0.009892	0.000552 0.002754	0.000446 0.002230	0.002340 0.005614	0.001730 0.003925	
3 64 3 1.710000	0.759131 0.002694	0.423719 0.004090	0.066228 0.009278	0.010908 0.010000	0.003636 0.007841	0.000454 0.001508	0.003400 0.007586	0.000983 0.004174	0.001677 0.004473	0.001254 0.004828	0.000655 0.003275	
3 64 3 1.720000	0.746889 0.003346	0.442156 0.004998	0.071521 0.009318	0.014815 0.009198	0.002281 0.005954	0.000139 0.000694	0.002132 0.007638	0.001227 0.003527	0.000672 0.003361	0.000090 0.000452	0.000737 0.002144	
3 64 3 1.730000	0.733589 0.002344	0.461847 0.003438	0.076373 0.007676	0.015839 0.004905	0.004967 0.009401	0.005727 0.009954	0.001283 0.003507	0.000921 0.003216	0.001419 0.006304	0.002413 0.001933	0.001783 0.006768	
3 64 3 1.740000	0.718025 0.004486	0.484438 0.006447	0.084187 0.006104	0.018782 0.004650	0.005172 0.009309	0.001899 0.008274	0.002216 0.005459	0.001095 0.004569	0.001528 0.005171	0.001991 0.006675	0.001971 0.009856	
3 64 3 1.750000	0.700930 0.003706	0.508696 0.005195	0.090347 0.007635	0.022508 0.007008	0.006490 0.008214	0.004084 0.005109	0.001697 0.008484	0.002072 0.004194	0.001886 0.009430	0.001595 0.007973	0.002114 0.009721	
3 64 3 1.760000	0.682168 0.003207	0.534646 0.004377	0.098077 0.008664	0.024406 0.006308	0.005170 0.009952	0.004161 0.009200	0.004506 0.003249	0.002443 0.008899	0.002002 0.004384	0.001103 0.004131	0.000270 0.001833	
3 64 3 1.770000	0.661252 0.005184	0.562742 0.006857	0.105474 0.008147	0.025922 0.006593	0.009291 0.004270	0.003319 0.005827	0.001096 0.005254	0.002725 0.006224	0.000342 0.001709	0.001230 0.005069	0.001946 0.007305	
3 64 3 1.780000	0.636399 0.004260	0.594995 0.005423	0.116863 0.008267	0.029967 0.009114	0.008938 0.009279	0.006701 0.008632	0.002055 0.005975	0.003743 0.009876	0.001531 0.006196	0.001850 0.003957	0.000000 0.000000	
3 64 3 1.790000	0.603997 0.006335	0.635182 0.007640	0.132077 0.009954	0.037869 0.007748	0.015129 0.009441	0.007314 0.007059	0.003492 0.002730	0.003770 0.008459	0.001910 0.007555	0.000512 0.002441	0.000604 0.003019	
3 64 3 1.800000	0.564214 0.003915	0.681660 0.004416	0.149056 0.009783	0.046707 0.002367	0.018353 0.009093	0.006126 0.004071	0.002105 0.004669	0.001646 0.003779	0.001749 0.005923	0.001074 0.005371	0.001245 0.006226	
3 64 3 1.810000	0.500663 0.009777	0.749325 0.009813	0.177276 0.007960	0.058835 0.005650	0.026077 0.005943	0.014678 0.005212	0.008997 0.001884	0.004531 0.003665	0.003062 0.003096	0.001897 0.005353	0.002601 0.005693	
3 64 3 1.820000	0.027885 0.008634	0.999213 0.000501	0.292568 0.008698	0.122246 0.005482	0.065720 0.008053	0.041208 0.008655	0.031212 0.005679	0.026154 0.007916	0.016515 0.009318	0.012869 0.009947	0.009098 0.006317	
3 64 3 1.830000	0.016362 0.005281	0.999728 0.000180	0.283986 0.006574	0.112031 0.009537	0.056851 0.008687	0.032580 0.006159	0.019568 0.004763	0.013814 0.004617	0.010777 0.005747	0.007636 0.008167	0.004081 0.009453	
3 64 3 1.840000	0.013910 0.001587	0.999806 0.000044	0.272211 0.008881	0.104399 0.005506	0.047909 0.004867	0.027537 0.005777	0.018340 0.005723	0.011807 0.006783	0.005689 0.005869	0.006748 0.006629	0.001470 0.004415	
3 64 3 1.850000	0.011439 0.001656	0.999869 0.000037	0.269052 0.009995	0.099314 0.008931	0.045729 0.005786	0.024742 0.003489	0.013145 0.004281	0.007948 0.002745	0.004193 0.002430	0.001449 0.002819	0.002557 0.004550	
3 64 3 1.860000	0.010574 0.002757	0.999887 0.000057	0.266360 0.009899	0.092607 0.008843	0.041514 0.008322	0.023109 0.009776	0.011275 0.004920	0.006689 0.004907	0.003122 0.005815	0.002061 0.005862	0.002179 0.004506	
3 64 3 1.870000	0.010295 0.002112	0.999893 0.000042	0.260352 0.009918	0.090193 0.007213	0.040718 0.004186	0.022981 0.008898	0.011283 0.004236	0.008282 0.006901	0.003555 0.007036	0.003139 0.006928	0.000506 0.001028	
3 64 3 1.880000	0.008490 0.000969	0.999928 0.000016	0.259073 0.008181	0.087463 0.009789	0.035443 0.009343	0.017402 0.008520	0.006140 0.005020	0.004496 0.005438	0.001239 0.002550	0.001866 0.003594	0.002017 0.004891	
3 64 3 1.890000	0.008521 0.002084	0.999927 0.000036	0.250502 0.009786	0.082407 0.009112	0.033192 0.008138	0.016037 0.006789	0.010361 0.006311	0.005353 0.006233	0.003269 0.003733	0.002263 0.005395	0.001226 0.002708	
3 64 3 1.900000	0.007945 0.001556	0.999937 0.000025	0.249743 0.008772	0.081837 0.005252	0.033127 0.008091	0.015157 0.009132	0.008479 0.006950	0.005833 0.008848	0.001263 0.004109	0.000882 0.002484	0.002242 0.006614	
3 64 3 1.910000	0.007949 0.002028	0.999936 0.000033	0.241772 0.009810	0.077517 0.009241	0.030763 0.009700	0.013255 0.006209	0.007274 0.007433	0.004386 0.004882	0.001962 0.003899	0.001751 0.004301	0.000249 0.001246	
3 64 3 1.920000	0.007206 0.001941	0.999948 0.000030	0.239264 0.009205	0.076986 0.004547	0.030195 0.007030	0.012709 0.007882	0.006192 0.004900	0.003553 0.006800	0.002023 0.005120	0.001742 0.008710	0.001619 0.006847	
3 64 3 1.930000	0.007081 0.002095	0.999949 0.000030	0.239419 0.008790	0.071606 0.009638	0.029771 0.004332	0.011880 0.004551	0.004755 0.006520	0.003116 0.004679	0.002931 0.002348	0.001749 0.005011	0.001400 0.003071	
3 64 3 1.940000	0.006845 0.000921	0.999953 0.000013	0.237798 0.005779	0.070736 0.005546	0.027963 0.002301	0.010260 0.009807	0.002686 0.005653	0.002466 0.005820	0.001647 0.007439	0.000984 0.003073	0.000563 0.001534	
3 64 3 1.950000	0.005915 0.001454	0.999965 0.000017	0.230797 0.005308	0.070054 0.009785	0.023070 0.004399	0.010948 0.001453	0.001964 0.005612	0.001453 0.004024	0.001491 0.004441	0.002009 0.004573	0.003339 0.004677	
3 64 3 1.960000	0.006313 0.000535	0.999960 0.000007	0.232150 0.004788	0.067515 0.006377	0.024097 0.006280	0.009819 0.009044	0.004830 0.006338	0.002942 0.004699	0.002565 0.006898	0.001421 0.004260	0.000979 0.002499	
3 64 3 1.970000	0.006097 0.003062	0.999962 0.000036	0.231674 0.006749	0.066499 0.009707	0.021546 0.002957	0.006843 0.007862	0.002467 0.007798	0.002368 0.005291	0.000151 0.000755	0.000958 0.004791	0.001144 0.004033	
3 64 3 1.980000	0.006365 0.001098	0.999959 0.000014	0.225730 0.006804	0.065050 0.006451	0.021330 0.008964	0.006991 0.007599	0.006371 0.003940	0.001428 0.004172	0.002178 0.004608	0.000424 0.002119	0.001203 0.005885	
3 64 3 1.990000	0.005948 0.000725	0.999965 0.000009	0.222486 0.006754	0.062477 0.005485	0.018549 0.009686	0.007383 0.007399	0.002313 0.006940	0.001627 0.004101	0.000078 0.000391	0.000127 0.000637	0.002034 0.007033	
3 64 3 2.000000	0.005886 0.000938	0.999965 0.000011	0.224308 0.009960	0.061371 0.005986	0.019980 0.004824	0.007029 0.004553	0.002458 0.005108	0.001231 0.003382	0.001002 0.004531	0.001355 0.003663	0.002671 0.006911	
3 64 3 2.010000	0.005385 0.000991	0.999971 0.000011	0.222465 0.009737	0.061797 0.007622	0.021739 0.007695	0.007946 0.005543	0.003385 0.007823	0.001516 0.006495	0.000818 0.004005	0.001454 0.003163	0.000414 0.001176	
3 64 3 2.020000	0.005488 0.001169	0.999970 0.000013	0.219011 0.009159	0.056727 0.007021	0.021351 0.006179	0.008030 0.006689	0.004644 0.009216	0.001000 0.004999	0.000998 0.002839	0.001780 0.004537	0.001555 0.004101	
3 64 3 2.030000	0.005281 0.001214	0.999972 0.000013	0.217594 0.008685	0.057272 0.009537	0.016157 0.004776	0.009111 0.004512	0.002659 0.005782	0.002297 0.005864	0.001003 0.002936	0.002898 0.004830	0.002550 0.006721	
3 64 3 2.040000	0.005586 0.000583	0.999969 0.000006	0.213617 0.009459	0.055216 0.004865	0.018646 0.002375	0.006972 0.004664	0.001242 0.003967	0.000218 0.000888	0.002253 0.006026	0.000927 0.002303	0.000976 0.004881	
3 64 3 2.050000	0.005189 0.001088	0.999973 0.000012	0.215399 0.008081	0.054381 0.007656	0.015164 0.009527	0.005232 0.007228	0.004138 0.009408	0.002850 0.007580	0.001964 0.006022	0.000578 0.002891	0.002043 0.004392	
3 64 3 2.060000	0.005438 0.001133	0.999970 0.000013	0.210581 0.009707	0.051281 0.008951	0.017622 0.009329	0.004428 0.003364	0.002204 0.005049	0.002844 0.005970	0.000503 0.001324	0.000000 0.000000	0.000426 0.001670	
3 64 3 2.070000	0.004474 0.001100	0.999980 0.000010	0.208362 0.009717	0.053037 0.009810	0.019554 0.009716	0.005563 0.007150	0.002731 0.006613	0.002226 0.007123	0.002774 0.006318	0.001494 0.005174	0.001759 0.004814	
3 64 3 2.080000	0.005086 0.001719	0.999974 0.000017	0.205498 0.004074	0.051555 0.009015	0.012836 0.002247	0.006617 0.006888	0.001263 0.006316	0.002577 0.007974	0.000813 0.003857	0.000760 0.001578	0.004502 0.007759	
3 64 3 2.090000	0.004638 0.001875	0.999978 0.000017	0.205498 0.009011	0.051833 0.007088	0.015418 0.008733	0.003271 0.004929	0.001368 0.005116	0.000967 0.002915	0.001354 0.002906	0.000696 0.002929	0.002633 0.007698	
3 64 3 2.100000	0.004595 0.001395	0.999979 0.000013	0.201972 0.006558	0.048154 0.009256	0.014229 0.008636	0.003164 0.007229	0.003458 0.007731	0.002646 0.007134	0.001431 0.003792	-0.000030 0.000151	0.000179 0.000893	
3 64 3 2.110000	0.004308 0.001124	0.999981 0.000010	0.201987 0.008240	0.048665 0.007577	0.011777 0.009685	0.003894 0.008649	0.000429 0.001176	0.000263 0.001483	0.000829 0.001724	0.000000 0.000000	0.001674 0.005964	
3 64 3 2.120000	0.004155 0.000972	0.999983 0.000008	0.200227 0.008008	0.046367 0.005898	0.008749 0.008897	0.005453 0.009530	0.000841 0.002182	0.000780 0.002578	0.001773 0.003691	0.002921 0.009770	0.000222 0.001110	
3 64 3 2.130000	0.005098 0.001785	0.999974 0.000019	0.198422 0.005198	0.045048 0.004148	0.013537 0.008944	0.005295 0.009711	0.004185 0.001930	0.004683 0.005561	0.001680 0.005106	-0.000172 0.000862	0.003910 0.008133	
3 64 3 2.140000	0.004734 0.001067	0.999977 0.000010	0.197143 0.006422	0.047938 0.008907	0.013622 0.005856	0.003589 0.002729	0.003798 0.005630	0.001789 0.004068	0.000737 0.002023	0.001651 0.002945	0.000518 0.002592	
3 64 3 2.150000	0.004639 0.002381	0.999978 0.000023	0.196545 0.007033	0.043094 0.008429	0.011595 0.007973	0.002242 0.006452	0.002017 0.003823	0.003209 0.006985	0.003375 0.007089	0.001095 0.004697	0.000632 0.003158	
3 64 3 2.160000	0.005362 0.001453	0.999971 0.000015	0.194277 0.005540	0.046271 0.006754	0.010441 0.006629	0.003047 0.006839	0.002826 0.005468	0.002601 0.007916	0.001203 0.004929	0.001500 0.007498	0.001092 0.002918	
3 64 3 2.170000	0.004284 0.001399	0.999981 0.000012	0.193516 0.009466	0.045430 0.005142	0.012168 0.008767	0.002491 0.003364	0.001030 0.005149	0.002771 0.007517	0.001288 0.003752	0.000896 0.002636	0.000550 0.001814	
3 64 3 2.180000	0.004312 0.001384	0.999981 0.000012	0.192723 0.008796	0.042153 0.004849	0.011053 0.005866	0.004533 0.003537	0.002088 0.008820	0.000965 0.004826	0.000409 0.001542	0.000704 0.003519	0.001111 0.002006	
3 64 3 2.190000	0.004262 0.000790	0.999982 0.000007	0.191568 0.007096	0.040647 0.009577	0.008632 0.006409	0.002252 0.007384	0.001700 0.004052	0.001799 0.005348	0.001761 0.005251	0.002483 0.007266	0.000932 0.002422	
3 64 3 2.200000	0.004334 0.001365	0.999981 0.000012	0.185846 0.009602	0.042194 0.007010	0.011344 0.006171	0.001752 0.005073	0.002411 0.004855	0.000000 0.000000	0.001469 0.003100	0.002368 0.007480	0.002796 0.006073	
3 64 3 2.210000	0.004128 0.001120	0.999983 0.000009	0.183776 0.009751	0.042157 0.006713	0.007594 0.006022	0.001776 0.005067	0.004099 0.008534	0.000645 0.003224	0.002199 0.003674	0.000726 0.002031	0.000997 0.002936	
3 64 3 2.220000	0.004502 0.001254	0.999980 0.000011	0.187533 0.009639	0.040145 0.007935	0.010282 0.008485	0.004459 0.004558	0.004161 0.009803	0.001520 0.007600	0.000416 0.002079	0.000909 0.002869	0.002646 0.007651	
3 64 3 2.230000	0.003986 0.001499	0.999984 0.000012	0.185951 0.006067	0.043530 0.009626	0.011586 0.005921	0.002656 0.007730	0.000078 0.000388	0.003231 0.008080	0.001684 0.005913	0.001801 0.005226	0.003312 0.004857	
3 64 3 2.240000	0.004021 0.001516	0.999984 0.000012	0.187248 0.007655	0.039698 0.009896	0.010516 0.006439	0.000867 0.003988	0.000894 0.002727	0.002679 0.007027	0.001639 0.006250	0.002457 0.008178	0.000835 0.004176	
3 64 3 2.250000	0.004197 0.002067	0.999982 0.000017	0.180652 0.008415	0.038458 0.009342	0.010819 0.007443	0.001135 0.005675	0.001223 0.003707	0.002497 0.008104	-0.000054 0.000268	0.000797 0.002507	0.001688 0.008440	
3 64 3 2.260000	0.004108 0.001609	0.999983 0.000014	0.181833 0.007354	0.037726 0.007385	0.007969 0.007151	0.002069 0.008771	0.002236 0.005744	0.000914 0.003570	0.000775 0.003874	0.002702 0.008693	0.002855 0.006763	
3 64 3 2.270000	0.004171 0.001355	0.999982 0.000011	0.183287 0.009021	0.035846 0.009620	0.009166 0.003096	0.002701 0.006614	0.000000 0.000000	0.001643 0.003365	0.001387 0.003519	0.001350 0.006748	0.000162 0.000809	
3 64 3 2.280000	0.003659 0.001356	0.999986 0.000010	0.178818 0.009681	0.036665 0.005660	0.010033 0.007251	0.002403 0.004118	0.002330 0.009664	0.000443 0.001588	0.001248 0.003399	0.001697 0.008486	0.001056 0.003519	
3 64 3 2.290000	0.004166 0.000442	0.999983 0.000004	0.178662 0.009292	0.037038 0.003189	0.008596 0.006413	0.000911 0.003146	0.002014 0.004838	0.000000 0.000000	0.000768 0.002628	0.002534 0.005564	0.001075 0.002021	
3 64 3 2.300000	0.003798 0.001175	0.999985 0.000009	0.176127 0.009350	0.038244 0.007414	0.008346 0.005026	0.001464 0.005208	0.003137 0.006195	0.001627 0.004148	0.000951 0.005007	0.001057 0.003469	0.001522 0.007610	
3 64 3 2.310000	0.004214 0.001152	0.999982 0.000010	0.178345 0.009930	0.037382 0.009043	0.006811 0.007861	0.001316 0.001801	0.002266 0.007164	-0.000068 0.000341	0.000077 0.000386	0.000541 0.002705	0.001506 0.003789	
3 64 3 2.320000	0.003900 0.001618	0.999984 0.000013	0.173020 0.006461	0.035649 0.007033	0.008947 0.008993	0.001972 0.005149	0.001628 0.002837	0.001505 0.004361	0.001563 0.007813	0.000676 0.003382	0.002077 0.009176	
3 64 3 2.330000	0.004069 0.001069	0.999983 0.000009	0.174001 0.009657	0.033838 0.008543	0.007029 0.007699	0.003072 0.007015	0.001737 0.005767	0.001399 0.003309	0.001756 0.005650	0.001074 0.002374	0.002488 0.006078	
3 64 3 2.340000	0.003948 0.001601	0.999984 0.000012	0.172847 0.006905	0.032127 0.003733	0.008998 0.009732	0.001912 0.008533	0.001423 0.003634	0.002180 0.005852	0.000000 0.000000	0.003256 0.005853	0.000692 0.003462	
3 64 3 2.350000	0.004032 0.001420	0.999983 0.000011	0.174600 0.009778	0.034633 0.005278	0.007629 0.007339	0.002262 0.003504	0.000889 0.003556	0.000166 0.000830	0.002013 0.009359	0.003054 0.006825	0.000000 0.000000	
3 64 3 2.360000	0.004002 0.000733	0.999984 0.000006	0.175463 0.007057	0.032331 0.006099	0.007092 0.006845	0.003290 0.008907	0.000787 0.002791	0.001371 0.004443	0.001555 0.003634	0.001783 0.007433	0.001665 0.006834	
3 64 3 2.370000	0.003489 0.000718	0.999988 0.000005	0.173143 0.004350	0.030998 0.007301	0.006475 0.002760	0.004288 0.009123	0.002427 0.006426	0.000366 0.001704	0.000000 0.000000	0.000561 0.002805	0.001877 0.004641	
3 64 3 2.380000	0.003964 0.001387	0.999984 0.000011	0.165520 0.006511	0.034257 0.009283	0.003290 0.003997	0.002426 0.004809	0.002414 0.003896	-0.000097 0.000486	0.002614 0.006719	0.000997 0.002380	0.002792 0.006130	
3 64 3 2.390000	0.003754 0.000729	0.999986 0.000005	0.164468 0.007354	0.031968 0.006672	0.008417 0.006446	0.002763 0.007219	0.001244 0.006472	0.002376 0.005104	0.002413 0.009025	0.001728 0.006696	0.003335 0.008855	
3 64 3 2.400000	0.003891 0.001139	0.999985 0.000009	0.163276 0.009363	0.029657 0.008677	0.009526 0.009172	0.001092 0.003613	0.000000 0.000000	0.002175 0.006784	0.000714 0.003568	0.000864 0.004322	0.003585 0.009378	
3 64 3 2.410000	0.003771 0.000776	0.999986 0.000006	0.166042 0.009436	0.030803 0.008367	0.005669 0.005694	0.001995 0.009694	0.000822 0.002855	0.001435 0.003608	0.000407 0.002037	0.001489 0.007447	0.002409 0.008892	
3 64 3 2.420000	0.003574 0.000597	0.999987 0.000004	0.167948 0.008968	0.030893 0.006389	0.009208 0.005994	0.003660 0.006656	0.001324 0.001989	0.000515 0.002576	0.000121 0.000607	0.001414 0.004562	0.000256 0.000789	
3 64 3 2.430000	0.003620 0.001687	0.999987 0.000011	0.164075 0.009233	0.028120 0.007223	0.006560 0.007413	0.000280 0.001400	-0.000140 0.000701	0.001534 0.003983	0.002405 0.005573	0.000510 0.001525	0.001740 0.007130	
3 64 3 2.440000	0.003757 0.000661	0.999986 0.000005	0.162932 0.009905	0.028707 0.007187	0.007034 0.006582	0.000655 0.002435	0.000666 0.003329	0.001321 0.006607	0.001956 0.006581	0.001262 0.003466	0.002033 0.004892	
3 64 3 2.450000	0.003699 0.001756	0.999986 0.000012	0.163561 0.009882	0.029042 0.009246	0.006000 0.009658	0.000962 0.003007	-0.000123 0.000361	0.000350 0.001749	0.000532 0.003251	0.001627 0.004186	0.001668 0.004949	
3 64 3 2.460000	0.003397 0.000814	0.999988 0.000006	0.157938 0.009503	0.029567 0.006816	0.003649 0.007065	0.002044 0.009393	0.001349 0.002491	0.001186 0.003643	0.000833 0.004167	0.002150 0.006041	0.001302 0.003943	
3 64 3 2.470000	0.003635 0.000757	0.999987 0.000005	0.163482 0.004461	0.027925 0.008886	0.004672 0.008623	0.000391 0.001956	0.002121 0.004342	0.001533 0.006018	0.000791 0.003383	0.001706 0.008530	0.002514 0.006546	
3 64 3 2.480000	0.003397 0.001335	0.999988 0.000009	0.155700 0.009080	0.032700 0.008914	0.003571 0.009637	0.001022 0.004988	0.000790 0.002479	0.002615 0.008556	0.002000 0.005147	0.002240 0.004110	0.003983 0.007365	
3 64 3 2.490000	0.003544 0.000661	0.999987 0.000005	0.158246 0.002319	0.028248 0.007455	0.006563 0.009792	0.002701 0.005920	0.002558 0.003698	0.000852 0.002630	0.000200 0.001000	0.001788 0.003072	0.000927 0.002283	
3 64 3 2.500000	0.003428 0.001173	0.999988 0.000008	0.158184 0.009965	0.028397 0.005745	0.003363 0.007346	0.003240 0.004806	0.001391 0.003704	0.001985 0.005273	0.001250 0.003733	0.000878 0.003327	0.000236 0.001181	
3 64 3 2.510000	0.003274 0.001477	0.999989 0.000009	0.159575 0.008856	0.029868 0.008757	0.004011 0.006507	0.002896 0.009538	0.000599 0.002995	0.001109 0.003745	0.000553 0.002766	0.000159 0.000793	0.001268 0.003227	
3 64 3 2.520000	0.003308 0.001116	0.999989 0.000007	0.158489 0.009499	0.027249 0.005845	0.005234 0.005304	0.000437 0.001055	0.001339 0.006453	0.000530 0.001920	0.000233 0.001165	0.000025 0.000126	0.001539 0.006269	
3 64 3 2.530000	0.003231 0.001938	0.999989 0.000013	0.157989 0.006003	0.028769 0.009787	0.004011 0.009097	0.001900 0.005619	0.000268 0.002640	0.002653 0.009049	0.001818 0.007394	0.002283 0.006825	0.001994 0.005280	
3 64 3 2.540000	0.003186 0.001385	0.999990 0.000009	0.150194 0.008415	0.025520 0.007829	0.006604 0.009257	0.001475 0.005327	0.001237 0.001990	0.000325 0.001625	0.000889 0.002632	0.001979 0.006243	0.000000 0.000000	
3 64 3 2.550000	0.003516 0.001465	0.999987 0.000010	0.152773 0.009501	0.025816 0.009850	0.008567 0.006808	0.000523 0.003638	0.002753 0.008331	0.000828 0.002575	0.001395 0.004594	0.000512 0.002559	0.004858 0.009523	
3 64 3 2.560000	0.003383 0.002036	0.999988 0.000014	0.150771 0.005028	0.025213 0.009847	0.002718 0.008077	0.001684 0.006532	0.001739 0.004539	0.002125 0.007572	0.002621 0.004743	0.000750 0.002529	0.001413 0.003552	
3 64 3 2.570000	0.003078 0.000991	0.999990 0.000006	0.152448 0.009337	0.023300 0.004116	0.007582 0.006812	0.001861 0.005550	0.001589 0.003728	0.003329 0.005602	0.001359 0.006794	0.002192 0.007041	0.002267 0.005241	
3 64 3 2.580000	0.003225 0.001575	0.999989 0.000010	0.148154 0.009558	0.028935 0.006815	0.007244 0.004517	0.001666 0.005538	0.001001 0.002868	0.000855 0.002859	0.000729 0.003647	0.000450 0.002252	0.003282 0.007668	
3 64 3 2.590000	0.002940 0.000979	0.999991 0.000006	0.148715 0.009744	0.024603 0.008851	0.003291 0.007361	0.003991 0.008047	0.000766 0.002381	0.001716 0.004429	0.001554 0.007618	0.003960 0.009079	0.001955 0.009829	
3 64 3 2.600000	0.003365 0.001617	0.999988 0.000011	0.149372 0.007260	0.023848 0.008209	0.003859 0.006930	0.000531 0.002653	0.001673 0.004931	0.000189 0.000943	0.001179 0.002298	0.002400 0.007388	0.000623 0.003114	
3 64 3 2.610000	0.003232 0.001274	0.999989 0.000008	0.148348 0.006023	0.021889 0.008184	0.004900 0.007511	0.003493 0.008026	0.001970 0.005306	0.000401 0.001460	0.000549 0.001838	0.000773 0.003301	0.000668 0.002182	
3 64 3 2.620000	0.003277 0.000744	0.999989 0.000005	0.147921 0.007726	0.024338 0.003665	0.004241 0.006987	0.001615 0.005087	0.001219 0.002728	0.001177 0.003862	0.001278 0.007930	0.000951 0.004757	0.002931 0.007987	
3 64 3 2.630000	0.003161 0.000798	0.999990 0.000005	0.145470 0.009853	0.023672 0.007096	0.002591 0.007457	0.002741 0.006109	0.000231 0.001157	0.000331 0.001653	0.002220 0.004573	0.000986 0.002153	0.001217 0.005176	
3 64 3 2.640000	0.003109 0.000909	0.999990 0.000006	0.146836 0.009881	0.024575 0.009537	0.004502 0.006239	0.000676 0.003380	0.001516 0.005492	0.001106 0.004491	0.000743 0.002203	0.000000 0.000000	0.000812 0.002722	
3 64 3 2.650000	0.003213 0.000856	0.999990 0.000005	0.146190 0.004543	0.023071 0.004591	0.004496 0.007591	0.002037 0.005798	0.001248 0.004300	0.001372 0.007645	0.005607 0.009741	0.001125 0.005626	0.000857 0.002352	
3 64 3 2.660000	0.003212 0.000633	0.999990 0.000004	0.147912 0.008345	0.022551 0.006924	0.003901 0.007492	0.001046 0.002892	0.000598 0.001600	0.000449 0.002246	0.001048 0.002592	0.000827 0.004133	0.000599 0.003170	
3 64 3 2.670000	0.003442 0.000588	0.999988 0.000004	0.142866 0.008875	0.026185 0.008822	0.004185 0.008482	0.000619 0.003900	0.001466 0.004874	0.001242 0.005005	0.001748 0.004156	0.000359 0.001047	0.001919 0.004508	
3 64 3 2.680000	0.002966 0.001407	0.999991 0.000008	0.144284 0.007567	0.023362 0.009282	0.004988 0.008647	0.001467 0.005809	0.003215 0.003262	0.000461 0.002723	0.000359 0.001795	0.000946 0.004629	0.000940 0.004701	
3 64 3 2.690000	0.003287 0.000929	0.999989 0.000006	0.145022 0.006827	0.024289 0.009112	0.008741 0.008135	0.000537 0.001658	0.002897 0.006867	0.003740 0.006486	0.000843 0.004213	0.000862 0.002194	0.001231 0.004543	
3 64 3 2.700000	0.003429 0.001066	0.999988 0.000007	0.140521 0.006385	0.022098 0.005531	0.004775 0.009588	0.002773 0.005902	0.002621 0.007331	0.000910 0.002407	0.000066 0.000328	0.000089 0.000445	0.001116 0.004831	
3 64 3 2.710000	0.003273 0.000523	0.999989 0.000003	0.143181 0.007735	0.021266 0.007436	0.004109 0.008629	0.001082 0.003233	0.001688 0.005678	0.000919 0.004593	0.000864 0.003397	0.000206 0.001494	0.001012 0.002919	
3 64 3 2.720000	0.003343 0.000760	0.999989 0.000005	0.141526 0.008815	0.021439 0.007184	0.004051 0.008740	0.001311 0.006553	0.002832 0.007560	0.003202 0.007168	0.002015 0.006653	0.003016 0.005455	0.001122 0.005290	
3 64 3 2.730000	0.003098 0.000632	0.999990 0.000004	0.141906 0.008868	0.020432 0.007761	0.004161 0.003843	0.001534 0.005300	0.001267 0.006335	0.000498 0.002490	0.000871 0.003401	0.002427 0.007555	0.002155 0.008210	
3 64 3 2.740000	0.002810 0.000680	0.999992 0.000004	0.139985 0.008702	0.021879 0.008069	0.002789 0.005092	0.003939 0.008611	0.001512 0.004416	0.002508 0.004763	0.000738 0.002370	0.000567 0.001459	0.001447 0.003897	
3 64 3 2.750000	0.002915 0.000658	0.999991 0.000004	0.139444 0.007210	0.023628 0.007921	0.004651 0.008875	0.003217 0.009270	0.001646 0.005025	0.002197 0.006436	0.001888 0.001686	0.000204 0.001021	0.001551 0.006544	
3 64 3 2.760000	0.002870 0.000793	0.999992 0.000005	0.139292 0.001889	0.021822 0.007343	0.004475 0.009955	0.001518 0.004510	0.000789 0.002380	0.000403 0.001160	0.000159 0.000794	0.001483 0.004208	0.001450 0.005228	
3 64 3 2.770000	0.003023 0.001362	0.999991 0.000008	0.138224 0.007008	0.025313 0.006939	0.002730 0.007990	0.002268 0.008310	0.001045 0.003930	0.001045 0.004142	0.000937 0.004625	0.000366 0.001849	0.001340 0.006698	
3 64 3 2.780000	0.002825 0.000766	0.999992 0.000004	0.135314 0.008275	0.017736 0.009720	0.004921 0.008173	0.002832 0.005840	0.001050 0.005339	0.003800 0.009624	0.003945 0.008727	0.002037 0.009348	0.004065 0.009024	
3 64 3 2.790000	0.002664 0.000787	0.999993 0.000004	0.139506 0.006778	0.023454 0.007823	0.003283 0.005081	0.002387 0.009440	0.002002 0.003280	0.001062 0.004963	0.001577 0.007883	0.002265 0.004994	0.002447 0.005102	
3 64 3 2.800000	0.003006 0.000647	0.999991 0.000004	0.132913 0.004611	0.019513 0.009695	0.003882 0.007561	0.001431 0.003770	0.001917 0.006083	0.002457 0.005100	0.002313 0.005787	0.001696 0.006760	0.004816 0.009490	
3 64 3 2.810000	0.003055 0.000866	0.999991 0.000005	0.135802 0.007777	0.019272 0.009185	0.002298 0.006647	0.001012 0.004182	0.002329 0.007272	0.001800 0.005010	0.000786 0.003932	0.001565 0.004514	0.001819 0.005901	
3 64 3 2.820000	0.002755 0.000604	0.999992 0.000003	0.132735 0.005425	0.022535 0.005071	0.003409 0.008919	0.001213 0.003627	0.002505 0.005994	0.002265 0.005294	0.001068 0.005139	0.000000 0.000000	0.002170 0.008608	
3 64 3 2.830000	0.003464 0.000250	0.999988 0.000002	0.132230 0.005876	0.017077 0.008093	0.003882 0.007388	0.001177 0.004682	0.003577 0.003732	0.000103 0.000514	0.001815 0.005918	0.002044 0.006283	0.000003 0.000017	
3 64 3 2.840000	0.003349 0.000624	0.999989 0.000004	0.134105 0.008948	0.020341 0.007970	0.003428 0.009333	0.001194 0.003897	0.001220 0.006360	0.000891 0.003311	0.000995 0.004974	0.001015 0.005076	0.000993 0.003579	
3 64 3 2.850000	0.002824 0.000426	0.999992 0.000002	0.132516 0.003530	0.016692 0.009763	0.003043 0.008787	0.004256 0.008760	0.001847 0.005877	0.001735 0.004991	0.001011 0.004026	0.000000 0.000000	0.001921 0.004455	
3 64 3 2.860000	0.003083 0.001760	0.999990 0.000012	0.132872 0.009340	0.017746 0.004350	0.006504 0.006470	0.000516 0.002405	0.000538 0.002689	0.001146 0.003196	0.000217 0.001083	0.000779 0.003894	0.000626 0.003130	
3 64 3 2.870000	0.002815 0.000471	0.999992 0.000003	0.132645 0.008032	0.018299 0.007699	0.003236 0.009569	0.000016 0.000952	0.005131 0.005574	0.001101 0.002490	0.002050 0.005058	0.000306 0.001819	0.000910 0.001993	
3 64 3 2.880000	0.002609 0.000438	0.999993 0.000002	0.131501 0.008146	0.019797 0.008148	0.001878 0.004820	0.001830 0.004756	0.000682 0.003408	0.001704 0.005342	0.002162 0.006081	0.002255 0.005714	0.002151 0.007047	
3 64 3 2.890000	0.002708 0.001252	0.999992 0.000006	0.134604 0.005105	0.019337 0.009996	0.002357 0.007932	0.001622 0.006118	0.001915 0.004827	0.000173 0.000865	0.000606 0.002540	0.001247 0.004627	0.001014 0.003210	
3 64 3 2.900000	0.002993 0.001077	0.999991 0.000007	0.129353 0.008380	0.018566 0.009944	0.002147 0.006056	0.001327 0.005143	0.000031 0.000154	0.000991 0.002660	0.001712 0.004039	0.001414 0.002993	0.000034 0.000172	
3 64 3 2.910000	0.002960 0.001214	0.999991 0.000007	0.129597 0.009702	0.018597 0.006500	0.004986 0.005117	0.000307 0.001536	0.003069 0.007344	0.002889 0.008258	0.004195 0.005087	0.001648 0.004556	0.002163 0.006491	
3 64 3 2.920000	0.003164 0.000876	0.999990 0.000006	0.132613 0.008709	0.021890 0.007087	0.000653 0.003094	0.001941 0.009703	0.003521 0.007836	0.002453 0.006523	0.000000 0.000000	0.002319 0.007425	0.001470 0.003264	
3 64 3 2.930000	0.002875 0.001001	0.999992 0.000006	0.129971 0.007602	0.016779 0.004994	0.001868 0.009338	0.001402 0.004520	0.000184 0.000920	0.000698 0.003488	0.000601 0.001883	0.000000 0.000000	0.001463 0.003825	
3 64 3 2.940000	0.002989 0.002671	0.999990 0.000016	0.128944 0.009763	0.018857 0.008626	0.003081 0.009059	0.003400 0.009893	0.000561 0.002243	0.001164 0.005821	0.001606 0.004914	0.000718 0.003388	0.002986 0.009899	
3 64 3 2.950000	0.002901 0.001208	0.999991 0.000007	0.129491 0.004897	0.019291 0.003705	0.005232 0.009331	0.001709 0.006969	0.000809 0.004047	0.002792 0.005993	0.000158 0.000788	0.001009 0.002807	0.001442 0.008712	
3 64 3 2.960000	0.002974 0.000621	0.999991 0.000004	0.128791 0.008625	0.017450 0.006472	0.001841 0.004479	0.000665 0.002039	0.001762 0.003308	0.000449 0.001373	0.001046 0.003621	0.001886 0.006117	0.000431 0.001817	
3 64 3 2.970000	0.002847 0.001402	0.999992 0.000009	0.125154 0.009507	0.015858 0.006859	0.002970 0.005879	0.000517 0.002585	0.001093 0.003064	0.001509 0.003064	0.000000 0.000000	0.000514 0.002571	0.001811 0.004838	
3 64 3 2.980000	0.002836 0.001086	0.999992 0.000007	0.124502 0.008948	0.014797 0.007422	0.001676 0.008382	0.001921 0.006317	0.003294 0.007017	0.001426 0.003792	0.002367 0.005555	0.000000 0.000000	0.001997 0.008171	
3 64 3 2.990000	0.002903 0.001087	0.999991 0.000006	0.124715 0.008306	0.012745 0.003937	0.001578 0.005963	0.001591 0.004479	0.001084 0.002380	0.001117 0.005586	0.001108 0.003333	0.001114 0.004036	0.002994 0.006289	
3 64 3 3.000000	0.002972 0.000943	0.999991 0.000006	0.124315 0.009497	0.017911 0.004621	0.001855 0.007420	0.000000 0.000000	0.001524 0.006519	0.001675 0.006344	0.000768 0.003841	0.000000 0.000000	0.002259 0.002006	
3 64 3 3.010000	0.002669 0.000437	0.999993 0.000002	0.125035 0.008742	0.019151 0.008645	0.002015 0.004893	0.001786 0.004814	0.000647 0.001742	0.001068 0.005342	0.001140 0.005701	0.000833 0.002563	0.001333 0.005954	
3 64 3 3.020000	0.002901 0.000802	0.999991 0.000005	0.126017 0.002903	0.017237 0.008947	0.005477 0.008937	0.002832 0.005822	0.001524 0.003564	0.002415 0.006175	0.002398 0.004816	0.000266 0.001329	0.002092 0.004369	
3 64 3 3.030000	0.002834 0.000257	0.999992 0.000001	0.121532 0.006900	0.016654 0.008023	0.001937 0.004719	0.000484 0.001282	0.000330 0.001649	0.000673 0.003363	0.003308 0.007871	0.001072 0.003335	0.001897 0.008281	
3 64 3 3.040000	0.002815 0.000724	0.999992 0.000004	0.123646 0.009730	0.015007 0.006921	0.003188 0.008536	0.000871 0.003241	0.001299 0.006495	0.000991 0.003673	0.003590 0.006610	0.001950 0.004601	0.002595 0.008110	
3 64 3 3.050000	0.002755 0.001107	0.999992 0.000006	0.122969 0.005654	0.016328 0.005729	0.002643 0.006467	0.002938 0.008063	0.002038 0.005037	0.002826 0.006195	0.002497 0.006232	0.000435 0.002177	0.001954 0.007331	
3 64 3 3.060000	0.002562 0.001839	0.999993 0.000010	0.122602 0.007687	0.016820 0.005366	0.003088 0.005860	0.002393 0.009080	0.000610 0.001929	0.002906 0.008353	0.002906 0.007986	0.002029 0.007629	0.005038 0.009894	
3 64 3 3.070000	0.003076 0.000635	0.999990 0.000004	0.122513 0.009386	0.014817 0.009743	0.003818 0.007742	0.003520 0.008655	0.000592 0.002962	0.001061 0.003358	0.003553 0.008205	0.000683 0.001312	0.001341 0.002274	
3 64 3 3.080000	0.002639 0.000254	0.999993 0.000001	0.122581 0.009595	0.016812 0.005000	0.002731 0.005493	0.001754 0.004959	0.001261 0.005314	0.000231 0.001248	0.000912 0.004558	0.002967 0.008993	0.002918 0.008136	
3 64 3 3.090000	0.002856 0.000935	0.999992 0.000005	0.120433 0.009203	0.016576 0.004757	0.001331 0.005990	0.001832 0.005596	0.000230 0.001148	0.001340 0.005925	0.003648 0.009895	0.001612 0.003949	0.000467 0.001126	
3 64 3 3.100000	0.002620 0.000400	0.999993 0.000002	0.121227 0.009785	0.013467 0.003713	0.001661 0.003407	0.003635 0.009607	0.002606 0.006070	0.000991 0.003653	0.000477 0.002387	0.001950 0.006011	0.003549 0.009290	
3 64 3 3.110000	0.002656 0.001743	0.999993 0.000010	0.117673 0.008447	0.014683 0.008096	0.000631 0.003153	-0.000057 0.006721	-0.000196 0.000672	0.003417 0.007869	0.000459 0.002035	0.002508 0.007362	0.000763 0.002959	
3 64 3 3.120000	0.002558 0.002137	0.999993 0.000011	0.117893 0.009496	0.011405 0.006063	0.002457 0.008340	0.000000 0.000000	0.000724 0.003619	0.000000 0.000000	0.001953 0.006373	0.001820 0.009180	0.002657 0.007494	
3 64 3 3.130000	0.002634 0.001051	0.999993 0.000006	0.121624 0.006803	0.014254 0.008654	0.006483 0.009833	0.001398 0.002671	0.000937 0.004809	0.001322 0.003495	0.000000 0.000000	0.000386 0.001930	0.000581 0.001964	
3 64 3 3.140000	0.002920 0.000574	0.999991 0.000003	0.119133 0.006456	0.014624 0.008396	0.002794 0.005964	0.000552 0.002807	0.002308 0.009865	0.000139 0.000694	0.001306 0.003716	0.002047 0.009018	0.001753 0.005007	
3 64 3 3.150000	0.002844 0.000981	0.999992 0.000006	0.112816 0.007389	0.015689 0.009513	0.002298 0.006527	0.001816 0.005905	0.000000 0.000000	0.000029 0.000143	0.001287 0.003261	0.000164 0.000820	0.000568 0.002841	
3 64 3 3.160000	0.002752 0.001104	0.999992 0.000006	0.116553 0.008111	0.014520 0.008916	0.000630 0.003151	0.001889 0.005775	0.000515 0.002256	0.000995 0.004976	0.000254 0.001271	0.000319 0.001597	0.000000 0.000000	
3 64 3 3.170000	0.003027 0.000931	0.999991 0.000006	0.114060 0.009736	0.014914 0.008689	0.002621 0.005688	0.000498 0.002474	0.002105 0.005209	0.001808 0.007910	0.000769 0.003792	0.001293 0.006466	0.002250 0.009545	
3 64 3 3.180000	0.002705 0.001515	0.999992 0.000009	0.115932 0.002292	0.011592 0.005367	0.001972 0.006161	0.004770 0.009449	0.002315 0.005828	0.001778 0.007430	0.002803 0.006222	0.002520 0.008694	0.000000 0.000000	
3 64 3 3.190000	0.002678 0.000654	0.999993 0.000003	0.118923 0.008527	0.015173 0.009150	0.004755 0.008606	0.001468 0.004194	0.001527 0.004638	0.000651 0.002245	0.000960 0.003439	-0.000009 0.000043	0.000123 0.000616	
3 64 3 3.200000	0.002649 0.001089	0.999993 0.000006	0.117614 0.004738	0.014219 0.009554	0.002414 0.008761	0.002088 0.006057	0.001320 0.005355	0.001184 0.005918	0.001323 0.005194	0.000000 0.000000	0.002033 0.008045	
3 64 3 3.210000	0.002774 0.001110	0.999992 0.000006	0.121557 0.008494	0.014014 0.007207	0.003141 0.007370	0.001691 0.004648	0.001673 0.004756	0.002080 0.004522	0.002364 0.006994	0.001731 0.005634	0.004002 0.007992	
3 64 3 3.220000	0.002698 0.001634	0.999992 0.000008	0.113061 0.004763	0.015852 0.008090	0.002275 0.009225	0.002551 0.007623	0.000029 0.000146	0.000575 0.001992	0.002515 0.006770	0.001149 0.003107	0.000938 0.004692	
3 64 3 3.230000	0.002621 0.000512	0.999993 0.000003	0.115396 0.005028	0.013162 0.008643	0.003163 0.007244	0.000420 0.002101	0.002048 0.004768	0.000798 0.001462	0.001270 0.003858	0.000311 0.001523	0.002016 0.005688	
3 64 3 3.240000	0.002694 0.000435	0.999993 0.000002	0.115491 0.009356	0.013565 0.003566	0.001638 0.006542	0.000910 0.003842	0.000094 0.000470	0.000388 0.001381	0.000544 0.002719	0.003657 0.009966	0.000973 0.004866	
3 64 3 3.250000	0.002581 0.001452	0.999993 0.000008	0.113084 0.007587	0.013039 0.009043	0.001493 0.003494	0.000650 0.003328	0.001465 0.007326	0.000899 0.004494	0.001418 0.005798	0.001717 0.007466	0.000945 0.002939	
3 64 3 3.260000	0.002613 0.001168	0.999993 0.000006	0.115533 0.008361	0.010885 0.006369	0.002813 0.005164	0.001709 0.004685	0.002015 0.009879	0.000875 0.008998	0.002886 0.008713	0.001782 0.008911	0.002018 0.003580	
3 64 3 3.270000	0.002874 0.000751	0.999992 0.000004	0.114992 0.007352	0.010851 0.009645	0.003421 0.008350	0.000611 0.002742	0.001196 0.004489	0.001314 0.005742	0.000092 0.000462	0.001652 0.008473	0.002019 0.006954	
3 64 3 3.280000	0.002958 0.000597	0.999991 0.000004	0.106331 0.006601	0.010913 0.006787	0.001887 0.006047	0.002857 0.007604	0.000769 0.002242	0.002023 0.008990	0.000965 0.004826	0.000849 0.003418	0.001548 0.007740	
3 64 3 3.290000	0.002473 0.000326	0.999994 0.000002	0.111718 0.008691	0.015156 0.009382	0.002889 0.008206	0.000933 0.003594	0.001262 0.003073	0.002744 0.006164	0.000870 0.003766	0.000524 0.002312	0.000435 0.002177	
3 64 3 3.300000	0.002241 0.000609	0.999995 0.000003	0.111085 0.008399	0.012630 0.009797	0.001870 0.003787	0.000440 0.002202	0.000203 0.002266	0.002020 0.005073	0.003081 0.008496	0.000975 0.003428	0.001546 0.003582	
3 64 3 3.310000	0.002810 0.001434	0.999992 0.000008	0.114272 0.005475	0.011612 0.006628	0.001179 0.004404	0.001869 0.005961	0.000972 0.004859	0.000691 0.003455	0.000167 0.000835	0.002138 0.005374	0.002021 0.004060	
3 64 3 3.320000	0.002531 0.000297	0.999994 0.000002	0.111087 0.009969	0.011870 0.008851	0.003880 0.005641	0.004508 0.007464	0.000545 0.002726	0.000565 0.002447	0.000574 0.001479	0.000000 0.000000	0.002520 0.005037	
3 64 3 3.330000	0.002685 0.000690	0.999993 0.000004	0.110900 0.009922	0.012562 0.009843	0.001585 0.006131	0.001325 0.006326	0.001928 0.006444	0.000518 0.002345	0.001959 0.006245	0.002818 0.006453	0.000055 0.000273	
3 64 3 3.340000	0.002769 0.001310	0.999992 0.000007	0.110156 0.005728	0.014567 0.009881	0.004043 0.008489	0.000553 0.001458	0.000272 0.001359	0.000941 0.004235	0.003933 0.008861	0.001541 0.004600	0.001472 0.005045	
3 64 3 3.350000	0.002616 0.000769	0.999993 0.000004	0.110115 0.003906	0.016104 0.009630	0.003276 0.005178	0.000242 0.001212	0.000772 0.003872	0.001838 0.009188	0.001492 0.004307	0.000487 0.002997	0.002377 0.007094	
3 64 3 3.360000	0.002787 0.000485	0.999992 0.000003	0.108427 0.009955	0.013949 0.005936	0.001306 0.004922	0.001500 0.002894	0.003275 0.004529	0.001799 0.004424	0.001444 0.003998	0.000228 0.000592	0.000093 0.000463	
3 64 3 3.370000	0.002674 0.001102	0.999993 0.000006	0.109316 0.005153	0.015304 0.007148	0.002413 0.009457	0.001293 0.004707	0.001289 0.005289	0.001160 0.005798	0.000805 0.004023	0.002462 0.008955	0.000298 0.001490	
3 64 3 3.380000	0.002528 0.000592	0.999994 0.000003	0.106506 0.007281	0.013581 0.009529	0.001458 0.003415	0.002559 0.003858	0.002002 0.006953	0.004161 0.008261	0.000597 0.002008	0.005129 0.005609	0.000676 0.001821	
3 64 3 3.390000	0.002659 0.000435	0.999993 0.000002	0.111796 0.007243	0.014283 0.002415	0.002290 0.008136	0.001693 0.003618	0.000000 0.000000	0.000986 0.004468	0.002424 0.005471	0.001022 0.007161	0.001322 0.003377	
3 64 3 3.400000	0.002544 0.000342	0.999994 0.000002	0.107811 0.009725	0.011956 0.003607	0.000000 0.000000	0.001544 0.007465	0.002556 0.004452	-0.000018 0.000089	0.001699 0.007272	0.001165 0.002434	0.000039 0.000194	
3 64 3 3.410000	0.002237 0.000649	0.999995 0.000003	0.106023 0.004135	0.011396 0.009856	0.000973 0.003087	0.002518 0.003788	0.001627 0.005887	0.002223 0.007080	0.000084 0.000421	0.001942 0.003202	0.000578 0.001697	
3 64 3 3.420000	0.002849 0.001653	0.999992 0.000010	0.109746 0.009373	0.013908 0.008549	0.000343 0.001717	0.000949 0.004743	0.003576 0.009939	0.001430 0.006380	0.000834 0.001394	0.003782 0.005924	0.001257 0.003131	
3 64 3 3.430000	0.002865 0.000872	0.999992 0.000005	0.106726 0.008478	0.011064 0.008001	0.001453 0.004061	0.001598 0.007991	0.002926 0.006717	0.000723 0.003616	0.002772 0.009948	0.003048 0.008015	0.001809 0.009043	
3 64 3 3.440000	0.002482 0.001252	0.999994 0.000006	0.106505 0.005079	0.011682 0.009652	0.001787 0.004565	0.000751 0.004096	0.001569 0.004851	0.000881 0.004403	0.001027 0.003788	0.001003 0.004287	0.001845 0.005074	
3 64 3 3.450000	0.002645 0.000809	0.999993 0.000004	0.106871 0.009983	0.010154 0.007625	0.000941 0.002106	0.002016 0.005944	0.003802 0.007638	0.001834 0.006291	0.002728 0.005462	0.001678 0.007361	0.001473 0.003928	
3 64 3 3.460000	0.002703 0.001088	0.999993 0.000006	0.104711 0.007413	0.012154 0.008959	0.002620 0.008887	0.000168 0.000838	0.001551 0.005842	-0.000018 0.002144	0.001488 0.008543	0.004518 0.008309	0.000890 0.003823	
3 64 3 3.470000	0.002551 0.000926	0.999993 0.000005	0.103755 0.009020	0.010842 0.009418	0.003110 0.004568	0.001387 0.004351	0.000987 0.004752	0.002269 0.009184	0.002136 0.003447	0.003855 0.007810	0.000827 0.001802	
3 64 3 3.480000	0.002161 0.000735	0.999995 0.000003	0.104295 0.007637	0.009918 0.008836	0.002918 0.007162	0.002106 0.006657	0.000000 0.000000	0.002391 0.005670	0.000882 0.004410	0.002102 0.003768	0.002012 0.006859	
3 64 3 3.490000	0.002573 0.001080	0.999993 0.000006	0.103662 0.008131	0.013446 0.007473	0.002093 0.006172	0.002372 0.009990	0.000000 0.000000	0.000506 0.002528	0.001138 0.004808	0.000000 0.000000	0.002394 0.006533	
3 64 3 3.500000	0.002627 0.000634	0.999993 0.000003	0.101718 0.004976	0.009078 0.007587	0.001695 0.003534	0.001371 0.003797	0.001173 0.002306	0.000976 0.004357	0.002049 0.004169	0.000000 0.000000	0.000000 0.000000	
3 64 3 3.510000	0.002586 0.001570	0.999993 0.000009	0.101985 0.008833	0.009920 0.009369	0.000664 0.001696	0.000410 0.001236	0.002516 0.008022	0.003382 0.009508	0.000000 0.000000	0.001218 0.004436	0.001292 0.006462	
3 64 3 3.520000	0.002727 0.000874	0.999992 0.000005	0.105666 0.007029	0.011936 0.009304	0.002790 0.009726	0.001178 0.005890	0.001975 0.009560	0.002024 0.005495	0.000583 0.002913	0.001107 0.005537	0.001912 0.009560	
3 64 3 3.530000	0.002408 0.001254	0.999994 0.000006	0.105350 0.009002	0.009115 0.007051	0.002312 0.006709	0.000000 0.000000	0.004265 0.009213	0.000691 0.004462	0.001771 0.004958	0.000499 0.002493	0.001541 0.007116	
3 64 3 3.540000	0.002309 0.000682	0.999995 0.000003	0.101490 0.008451	0.010170 0.005973	0.001085 0.002826	0.000237 0.001184	0.000543 0.002716	0.001077 0.003547	0.002259 0.005816	0.001120 0.003157	0.000000 0.000000	
3 64 3 3.550000	0.002663 0.001181	0.999993 0.000007	0.102211 0.007177	0.007362 0.008483	0.004045 0.009140	0.000000 0.000000	0.000485 0.002999	0.000980 0.004900	0.003705 0.007095	0.001100 0.002872	0.001585 0.004652	
3 64 3 3.560000	0.002387 0.000993	0.999994 0.000005	0.100683 0.008644	0.010016 0.009544	0.002042 0.006471	0.001910 0.004169	0.000997 0.003186	0.000341 0.001704	0.001092 0.002434	0.001269 0.003106	0.001918 0.006843	
3 64 3 3.570000	0.002638 0.000673	0.999993 0.000004	0.102953 0.009834	0.014920 0.008499	0.002945 0.005919	0.000420 0.003047	0.002516 0.007347	0.001172 0.004408	0.001095 0.008604	0.000898 0.004491	0.004492 0.007809	
3 64 3 3.580000	0.002638 0.000610	0.999993 0.000003	0.098699 0.004878	0.012476 0.009502	0.002962 0.006419	0.002504 0.006916	0.001496 0.004312	0.000967 0.002513	0.000481 0.002406	0.000609 0.003046	0.001126 0.004065	
3 64 3 3.590000	0.002760 0.000965	0.999992 0.000005	0.101299 0.007855	0.012814 0.007822	0.003850 0.006616	0.000806 0.002910	0.000925 0.002633	0.000922 0.002366	0.002668 0.007538	0.003017 0.009863	0.001337 0.006451	
3 64 3 3.600000	0.002520 0.001600	0.999993 0.000009	0.100567 0.007934	0.012777 0.006300	0.002732 0.008372	0.005245 0.009228	0.004492 0.009244	0.000000 0.000000	0.001070 0.005351	0.002438 0.009196	0.002876 0.005578	
3 64 3 3.610000	0.002307 0.000780	0.999995 0.000004	0.100848 0.009901	0.011481 0.005168	0.002806 0.003380	0.001095 0.004523	0.001511 0.003810	0.000331 0.001083	0.000444 0.002218	0.003949 0.006951	0.001507 0.003655	
3 64 3 3.620000	0.002607 0.001171	0.999993 0.000006	0.099662 0.008967	0.007779 0.006498	0.002404 0.008020	0.001232 0.004513	0.000000 0.000000	0.000364 0.001822	0.002542 0.004074	0.000953 0.005559	0.001075 0.003034	
3 64 3 3.630000	0.002406 0.001389	0.999994 0.000007	0.100074 0.006096	0.009322 0.007354	0.002575 0.008383	0.002740 0.009384	0.001428 0.007140	0.000159 0.000795	0.001958 0.007641	0.001386 0.004056	0.001432 0.004760	
3 64 3 3.640000	0.002470 0.001240	0.999994 0.000007	0.096269 0.007625	0.008752 0.009214	0.001955 0.005442	0.000232 0.001567	0.001271 0.005408	0.000000 0.000000	0.002709 0.009754	0.000000 0.000000	0.000935 0.001859	
3 64 3 3.650000	0.002527 0.000990	0.999993 0.000005	0.099746 0.009878	0.010181 0.009772	0.003258 0.008790	0.001045 0.004199	0.002328 0.007144	0.003679 0.005440	0.002194 0.009537	0.000704 0.003522	0.001042 0.002329	
3 64 3 3.660000	0.002315 0.000554	0.999995 0.000003	0.099557 0.002562	0.011229 0.009315	0.002979 0.008209	0.000182 0.000909	0.002703 0.006660	0.001777 0.004512	0.001287 0.006436	0.000433 0.001149	0.000717 0.001957	
3 64 3 3.670000	0.002515 0.001242	0.999994 0.000006	0.097224 0.008686	0.010672 0.006536	0.000175 0.000862	0.002400 0.007577	0.001459 0.005644	0.003629 0.009968	0.001535 0.006922	0.001214 0.004678	0.002279 0.004244	
3 64 3 3.680000	0.002687 0.000843	0.999993 0.000004	0.096558 0.009124	0.009210 0.008001	0.001744 0.004630	0.000362 0.001339	0.000550 0.001758	0.000357 0.001784	0.001817 0.006495	0.000972 0.003895	0.002027 0.004664	
3 64 3 3.690000	0.002782 0.000973	0.999992 0.000006	0.100879 0.008861	0.010278 0.004239	0.000423 0.001102	0.000316 0.001580	0.000958 0.003083	0.001617 0.009890	0.001118 0.005588	0.001062 0.003678	0.000698 0.003488	
3 64 3 3.700000	0.002271 0.000390	0.999995 0.000002	0.098704 0.008263	0.010147 0.009525	0.001826 0.004642	0.001633 0.005070	0.002314 0.007455	0.001794 0.004496	0.002169 0.004827	0.006028 0.009173	0.001594 0.005135	
3 64 3 3.710000	0.002688 0.001126	0.999993 0.000006	0.098300 0.009858	0.008345 0.006218	0.000771 0.002995	0.001853 0.007531	0.001362 0.003474	0.000198 0.000992	0.001565 0.006857	0.000073 0.000307	0.000984 0.003041	
3 64 3 3.720000	0.002327 0.001136	0.999994 0.000005	0.096219 0.005711	0.009457 0.007650	0.000494 0.004213	0.002040 0.004102	0.001831 0.008408	0.001072 0.002994	0.004079 0.008939	0.002909 0.007100	0.002128 0.009537	
3 64 3 3.730000	0.002395 0.000575	0.999994 0.000003	0.095930 0.008142	0.010133 0.007050	0.002376 0.005258	0.000987 0.002185	0.000268 0.001340	0.003294 0.009088	0.001535 0.004041	0.004659 0.006662	0.001270 0.004188	
3 64 3 3.740000	0.002543 0.001032	0.999993 0.000005	0.094142 0.004666	0.010924 0.009171	0.001573 0.004950	0.001495 0.004497	0.001585 0.007535	0.001896 0.004283	0.001007 0.005033	0.002332 0.005892	0.000781 0.003492	
3 64 3 3.750000	0.002330 0.001059	0.999994 0.000005	0.094486 0.009912	0.010070 0.007250	0.003178 0.008743	0.000877 0.004383	0.001756 0.006434	0.000000 0.000000	0.003135 0.006850	-0.000084 0.000420	0.001704 0.005493	
3 64 3 3.760000	0.002321 0.000986	0.999995 0.000004	0.096725 0.008847	0.009933 0.008417	0.001477 0.004693	0.002131 0.004032	0.001935 0.001647	0.001467 0.003848	0.000000 0.000000	0.001405 0.005930	0.001217 0.002219	
3 64 3 3.770000	0.002201 0.001145	0.999995 0.000005	0.098870 0.008379	0.010257 0.009297	0.001640 0.004640	0.000273 0.001367	0.000751 0.004305	0.000000 0.000000	0.000653 0.003778	0.002290 0.006876	0.001375 0.006682	
3 64 3 3.780000	0.002586 0.000303	0.999993 0.000002	0.095053 0.002800	0.010815 0.009825	0.001667 0.005693	0.000000 0.000000	0.000388 0.001941	0.001693 0.003774	0.001294 0.006471	0.000676 0.002160	0.000422 0.001868	
3 64 3 3.790000	0.002577 0.000313	0.999993 0.000002	0.096343 0.006667	0.009919 0.009154	0.001479 0.004043	0.000283 0.001414	0.001288 0.003947	0.002909 0.004649	0.001096 0.003473	0.000753 0.005222	0.000469 0.001218	
3 64 3 3.800000	0.002421 0.000483	0.999994 0.000002	0.094975 0.002312	0.009314 0.009917	0.001456 0.004886	0.002440 0.007104	0.001380 0.006898	0.000478 0.003858	0.001051 0.005254	0.002137 0.007195	0.000716 0.003579	
3 64 3 3.810000	0.002487 0.000328	0.999994 0.000002	0.096201 0.007981	0.007931 0.009545	0.003141 0.005754	0.001055 0.005277	0.002356 0.005685	0.004018 0.009190	0.000258 0.003092	0.003361 0.007625	0.000763 0.003363	
3 64 3 3.820000	0.002336 0.000688	0.999994 0.000003	0.093674 0.007397	0.008543 0.009554	0.001568 0.006431	0.001701 0.008408	0.001029 0.003761	0.000156 0.001793	0.001744 0.005627	0.001988 0.005653	0.003367 0.007997	
3 64 3 3.830000	0.002529 0.000563	0.999994 0.000003	0.094802 0.008325	0.008811 0.005124	0.000896 0.004479	0.000870 0.004349	0.001764 0.006473	0.000243 0.001217	0.002004 0.006744	0.001111 0.005543	0.000848 0.003531	
3 64 3 3.840000	0.002442 0.000525	0.999994 0.000003	0.092502 0.006984	0.009987 0.009253	0.000422 0.002112	0.001403 0.004309	0.001300 0.006065	0.000075 0.000374	0.000739 0.002789	0.000911 0.001872	0.000000 0.000000	
3 64 3 3.850000	0.002585 0.000751	0.999993 0.000004	0.095235 0.005951	0.010212 0.003562	0.000272 0.001359	0.002332 0.008385	0.000934 0.003954	0.004374 0.008650	0.002372 0.004838	0.001021 0.004026	0.002124 0.006796	
3 64 3 3.860000	0.002637 0.001233	0.999993 0.000007	0.096141 0.006587	0.006187 0.004040	0.002304 0.004451	0.000000 0.000000	0.002389 0.007445	0.000029 0.000700	0.001793 0.004421	0.003196 0.006709	0.000220 0.001099	
3 64 3 3.870000	0.002266 0.000563	0.999995 0.000003	0.092109 0.004538	0.007655 0.008783	0.001065 0.003920	0.003994 0.009412	0.000292 0.001262	0.002218 0.005572	0.000800 0.003682	0.001650 0.006718	0.000766 0.001808	
3 64 3 3.880000	0.002276 0.000816	0.999995 0.000004	0.094287 0.008850	0.007252 0.007689	0.001287 0.003899	0.004064 0.007162	0.002544 0.008608	0.001350 0.003445	0.001211 0.004061	0.002744 0.007036	0.001634 0.006427	
3 64 3 3.890000	0.002409 0.000468	0.999994 0.000002	0.093613 0.009355	0.009475 0.004858	0.003666 0.008304	0.001825 0.006611	0.002100 0.008584	0.001574 0.004495	0.002205 0.005611	0.001672 0.008361	0.005029 0.004903	
3 64 3 3.900000	0.002221 0.000619	0.999995 0.000003	0.089984 0.008886	0.007554 0.009118	0.003159 0.003442	0.001659 0.003107	0.001530 0.004181	0.001055 0.002885	-0.000008 0.000042	0.002314 0.006160	0.001066 0.002905	
3 64 3 3.910000	0.002596 0.000888	0.999993 0.000005	0.093736 0.009287	0.010042 0.009996	0.000495 0.002474	0.001680 0.004183	0.000987 0.003108	0.002053 0.006693	0.000463 0.002315	0.000201 0.002532	0.001414 0.003631	
3 64 3 3.920000	0.002335 0.000699	0.999994 0.000003	0.092088 0.008500	0.007894 0.008889	0.001243 0.005190	0.002295 0.007449	0.000120 0.000600	0.001177 0.005887	0.001969 0.003057	0.001445 0.002993	0.000955 0.002496	
3 64 3 3.930000	0.002835 0.001175	0.999992 0.000007	0.091153 0.005026	0.009602 0.009463	0.001368 0.006089	0.000635 0.003175	0.001742 0.005406	0.002294 0.005908	0.001917 0.004914	0.001308 0.003282	0.002519 0.005199	
3 64 3 3.940000	0.002526 0.001410	0.999993 0.000007	0.086910 0.007588	0.007248 0.007920	0.004124 0.009716	0.000408 0.002040	0.002722 0.007896	0.000000 0.000000	0.000480 0.002401	0.001131 0.003329	0.001641 0.003492	
