3 100 2 2.600000	0.002925 0.001093	0.999991 0.000006	0.235900 0.008780	0.070549 0.006446	0.022620 0.009561	0.010618 0.008239	0.005754 0.008833	0.003089 0.004736	0.000923 0.003921	0.001382 0.002772	0.003825 0.003732	
3 100 2 2.610000	0.002793 0.000872	0.999992 0.000005	0.230650 0.009657	0.067082 0.008895	0.020958 0.006939	0.008346 0.005958	0.002314 0.004914	0.002577 0.005184	0.003030 0.006141	0.001468 0.007339	0.000000 0.000000	
3 100 2 2.620000	0.002719 0.000236	0.999993 0.000001	0.231684 0.009889	0.066918 0.004584	0.023048 0.007027	0.010708 0.008084	0.002453 0.005840	0.004476 0.008738	0.002072 0.004629	0.001374 0.005739	0.001993 0.005376	
3 100 2 2.630000	0.002904 0.001387	0.999991 0.000008	0.232585 0.007539	0.064286 0.005190	0.022781 0.006772	0.008586 0.009264	0.003965 0.008887	0.001666 0.004300	0.001318 0.005124	0.001037 0.005183	0.002569 0.003706	
3 100 2 2.640000	0.002562 0.001082	0.999993 0.000005	0.233207 0.006446	0.062353 0.006464	0.021264 0.008042	0.009822 0.009651	0.000992 0.002421	0.002911 0.008106	0.002435 0.004879	0.002052 0.006489	0.000395 0.002139	
3 100 2 2.650000	0.002703 0.000494	0.999993 0.000003	0.226742 0.009844	0.061515 0.009675	0.021624 0.009379	0.006264 0.007593	0.004970 0.004118	0.002401 0.004925	0.000000 0.000000	0.002282 0.006264	0.001790 0.007120	
3 100 2 2.660000	0.002495 0.000304	0.999994 0.000001	0.227919 0.003638	0.065458 0.004861	0.021351 0.003248	0.007135 0.009669	0.004545 0.003004	0.000433 0.001337	0.002802 0.006327	0.000146 0.000693	0.001167 0.003473	
3 100 2 2.670000	0.002596 0.000543	0.999993 0.000003	0.225534 0.009893	0.062708 0.006837	0.018726 0.004888	0.009115 0.006369	0.005292 0.003940	0.001628 0.005698	0.001122 0.002827	0.000353 0.001511	0.001015 0.005073	
3 100 2 2.680000	0.002411 0.000856	0.999994 0.000004	0.225932 0.006272	0.061665 0.007416	0.020377 0.009978	0.005649 0.005219	0.003816 0.008113	0.000834 0.004170	0.003593 0.006357	0.001838 0.006517	0.000360 0.001371	
3 100 2 2.690000	0.002228 0.000781	0.999995 0.000004	0.228742 0.009543	0.058292 0.008459	0.021820 0.009562	0.005991 0.009770	0.002119 0.009043	0.000000 0.000000	0.001099 0.003300	0.001677 0.005490	0.003395 0.009022	
3 100 2 2.700000	0.002455 0.000786	0.999994 0.000004	0.223616 0.008915	0.058654 0.006515	0.021309 0.008944	0.004427 0.008298	0.003057 0.008396	0.000761 0.003040	0.001553 0.004860	0.001517 0.006096	0.001455 0.004659	
