3 100 3 1.700000	0.770417 0.000573	0.406457 0.000883	0.056863 0.006831	0.011676 0.009903	0.002675 0.008820	0.002799 0.006291	0.000145 0.000725	0.001875 0.008700	0.000000 0.000000	0.000265 0.001323	0.001715 0.004340	
3 100 3 1.710000	0.759612 0.002500	0.422989 0.003798	0.068996 0.007829	0.012882 0.007120	0.003122 0.007436	0.001895 0.005277	0.000841 0.003342	0.002320 0.003919	0.000000 0.000000	0.000186 0.000931	0.002726 0.009467	
3 100 3 1.720000	0.746435 0.001699	0.442835 0.002537	0.066533 0.009938	0.015593 0.009353	0.002301 0.005641	0.000895 0.003473	0.000961 0.002713	0.002606 0.007383	0.000973 0.004863	0.000000 0.000000	0.000803 0.004013	
3 100 3 1.730000	0.733219 0.000736	0.462389 0.001080	0.075054 0.008805	0.016730 0.009946	0.002280 0.004161	0.002528 0.005404	0.000810 0.002033	0.001020 0.004604	0.000779 0.002397	0.002969 0.005652	0.000416 0.002081	
3 100 3 1.740000	0.718185 0.001130	0.484210 0.001623	0.080674 0.008926	0.018376 0.005080	0.004120 0.009820	0.002370 0.006700	0.000968 0.004609	0.000120 0.000600	0.001986 0.006748	0.000000 0.000000	0.001199 0.003183	
3 100 3 1.750000	0.700208 0.001828	0.509708 0.002559	0.087294 0.009493	0.018638 0.008726	0.004875 0.008937	0.001094 0.005167	0.001627 0.007581	0.000370 0.000992	0.000000 0.000000	0.000259 0.001293	0.001106 0.005530	
3 100 3 1.760000	0.680571 0.004574	0.536821 0.006231	0.095942 0.007954	0.024650 0.009127	0.003815 0.008369	0.002994 0.008931	0.001743 0.004582	0.001821 0.005389	0.000000 0.000000	0.001175 0.004844	0.001980 0.003457	
3 100 3 1.770000	0.661249 0.002406	0.562749 0.003183	0.103318 0.009417	0.027840 0.009803	0.009881 0.005608	0.000909 0.004544	0.000548 0.001451	0.001065 0.003740	0.001776 0.005508	0.000383 0.001917	0.000000 0.000000	
3 100 3 1.780000	0.635529 0.000942	0.596103 0.001198	0.120810 0.006467	0.031918 0.003692	0.012184 0.009882	0.001134 0.002866	0.001196 0.003705	0.000769 0.003384	0.002313 0.006051	0.000873 0.004366	0.001525 0.005189	
3 100 3 1.790000	0.603505 0.001575	0.635782 0.001902	0.132043 0.008756	0.036834 0.008575	0.013832 0.009203	0.005826 0.009785	0.001014 0.004981	0.003484 0.005416	0.000879 0.002442	0.001219 0.004229	0.001374 0.006868	
3 100 3 1.800000	0.561806 0.006671	0.684369 0.007499	0.151254 0.006351	0.046190 0.009777	0.019054 0.008562	0.010568 0.005330	0.002337 0.005635	0.001790 0.004838	0.002005 0.005395	0.000000 0.000000	0.001118 0.005588	
