3 100 5 1.000000	0.984016 0.004170	0.031710 0.008198	0.000810 0.002996	0.001002 0.002540	0.001001 0.005005	0.000420 0.002101	0.000969 0.002211	0.000691 0.002250	0.001038 0.002320	0.000048 0.000242	0.000387 0.001936	
3 100 5 1.010000	0.982820 0.004409	0.034063 0.008658	0.001145 0.002716	0.000000 0.000000	0.001401 0.005782	0.001791 0.005896	0.001015 0.003794	0.000198 0.000992	0.000629 0.003147	0.000792 0.003961	0.001902 0.006313	
3 100 5 1.020000	0.978169 0.004520	0.043182 0.008837	0.002622 0.007189	0.002206 0.007544	0.003323 0.009036	0.001882 0.004711	0.002872 0.006536	0.001230 0.003341	0.003799 0.008772	0.001929 0.005106	0.001014 0.003443	
3 100 5 1.030000	0.980512 0.004393	0.038594 0.008606	0.002649 0.005043	0.001188 0.003287	0.001587 0.003546	0.000976 0.003701	0.001050 0.003207	0.000000 0.000000	0.000634 0.003170	0.000000 0.000000	0.001285 0.002713	
3 100 5 1.040000	0.979131 0.005065	0.041298 0.009907	0.001338 0.005371	0.001576 0.005048	0.000000 0.000000	0.001819 0.005392	0.000000 0.000000	0.000749 0.003028	0.001498 0.003332	0.000000 0.000000	0.001542 0.004239	
3 100 5 1.050000	0.976317 0.004051	0.046804 0.007909	0.001783 0.003557	0.003811 0.005931	0.000983 0.002695	0.001510 0.003184	0.002303 0.006877	0.002473 0.005342	0.000695 0.003476	0.001031 0.003435	0.000626 0.002166	
3 100 5 1.060000	0.976362 0.004560	0.046713 0.008898	0.001913 0.005916	0.001888 0.004997	0.001209 0.003172	0.001478 0.005029	0.001374 0.004279	0.000849 0.003046	0.001801 0.003425	0.000880 0.002622	0.002022 0.004279	
3 100 5 1.070000	0.974624 0.004464	0.050106 0.008696	0.002035 0.005055	0.001598 0.003025	0.000137 0.000684	0.000743 0.002987	0.000374 0.001872	0.001430 0.004335	0.000588 0.002940	0.000122 0.000610	0.001506 0.004335	
3 100 5 1.080000	0.973893 0.004756	0.051529 0.009251	0.003426 0.005368	0.001188 0.005940	0.002454 0.006788	0.000308 0.001181	0.000786 0.003931	0.000358 0.001788	0.002200 0.008068	0.000945 0.002576	0.000372 0.001862	
3 100 5 1.090000	0.966727 0.005031	0.065434 0.009731	0.007670 0.003015	0.003686 0.007674	0.002935 0.006196	0.004116 0.006341	0.002835 0.008149	0.004124 0.006465	0.003164 0.006623	0.004543 0.004262	0.001697 0.004071	
3 100 5 1.100000	0.968633 0.003718	0.061749 0.007200	0.003392 0.002154	0.002057 0.007007	0.000997 0.002740	0.001750 0.003843	0.000000 0.000000	0.000525 0.001356	0.002706 0.009260	0.000000 0.000000	0.000532 0.001907	
