3 100 5 0.100000	0.999655 0.001489	0.000669 0.002981	0.000045 0.000227	0.000000 0.000000	0.000045 0.000227	0.000000 0.000000	0.000000 0.000000	0.000000 0.000000	0.000000 0.000000	0.000045 0.000227	0.000000 0.000000	
3 100 5 0.110000	0.999198 0.004007	0.001600 0.007999	0.000000 0.000000	0.000000 0.000000	0.000000 0.000000	0.000000 0.000000	0.000000 0.000000	0.000000 0.000000	0.000000 0.000000	0.000000 0.000000	0.000000 0.000000	
3 100 5 0.120000	0.999536 0.001725	0.000924 0.003464	0.000552 0.002214	0.000148 0.000414	0.000065 0.000190	0.000065 0.000190	0.000121 0.000414	0.000065 0.000190	0.000148 0.000414	0.000027 0.000134	0.000065 0.000190	
3 100 5 0.130000	0.999999 0.000006	0.000000 0.000000	0.000000 0.000000	0.000000 0.000000	0.000000 0.000000	0.000000 0.000000	0.000000 0.000000	0.000000 0.000000	0.000000 0.000000	0.000000 0.000000	0.000000 0.000000	
3 100 5 0.140000	0.999115 0.004282	0.001759 0.008545	0.000000 0.000000	0.000033 0.000167	0.000000 0.000000	0.000000 0.000000	0.000000 0.000000	0.000000 0.000000	0.000000 0.000000	0.000000 0.000000	0.000000 0.000000	
3 100 5 0.150000	0.999080 0.004589	0.001831 0.009156	0.000373 0.001865	0.000000 0.000000	0.000784 0.003918	0.000195 0.000974	0.000926 0.004632	0.000623 0.003115	0.000000 0.000000	0.000000 0.000000	0.000000 0.000000	
3 100 5 0.160000	0.994499 0.003508	0.010970 0.006978	0.004949 0.007514	0.005070 0.008298	0.004941 0.008610	0.003858 0.006204	0.005923 0.002484	0.005122 0.004717	0.005157 0.005966	0.004239 0.008259	0.006184 0.004478	
3 100 5 0.170000	0.999079 0.004460	0.001825 0.008900	0.000045 0.000227	0.000000 0.000000	0.000045 0.000227	0.000000 0.000000	0.000045 0.000227	0.000045 0.000227	0.000045 0.000227	0.000000 0.000000	0.000045 0.000227	
3 100 5 0.180000	0.999402 0.001928	0.001176 0.003861	0.000383 0.001917	0.000000 0.000000	0.000265 0.001078	0.000000 0.000000	0.000000 0.000000	0.000350 0.001500	0.000411 0.002056	0.000050 0.000249	0.000000 0.000000	
3 100 5 0.190000	0.998544 0.003643	0.002905 0.007290	0.001031 0.003998	0.000312 0.001414	0.000845 0.004081	0.000845 0.004081	0.000262 0.001164	0.000248 0.001092	0.000168 0.000842	0.000464 0.001676	0.000000 0.000000	
3 100 5 0.200000	0.999228 0.002009	0.001537 0.004014	0.000659 0.002943	0.000873 0.004014	0.000528 0.002288	0.000516 0.002229	0.000589 0.002943	0.000599 0.002645	0.000696 0.003479	0.000611 0.002705	0.000529 0.002645	
