3 100 4 2.700000	0.001253 0.000286	0.999998 0.000001	0.108255 0.006745	0.014273 0.009490	0.004178 0.009502	0.001936 0.007776	0.000332 0.001658	0.000240 0.001973	0.000544 0.002720	0.000735 0.003756	0.003010 0.009720	
3 100 4 2.710000	0.001362 0.000721	0.999998 0.000002	0.103716 0.008468	0.011533 0.008914	0.002302 0.005280	0.001285 0.003672	0.000971 0.005028	0.001621 0.006273	0.002416 0.007269	0.000539 0.001808	0.000535 0.001567	
3 100 4 2.720000	0.001225 0.000308	0.999998 0.000001	0.101687 0.008888	0.009531 0.006333	0.001422 0.005840	-0.000254 0.003682	0.004485 0.009332	0.003552 0.008265	0.002501 0.003998	0.001725 0.004265	0.001535 0.003942	
3 100 4 2.730000	0.001303 0.000484	0.999998 0.000001	0.103357 0.009256	0.011225 0.007344	0.002652 0.005289	0.001191 0.003312	0.000733 0.003666	0.000929 0.002628	0.001110 0.003776	0.001023 0.002122	0.000000 0.000000	
3 100 4 2.740000	0.001317 0.000374	0.999998 0.000001	0.103779 0.009896	0.014809 0.009485	0.000000 0.000000	0.001932 0.004886	0.003497 0.007807	0.000062 0.000310	0.001408 0.005707	0.003849 0.008951	0.002995 0.008221	
3 100 4 2.750000	0.001104 0.000478	0.999999 0.000001	0.104956 0.009744	0.010883 0.007112	0.001993 0.006706	0.002132 0.005036	0.000755 0.003776	0.002251 0.007703	0.000373 0.001865	0.000207 0.001035	0.000148 0.000739	
3 100 4 2.760000	0.001317 0.000229	0.999998 0.000001	0.103776 0.009956	0.010241 0.006990	0.000287 0.001718	0.001056 0.005282	0.003167 0.004961	0.005474 0.007302	0.002342 0.007200	0.003046 0.008838	0.000000 0.000000	
3 100 4 2.770000	0.001338 0.000115	0.999998 0.000000	0.104249 0.007594	0.008173 0.009082	0.000782 0.003167	0.001391 0.005018	0.001195 0.002530	0.000846 0.003788	0.001233 0.007091	0.001050 0.005251	0.003204 0.004817	
3 100 4 2.780000	0.001225 0.000304	0.999998 0.000001	0.104443 0.006864	0.013409 0.008628	0.000579 0.004078	0.000008 0.000039	0.000000 0.000000	0.000291 0.001453	0.000000 0.000000	0.001979 0.005571	0.002768 0.008761	
3 100 4 2.790000	0.001282 0.000250	0.999998 0.000001	0.101329 0.009011	0.009814 0.007019	0.000566 0.002830	0.003057 0.007528	0.000585 0.001168	0.002998 0.006999	0.000672 0.003499	0.001165 0.002544	0.002048 0.006119	
3 100 4 2.800000	0.001501 0.000482	0.999998 0.000001	0.100657 0.007320	0.011923 0.009439	0.000909 0.004696	0.002033 0.004696	0.003106 0.007819	0.000908 0.003776	0.001433 0.002919	0.001115 0.002801	0.000816 0.001716	
