3 100 4 2.400000	0.001486 0.001087	0.999998 0.000003	0.123964 0.008443	0.012420 0.009611	0.000906 0.004391	0.000506 0.002532	0.001714 0.004987	0.000702 0.002051	0.000494 0.002856	0.003306 0.009014	0.001084 0.006244	
3 100 4 2.410000	0.001526 0.000872	0.999998 0.000003	0.122425 0.008859	0.015627 0.008612	0.001643 0.007124	0.001819 0.007217	0.001935 0.007862	0.001755 0.005923	0.001628 0.005225	-0.000159 0.000796	0.001153 0.003492	
3 100 4 2.420000	0.001490 0.000632	0.999998 0.000002	0.123425 0.009137	0.014562 0.008972	0.003883 0.006897	0.000608 0.001665	0.001584 0.004441	0.002034 0.003591	0.000708 0.002269	0.000671 0.002768	-0.000001 0.000003	
3 100 4 2.430000	0.001423 0.000448	0.999998 0.000001	0.121201 0.008297	0.016122 0.008030	0.001658 0.005628	0.000533 0.002664	0.001235 0.002664	0.001430 0.005522	0.000328 0.001763	0.000000 0.000000	0.001425 0.002280	
3 100 4 2.440000	0.001545 0.000578	0.999998 0.000002	0.121388 0.007680	0.014120 0.004017	0.002690 0.006567	0.002953 0.006166	0.000355 0.001775	0.000770 0.003849	0.003993 0.006942	0.000221 0.001261	0.000860 0.004385	
3 100 4 2.450000	0.001326 0.000360	0.999998 0.000001	0.120766 0.009397	0.015713 0.009048	0.001177 0.004478	0.001537 0.004648	0.003004 0.006876	0.000740 0.003090	0.001917 0.004362	0.000979 0.002896	0.001416 0.003305	
3 100 4 2.460000	0.001268 0.000283	0.999998 0.000001	0.119211 0.006318	0.015864 0.009619	0.001677 0.007702	0.000722 0.003610	0.001399 0.004887	0.002588 0.005776	0.000550 0.003329	0.002061 0.006257	0.002459 0.008143	
3 100 4 2.470000	0.001376 0.000457	0.999998 0.000001	0.119234 0.008924	0.015273 0.006347	0.002267 0.004279	0.000473 0.001246	0.001632 0.005253	0.001017 0.002581	0.000895 0.004976	0.001693 0.005010	0.001194 0.005969	
3 100 4 2.480000	0.001700 0.000767	0.999997 0.000003	0.118435 0.009082	0.019489 0.005270	0.000708 0.003171	0.000000 0.000000	0.001237 0.006185	0.000000 0.000000	0.000732 0.003310	0.000407 0.001456	0.000282 0.001410	
3 100 4 2.490000	0.001357 0.000391	0.999998 0.000001	0.116734 0.009973	0.014935 0.006185	0.002821 0.007517	0.000038 0.000192	0.002072 0.005687	-0.000182 0.000714	0.001145 0.002754	0.000334 0.002931	0.001802 0.004584	
3 100 4 2.500000	0.001472 0.000439	0.999998 0.000001	0.115617 0.010000	0.018110 0.006845	0.001501 0.005833	0.001877 0.002760	0.000000 0.000000	0.001500 0.005228	0.001070 0.005350	0.000323 0.001616	0.001268 0.003059	
