3 100 5 0.900000	0.991788 0.003657	0.016355 0.007248	0.000673 0.003366	0.001306 0.002829	0.000739 0.003697	0.000406 0.002031	0.000900 0.002343	0.000614 0.003072	0.000000 0.000000	0.000000 0.000000	0.001158 0.003202	
3 100 5 0.910000	0.991319 0.004669	0.017283 0.009243	0.001413 0.004073	0.000384 0.001112	0.000000 0.000000	0.000413 0.001038	0.000014 0.000071	0.001565 0.003413	0.000889 0.002523	0.000450 0.001502	0.000009 0.000047	
3 100 5 0.920000	0.990600 0.004937	0.018708 0.009768	0.001324 0.005109	0.000823 0.002537	0.000235 0.001173	0.000859 0.004294	0.001446 0.006099	0.000637 0.002905	0.001455 0.004979	0.001070 0.004053	0.000441 0.001702	
3 100 5 0.930000	0.986378 0.004941	0.027054 0.009742	0.005188 0.008962	0.002663 0.008360	0.002057 0.007502	0.000851 0.002897	0.001150 0.005752	0.000690 0.003450	0.002109 0.004544	0.001770 0.006376	0.001712 0.006484	
3 100 5 0.940000	0.988390 0.004647	0.023083 0.009178	0.001136 0.003394	0.001007 0.005037	0.000000 0.000000	0.000542 0.002711	0.001063 0.005315	0.000437 0.002185	0.000904 0.002914	0.000000 0.000000	0.000972 0.004644	
3 100 5 0.950000	0.988393 0.003472	0.023078 0.006857	0.000336 0.001680	0.000274 0.001372	0.000331 0.001657	0.000851 0.004257	0.000988 0.003525	0.000000 0.000000	0.000000 0.000000	0.000685 0.003423	0.000608 0.003041	
3 100 5 0.960000	0.986984 0.004247	0.025861 0.008376	0.000849 0.002177	0.000734 0.003672	0.000352 0.001613	0.000000 0.000000	0.001189 0.002569	0.000916 0.004578	0.000793 0.003966	0.000327 0.001635	0.001305 0.004299	
3 100 5 0.970000	0.986753 0.003917	0.026316 0.007723	0.002036 0.005307	0.001415 0.003596	0.001242 0.003946	0.000444 0.001326	0.000325 0.000676	0.000982 0.004911	0.000557 0.002786	0.000177 0.000883	0.000495 0.001967	
3 100 5 0.980000	0.984818 0.004209	0.030131 0.008291	0.002249 0.003928	0.001746 0.006341	0.001358 0.002585	0.000561 0.001713	0.000263 0.001317	0.000966 0.002700	0.000000 0.000000	0.000369 0.001843	0.000268 0.001341	
3 100 5 0.990000	0.985291 0.004062	0.029198 0.007996	0.002432 0.005331	0.000765 0.003005	0.000488 0.001981	0.000802 0.004012	0.001437 0.003300	0.000526 0.001498	0.000647 0.001967	0.000476 0.002380	0.001191 0.003373	
3 100 5 1.000000	0.984074 0.004480	0.031595 0.008807	0.001661 0.002969	0.000040 0.000202	0.000491 0.001635	0.000000 0.000000	0.002002 0.004152	0.000784 0.003418	0.000481 0.002002	0.001058 0.001885	0.000845 0.003518	
