3 100 2 0.600000	0.999908 0.000008	0.000184 0.000016	0.000184 0.000016	0.000147 0.000192	0.000149 0.000192	0.000112 0.000192	0.000184 0.000016	0.000110 0.000192	0.000184 0.000016	0.000112 0.000192	0.000149 0.000192	
3 100 2 0.610000	0.999889 0.000038	0.000222 0.000076	0.000222 0.000076	0.000130 0.000252	0.000172 0.000252	0.000172 0.000252	0.000222 0.000076	0.000222 0.000076	0.000222 0.000076	0.000222 0.000076	0.000222 0.000076	
3 100 2 0.620000	0.999874 0.000036	0.000252 0.000072	0.000158 0.000288	0.000201 0.000288	0.000252 0.000072	0.000147 0.000264	0.000252 0.000072	0.000148 0.000288	0.000252 0.000072	0.000143 0.000264	0.000101 0.000288	
3 100 2 0.630000	0.999826 0.000020	0.000348 0.000040	0.000278 0.000364	0.000275 0.000356	0.000209 0.000364	0.000277 0.000364	0.000278 0.000364	0.000207 0.000364	0.000283 0.000364	0.000212 0.000364	0.000278 0.000364	
3 100 2 0.640000	0.999823 0.000040	0.000354 0.000080	0.000074 0.000368	0.000354 0.000080	0.000354 0.000080	0.000292 0.000392	0.000288 0.000392	0.000354 0.000080	0.000202 0.000368	0.000218 0.000392	0.000276 0.000368	
3 100 2 0.650000	0.999808 0.000034	0.000385 0.000068	0.000306 0.000416	0.000146 0.000380	0.000302 0.000396	0.000222 0.000384	0.000222 0.000384	0.000302 0.000396	0.000236 0.000416	0.000308 0.000416	0.000229 0.000416	
3 100 2 0.660000	0.999758 0.000054	0.000483 0.000108	0.000185 0.000484	0.000483 0.000108	0.000290 0.000536	0.000378 0.000536	0.000281 0.000536	0.000292 0.000536	0.000301 0.000536	0.000191 0.000528	0.000386 0.000536	
3 100 2 0.670000	0.999739 0.000030	0.000522 0.000060	0.000307 0.000540	0.000305 0.000528	0.000207 0.000528	0.000206 0.000540	0.000307 0.000540	0.000319 0.000548	0.000323 0.000548	0.000207 0.000548	0.000206 0.000540	
3 100 2 0.680000	0.999699 0.000034	0.000602 0.000068	0.000358 0.000616	0.000242 0.000616	0.000476 0.000616	0.000481 0.000632	0.000602 0.000068	0.000362 0.000632	0.000481 0.000632	0.000245 0.000616	0.000239 0.000632	
3 100 2 0.690000	0.999646 0.000038	0.000709 0.000076	0.000426 0.000744	0.000293 0.000744	0.000425 0.000744	0.000425 0.000744	0.000000 0.000000	0.000426 0.000720	0.000433 0.000744	0.000420 0.000720	0.000431 0.000744	
3 100 2 0.700000	0.999602 0.000068	0.000796 0.000136	0.000470 0.000872	0.000495 0.000788	0.000628 0.000872	0.000214 0.000744	0.000628 0.000872	0.000514 0.000872	0.000367 0.000872	0.000326 0.000840	0.000341 0.000840	
