3 100 5 2.000000	0.001423 0.000347	0.999998 0.000001	0.126175 0.009792	0.018560 0.004583	0.003799 0.003773	0.003432 0.009345	0.001296 0.004693	0.000729 0.002260	0.002376 0.005960	0.000730 0.003363	0.000605 0.003025	
3 100 5 2.010000	0.001335 0.000450	0.999998 0.000001	0.120570 0.008928	0.015712 0.008750	0.003163 0.007374	0.001865 0.007743	0.002740 0.007346	0.002870 0.006596	0.000000 0.000000	0.002956 0.005797	0.001002 0.004168	
3 100 5 2.020000	0.001395 0.000790	0.999998 0.000002	0.122642 0.007083	0.016709 0.007111	0.004206 0.007022	0.003405 0.006526	0.001394 0.005653	0.002117 0.006054	0.000824 0.003024	0.001182 0.005747	0.001892 0.005891	
3 100 5 2.030000	0.001193 0.000589	0.999999 0.000001	0.125546 0.007618	0.018606 0.009108	0.003924 0.009026	0.000697 0.005320	0.000000 0.000000	0.001089 0.002380	0.001792 0.005332	0.000000 0.000000	0.001375 0.006873	
3 100 5 2.040000	0.001633 0.000565	0.999997 0.000002	0.120384 0.009281	0.014209 0.009205	0.002074 0.004358	0.000160 0.000802	0.001473 0.005540	-0.000167 0.000835	0.002131 0.004372	0.001310 0.004424	0.001437 0.003241	
3 100 5 2.050000	0.001546 0.000853	0.999998 0.000003	0.119266 0.009351	0.015201 0.009306	0.001070 0.004284	0.002200 0.006366	0.003356 0.006527	0.003419 0.003929	0.002176 0.005153	0.001276 0.004373	0.000904 0.004522	
3 100 5 2.060000	0.001475 0.000290	0.999998 0.000001	0.121248 0.009143	0.015104 0.005857	0.003627 0.007220	0.001392 0.003315	0.000000 0.000000	0.000000 0.000000	0.001656 0.003642	0.002192 0.005363	0.000000 0.000000	
3 100 5 2.070000	0.001473 0.000568	0.999998 0.000002	0.115444 0.009511	0.016429 0.009779	0.001794 0.003956	0.001324 0.003942	0.000794 0.003969	0.002946 0.008363	0.001361 0.006803	0.001196 0.005607	0.000279 0.001395	
3 100 5 2.080000	0.001457 0.000197	0.999998 0.000001	0.121148 0.008042	0.015340 0.009083	0.000427 0.002137	0.000250 0.001248	0.002531 0.006718	0.000464 0.002322	0.001504 0.004459	0.003037 0.007032	0.000751 0.002341	
3 100 5 2.090000	0.001268 0.000667	0.999998 0.000002	0.115785 0.005370	0.014221 0.006852	0.001587 0.005951	0.000000 0.000000	0.000452 0.002261	0.000308 0.001959	0.003092 0.008193	0.001698 0.005207	0.003156 0.007545	
3 100 5 2.100000	0.001236 0.000175	0.999998 0.000000	0.112620 0.008045	0.015768 0.006250	0.005062 0.005175	0.000615 0.003075	0.001296 0.005543	0.001487 0.007435	0.000000 0.000000	0.000000 0.000000	0.002973 0.006040	
