3 100 10 0.100000	0.999113 0.004433	0.001769 0.008846	0.000390 0.001948	0.000593 0.002967	0.000000 0.000000	0.000459 0.002295	0.000394 0.001971	0.000000 0.000000	0.000450 0.002249	0.000000 0.000000	0.000408 0.002041	
3 100 10 0.110000	0.997585 0.004734	0.004821 0.009443	0.000982 0.003137	0.000372 0.001860	0.000166 0.000421	0.000587 0.002378	0.000212 0.001061	0.000000 0.000000	0.000628 0.001754	0.000206 0.000641	0.000000 0.000000	
3 100 10 0.120000	0.998693 0.004367	0.002587 0.008715	0.000811 0.004057	0.000692 0.003458	0.001151 0.003202	0.000515 0.001497	0.000922 0.004612	0.000760 0.003800	0.000555 0.002775	0.000302 0.001512	0.000834 0.002903	
3 100 10 0.130000	0.997720 0.003884	0.004552 0.007747	0.000228 0.001139	0.000178 0.000892	0.000479 0.002394	0.000175 0.000875	0.000000 0.000000	0.000000 0.000000	0.000338 0.001688	0.000000 0.000000	0.000190 0.000948	
3 100 10 0.140000	0.998855 0.004949	0.002274 0.009895	0.000042 0.000208	0.000097 0.000485	0.000527 0.002633	0.000000 0.000000	0.000000 0.000000	0.000000 0.000000	0.000000 0.000000	0.000000 0.000000	0.000608 0.003039	
3 100 10 0.150000	0.998942 0.004706	0.002093 0.009392	0.000000 0.000000	0.000068 0.000340	0.000074 0.000370	0.000000 0.000000	0.000000 0.000000	0.000557 0.002785	0.000000 0.000000	0.000000 0.000000	0.000000 0.000000	
3 100 10 0.160000	0.994884 0.004869	0.010202 0.009690	0.000705 0.002058	0.001518 0.004051	0.000708 0.003540	0.001023 0.003332	0.002541 0.004968	0.001466 0.004174	0.001448 0.004651	0.000915 0.002327	0.000325 0.001624	
3 100 10 0.170000	0.994912 0.003663	0.010148 0.007292	0.001073 0.003112	0.000082 0.000409	0.001628 0.007673	0.000592 0.002666	0.000240 0.001200	0.000000 0.000000	0.000739 0.003697	0.000468 0.001492	0.000349 0.001747	
3 100 10 0.180000	0.998191 0.004887	0.003594 0.009841	0.000500 0.002502	0.000497 0.002484	0.000397 0.001984	0.000271 0.001354	0.000000 0.000000	0.000500 0.002502	0.000669 0.001780	0.000000 0.000000	0.000000 0.000000	
3 100 10 0.190000	0.994869 0.005013	0.010232 0.009979	0.001299 0.004498	0.000959 0.004795	0.001342 0.006711	0.001169 0.004661	0.000085 0.000423	0.000706 0.003531	0.002606 0.006678	0.000000 0.000000	0.001696 0.006196	
3 100 10 0.200000	0.998743 0.004853	0.002506 0.009692	0.000213 0.001063	0.000811 0.002506	0.000000 0.000000	0.000000 0.000000	0.000215 0.001076	0.000153 0.000582	0.000111 0.000556	0.000072 0.000361	0.000036 0.000181	
