3 100 10 1.700000	0.001083 0.000471	0.999999 0.000001	0.077958 0.003030	0.006078 0.008289	0.000714 0.001962	0.000796 0.002406	0.003013 0.005554	0.001854 0.004937	0.002921 0.008054	0.001484 0.004813	0.000505 0.002524	
3 100 10 1.710000	0.001138 0.000769	0.999999 0.000002	0.076415 0.009657	0.007790 0.004957	0.001018 0.002405	0.000559 0.002221	0.001325 0.002822	0.000795 0.002733	0.001438 0.007378	0.000922 0.004244	0.001196 0.002344	
3 100 10 1.720000	0.001236 0.000481	0.999998 0.000001	0.074211 0.007779	0.006498 0.007905	0.002761 0.004783	0.000000 0.000000	0.000604 0.001542	0.001224 0.005270	0.000290 0.001451	0.000814 0.002221	0.001111 0.003702	
3 100 10 1.730000	0.001164 0.000595	0.999999 0.000002	0.075287 0.009556	0.005336 0.009165	0.000309 0.001712	0.001548 0.003744	0.002022 0.003888	0.002660 0.005471	0.002216 0.004740	0.000288 0.001439	0.002040 0.005647	
3 100 10 1.740000	0.001141 0.000411	0.999999 0.000001	0.076784 0.009629	0.009475 0.006815	0.001762 0.006369	0.000640 0.002645	0.001916 0.007315	0.001200 0.002879	0.000622 0.003109	0.001264 0.004650	0.002011 0.004279	
3 100 10 1.750000	0.001062 0.000292	0.999999 0.000001	0.070406 0.007716	0.004757 0.008382	0.000777 0.002369	0.001530 0.004208	0.000946 0.003147	0.000230 0.000657	0.002203 0.006141	0.001869 0.005493	0.001248 0.005041	
3 100 10 1.760000	0.001260 0.000948	0.999998 0.000002	0.075653 0.008889	0.006166 0.006914	-0.000223 0.003334	0.000612 0.001703	0.002584 0.006109	0.003258 0.003705	0.000449 0.001629	0.000197 0.000986	0.000751 0.002367	
3 100 10 1.770000	0.001090 0.000840	0.999999 0.000002	0.073819 0.009206	0.005642 0.008112	0.000489 0.002443	0.001162 0.006186	0.001993 0.009011	0.001432 0.002644	0.001756 0.004338	0.001525 0.004346	0.000951 0.005607	
3 100 10 1.780000	0.001094 0.000583	0.999999 0.000001	0.073972 0.007407	0.005979 0.004411	0.000337 0.000875	0.001272 0.003657	0.000880 0.005391	0.001059 0.004855	0.000827 0.002803	0.002503 0.006665	0.000699 0.003496	
3 100 10 1.790000	0.001045 0.000256	0.999999 0.000001	0.070390 0.005662	0.005997 0.009840	0.001110 0.008296	0.001558 0.003967	0.001389 0.003481	0.002377 0.004761	0.001393 0.004904	0.002027 0.006433	0.002077 0.004814	
3 100 10 1.800000	0.001120 0.000712	0.999999 0.000001	0.071525 0.008888	0.007776 0.005705	0.000607 0.006592	0.000285 0.002464	0.001936 0.005703	0.000000 0.000000	0.002547 0.004444	0.002118 0.005999	0.002203 0.004813	
