3 100 3 2.600000	0.001766 0.000435	0.999997 0.000002	0.148664 0.008137	0.023616 0.008636	0.005489 0.009360	0.001775 0.008873	0.000157 0.001663	0.002000 0.006638	0.002652 0.009997	0.000646 0.001766	0.001904 0.005733	
3 100 3 2.610000	0.001567 0.000599	0.999998 0.000002	0.151111 0.009362	0.022215 0.008258	0.001385 0.009286	0.001476 0.006634	0.000834 0.002524	0.000531 0.002657	0.003012 0.008410	0.000427 0.001138	0.000999 0.003789	
3 100 3 2.620000	0.001501 0.000681	0.999998 0.000002	0.148858 0.009365	0.024404 0.006665	0.001729 0.005449	0.001308 0.003271	0.000907 0.004534	0.003271 0.009213	-0.000274 0.001780	0.002106 0.006930	0.000931 0.003449	
3 100 3 2.630000	0.001685 0.000261	0.999997 0.000001	0.145530 0.009166	0.024988 0.007762	0.004542 0.008796	0.000859 0.004297	0.002138 0.003707	0.001794 0.007140	0.000607 0.001893	0.002343 0.005952	0.000958 0.003741	
3 100 3 2.640000	0.001540 0.000489	0.999998 0.000002	0.146576 0.009946	0.023002 0.006458	0.004937 0.007703	0.003697 0.008344	0.001264 0.003607	0.001393 0.004642	0.001486 0.006747	0.001032 0.004652	0.001278 0.003742	
3 100 3 2.650000	0.001443 0.000396	0.999998 0.000001	0.146307 0.007863	0.026425 0.009728	0.004494 0.006225	0.001666 0.006698	0.001733 0.009112	0.001050 0.005248	0.000473 0.002200	0.002355 0.005686	0.001241 0.008458	
3 100 3 2.660000	0.001574 0.000337	0.999998 0.000001	0.147319 0.008666	0.022991 0.008530	0.001986 0.006037	0.001074 0.004229	0.001525 0.003612	0.003335 0.008546	0.000184 0.000513	0.001348 0.004220	0.000510 0.003253	
3 100 3 2.670000	0.001651 0.000884	0.999997 0.000003	0.143771 0.007000	0.021702 0.008106	0.002024 0.007445	0.000913 0.002498	0.000018 0.000091	0.000860 0.003410	0.005871 0.007713	0.002616 0.006115	0.001293 0.006464	
3 100 3 2.680000	0.001612 0.000610	0.999997 0.000002	0.141731 0.006430	0.022645 0.007572	0.006011 0.008592	0.001470 0.005232	0.001185 0.003378	0.000492 0.002458	0.000891 0.002497	0.000000 0.000000	0.000496 0.002094	
3 100 3 2.690000	0.001451 0.000544	0.999998 0.000002	0.148031 0.006278	0.020709 0.005612	0.002271 0.007610	0.001627 0.008360	0.001356 0.006141	0.000000 0.000000	0.001520 0.004608	0.002683 0.006998	0.001957 0.009783	
3 100 3 2.700000	0.001549 0.000381	0.999998 0.000001	0.142924 0.009631	0.022819 0.002289	0.003143 0.007656	0.000161 0.000807	0.002012 0.006997	0.001786 0.005127	0.001380 0.006898	0.001529 0.006239	0.001199 0.003676	
