3 64 100 0.000000	0.997110 0.004964	0.005768 0.009897	0.001329 0.003307	0.000426 0.001257	0.000416 0.001595	0.000160 0.000802	0.001127 0.002554	0.000265 0.001326	0.000364 0.001822	0.000190 0.000952	0.000265 0.000726	
3 64 100 0.010000	0.994902 0.004921	0.010167 0.009789	0.000832 0.002867	0.000254 0.000765	0.000929 0.002381	0.001246 0.003045	0.000686 0.001542	0.000777 0.003584	0.000597 0.001714	0.000350 0.001751	0.000861 0.002996	
3 64 100 0.020000	0.995891 0.004955	0.008198 0.009857	0.001951 0.004523	0.000776 0.003549	0.000000 0.000000	0.000440 0.001194	0.001234 0.002369	0.000283 0.001413	0.000459 0.001792	0.000881 0.002531	0.000870 0.001741	
3 64 100 0.030000	0.997854 0.005002	0.004285 0.009973	0.000168 0.000343	0.000668 0.001926	0.000694 0.002556	0.000000 0.000000	0.000598 0.002380	0.000586 0.001596	0.000000 0.000000	0.000843 0.002833	0.000862 0.002476	
3 64 100 0.040000	0.997559 0.004996	0.004871 0.009965	0.000713 0.002259	0.000284 0.000759	0.000321 0.001606	0.000405 0.001433	0.000204 0.000559	0.000899 0.004166	0.000497 0.001524	0.000517 0.001014	0.000823 0.003394	
3 64 100 0.050000	0.996072 0.004923	0.007839 0.009803	0.000998 0.002300	0.000477 0.001430	0.001094 0.003192	0.000466 0.001521	0.000172 0.000860	0.000569 0.001799	0.000840 0.002224	0.000714 0.002805	0.000987 0.001915	
3 64 100 0.060000	0.997214 0.004957	0.005560 0.009882	0.000385 0.001924	0.000456 0.001978	0.000339 0.001695	0.000730 0.002257	0.000766 0.002739	0.000165 0.000825	0.000264 0.001321	0.000482 0.001255	0.000773 0.001713	
3 64 100 0.070000	0.997893 0.004985	0.004207 0.009943	0.000422 0.001239	0.000126 0.000386	0.000102 0.000299	0.000455 0.001997	0.000000 0.000000	0.000167 0.000837	0.000044 0.000219	0.000085 0.000426	0.000578 0.001856	
3 64 100 0.080000	0.994822 0.005026	0.010326 0.009996	0.001561 0.003427	0.000816 0.002302	0.001521 0.003042	0.000583 0.001241	0.000550 0.001864	0.000207 0.001035	0.000477 0.002383	0.000220 0.001099	0.000710 0.001094	
3 64 100 0.090000	0.995546 0.004978	0.008885 0.009919	0.000762 0.002106	0.000771 0.001482	0.000842 0.002654	0.000330 0.001652	0.000645 0.002030	0.000423 0.001648	0.000975 0.000902	0.000704 0.002447	0.000570 0.001643	
3 64 100 0.100000	0.996418 0.005004	0.007147 0.009969	0.000854 0.002871	0.000700 0.002380	0.001401 0.002947	0.000804 0.002304	0.000521 0.001303	0.001071 0.003061	0.000697 0.002454	0.000418 0.001180	0.000386 0.001928	
3 64 100 0.110000	0.997130 0.004961	0.005728 0.009883	0.000509 0.001556	0.000497 0.002309	0.000332 0.001312	0.000114 0.000570	0.000086 0.000429	0.001140 0.004745	0.000615 0.002392	0.000326 0.001266	0.001035 0.004518	
3 64 100 0.120000	0.996286 0.004954	0.007411 0.009868	0.001226 0.001580	0.000898 0.001811	0.000393 0.001967	0.000469 0.001093	0.000576 0.001231	0.000000 0.000000	0.000247 0.000684	0.000461 0.000921	0.000124 0.000618	
3 64 100 0.130000	0.983215 0.005078	0.033285 0.009984	0.006328 0.007410	0.001338 0.003751	0.002857 0.004568	0.003324 0.007928	0.000840 0.002332	0.001090 0.002439	0.001191 0.003788	0.001599 0.003536	0.002379 0.005492	
3 64 100 0.140000	0.996351 0.004957	0.007281 0.009871	0.001589 0.003275	0.000197 0.000721	0.000695 0.002423	0.000734 0.001812	0.000455 0.001810	0.000735 0.002019	0.000128 0.000639	0.000087 0.000262	0.000486 0.002431	
3 64 100 0.150000	0.995100 0.004999	0.009773 0.009955	0.001279 0.003295	0.000181 0.000465	0.000523 0.001382	0.000804 0.001433	0.000374 0.001872	0.000732 0.002473	0.000435 0.001754	0.000268 0.001338	0.000216 0.001079	
3 64 100 0.160000	0.995438 0.005024	0.009100 0.009996	0.001227 0.003827	0.000478 0.001785	0.000411 0.001395	0.001019 0.002870	0.000438 0.000925	0.000350 0.001040	0.000391 0.001953	0.000883 0.003514	0.000564 0.002820	
3 64 100 0.170000	0.997454 0.005001	0.005082 0.009975	0.000332 0.000949	0.000861 0.002493	0.000679 0.001625	0.000482 0.002246	0.000861 0.002138	0.000114 0.000569	0.000234 0.001168	0.000720 0.002615	0.000905 0.002815	
3 64 100 0.180000	0.981326 0.005090	0.036996 0.009982	0.006094 0.009618	0.002184 0.004979	0.001711 0.004481	0.002891 0.008063	0.004436 0.004091	0.003550 0.006985	0.002751 0.005139	0.001707 0.006903	0.002195 0.007796	
3 64 100 0.190000	0.994047 0.004879	0.011868 0.009704	0.002118 0.003551	0.001389 0.002582	0.000810 0.002916	0.000536 0.001735	0.001534 0.001236	0.001230 0.002821	0.000343 0.001716	0.001488 0.004386	0.001170 0.002447	
3 64 100 0.200000	0.995445 0.005002	0.009087 0.009960	0.001113 0.002072	0.000000 0.000000	0.000909 0.002709	0.000942 0.001938	0.000710 0.001787	0.000670 0.001540	0.000989 0.003222	0.000931 0.004097	0.000445 0.000607	
3 64 100 0.210000	0.996676 0.004982	0.006634 0.009927	0.001531 0.003031	0.000647 0.002785	0.000231 0.001157	0.000390 0.001952	0.000898 0.001844	0.000741 0.002144	0.000180 0.000900	0.000266 0.000819	0.000687 0.002675	
3 64 100 0.220000	0.997918 0.005013	0.004156 0.009998	0.000401 0.001266	0.000613 0.001846	0.000000 0.000000	0.000202 0.000730	0.000448 0.001750	0.000355 0.001076	0.000056 0.000282	0.000310 0.001548	0.000369 0.001844	
3 64 100 0.230000	0.996729 0.004920	0.006527 0.009809	0.001126 0.002525	0.001133 0.001612	0.000513 0.001533	0.000538 0.000935	0.000975 0.002146	0.001101 0.001849	0.000283 0.001170	0.000962 0.002031	0.000249 0.000424	
3 64 100 0.240000	0.998151 0.005002	0.003691 0.009977	0.001112 0.003888	0.000000 0.000000	0.000335 0.001229	0.000034 0.000171	0.000182 0.000910	0.000823 0.002165	0.000042 0.000212	0.000127 0.000634	0.000000 0.000000	
3 64 100 0.250000	0.996263 0.004891	0.007457 0.009749	0.000450 0.001118	0.000435 0.001303	0.000560 0.001935	0.000500 0.001651	0.000580 0.001800	0.000332 0.001161	0.001489 0.001188	0.000473 0.001434	0.000793 0.002543	
3 64 100 0.260000	0.997601 0.004987	0.004788 0.009942	0.001229 0.004339	0.000431 0.001177	0.000987 0.003074	0.000840 0.002412	0.000516 0.001108	0.000632 0.001597	0.000000 0.000000	0.000841 0.002310	0.000136 0.000681	
3 64 100 0.270000	0.997273 0.005016	0.005442 0.009998	0.000765 0.003118	0.001053 0.002662	0.000258 0.001057	0.000457 0.001800	0.000749 0.002703	0.000421 0.000833	0.000422 0.001397	0.000673 0.001617	0.000663 0.001075	
3 64 100 0.280000	0.995860 0.004980	0.008260 0.009916	0.001405 0.002812	0.000328 0.001291	0.000899 0.001462	0.001427 0.002013	0.001159 0.003663	0.000493 0.000848	0.000629 0.002047	0.000526 0.001338	0.000258 0.000854	
3 64 100 0.290000	0.995767 0.005019	0.008445 0.009997	0.002024 0.002638	0.001191 0.003304	0.000140 0.000383	0.000927 0.003189	0.000334 0.001209	0.000589 0.001422	0.000825 0.002195	0.000389 0.001574	0.000816 0.003454	
3 64 100 0.300000	0.996703 0.004950	0.006579 0.009869	0.001354 0.005173	0.000833 0.003847	0.000864 0.001717	0.000513 0.001062	0.000420 0.001833	0.000346 0.001490	0.001156 0.002698	0.000687 0.002360	0.000374 0.000939	
3 64 100 0.310000	0.991536 0.005032	0.016853 0.009984	0.002952 0.002574	0.002606 0.004442	0.002214 0.008866	0.002208 0.004016	0.001470 0.003397	0.001985 0.005355	0.000905 0.003965	0.001867 0.003904	0.001750 0.004704	
