3 100 10 0.700000	0.995883 0.004617	0.008213 0.009193	0.001817 0.005036	0.001620 0.002745	0.001092 0.002189	0.000568 0.001465	0.000884 0.002017	0.001198 0.003085	0.001229 0.003472	0.000809 0.004047	0.000560 0.002228	
3 100 10 0.710000	0.996200 0.004517	0.007582 0.008993	0.000918 0.003235	0.001158 0.004546	0.000084 0.000418	0.000775 0.003576	0.000561 0.001595	0.001025 0.003764	0.000391 0.001189	0.000482 0.001311	0.000599 0.002012	
3 100 10 0.720000	0.995910 0.004910	0.008161 0.009771	0.000319 0.000799	0.000668 0.002038	0.000682 0.001485	0.000413 0.000997	0.000962 0.003286	0.000225 0.001125	0.000831 0.001485	0.001103 0.002099	0.000653 0.003266	
3 100 10 0.730000	0.995510 0.004885	0.008958 0.009717	0.000985 0.003791	0.000862 0.003415	0.001040 0.002130	0.001070 0.004829	0.000885 0.002096	0.000934 0.002658	0.000290 0.000794	0.000554 0.001625	0.000703 0.002562	
3 100 10 0.740000	0.995416 0.004336	0.009144 0.008624	0.001015 0.002340	0.000665 0.002107	0.000229 0.000633	0.000641 0.002836	0.001106 0.002756	0.000345 0.001190	0.000070 0.000348	0.001313 0.003468	0.000939 0.003844	
3 100 10 0.750000	0.993945 0.004736	0.012070 0.009412	0.001048 0.003144	0.001363 0.002199	0.000957 0.002548	0.001097 0.002295	0.000609 0.001930	0.001275 0.003544	0.000495 0.001736	0.000970 0.002494	0.000840 0.001770	
3 100 10 0.760000	0.994922 0.005020	0.010126 0.009974	0.000646 0.003229	0.001388 0.004490	0.000796 0.003982	0.000999 0.004993	0.000880 0.004400	0.001099 0.004245	0.000564 0.002822	0.000074 0.000369	0.000694 0.003471	
3 100 10 0.770000	0.993994 0.004857	0.011974 0.009645	0.001382 0.005719	0.001212 0.003798	0.000972 0.003840	0.000732 0.003660	0.001145 0.003703	0.000104 0.000520	0.000266 0.001004	0.001023 0.004121	0.001069 0.004343	
3 100 10 0.780000	0.987673 0.005043	0.024498 0.009969	0.005076 0.008093	0.004357 0.004892	0.003659 0.002008	0.003739 0.005639	0.002696 0.004840	0.001877 0.003195	0.003940 0.004513	0.002176 0.003808	0.002152 0.004725	
3 100 10 0.790000	0.993380 0.004628	0.013193 0.009183	0.001483 0.003937	0.000611 0.001947	0.001231 0.004089	0.000820 0.003812	0.000352 0.001759	0.000623 0.002134	0.000056 0.000282	0.000554 0.001398	0.000229 0.001143	
