3 100 2 0.500000	0.999991 0.000002	0.000000 0.000000	0.000000 0.000000	0.000000 0.000000	0.000000 0.000000	0.000000 0.000000	0.000000 0.000000	0.000000 0.000000	0.000000 0.000000	0.000000 0.000000	0.000000 0.000000	
3 100 2 0.510000	0.999984 0.000006	0.000000 0.000000	0.000000 0.000000	0.000000 0.000000	0.000000 0.000000	0.000000 0.000000	0.000000 0.000000	0.000000 0.000000	0.000000 0.000000	0.000000 0.000000	0.000000 0.000000	
3 100 2 0.520000	0.999980 0.000012	0.000000 0.000000	0.000000 0.000000	0.000000 0.000000	0.000000 0.000000	0.000000 0.000000	0.000000 0.000000	0.000000 0.000000	0.000000 0.000000	0.000000 0.000000	0.000000 0.000000	
3 100 2 0.530000	0.999974 0.000024	0.000000 0.000000	0.000000 0.000000	0.000000 0.000000	0.000000 0.000000	0.000000 0.000000	0.000000 0.000000	0.000000 0.000000	0.000000 0.000000	0.000000 0.000000	0.000000 0.000000	
3 100 2 0.540000	0.999971 0.000012	0.000000 0.000000	0.000000 0.000000	0.000000 0.000000	0.000000 0.000000	0.000000 0.000000	0.000000 0.000000	0.000000 0.000000	0.000000 0.000000	0.000000 0.000000	0.000000 0.000000	
3 100 2 0.550000	0.999970 0.000012	0.000000 0.000000	0.000000 0.000000	0.000000 0.000000	0.000000 0.000000	0.000000 0.000000	0.000000 0.000000	0.000000 0.000000	0.000000 0.000000	0.000000 0.000000	0.000000 0.000000	
3 100 2 0.560000	0.999956 0.000018	0.000023 0.000116	0.000023 0.000116	0.000023 0.000116	0.000023 0.000116	0.000023 0.000116	0.000023 0.000116	0.000023 0.000116	0.000023 0.000116	0.000000 0.000000	0.000023 0.000116	
3 100 2 0.570000	0.999947 0.000014	0.000048 0.000120	0.000048 0.000120	0.000048 0.000120	0.000048 0.000120	0.000048 0.000120	0.000048 0.000120	0.000048 0.000120	0.000048 0.000120	0.000048 0.000120	0.000048 0.000120	
3 100 2 0.580000	0.999948 0.000030	0.000071 0.000132	0.000071 0.000132	0.000071 0.000132	0.000071 0.000132	0.000071 0.000132	0.000071 0.000132	0.000071 0.000132	0.000071 0.000132	0.000045 0.000120	0.000021 0.000104	
3 100 2 0.590000	0.999917 0.000044	0.000166 0.000088	0.000064 0.000168	0.000126 0.000200	0.000135 0.000200	0.000166 0.000088	0.000166 0.000088	0.000132 0.000200	0.000166 0.000088	0.000166 0.000088	0.000126 0.000200	
3 100 2 0.600000	0.999905 0.000030	0.000190 0.000060	0.000158 0.000216	0.000152 0.000216	0.000158 0.000216	0.000150 0.000216	0.000150 0.000216	0.000152 0.000216	0.000190 0.000060	0.000150 0.000216	0.000121 0.000216	
