3 100 10 2.700000	0.000950 0.000733	0.999999 0.000001	0.043688 0.009334	0.000666 0.002592	0.000741 0.003703	0.000770 0.007259	0.003022 0.007776	0.001570 0.006557	0.003262 0.007777	0.002947 0.006962	0.002548 0.007036	
3 100 10 2.710000	0.001118 0.000765	0.999999 0.000002	0.043533 0.007936	0.002447 0.002170	0.002994 0.009258	0.001053 0.003629	0.000518 0.002590	0.003002 0.008888	-0.000041 0.000326	0.000672 0.006794	0.003646 0.007247	
3 100 10 2.720000	0.000887 0.000432	0.999999 0.000001	0.044647 0.008704	0.002785 0.005025	0.000576 0.002407	0.000000 0.000000	0.000476 0.001692	0.000453 0.001527	0.000000 0.000000	0.000271 0.001357	0.000243 0.001110	
3 100 10 2.730000	0.001098 0.000636	0.999999 0.000002	0.042564 0.009530	0.002514 0.004888	0.000262 0.002323	0.002765 0.005432	0.000933 0.002592	0.000902 0.002725	0.001250 0.006249	0.002025 0.008480	0.001722 0.004496	
3 100 10 2.740000	0.000698 0.000689	0.999999 0.000001	0.043199 0.004519	0.002470 0.005926	0.000370 0.001851	-0.000030 0.001926	0.000000 0.000000	0.002355 0.007481	0.001096 0.003629	0.000000 0.000000	0.001378 0.004814	
3 100 10 2.750000	0.000906 0.000881	0.999999 0.000002	0.042221 0.008704	0.000987 0.004936	0.000617 0.003086	0.001512 0.003147	0.000629 0.005001	0.003067 0.006295	0.001172 0.004629	0.000851 0.003518	0.000135 0.003273	
3 100 10 2.760000	0.001229 0.001039	0.999998 0.000002	0.046122 0.007654	0.002036 0.006295	0.000951 0.002812	0.000580 0.001665	0.000982 0.003950	0.000503 0.003159	-0.000186 0.000929	0.001105 0.004319	0.002049 0.005185	
3 100 10 2.770000	0.000849 0.000957	0.999999 0.000002	0.043777 0.004890	0.003021 0.005925	0.001748 0.005184	0.001244 0.003704	0.001103 0.007408	0.004270 0.005703	0.000222 0.001111	0.000274 0.000924	0.000000 0.000000	
3 100 10 2.780000	0.000941 0.000498	0.999999 0.000001	0.044435 0.009342	0.002865 0.007314	0.002655 0.004181	0.001061 0.005307	0.001671 0.003862	0.000913 0.004567	0.001317 0.002499	0.000123 0.000617	0.001267 0.003862	
3 100 10 2.790000	0.000930 0.000571	0.999999 0.000001	0.042750 0.008095	0.005142 0.004868	0.001945 0.006084	0.000074 0.001358	0.002885 0.006348	0.000135 0.001914	0.000861 0.004656	0.000160 0.000801	0.000148 0.000740	
3 100 10 2.800000	0.001038 0.000604	0.999999 0.000001	0.039322 0.008321	0.001358 0.003271	0.000465 0.002192	0.002275 0.007301	0.000487 0.002433	0.001180 0.004912	0.002999 0.005383	0.000360 0.001801	0.000102 0.000512	
