3 100 4 1.300000	0.934789 0.004843	0.126167 0.009055	0.010362 0.004473	0.002273 0.006730	0.000310 0.001401	0.003350 0.008846	0.000421 0.001530	0.002609 0.007064	0.000000 0.000000	0.001485 0.005135	0.000387 0.001935	
3 100 4 1.310000	0.933835 0.002015	0.127952 0.003760	0.008267 0.009150	0.000968 0.004081	0.001409 0.005978	0.002472 0.007129	0.002681 0.005676	0.001568 0.006991	0.000988 0.004941	0.001627 0.006240	0.002208 0.006491	
3 100 4 1.320000	0.930252 0.002231	0.134630 0.004149	0.010889 0.009743	0.000708 0.003542	0.001524 0.005883	0.000272 0.001358	0.000528 0.002638	0.001989 0.003828	0.001825 0.005221	0.000507 0.001354	0.000888 0.002867	
3 100 4 1.330000	0.927017 0.001666	0.140640 0.003088	0.012246 0.009504	0.005428 0.008469	0.001544 0.005301	0.000602 0.003010	0.000359 0.001175	0.000755 0.003774	0.000565 0.002824	0.001211 0.006054	0.000681 0.003407	
3 100 4 1.340000	0.920141 0.004538	0.153338 0.008356	0.014189 0.005407	0.000808 0.002026	0.002943 0.007100	0.000435 0.001264	0.003915 0.008433	0.002354 0.006761	0.002283 0.006211	0.000473 0.002363	0.000977 0.004884	
3 100 4 1.350000	0.919031 0.001556	0.155381 0.002861	0.012805 0.009846	0.000305 0.001526	0.001867 0.008277	0.001434 0.005516	0.002598 0.007027	0.000890 0.002614	0.001922 0.003338	0.000415 0.002077	0.000211 0.001057	
3 100 4 1.360000	0.914186 0.004933	0.164260 0.009009	0.012752 0.004955	0.002492 0.006404	0.003214 0.005552	0.001171 0.001775	0.002052 0.006922	0.000947 0.003349	0.000329 0.001645	0.003944 0.006872	0.000622 0.003108	
3 100 4 1.370000	0.910065 0.003888	0.171779 0.007069	0.016035 0.009949	0.000961 0.003136	0.000259 0.000739	0.001264 0.006492	0.000000 0.000000	0.000978 0.004890	0.000646 0.003229	0.001329 0.004888	0.001854 0.004961	
3 100 4 1.380000	0.905613 0.005170	0.179861 0.009355	0.014972 0.007975	0.002529 0.007539	0.003575 0.007576	0.000479 0.002395	0.001590 0.004542	0.001961 0.007027	0.000486 0.001278	0.000551 0.001996	0.002606 0.005726	
3 100 4 1.390000	0.900655 0.004763	0.188818 0.008574	0.015457 0.004793	0.003352 0.006315	0.000451 0.002256	0.002189 0.006180	0.001442 0.003962	0.001865 0.006475	0.000538 0.002414	0.000089 0.000445	0.001583 0.006284	
3 100 4 1.400000	0.894238 0.005291	0.200334 0.009462	0.021114 0.009039	0.002514 0.005073	0.003166 0.006827	0.003218 0.004833	0.001885 0.005634	0.003913 0.007271	0.002236 0.007409	0.003473 0.007244	0.001182 0.003235	
