3 100 10 1.900000	0.001148 0.000429	0.999999 0.000001	0.069247 0.008147	0.004875 0.005883	0.000721 0.002827	0.000234 0.001419	0.000444 0.001666	0.000358 0.001749	0.000545 0.002221	0.000750 0.002153	0.001824 0.006221	
3 100 10 1.910000	0.001343 0.001093	0.999998 0.000003	0.065554 0.009102	0.003487 0.006541	0.002507 0.007142	0.000497 0.002486	0.001308 0.006542	0.002610 0.004266	0.000000 0.000000	0.000889 0.004443	0.002278 0.005710	
3 100 10 1.920000	0.001102 0.001015	0.999999 0.000002	0.066832 0.009442	0.002631 0.004535	0.000814 0.002222	0.001785 0.003703	0.000573 0.002867	-0.000144 0.001140	0.001802 0.004567	0.003628 0.004536	0.001796 0.006296	
3 100 10 1.930000	0.001171 0.000961	0.999999 0.000002	0.062499 0.006760	0.004031 0.008518	0.001931 0.004629	0.000426 0.001911	0.003209 0.006664	0.001506 0.007530	0.001827 0.006913	0.002845 0.008464	0.000000 0.000000	
3 100 10 1.940000	0.001082 0.000736	0.999999 0.000002	0.065048 0.007902	0.003407 0.004967	0.003940 0.008739	0.000632 0.002451	0.000469 0.001192	0.001122 0.003555	0.001386 0.004525	0.000873 0.002714	0.000355 0.001777	
3 100 10 1.950000	0.000967 0.001076	0.999999 0.000002	0.062443 0.007963	0.004362 0.004320	0.000010 0.000051	0.002358 0.006851	-0.000223 0.001113	0.001629 0.004259	0.001806 0.007127	0.002481 0.005925	0.000000 0.000000	
3 100 10 1.960000	0.001119 0.001126	0.999999 0.000003	0.064102 0.008594	0.006065 0.007812	0.001177 0.005555	0.000400 0.002740	-0.000624 0.003407	0.000473 0.002367	0.001333 0.007260	0.001780 0.007798	-0.000297 0.000964	
3 100 10 1.970000	0.001000 0.000676	0.999999 0.000001	0.065943 0.009352	0.004907 0.008980	0.000904 0.003226	0.001068 0.002751	0.000935 0.004039	0.001096 0.002962	0.001081 0.006350	0.000281 0.001111	0.000190 0.000951	
3 100 10 1.980000	0.001098 0.000647	0.999999 0.000001	0.062632 0.009327	0.003171 0.007703	0.001593 0.004855	0.001677 0.003851	0.000384 0.001918	0.001906 0.005308	0.002453 0.004525	0.002055 0.006867	0.000698 0.003916	
3 100 10 1.990000	0.000969 0.000636	0.999999 0.000001	0.062246 0.008889	0.004395 0.009530	0.003562 0.008518	0.000844 0.002369	0.001703 0.005555	0.001392 0.003703	0.000148 0.000740	0.001476 0.005037	0.001377 0.004295	
3 100 10 2.000000	0.001029 0.000968	0.999999 0.000002	0.063450 0.009802	0.002918 0.005762	0.000490 0.002451	0.002055 0.006034	-0.000000 0.000000	0.001847 0.003499	0.000643 0.001640	0.001246 0.003615	-0.000000 0.000002	
