3 100 10 1.300000	0.001456 0.000849	0.999998 0.000002	0.112043 0.009746	0.013160 0.005785	0.000401 0.002003	0.000633 0.003167	0.000061 0.000307	0.001039 0.002916	0.000887 0.002451	0.000798 0.003930	0.001390 0.005015	
3 100 10 1.310000	0.001264 0.000501	0.999998 0.000001	0.112570 0.009049	0.011850 0.003915	0.001961 0.003534	0.001312 0.003365	0.000800 0.002098	0.000502 0.001451	0.000877 0.002138	0.000568 0.002948	0.001146 0.004410	
3 100 10 1.320000	0.001423 0.000410	0.999998 0.000001	0.108681 0.009939	0.013636 0.003785	0.000981 0.002221	0.000657 0.002694	0.000828 0.003041	0.000265 0.001326	0.001875 0.002552	0.000711 0.002462	0.000344 0.001718	
3 100 10 1.330000	0.001516 0.000957	0.999998 0.000003	0.108022 0.008395	0.012862 0.006913	0.002193 0.005378	0.000206 0.001028	0.001543 0.005969	0.000561 0.002803	0.001957 0.005290	0.001258 0.005308	0.001706 0.006516	
3 100 10 1.340000	0.000917 0.000954	0.999999 0.000002	0.107332 0.008706	0.009740 0.008148	0.001234 0.003271	0.002160 0.004629	0.001037 0.005185	0.004024 0.009385	0.002092 0.006851	0.000888 0.009816	0.002098 0.007654	
3 100 10 1.350000	0.001240 0.000630	0.999998 0.000002	0.107067 0.008890	0.010358 0.007141	0.004478 0.005927	0.002722 0.008271	0.001030 0.005745	-0.000075 0.000373	0.000428 0.001666	0.002588 0.005777	0.002662 0.006664	
3 100 10 1.360000	0.001296 0.000428	0.999998 0.000001	0.105534 0.009235	0.012788 0.006470	0.001221 0.004728	0.002102 0.003275	0.001309 0.004875	0.001565 0.006209	0.002859 0.006295	0.000000 0.000000	0.000227 0.000979	
3 100 10 1.370000	0.001235 0.000779	0.999998 0.000002	0.104631 0.008957	0.012046 0.009831	0.000375 0.001258	0.001354 0.004485	0.001444 0.003662	0.001382 0.004039	0.001672 0.002590	0.001349 0.007490	0.001369 0.004666	
3 100 10 1.380000	0.001315 0.000740	0.999998 0.000002	0.109406 0.005421	0.011904 0.004648	0.002114 0.006369	0.000355 0.001776	0.000571 0.002015	0.000767 0.003835	0.001564 0.003258	0.000672 0.002512	0.001237 0.004240	
3 100 10 1.390000	0.001659 0.000941	0.999997 0.000003	0.099316 0.007035	0.010190 0.007925	0.002875 0.005923	0.000219 0.001027	0.000821 0.002441	0.001534 0.003183	0.001389 0.003479	0.001101 0.005506	0.002259 0.007110	
3 100 10 1.400000	0.001547 0.001651	0.999997 0.000006	0.100283 0.009734	0.010759 0.002596	0.001015 0.005077	0.001956 0.007930	0.002086 0.004231	0.001733 0.003595	0.001281 0.004125	0.001036 0.005179	0.000676 0.003705	
