3 100 3 2.500000	0.001811 0.000785	0.999997 0.000003	0.159219 0.008499	0.027371 0.007094	0.007592 0.009442	0.001892 0.003177	0.000651 0.003257	0.003240 0.007306	0.002432 0.008023	0.002416 0.007451	0.000704 0.003519	
3 100 3 2.510000	0.001992 0.000631	0.999996 0.000003	0.153972 0.008644	0.027125 0.005784	0.003259 0.008553	0.003997 0.006934	0.002898 0.008497	0.002464 0.006358	0.003218 0.005696	0.002689 0.007764	0.002124 0.004814	
3 100 3 2.520000	0.001676 0.000733	0.999997 0.000002	0.156131 0.005116	0.023823 0.008601	0.003989 0.008469	0.002386 0.005575	0.000024 0.000312	0.002357 0.005909	0.000799 0.001792	0.000434 0.001132	0.001201 0.002797	
3 100 3 2.530000	0.001827 0.000718	0.999997 0.000003	0.154760 0.009446	0.026718 0.008713	0.004293 0.004734	0.001938 0.005220	0.001123 0.005613	0.000691 0.002868	0.000173 0.000867	0.000324 0.001621	0.002997 0.006104	
3 100 3 2.540000	0.001533 0.000550	0.999998 0.000002	0.156331 0.004557	0.026453 0.009833	0.002329 0.005818	0.002998 0.007309	0.001826 0.006404	0.000091 0.000456	0.000000 0.000000	0.000944 0.003865	0.000663 0.003109	
3 100 3 2.550000	0.001646 0.000680	0.999997 0.000002	0.152552 0.008299	0.024207 0.005600	0.004647 0.008924	0.002606 0.009794	0.001772 0.003195	0.000225 0.001123	0.000522 0.001957	0.000009 0.000044	0.000114 0.000780	
3 100 3 2.560000	0.001893 0.000350	0.999996 0.000001	0.150496 0.008027	0.028424 0.003306	0.004100 0.007335	0.002450 0.009269	0.001793 0.005090	0.000676 0.002214	0.001276 0.004186	0.000853 0.001905	0.001825 0.004626	
3 100 3 2.570000	0.001728 0.000582	0.999997 0.000002	0.150407 0.009777	0.025187 0.005200	0.005729 0.006940	0.002593 0.007022	0.002261 0.007880	0.001679 0.007092	0.002243 0.004203	0.000512 0.002561	0.001367 0.003747	
3 100 3 2.580000	0.001697 0.000765	0.999997 0.000003	0.154702 0.009631	0.026023 0.005448	0.004359 0.007850	0.005758 0.007842	0.002076 0.006880	0.001436 0.003676	0.000768 0.001959	0.002725 0.004640	0.002608 0.009248	
3 100 3 2.590000	0.001601 0.000480	0.999997 0.000002	0.153510 0.004707	0.024685 0.009375	0.006288 0.006635	0.002409 0.006507	0.000237 0.001185	0.000095 0.000474	0.002656 0.005507	0.000463 0.001354	0.000546 0.002731	
3 100 3 2.600000	0.001534 0.000425	0.999998 0.000001	0.144466 0.009560	0.028030 0.009480	0.005873 0.005931	0.002566 0.009628	0.001029 0.003951	0.002851 0.007997	0.000694 0.003470	0.000000 0.000000	0.001469 0.004525	
