3 100 5 1.800000	0.001683 0.000908	0.999997 0.000003	0.144775 0.009929	0.022803 0.003472	0.004359 0.007429	0.001570 0.005346	0.001618 0.004443	0.000416 0.002080	0.001430 0.006689	0.002182 0.006332	0.000000 0.000000	
3 100 5 1.810000	0.001571 0.000400	0.999998 0.000001	0.145794 0.008230	0.022721 0.006720	0.005811 0.008589	0.000752 0.003129	0.000487 0.001922	0.001520 0.006957	0.000641 0.003207	0.000634 0.003172	0.001792 0.006751	
3 100 5 1.820000	0.001674 0.000892	0.999997 0.000003	0.140817 0.008856	0.021857 0.008772	0.003628 0.007729	0.001032 0.002695	0.001839 0.005831	0.000000 0.000000	0.000907 0.003510	0.002156 0.008063	0.000321 0.001605	
3 100 5 1.830000	0.001471 0.000489	0.999998 0.000001	0.137731 0.007056	0.020976 0.007029	0.003113 0.005800	0.000092 0.002630	0.000879 0.004396	0.000651 0.002627	0.001289 0.005415	0.001022 0.004887	0.001656 0.004414	
3 100 5 1.840000	0.001833 0.000515	0.999997 0.000002	0.141241 0.008501	0.024769 0.009751	0.001943 0.005652	0.002221 0.008372	0.001029 0.002914	0.002173 0.005533	0.000128 0.000638	0.000229 0.002541	-0.000282 0.001336	
3 100 5 1.850000	0.001462 0.000640	0.999998 0.000002	0.138177 0.009359	0.019581 0.009391	0.005266 0.009870	0.000286 0.002626	0.004137 0.007121	0.003007 0.008444	0.002070 0.005068	0.000385 0.004735	0.000613 0.002372	
3 100 5 1.860000	0.001608 0.000730	0.999997 0.000003	0.140009 0.009204	0.022283 0.008611	0.003160 0.009823	0.000149 0.000746	0.002064 0.006260	0.001414 0.003498	0.001178 0.005889	0.001300 0.003817	0.000992 0.003178	
3 100 5 1.870000	0.001419 0.001010	0.999998 0.000002	0.143154 0.006459	0.020748 0.008856	0.001234 0.004248	0.001479 0.004691	0.000139 0.000694	0.004010 0.009403	0.000250 0.001171	0.000000 0.000000	0.001131 0.004997	
3 100 5 1.880000	0.001531 0.000722	0.999998 0.000002	0.136914 0.008999	0.017136 0.009196	0.004120 0.002679	0.000677 0.001828	0.001522 0.004582	0.002298 0.005269	0.000682 0.002119	0.001464 0.005221	0.000000 0.000000	
3 100 5 1.890000	0.001367 0.000616	0.999998 0.000002	0.136103 0.008810	0.019680 0.004721	0.004060 0.005028	0.001081 0.004098	0.002486 0.005191	0.000041 0.000207	0.001050 0.005151	0.001975 0.006690	0.000818 0.002607	
3 100 5 1.900000	0.001891 0.000637	0.999996 0.000003	0.132087 0.007917	0.018928 0.008695	0.001377 0.006455	0.001127 0.003328	0.000654 0.001830	0.001297 0.004712	0.000851 0.003622	0.000718 0.003596	0.000289 0.001444	
