3 100 5 2.700000	0.001190 0.000497	0.999999 0.000001	0.084238 0.004116	0.003790 0.008332	0.000993 0.004966	0.001123 0.003570	0.001436 0.005758	0.003893 0.009203	0.000452 0.002260	0.001067 0.003194	0.001528 0.005736	
3 100 5 2.710000	0.001187 0.000692	0.999998 0.000002	0.084540 0.009896	0.008692 0.007967	0.002509 0.006546	0.002236 0.004843	0.001393 0.004318	0.000921 0.002360	0.001971 0.006804	0.001673 0.004199	0.001392 0.006070	
3 100 5 2.720000	0.001190 0.000429	0.999999 0.000001	0.085439 0.006428	0.008260 0.007499	0.002080 0.002283	0.002739 0.006325	0.000941 0.002415	0.000750 0.003748	0.000902 0.003541	0.000706 0.002461	0.000876 0.002748	
3 100 5 2.730000	0.001189 0.000485	0.999999 0.000001	0.083141 0.009226	0.005483 0.008391	0.001055 0.004027	0.002581 0.009174	0.001729 0.005485	0.001365 0.004279	0.001105 0.005276	0.000000 0.000000	0.001490 0.003076	
3 100 5 2.740000	0.001120 0.000967	0.999999 0.000002	0.084804 0.008611	0.010888 0.009307	0.001388 0.006666	0.002194 0.007083	0.003065 0.008832	0.003358 0.008957	0.003444 0.009249	0.001417 0.007083	0.000826 0.004100	
3 100 5 2.750000	0.001191 0.000469	0.999999 0.000001	0.082884 0.009063	0.006957 0.005521	0.000454 0.002272	0.001643 0.003689	0.002129 0.004879	0.000187 0.000936	0.001512 0.003938	-0.000139 0.000697	0.001534 0.004443	
3 100 5 2.760000	0.001263 0.000425	0.999998 0.000001	0.082409 0.007308	0.006513 0.008966	0.003148 0.005891	0.001126 0.002890	0.000297 0.001487	0.001657 0.003484	0.000087 0.000435	0.001228 0.005781	0.000994 0.002128	
3 100 5 2.770000	0.001319 0.000235	0.999998 0.000001	0.082818 0.009584	0.004251 0.006515	0.000654 0.002802	0.000694 0.002915	0.003684 0.009748	0.000876 0.002221	0.003457 0.007846	0.004508 0.004306	0.000739 0.003696	
3 100 5 2.780000	0.001375 0.000860	0.999998 0.000003	0.081093 0.006073	0.007777 0.007011	0.000735 0.005208	0.002519 0.007022	0.001329 0.004443	0.000441 0.001605	0.001076 0.004506	0.000722 0.003609	0.001639 0.006621	
3 100 5 2.790000	0.001253 0.000802	0.999998 0.000002	0.084929 0.006387	0.007392 0.007110	0.002221 0.005553	0.002685 0.006803	0.001780 0.004581	0.001954 0.009165	0.000666 0.002081	0.001089 0.003824	0.002211 0.007029	
3 100 5 2.800000	0.001065 0.000239	0.999999 0.000001	0.080341 0.006852	0.009580 0.008334	0.001449 0.005207	0.000278 0.001388	0.002197 0.007291	0.002851 0.004225	0.001111 0.005554	0.002314 0.008749	0.001968 0.009166	
