3 100 2 0.000000	1.000000 0.000000	0.000000 0.000000	0.000000 0.000000	0.000000 0.000000	0.000000 0.000000	0.000000 0.000000	0.000000 0.000000	0.000000 0.000000	0.000000 0.000000	0.000000 0.000000	0.000000 0.000000	
3 100 2 0.010000	1.000000 0.000000	0.000000 0.000000	0.000000 0.000000	0.000000 0.000000	0.000000 0.000000	0.000000 0.000000	0.000000 0.000000	0.000000 0.000000	0.000000 0.000000	0.000000 0.000000	0.000000 0.000000	
3 100 2 0.020000	1.000000 0.000000	0.000000 0.000000	0.000000 0.000000	0.000000 0.000000	0.000000 0.000000	0.000000 0.000000	0.000000 0.000000	0.000000 0.000000	0.000000 0.000000	0.000000 0.000000	0.000000 0.000000	
3 100 2 0.030000	1.000000 0.000000	0.000000 0.000000	0.000000 0.000000	0.000000 0.000000	0.000000 0.000000	0.000000 0.000000	0.000000 0.000000	0.000000 0.000000	0.000000 0.000000	0.000000 0.000000	0.000000 0.000000	
3 100 2 0.040000	1.000000 0.000000	0.000000 0.000000	0.000000 0.000000	0.000000 0.000000	0.000000 0.000000	0.000000 0.000000	0.000000 0.000000	0.000000 0.000000	0.000000 0.000000	0.000000 0.000000	0.000000 0.000000	
3 100 2 0.050000	1.000000 0.000000	0.000000 0.000000	0.000000 0.000000	0.000000 0.000000	0.000000 0.000000	0.000000 0.000000	0.000000 0.000000	0.000000 0.000000	0.000000 0.000000	0.000000 0.000000	0.000000 0.000000	
3 100 2 0.060000	1.000000 0.000000	0.000000 0.000000	0.000000 0.000000	0.000000 0.000000	0.000000 0.000000	0.000000 0.000000	0.000000 0.000000	0.000000 0.000000	0.000000 0.000000	0.000000 0.000000	0.000000 0.000000	
3 100 2 0.070000	1.000000 0.000000	0.000000 0.000000	0.000000 0.000000	0.000000 0.000000	0.000000 0.000000	0.000000 0.000000	0.000000 0.000000	0.000000 0.000000	0.000000 0.000000	0.000000 0.000000	0.000000 0.000000	
3 100 2 0.080000	1.000000 0.000000	0.000000 0.000000	0.000000 0.000000	0.000000 0.000000	0.000000 0.000000	0.000000 0.000000	0.000000 0.000000	0.000000 0.000000	0.000000 0.000000	0.000000 0.000000	0.000000 0.000000	
3 100 2 0.090000	1.000000 0.000000	0.000000 0.000000	0.000000 0.000000	0.000000 0.000000	0.000000 0.000000	0.000000 0.000000	0.000000 0.000000	0.000000 0.000000	0.000000 0.000000	0.000000 0.000000	0.000000 0.000000	
3 100 2 0.100000	1.000000 0.000000	0.000000 0.000000	0.000000 0.000000	0.000000 0.000000	0.000000 0.000000	0.000000 0.000000	0.000000 0.000000	0.000000 0.000000	0.000000 0.000000	0.000000 0.000000	0.000000 0.000000	
3 100 2 0.110000	1.000000 0.000000	0.000000 0.000000	0.000000 0.000000	0.000000 0.000000	0.000000 0.000000	0.000000 0.000000	0.000000 0.000000	0.000000 0.000000	0.000000 0.000000	0.000000 0.000000	0.000000 0.000000	
3 100 2 0.120000	1.000000 0.000000	0.000000 0.000000	0.000000 0.000000	0.000000 0.000000	0.000000 0.000000	0.000000 0.000000	0.000000 0.000000	0.000000 0.000000	0.000000 0.000000	0.000000 0.000000	0.000000 0.000000	
3 100 2 0.130000	1.000000 0.000000	0.000000 0.000000	0.000000 0.000000	0.000000 0.000000	0.000000 0.000000	0.000000 0.000000	0.000000 0.000000	0.000000 0.000000	0.000000 0.000000	0.000000 0.000000	0.000000 0.000000	
3 100 2 0.140000	1.000000 0.000000	0.000000 0.000000	0.000000 0.000000	0.000000 0.000000	0.000000 0.000000	0.000000 0.000000	0.000000 0.000000	0.000000 0.000000	0.000000 0.000000	0.000000 0.000000	0.000000 0.000000	
3 100 2 0.150000	1.000000 0.000000	0.000000 0.000000	0.000000 0.000000	0.000000 0.000000	0.000000 0.000000	0.000000 0.000000	0.000000 0.000000	0.000000 0.000000	0.000000 0.000000	0.000000 0.000000	0.000000 0.000000	
3 100 2 0.160000	1.000000 0.000000	0.000000 0.000000	0.000000 0.000000	0.000000 0.000000	0.000000 0.000000	0.000000 0.000000	0.000000 0.000000	0.000000 0.000000	0.000000 0.000000	0.000000 0.000000	0.000000 0.000000	
3 100 2 0.170000	1.000000 0.000000	0.000000 0.000000	0.000000 0.000000	0.000000 0.000000	0.000000 0.000000	0.000000 0.000000	0.000000 0.000000	0.000000 0.000000	0.000000 0.000000	0.000000 0.000000	0.000000 0.000000	
3 100 2 0.180000	1.000000 0.000000	0.000000 0.000000	0.000000 0.000000	0.000000 0.000000	0.000000 0.000000	0.000000 0.000000	0.000000 0.000000	0.000000 0.000000	0.000000 0.000000	0.000000 0.000000	0.000000 0.000000	
3 100 2 0.190000	1.000000 0.000000	0.000000 0.000000	0.000000 0.000000	0.000000 0.000000	0.000000 0.000000	0.000000 0.000000	0.000000 0.000000	0.000000 0.000000	0.000000 0.000000	0.000000 0.000000	0.000000 0.000000	
3 100 2 0.200000	1.000000 0.000000	0.000000 0.000000	0.000000 0.000000	0.000000 0.000000	0.000000 0.000000	0.000000 0.000000	0.000000 0.000000	0.000000 0.000000	0.000000 0.000000	0.000000 0.000000	0.000000 0.000000	
3 100 2 0.210000	1.000000 0.000000	0.000000 0.000000	0.000000 0.000000	0.000000 0.000000	0.000000 0.000000	0.000000 0.000000	0.000000 0.000000	0.000000 0.000000	0.000000 0.000000	0.000000 0.000000	0.000000 0.000000	
3 100 2 0.220000	1.000000 0.000000	0.000000 0.000000	0.000000 0.000000	0.000000 0.000000	0.000000 0.000000	0.000000 0.000000	0.000000 0.000000	0.000000 0.000000	0.000000 0.000000	0.000000 0.000000	0.000000 0.000000	
3 100 2 0.230000	1.000000 0.000000	0.000000 0.000000	0.000000 0.000000	0.000000 0.000000	0.000000 0.000000	0.000000 0.000000	0.000000 0.000000	0.000000 0.000000	0.000000 0.000000	0.000000 0.000000	0.000000 0.000000	
3 100 2 0.240000	1.000000 0.000000	0.000000 0.000000	0.000000 0.000000	0.000000 0.000000	0.000000 0.000000	0.000000 0.000000	0.000000 0.000000	0.000000 0.000000	0.000000 0.000000	0.000000 0.000000	0.000000 0.000000	
3 100 2 0.250000	1.000000 0.000000	0.000000 0.000000	0.000000 0.000000	0.000000 0.000000	0.000000 0.000000	0.000000 0.000000	0.000000 0.000000	0.000000 0.000000	0.000000 0.000000	0.000000 0.000000	0.000000 0.000000	
3 100 2 0.260000	1.000000 0.000000	0.000000 0.000000	0.000000 0.000000	0.000000 0.000000	0.000000 0.000000	0.000000 0.000000	0.000000 0.000000	0.000000 0.000000	0.000000 0.000000	0.000000 0.000000	0.000000 0.000000	
3 100 2 0.270000	1.000000 0.000000	0.000000 0.000000	0.000000 0.000000	0.000000 0.000000	0.000000 0.000000	0.000000 0.000000	0.000000 0.000000	0.000000 0.000000	0.000000 0.000000	0.000000 0.000000	0.000000 0.000000	
3 100 2 0.280000	1.000000 0.000000	0.000000 0.000000	0.000000 0.000000	0.000000 0.000000	0.000000 0.000000	0.000000 0.000000	0.000000 0.000000	0.000000 0.000000	0.000000 0.000000	0.000000 0.000000	0.000000 0.000000	
3 100 2 0.290000	1.000000 0.000000	0.000000 0.000000	0.000000 0.000000	0.000000 0.000000	0.000000 0.000000	0.000000 0.000000	0.000000 0.000000	0.000000 0.000000	0.000000 0.000000	0.000000 0.000000	0.000000 0.000000	
3 100 2 0.300000	1.000000 0.000000	0.000000 0.000000	0.000000 0.000000	0.000000 0.000000	0.000000 0.000000	0.000000 0.000000	0.000000 0.000000	0.000000 0.000000	0.000000 0.000000	0.000000 0.000000	0.000000 0.000000	
3 100 2 0.310000	1.000000 0.000000	0.000000 0.000000	0.000000 0.000000	0.000000 0.000000	0.000000 0.000000	0.000000 0.000000	0.000000 0.000000	0.000000 0.000000	0.000000 0.000000	0.000000 0.000000	0.000000 0.000000	
3 100 2 0.320000	1.000000 0.000000	0.000000 0.000000	0.000000 0.000000	0.000000 0.000000	0.000000 0.000000	0.000000 0.000000	0.000000 0.000000	0.000000 0.000000	0.000000 0.000000	0.000000 0.000000	0.000000 0.000000	
3 100 2 0.330000	1.000000 0.000000	0.000000 0.000000	0.000000 0.000000	0.000000 0.000000	0.000000 0.000000	0.000000 0.000000	0.000000 0.000000	0.000000 0.000000	0.000000 0.000000	0.000000 0.000000	0.000000 0.000000	
3 100 2 0.340000	1.000000 0.000000	0.000000 0.000000	0.000000 0.000000	0.000000 0.000000	0.000000 0.000000	0.000000 0.000000	0.000000 0.000000	0.000000 0.000000	0.000000 0.000000	0.000000 0.000000	0.000000 0.000000	
3 100 2 0.350000	1.000000 0.000000	0.000000 0.000000	0.000000 0.000000	0.000000 0.000000	0.000000 0.000000	0.000000 0.000000	0.000000 0.000000	0.000000 0.000000	0.000000 0.000000	0.000000 0.000000	0.000000 0.000000	
3 100 2 0.360000	1.000000 0.000000	0.000000 0.000000	0.000000 0.000000	0.000000 0.000000	0.000000 0.000000	0.000000 0.000000	0.000000 0.000000	0.000000 0.000000	0.000000 0.000000	0.000000 0.000000	0.000000 0.000000	
3 100 2 0.370000	1.000000 0.000002	0.000000 0.000000	0.000000 0.000000	0.000000 0.000000	0.000000 0.000000	0.000000 0.000000	0.000000 0.000000	0.000000 0.000000	0.000000 0.000000	0.000000 0.000000	0.000000 0.000000	
3 100 2 0.380000	1.000000 0.000000	0.000000 0.000000	0.000000 0.000000	0.000000 0.000000	0.000000 0.000000	0.000000 0.000000	0.000000 0.000000	0.000000 0.000000	0.000000 0.000000	0.000000 0.000000	0.000000 0.000000	
3 100 2 0.390000	1.000000 0.000002	0.000000 0.000000	0.000000 0.000000	0.000000 0.000000	0.000000 0.000000	0.000000 0.000000	0.000000 0.000000	0.000000 0.000000	0.000000 0.000000	0.000000 0.000000	0.000000 0.000000	
3 100 2 0.400000	0.999999 0.000002	0.000000 0.000000	0.000000 0.000000	0.000000 0.000000	0.000000 0.000000	0.000000 0.000000	0.000000 0.000000	0.000000 0.000000	0.000000 0.000000	0.000000 0.000000	0.000000 0.000000	
3 100 2 0.410000	1.000000 0.000002	0.000000 0.000000	0.000000 0.000000	0.000000 0.000000	0.000000 0.000000	0.000000 0.000000	0.000000 0.000000	0.000000 0.000000	0.000000 0.000000	0.000000 0.000000	0.000000 0.000000	
3 100 2 0.420000	0.999998 0.000004	0.000000 0.000000	0.000000 0.000000	0.000000 0.000000	0.000000 0.000000	0.000000 0.000000	0.000000 0.000000	0.000000 0.000000	0.000000 0.000000	0.000000 0.000000	0.000000 0.000000	
3 100 2 0.430000	0.999999 0.000002	0.000000 0.000000	0.000000 0.000000	0.000000 0.000000	0.000000 0.000000	0.000000 0.000000	0.000000 0.000000	0.000000 0.000000	0.000000 0.000000	0.000000 0.000000	0.000000 0.000000	
3 100 2 0.440000	0.999998 0.000006	0.000000 0.000000	0.000000 0.000000	0.000000 0.000000	0.000000 0.000000	0.000000 0.000000	0.000000 0.000000	0.000000 0.000000	0.000000 0.000000	0.000000 0.000000	0.000000 0.000000	
3 100 2 0.450000	0.999997 0.000004	0.000000 0.000000	0.000000 0.000000	0.000000 0.000000	0.000000 0.000000	0.000000 0.000000	0.000000 0.000000	0.000000 0.000000	0.000000 0.000000	0.000000 0.000000	0.000000 0.000000	
3 100 2 0.460000	0.999995 0.000008	0.000000 0.000000	0.000000 0.000000	0.000000 0.000000	0.000000 0.000000	0.000000 0.000000	0.000000 0.000000	0.000000 0.000000	0.000000 0.000000	0.000000 0.000000	0.000000 0.000000	
3 100 2 0.470000	0.999996 0.000006	0.000000 0.000000	0.000000 0.000000	0.000000 0.000000	0.000000 0.000000	0.000000 0.000000	0.000000 0.000000	0.000000 0.000000	0.000000 0.000000	0.000000 0.000000	0.000000 0.000000	
3 100 2 0.480000	0.999991 0.000018	0.000000 0.000000	0.000000 0.000000	0.000000 0.000000	0.000000 0.000000	0.000000 0.000000	0.000000 0.000000	0.000000 0.000000	0.000000 0.000000	0.000000 0.000000	0.000000 0.000000	
3 100 2 0.490000	0.999987 0.000008	0.000000 0.000000	0.000000 0.000000	0.000000 0.000000	0.000000 0.000000	0.000000 0.000000	0.000000 0.000000	0.000000 0.000000	0.000000 0.000000	0.000000 0.000000	0.000000 0.000000	
3 100 2 0.500000	0.999985 0.000010	0.000000 0.000000	0.000000 0.000000	0.000000 0.000000	0.000000 0.000000	0.000000 0.000000	0.000000 0.000000	0.000000 0.000000	0.000000 0.000000	0.000000 0.000000	0.000000 0.000000	
3 100 2 0.510000	0.999985 0.000018	0.000000 0.000000	0.000000 0.000000	0.000000 0.000000	0.000000 0.000000	0.000000 0.000000	0.000000 0.000000	0.000000 0.000000	0.000000 0.000000	0.000000 0.000000	0.000000 0.000000	
3 100 2 0.520000	0.999985 0.000016	0.000000 0.000000	0.000000 0.000000	0.000000 0.000000	0.000000 0.000000	0.000000 0.000000	0.000000 0.000000	0.000000 0.000000	0.000000 0.000000	0.000000 0.000000	0.000000 0.000000	
3 100 2 0.530000	0.999972 0.000024	0.000000 0.000000	0.000000 0.000000	0.000000 0.000000	0.000000 0.000000	0.000000 0.000000	0.000000 0.000000	0.000000 0.000000	0.000000 0.000000	0.000000 0.000000	0.000000 0.000000	
3 100 2 0.540000	0.999977 0.000014	0.000000 0.000000	0.000000 0.000000	0.000000 0.000000	0.000000 0.000000	0.000000 0.000000	0.000000 0.000000	0.000000 0.000000	0.000000 0.000000	0.000000 0.000000	0.000000 0.000000	
3 100 2 0.550000	0.999965 0.000024	0.000000 0.000000	0.000000 0.000000	0.000000 0.000000	0.000000 0.000000	0.000000 0.000000	0.000000 0.000000	0.000000 0.000000	0.000000 0.000000	0.000000 0.000000	0.000000 0.000000	
3 100 2 0.560000	0.999951 0.000008	0.000062 0.000104	0.000062 0.000104	0.000062 0.000104	0.000062 0.000104	0.000062 0.000104	0.000062 0.000104	0.000062 0.000104	0.000042 0.000104	0.000062 0.000104	0.000062 0.000104	
3 100 2 0.570000	0.999950 0.000022	0.000065 0.000116	0.000065 0.000116	0.000065 0.000116	0.000065 0.000116	0.000065 0.000116	0.000065 0.000116	0.000042 0.000104	0.000065 0.000116	0.000065 0.000116	0.000065 0.000116	
3 100 2 0.580000	0.999936 0.000012	0.000129 0.000024	0.000102 0.000140	0.000101 0.000136	0.000078 0.000140	0.000102 0.000140	0.000129 0.000024	0.000104 0.000140	0.000129 0.000024	0.000129 0.000024	0.000075 0.000136	
3 100 2 0.590000	0.999921 0.000048	0.000158 0.000096	0.000158 0.000096	0.000116 0.000176	0.000135 0.000208	0.000158 0.000096	0.000158 0.000096	0.000116 0.000176	0.000116 0.000176	0.000090 0.000176	0.000135 0.000208	
3 100 2 0.600000	0.999912 0.000020	0.000177 0.000040	0.000109 0.000196	0.000144 0.000196	0.000144 0.000196	0.000138 0.000184	0.000101 0.000184	0.000177 0.000040	0.000101 0.000184	0.000140 0.000196	0.000177 0.000040	
3 100 2 0.610000	0.999888 0.000032	0.000223 0.000064	0.000130 0.000236	0.000223 0.000064	0.000174 0.000236	0.000137 0.000236	0.000223 0.000064	0.000223 0.000064	0.000090 0.000236	0.000130 0.000248	0.000177 0.000248	
3 100 2 0.620000	0.999870 0.000034	0.000260 0.000068	0.000201 0.000288	0.000211 0.000296	0.000260 0.000068	0.000202 0.000296	0.000143 0.000244	0.000214 0.000296	0.000260 0.000068	0.000202 0.000296	0.000260 0.000068	
3 100 2 0.630000	0.999850 0.000046	0.000301 0.000092	0.000301 0.000092	0.000241 0.000336	0.000301 0.000092	0.000241 0.000336	0.000241 0.000336	0.000234 0.000324	0.000301 0.000092	0.000181 0.000336	0.000241 0.000336	
3 100 2 0.640000	0.999823 0.000038	0.000354 0.000076	0.000282 0.000392	0.000213 0.000392	0.000285 0.000392	0.000282 0.000392	0.000134 0.000356	0.000354 0.000076	0.000214 0.000392	0.000150 0.000392	0.000150 0.000392	
3 100 2 0.650000	0.999807 0.000040	0.000386 0.000080	0.000235 0.000428	0.000156 0.000428	0.000316 0.000428	0.000306 0.000428	0.000236 0.000428	0.000236 0.000428	0.000306 0.000428	0.000300 0.000400	0.000306 0.000428	
3 100 2 0.660000	0.999784 0.000028	0.000432 0.000056	0.000165 0.000420	0.000348 0.000460	0.000348 0.000460	0.000267 0.000460	0.000262 0.000460	0.000174 0.000448	0.000267 0.000460	0.000254 0.000448	0.000178 0.000460	
3 100 2 0.670000	0.999726 0.000106	0.000549 0.000212	0.000437 0.000656	0.000460 0.000656	0.000101 0.000504	0.000549 0.000212	0.000348 0.000656	0.000336 0.000656	0.000205 0.000580	0.000232 0.000656	0.000549 0.000212	
3 100 2 0.680000	0.999708 0.000106	0.000584 0.000212	0.000328 0.000596	0.000256 0.000696	0.000370 0.000696	0.000326 0.000584	0.000355 0.000696	0.000216 0.000596	0.000097 0.000484	0.000472 0.000696	0.000097 0.000484	
3 100 2 0.690000	0.999672 0.000082	0.000657 0.000164	0.000657 0.000164	0.000510 0.000672	0.000245 0.000656	0.000522 0.000732	0.000248 0.000672	0.000278 0.000732	0.000266 0.000672	0.000278 0.000732	0.000260 0.000732	
3 100 2 0.700000	0.999585 0.000088	0.000829 0.000176	0.000351 0.000868	0.000413 0.000924	0.000535 0.000924	0.000429 0.000667	0.000386 0.000868	0.000519 0.000924	0.000188 0.000804	0.000389 0.000804	0.000212 0.000924	
3 100 2 0.710000	0.999571 0.000060	0.000858 0.000120	0.000420 0.000900	0.000541 0.000900	0.000536 0.000920	0.000286 0.000812	0.000112 0.000233	0.000592 0.000775	0.000502 0.000900	0.000563 0.000920	0.000412 0.000920	
3 100 2 0.720000	0.999517 0.000086	0.000965 0.000172	0.000378 0.000872	0.000439 0.000948	0.000699 0.000587	0.000509 0.000936	0.000299 0.000172	0.000493 0.000948	0.000300 0.000936	0.000778 0.001044	0.000190 0.000948	
3 100 2 0.730000	0.999412 0.000094	0.001176 0.000188	0.000335 0.001084	0.000299 0.001080	0.000439 0.001192	0.000686 0.001268	0.000441 0.001192	0.000572 0.001192	0.000441 0.001192	0.000709 0.001268	0.000550 0.001256	
3 100 2 0.740000	0.999356 0.000076	0.001287 0.000152	0.001020 0.000819	0.000613 0.001216	0.001020 0.000551	0.000546 0.001368	0.000250 0.000701	0.000887 0.000791	0.001013 0.001364	0.000000 0.000000	0.000359 0.001216	
3 100 2 0.750000	0.999317 0.000040	0.001365 0.000080	0.000000 0.000000	0.000834 0.001404	0.000698 0.000080	0.000544 0.001404	0.000819 0.001404	0.000553 0.001324	0.000422 0.001404	0.000684 0.001328	0.000406 0.001328	
3 100 2 0.760000	0.999236 0.000048	0.001528 0.000096	0.000957 0.001575	0.000307 0.001535	0.000528 0.001527	0.000601 0.001527	0.000528 0.000909	0.000000 0.000000	0.000824 0.001479	0.000946 0.001535	0.000699 0.001575	
3 100 2 0.770000	0.999146 0.000106	0.001707 0.000212	0.000675 0.001077	0.000729 0.001743	0.000380 0.001619	0.000809 0.001743	0.000539 0.001743	0.000562 0.001743	0.000099 0.000494	0.000860 0.001731	0.000191 0.000953	
3 100 2 0.780000	0.999022 0.000094	0.001954 0.000188	0.000628 0.002039	0.000635 0.001991	0.000652 0.001372	0.000620 0.001851	0.001154 0.000619	0.000768 0.001991	0.000368 0.001324	0.000763 0.001991	0.000487 0.001851	
3 100 2 0.790000	0.998972 0.000142	0.002056 0.000284	0.000273 0.001364	0.000391 0.001955	0.001122 0.000882	0.000000 0.000000	0.001075 0.002031	0.001125 0.002031	0.000321 0.001364	0.000181 0.000905	0.000587 0.001572	
3 100 2 0.800000	0.998864 0.000060	0.002271 0.000120	0.001241 0.002335	0.000365 0.001560	0.000379 0.001560	0.001428 0.002335	0.000896 0.002267	0.000622 0.002227	0.001097 0.002335	0.000822 0.002215	0.000043 0.000215	
3 100 2 0.810000	0.998731 0.000146	0.002537 0.000292	0.001146 0.002638	0.000949 0.001972	0.001001 0.001840	0.000388 0.001940	0.000117 0.000586	0.000955 0.002586	0.000324 0.001273	0.001667 0.002638	0.001337 0.001920	
3 100 2 0.820000	0.998621 0.000096	0.002756 0.000192	0.000690 0.002714	0.000143 0.000714	0.000571 0.002714	0.000809 0.002714	0.000746 0.001401	0.000572 0.002666	0.000823 0.002714	0.000880 0.001473	0.000609 0.001473	
3 100 2 0.830000	0.998450 0.000124	0.003098 0.000248	0.000280 0.000982	0.000063 0.000315	0.000196 0.000982	0.000000 0.000000	0.001169 0.002419	0.000695 0.002391	0.001435 0.002419	0.001025 0.002391	0.000659 0.001752	
3 100 2 0.840000	0.998338 0.000176	0.003321 0.000351	0.000639 0.001772	0.001367 0.003301	0.000766 0.001772	0.001724 0.003457	0.000885 0.003321	0.000152 0.000635	0.000000 0.000000	0.001461 0.003321	0.000418 0.002088	
3 100 2 0.850000	0.998125 0.000148	0.003746 0.000295	0.000616 0.003078	0.001481 0.003182	0.000361 0.001106	0.001658 0.002886	0.002413 0.002962	0.001168 0.002515	0.000488 0.002439	0.001910 0.003812	0.000444 0.002220	
3 100 2 0.860000	0.998066 0.000176	0.003864 0.000351	0.001511 0.003130	0.001464 0.001018	0.001002 0.002116	0.001998 0.001589	0.000000 0.000000	0.000615 0.001449	0.000359 0.001796	0.001222 0.003194	0.001105 0.002116	
3 100 2 0.870000	0.997866 0.000142	0.004263 0.000283	0.001150 0.002224	0.001329 0.002778	0.000417 0.001689	0.000569 0.001561	0.000501 0.002112	0.001792 0.004224	0.000947 0.002395	0.000439 0.001689	0.000972 0.003022	
3 100 2 0.880000	0.997694 0.000130	0.004607 0.000259	0.000863 0.003146	0.000692 0.002072	0.001530 0.002479	0.002489 0.004072	0.001029 0.003261	0.000348 0.001146	0.000000 0.000000	0.000652 0.003261	0.000252 0.001261	
3 100 2 0.890000	0.997473 0.000176	0.005047 0.000351	0.000918 0.002399	0.001009 0.002838	0.001343 0.003141	0.001495 0.003808	0.001946 0.003189	0.000829 0.003002	0.001813 0.003808	0.001234 0.002171	0.001367 0.002838	
3 100 2 0.900000	0.997271 0.000188	0.005451 0.000375	0.002764 0.004758	0.001145 0.002830	0.002518 0.003801	0.001865 0.004830	0.001239 0.002770	0.002324 0.005261	0.001790 0.003928	0.001113 0.004594	0.001045 0.002969	
3 100 2 0.910000	0.997040 0.000144	0.005910 0.000287	0.000737 0.001788	0.000736 0.003121	0.001153 0.002075	0.002029 0.004490	0.000091 0.000454	0.001160 0.004490	0.000513 0.001823	0.001420 0.004075	0.001301 0.003121	
3 100 2 0.920000	0.996846 0.000164	0.006297 0.000327	0.000725 0.002178	0.001183 0.005739	0.000081 0.000406	0.001659 0.004406	0.000274 0.000442	0.002349 0.004442	0.000650 0.002178	0.001208 0.002346	0.001695 0.005072	
3 100 2 0.930000	0.996575 0.000212	0.006839 0.000423	0.002669 0.005714	0.000076 0.000381	0.001602 0.003714	0.001604 0.003048	0.001393 0.004884	0.001429 0.002884	0.000520 0.001714	0.001337 0.003515	0.000258 0.001292	
3 100 2 0.940000	0.996343 0.000324	0.007301 0.000646	0.002039 0.005119	0.000000 0.000000	0.001282 0.003311	0.003168 0.004064	0.000327 0.001119	0.000978 0.003119	0.001123 0.003311	0.002144 0.005850	0.001210 0.004461	
3 100 2 0.950000	0.996088 0.000218	0.007808 0.000434	0.001676 0.002919	0.002337 0.003821	0.001222 0.004955	0.001254 0.005353	0.002110 0.003325	0.003008 0.005073	0.001258 0.006288	0.002476 0.004955	0.001006 0.004252	
3 100 2 0.960000	0.995745 0.000302	0.008492 0.000601	0.001397 0.003915	0.001471 0.003851	0.000372 0.001568	0.000314 0.001568	0.000697 0.002582	0.000980 0.004902	0.001692 0.005078	0.000729 0.001851	0.000922 0.001503	
3 100 2 0.970000	0.995469 0.000218	0.009041 0.000434	0.002147 0.005511	0.000418 0.001278	0.001341 0.004257	0.000051 0.000257	0.000245 0.001223	0.001950 0.006269	0.001487 0.005278	0.000836 0.004178	0.002785 0.005603	
3 100 2 0.980000	0.995296 0.000224	0.009386 0.000446	0.001801 0.002827	0.000500 0.000950	0.001643 0.004723	0.001135 0.003617	0.000824 0.003617	0.002663 0.004504	0.001477 0.003838	0.000755 0.003493	0.002607 0.006827	
3 100 2 0.990000	0.994868 0.000252	0.010237 0.000501	0.001296 0.004329	0.001386 0.002717	0.000686 0.003432	0.000530 0.001432	0.002030 0.006098	0.001050 0.004329	0.001650 0.006098	0.001296 0.004051	0.003129 0.006552	
3 100 2 1.000000	0.994537 0.000184	0.010897 0.000366	0.001890 0.007053	0.000748 0.002687	0.000069 0.000347	0.001110 0.005549	0.000176 0.000882	0.001116 0.003014	0.002230 0.004159	0.001451 0.004387	0.000736 0.003680	
3 100 2 1.010000	0.994137 0.000222	0.011692 0.000441	0.002238 0.004360	0.000460 0.001011	0.000286 0.000828	0.001907 0.004360	0.002759 0.004683	0.000254 0.001270	0.002153 0.004991	0.002771 0.005495	0.001054 0.005270	
3 100 2 1.020000	0.993682 0.000164	0.012597 0.000326	0.000541 0.002076	0.002668 0.007295	0.002721 0.005894	0.000000 0.000000	0.000350 0.001751	0.001965 0.007227	0.001942 0.005751	0.002373 0.007302	0.000000 0.000000	
3 100 2 1.030000	0.993392 0.000226	0.013173 0.000449	0.000681 0.003125	0.001479 0.007395	0.002705 0.007887	0.001856 0.005395	0.001280 0.005887	0.003001 0.008946	0.000492 0.002458	0.001893 0.005395	0.000322 0.001612	
3 100 2 1.040000	0.992970 0.000156	0.014010 0.000310	0.003985 0.008661	0.000788 0.003816	0.000545 0.003329	0.000688 0.009202	0.002421 0.009464	0.001428 0.006483	0.003213 0.009455	0.000678 0.001149	0.001076 0.004663	
3 100 2 1.050000	0.992495 0.000362	0.014954 0.000719	0.001375 0.003385	0.001919 0.003979	0.002308 0.005281	0.004021 0.007302	0.002319 0.006646	0.000000 0.000000	0.000908 0.002563	0.002425 0.007758	0.002821 0.005385	
3 100 2 1.060000	0.992083 0.000348	0.015771 0.000691	0.001530 0.002702	0.002685 0.005289	0.001393 0.006035	0.002959 0.006702	0.002851 0.007368	0.001708 0.008539	0.001918 0.005289	0.000161 0.000539	0.002426 0.008035	
3 100 2 1.070000	0.991652 0.000226	0.016627 0.000448	0.003560 0.005718	0.001015 0.005075	0.000028 0.000142	0.003894 0.009154	0.001150 0.004487	0.000648 0.003241	0.000515 0.002575	0.001115 0.004809	0.001993 0.006142	
3 100 2 1.080000	0.991117 0.000636	0.017687 0.001261	0.001093 0.005463	0.003046 0.006970	0.000609 0.003043	0.005687 0.003753	0.002621 0.006139	0.003205 0.006796	0.000510 0.002550	0.001842 0.006411	0.001783 0.004796	
3 100 2 1.090000	0.990598 0.000558	0.018716 0.001105	0.002298 0.005772	0.001937 0.006834	0.002070 0.004319	0.006183 0.008127	0.000700 0.003501	0.000985 0.004758	0.001831 0.005501	0.000167 0.000834	0.002131 0.007772	
3 100 2 1.100000	0.990072 0.000228	0.019757 0.000451	0.000657 0.001654	0.000759 0.003793	0.002998 0.005654	0.001351 0.003793	0.002833 0.007793	0.000864 0.004321	0.001190 0.003654	0.003205 0.006293	0.001457 0.004988	
3 100 2 1.110000	0.989649 0.000239	0.020594 0.000473	0.001461 0.004172	0.001345 0.003070	0.001638 0.005061	0.000426 0.005343	0.001507 0.008826	0.002475 0.005775	0.002111 0.006848	0.003137 0.006848	0.001190 0.003931	
3 100 2 1.120000	0.988948 0.000290	0.021983 0.000574	0.002013 0.008017	0.002774 0.006947	0.004639 0.006947	0.002193 0.006281	0.002047 0.006188	0.000742 0.001614	0.004249 0.007737	0.000189 0.000947	0.003927 0.007521	
3 100 2 1.130000	0.988370 0.000137	0.023126 0.000270	0.001795 0.007663	0.001494 0.004446	-0.000013 0.000693	0.001089 0.004980	0.000123 0.002150	0.001064 0.004020	0.001360 0.005715	0.001997 0.007220	0.001366 0.004593	
3 100 2 1.140000	0.987885 0.000206	0.024084 0.000407	0.002243 0.006787	-0.000850 0.009412	0.004750 0.004860	0.001488 0.009074	0.003888 0.008495	0.001071 0.004495	-0.000078 0.007527	0.002475 0.004495	0.003275 0.005828	
3 100 2 1.150000	0.987301 0.000240	0.025237 0.000474	0.002357 0.003664	0.001628 0.008998	0.002170 0.007104	0.001509 0.004805	0.002480 0.007405	0.002276 0.006805	0.000556 0.003578	0.001010 0.006493	0.000904 0.004600	
3 100 2 1.160000	0.986602 0.000418	0.026617 0.000825	0.001835 0.005366	0.003196 0.008327	0.001097 0.005483	0.001867 0.005892	0.001948 0.006881	0.000749 0.002372	0.001465 0.005664	0.000128 0.000654	0.001560 0.005820	
3 100 2 1.170000	0.985781 0.000165	0.028236 0.000325	0.001474 0.004738	0.003038 0.007966	0.001813 0.003096	0.001193 0.002338	0.001073 0.004695	0.001550 0.004450	0.002595 0.007630	0.002277 0.008854	0.003803 0.008899	
3 100 2 1.180000	0.985219 0.000450	0.029343 0.000887	0.002565 0.007402	0.000000 0.000000	0.000383 0.001913	0.000711 0.002144	0.002085 0.005491	0.002101 0.009597	0.001756 0.006366	0.001716 0.003177	0.003196 0.007580	
3 100 2 1.190000	0.984443 0.000394	0.030873 0.000776	0.000920 0.002249	0.001514 0.005805	0.000561 0.002807	0.001699 0.005987	0.001469 0.004209	-0.000107 0.002159	0.000396 0.003924	0.001142 0.002431	0.003304 0.005543	
3 100 2 1.200000	0.983586 0.000323	0.032558 0.000635	0.002488 0.005883	0.002313 0.007550	0.000000 0.000000	0.000710 0.003551	0.000697 0.002403	0.001440 0.006353	0.001092 0.004969	0.000672 0.003359	0.002110 0.005959	
3 100 2 1.210000	0.982836 0.000375	0.034034 0.000737	0.002698 0.005047	0.001430 0.003801	0.001536 0.004690	0.000436 0.001681	0.002530 0.007459	0.001468 0.003681	0.002353 0.004944	0.002260 0.007024	0.001300 0.005475	
3 100 2 1.220000	0.981931 0.000235	0.035811 0.000462	0.001082 0.008224	0.001622 0.006770	0.000798 0.004109	0.003681 0.008230	0.000440 0.007593	0.000907 0.002341	0.002944 0.007879	0.002329 0.007675	0.000000 0.000000	
3 100 2 1.230000	0.981174 0.000370	0.037297 0.000726	0.001519 0.003823	0.002728 0.005771	0.003084 0.006159	0.001304 0.004945	0.002753 0.008996	0.000539 0.002693	0.001899 0.005237	0.000559 0.003392	0.001350 0.004859	
3 100 2 1.240000	0.980325 0.000395	0.038963 0.000775	0.002192 0.007858	0.000538 0.002691	0.002832 0.009509	0.003018 0.008217	0.002113 0.008709	0.000973 0.004867	0.001047 0.005233	0.001835 0.007109	0.003392 0.009083	
3 100 2 1.250000	0.979411 0.000143	0.040753 0.000280	0.003839 0.007475	0.000314 0.001444	0.002285 0.004555	0.001974 0.008080	0.000706 0.003532	0.002973 0.005889	0.001838 0.009191	0.004614 0.009857	0.002557 0.007532	
3 100 2 1.260000	0.978560 0.000437	0.042420 0.000855	0.000076 0.000379	0.001716 0.008578	0.000697 0.001970	0.000484 0.001570	0.000000 0.000000	0.001396 0.006982	0.001001 0.006796	0.001487 0.007436	0.000430 0.001436	
3 100 2 1.270000	0.977581 0.000440	0.044335 0.000860	0.005128 0.006921	0.001255 0.003751	0.001229 0.006146	0.002661 0.008781	0.000608 0.002448	0.002091 0.006618	0.002113 0.008035	0.003262 0.007855	0.003240 0.007562	
3 100 2 1.280000	0.976591 0.000134	0.046270 0.000262	-0.000184 0.000922	0.001349 0.006745	0.002063 0.003912	0.002316 0.009850	0.000780 0.003899	0.000649 0.003245	0.003638 0.008136	0.002151 0.005126	0.002332 0.005261	
3 100 2 1.290000	0.975526 0.000195	0.048348 0.000380	0.002738 0.007634	0.002481 0.009683	0.001779 0.003704	0.001544 0.004226	0.002446 0.005055	0.000580 0.002007	0.000198 0.000901	0.002497 0.006147	0.000000 0.000000	
3 100 2 1.300000	0.974612 0.000351	0.050131 0.000684	0.004064 0.008060	0.001821 0.006287	0.001022 0.004248	0.003333 0.007361	0.004095 0.008504	0.001342 0.005387	0.000421 0.002104	0.001898 0.004771	0.001737 0.005227	
3 100 2 1.310000	0.973437 0.000236	0.052421 0.000459	0.001539 0.006400	0.003678 0.008866	0.001180 0.003149	0.000457 0.002287	0.000571 0.005132	0.002812 0.007549	0.001161 0.003662	0.002795 0.005929	0.002269 0.005949	
3 100 2 1.320000	0.972363 0.000182	0.054511 0.000354	0.001085 0.003296	0.002069 0.006254	0.000656 0.003792	0.000503 0.003964	0.000557 0.001632	0.001378 0.004143	0.000000 0.000000	0.001374 0.004247	0.000129 0.000643	
3 100 2 1.330000	0.971220 0.000479	0.056731 0.000930	0.002756 0.006392	0.002025 0.005365	0.003496 0.006497	0.004154 0.009621	0.001624 0.007187	0.000000 0.000000	0.000919 0.003640	0.003232 0.008808	0.000397 0.007010	
3 100 2 1.340000	0.969985 0.000253	0.059129 0.000491	0.002598 0.005281	0.001138 0.003410	0.001035 0.003477	0.000107 0.000842	0.001294 0.003651	0.001102 0.005512	0.002724 0.009304	0.001373 0.004429	0.003931 0.007027	
3 100 2 1.350000	0.968701 0.000325	0.061618 0.000631	0.005026 0.008922	0.002921 0.006939	0.000305 0.007649	0.001371 0.005534	0.001870 0.006867	0.002284 0.007796	0.001460 0.006588	0.001675 0.007481	0.003058 0.009312	
3 100 2 1.360000	0.967549 0.000271	0.063848 0.000525	0.003537 0.008932	0.001884 0.004040	0.001718 0.005996	0.002189 0.005621	0.002110 0.005577	0.002012 0.005021	0.001198 0.005777	0.000582 0.001725	0.002149 0.009316	
3 100 2 1.370000	0.966425 0.000402	0.066023 0.000777	0.003032 0.009758	0.002083 0.006465	0.001714 0.007554	0.001119 0.002845	0.001802 0.009634	0.001789 0.005948	0.001882 0.006845	0.001611 0.004925	0.000758 0.003399	
3 100 2 1.380000	0.964996 0.000314	0.068782 0.000606	0.002145 0.005160	0.001262 0.005410	0.000316 0.001582	0.001991 0.009586	0.000888 0.004440	0.000721 0.005447	0.001559 0.005664	0.001636 0.004253	0.003888 0.008919	
3 100 2 1.390000	0.963642 0.000334	0.071394 0.000644	0.001882 0.005643	0.001188 0.005941	0.001190 0.003936	0.001274 0.006369	0.003750 0.008603	-0.000587 0.004100	0.000285 0.001423	0.000300 0.001502	0.000517 0.002584	
3 100 2 1.400000	0.962236 0.000360	0.074101 0.000693	0.002155 0.007149	0.000994 0.004969	0.002929 0.007269	0.002106 0.006626	-0.000693 0.003465	0.000502 0.006298	0.000882 0.004411	0.001567 0.004424	0.004067 0.005898	
3 100 2 1.410000	0.960853 0.000274	0.076761 0.000526	0.006137 0.005472	0.001901 0.005518	0.001976 0.008422	0.000424 0.001778	0.001109 0.005543	0.003225 0.004730	0.002022 0.007971	0.003494 0.008708	0.002139 0.009155	
3 100 2 1.420000	0.959234 0.000409	0.079870 0.000785	0.004945 0.008774	0.002846 0.007879	0.000624 0.001732	0.000683 0.003028	0.000632 0.002797	0.001462 0.007311	0.002662 0.004738	0.000441 0.002204	0.000518 0.002626	
3 100 2 1.430000	0.957649 0.000586	0.082908 0.001122	0.002938 0.008825	0.001878 0.005134	0.001086 0.004395	0.000360 0.001800	0.001467 0.004943	0.002137 0.006107	0.000647 0.004604	0.000023 0.000117	0.001845 0.006081	
3 100 2 1.440000	0.956209 0.000364	0.085665 0.000696	0.003419 0.006354	0.001590 0.006030	0.001709 0.007373	0.001247 0.005687	0.000000 0.000000	0.004590 0.007279	0.002270 0.006168	0.002477 0.007911	0.001715 0.004706	
3 100 2 1.450000	0.954711 0.000185	0.088527 0.000354	0.007693 0.009639	0.001823 0.009114	0.002748 0.006452	0.001117 0.002702	-0.000133 0.000664	0.001646 0.005017	0.003606 0.005445	0.004199 0.006506	0.000500 0.001664	
3 100 2 1.460000	0.952965 0.000091	0.091858 0.000173	0.006369 0.006113	0.002567 0.004596	0.001862 0.007236	0.001885 0.005963	0.000023 0.001425	0.000993 0.004963	0.004087 0.007396	0.001427 0.002852	0.000251 0.001257	
3 100 2 1.470000	0.951206 0.000247	0.095207 0.000470	0.007062 0.009579	0.000000 0.000000	0.000574 0.002870	0.002174 0.006918	0.002152 0.005869	0.001525 0.004409	0.003270 0.007209	0.000157 0.000785	0.002761 0.007791	
3 100 2 1.480000	0.949461 0.000372	0.098524 0.000706	0.008580 0.003045	0.005588 0.008651	0.000399 0.001996	0.003005 0.005929	0.000332 0.001662	0.002333 0.005884	0.001561 0.003146	0.001878 0.004320	0.002266 0.007341	
3 100 2 1.490000	0.947762 0.000189	0.101747 0.000359	0.006380 0.007486	0.001135 0.005016	0.000659 0.007397	0.000749 0.002603	0.000244 0.001220	0.002285 0.006879	0.002532 0.007112	0.003199 0.008827	0.002427 0.006076	
3 100 2 1.500000	0.945999 0.000489	0.105086 0.000925	0.009129 0.008059	0.001092 0.005459	0.001778 0.004667	0.004390 0.007095	0.000000 0.000000	0.003690 0.007402	0.000355 0.001605	0.002127 0.008392	0.000269 0.001345	
3 100 2 1.510000	0.944057 0.000378	0.108756 0.000714	0.005349 0.006967	0.001605 0.002868	0.003063 0.008821	0.000776 0.002101	0.001602 0.006041	0.002488 0.008887	0.001545 0.004336	0.003308 0.009899	0.000699 0.003494	
3 100 2 1.520000	0.942071 0.000543	0.112502 0.001024	0.007722 0.009498	0.002490 0.009142	0.001868 0.007506	0.000878 0.003006	0.001769 0.005049	0.000648 0.003241	0.002856 0.008085	0.002068 0.008701	0.003286 0.008974	
3 100 2 1.530000	0.940044 0.000409	0.116317 0.000768	0.010268 0.007751	0.003354 0.004845	0.001944 0.008775	0.001993 0.002794	0.001363 0.005136	0.003312 0.008051	0.000000 0.000000	0.002059 0.008454	0.001079 0.005638	
3 100 2 1.540000	0.938076 0.000501	0.120013 0.000941	0.006639 0.004341	0.000625 0.003125	0.000536 0.002679	0.001962 0.007859	0.000370 0.001851	0.001159 0.007390	0.001295 0.004207	0.002714 0.004348	0.000338 0.001690	
3 100 2 1.550000	0.936045 0.000494	0.123820 0.000925	0.007679 0.008253	0.000597 0.006853	0.003275 0.007761	0.002730 0.007905	0.001831 0.003706	0.000918 0.004589	0.002027 0.006395	0.000670 0.003349	0.002747 0.008022	
3 100 2 1.560000	0.933865 0.000309	0.127897 0.000578	0.008483 0.008782	0.000661 0.004372	0.002603 0.005435	0.000887 0.004434	0.003763 0.008694	0.002006 0.006714	0.002382 0.009194	0.000689 0.002809	-0.000015 0.000073	
3 100 2 1.570000	0.931545 0.000175	0.132225 0.000327	0.010065 0.007964	0.003574 0.007703	0.000132 0.002462	0.000403 0.004976	0.000727 0.002573	0.001675 0.002953	0.002762 0.004996	0.000611 0.003053	0.002008 0.006286	
3 100 2 1.580000	0.929436 0.000330	0.136149 0.000613	0.010362 0.006862	0.002066 0.005592	0.002117 0.005612	0.003897 0.008298	0.005240 0.009640	0.002470 0.006123	0.000658 0.003288	0.002629 0.009873	0.002490 0.009410	
3 100 2 1.590000	0.926850 0.000275	0.140950 0.000509	0.013264 0.008662	0.003473 0.006563	-0.000073 0.000366	0.001571 0.007854	0.000627 0.002242	0.001636 0.002797	0.000618 0.003091	0.000313 0.001566	0.000414 0.001414	
3 100 2 1.600000	0.924876 0.000096	0.144605 0.000178	0.010921 0.008186	0.002032 0.007886	0.002229 0.006816	0.001400 0.004240	0.001804 0.004394	0.002174 0.004409	0.004233 0.007361	-0.000008 0.000040	0.003086 0.009496	
3 100 2 1.610000	0.922243 0.000435	0.149468 0.000803	0.011827 0.008095	0.004777 0.009389	0.000000 0.000000	0.002004 0.005758	0.000542 0.001769	0.001592 0.005431	0.002133 0.005589	0.001738 0.007605	0.000773 0.005600	
3 100 2 1.620000	0.919741 0.000842	0.154076 0.001548	0.013599 0.008268	0.000139 0.000916	0.001410 0.003221	-0.000312 0.001558	0.000000 0.000000	0.001141 0.003251	0.001440 0.004733	0.002080 0.007540	0.002018 0.004213	
3 100 2 1.630000	0.917411 0.000722	0.158357 0.001325	0.014234 0.006145	0.003312 0.007593	0.004096 0.008340	0.003034 0.006425	0.002787 0.008949	0.001078 0.004493	0.002569 0.006988	0.000000 0.000000	0.001080 0.005203	
3 100 2 1.640000	0.914634 0.000220	0.163445 0.000403	0.013520 0.007460	0.003108 0.005799	0.000708 0.003542	0.003437 0.006938	0.000413 0.008879	0.001234 0.006172	0.001994 0.004269	0.001267 0.006335	0.000036 0.000179	
3 100 2 1.650000	0.911788 0.000300	0.168643 0.000547	0.013532 0.008595	0.003295 0.007262	0.001455 0.007273	0.001412 0.007059	0.001283 0.003975	0.002967 0.007279	-0.000088 0.000441	0.004361 0.007559	0.001626 0.004166	
3 100 2 1.660000	0.909072 0.000510	0.173589 0.000928	0.014725 0.009602	0.003540 0.004390	0.002473 0.005242	0.001894 0.006388	0.001582 0.007908	0.000668 0.002438	0.002194 0.005343	0.001827 0.004426	0.002795 0.007258	
3 100 2 1.670000	0.906202 0.000671	0.178799 0.001215	0.015222 0.008058	0.001982 0.005852	0.002002 0.006416	0.000968 0.005478	0.004530 0.008842	0.002298 0.005923	0.001446 0.007072	0.002494 0.006638	0.003177 0.009450	
3 100 2 1.680000	0.903377 0.000554	0.183910 0.001001	0.018019 0.008037	0.003891 0.008630	0.000810 0.004051	0.006295 0.004771	0.000151 0.000460	0.003353 0.009167	0.000826 0.003764	0.002280 0.004564	0.000312 0.001562	
3 100 2 1.690000	0.900262 0.000270	0.189529 0.000485	0.020342 0.007936	0.003338 0.008876	0.000000 0.000000	0.001977 0.006811	0.000831 0.002477	0.000352 0.001337	0.001059 0.007164	0.001511 0.005686	0.003552 0.006398	
3 100 2 1.700000	0.897384 0.000422	0.194702 0.000757	0.022176 0.006705	0.002201 0.006219	0.001376 0.006016	0.004141 0.008358	0.002343 0.008781	0.000580 0.002733	0.000352 0.001260	0.001299 0.004854	0.001088 0.004709	
3 100 2 1.710000	0.894193 0.000256	0.200418 0.000458	0.020408 0.005377	0.002917 0.004730	0.001632 0.006307	0.001221 0.003803	0.000000 0.000000	0.001730 0.003443	0.001446 0.002800	0.002535 0.009622	0.001630 0.004854	
3 100 2 1.720000	0.890800 0.000212	0.206476 0.000378	0.022472 0.006864	0.000000 0.000000	0.000305 0.001523	0.005090 0.009750	0.003442 0.006717	0.002258 0.007456	0.000743 0.002028	0.001863 0.004669	0.003597 0.007331	
3 100 2 1.730000	0.887636 0.000305	0.212103 0.000542	0.022524 0.009785	0.000818 0.003065	0.003498 0.009345	0.000608 0.003041	0.002669 0.006447	0.001189 0.004357	0.001429 0.007992	0.002226 0.006478	0.000041 0.000206	
3 100 2 1.740000	0.884153 0.000412	0.218274 0.000728	0.019689 0.008450	0.002883 0.008082	0.001521 0.006812	0.000416 0.002080	0.000861 0.003430	0.000311 0.001556	0.001397 0.004284	0.000441 0.002203	0.003708 0.009863	
3 100 2 1.750000	0.880588 0.000428	0.224564 0.000754	0.029158 0.009129	0.004154 0.009650	0.002500 0.005093	0.005603 0.009871	0.000643 0.003214	0.001100 0.003645	0.002453 0.004649	0.002728 0.005458	0.000084 0.000422	
3 100 2 1.760000	0.877051 0.000618	0.230781 0.001084	0.024487 0.004971	0.004035 0.006166	0.002563 0.006597	0.002711 0.009820	0.003528 0.007419	0.003567 0.009753	0.001684 0.003620	0.002634 0.006879	0.001564 0.007677	
3 100 2 1.770000	0.873384 0.000307	0.237201 0.000536	0.028028 0.007853	0.003930 0.007111	0.000635 0.002889	0.001246 0.002547	0.000448 0.001634	0.002127 0.004839	0.000334 0.001669	0.001092 0.003294	0.003248 0.006570	
3 100 2 1.780000	0.869512 0.000843	0.243949 0.001467	0.030906 0.009172	0.006351 0.009905	0.002188 0.004414	0.002914 0.009018	0.001297 0.003910	0.000000 0.000000	0.001816 0.006227	0.001507 0.004305	0.000945 0.004725	
3 100 2 1.790000	0.865684 0.000542	0.250592 0.000938	0.030307 0.008795	0.003366 0.008310	0.001088 0.003332	0.002873 0.009534	0.001326 0.004244	0.001145 0.005572	0.001724 0.005929	0.001030 0.005149	0.004266 0.008665	
3 100 2 1.800000	0.861550 0.000266	0.257731 0.000459	0.031918 0.009471	0.001366 0.005496	0.001451 0.004289	0.000716 0.003580	0.002952 0.006984	0.001483 0.007415	0.001634 0.006394	0.002435 0.009650	0.002603 0.006859	
3 100 2 1.810000	0.857758 0.000493	0.264251 0.000846	0.033576 0.009946	0.002614 0.009154	0.001110 0.003161	0.003965 0.006703	0.001411 0.007055	0.000362 0.001808	0.000504 0.002520	0.001292 0.005759	0.003107 0.008733	
3 100 2 1.820000	0.853579 0.000772	0.271402 0.001318	0.031053 0.005150	0.005318 0.007141	0.001056 0.005281	0.000607 0.003035	0.001151 0.002520	0.002155 0.008168	0.000967 0.003695	0.000576 0.002879	0.004748 0.009754	
3 100 2 1.830000	0.849103 0.000391	0.279024 0.000664	0.032962 0.009138	0.005936 0.005718	0.002224 0.006016	0.001074 0.005369	0.000288 0.001649	0.001046 0.005232	0.000980 0.004096	0.002882 0.009436	0.002018 0.008263	
3 100 2 1.840000	0.844384 0.000770	0.287016 0.001301	0.031283 0.008339	0.007157 0.008896	0.002661 0.009838	0.001087 0.003511	0.000000 0.000000	0.001746 0.004207	0.000665 0.002029	0.000414 0.002069	0.001731 0.005897	
3 100 2 1.850000	0.839997 0.000571	0.294404 0.000958	0.035015 0.008773	0.007639 0.008581	0.000359 0.001797	0.000022 0.000112	0.000168 0.000840	0.000607 0.004063	0.000820 0.003875	0.001169 0.005951	0.000951 0.004754	
3 100 2 1.860000	0.835524 0.000439	0.301899 0.000734	0.041951 0.009536	0.008360 0.007613	0.003014 0.008345	0.001166 0.005830	0.002884 0.007966	0.000572 0.001628	0.001059 0.003984	0.001595 0.005386	0.001668 0.003860	
3 100 2 1.870000	0.830447 0.000356	0.310358 0.000591	0.042944 0.008975	0.006816 0.009457	0.003915 0.009554	0.000801 0.001918	0.001905 0.007692	0.001122 0.003046	0.001643 0.008213	0.002234 0.005527	0.000599 0.002994	
3 100 2 1.880000	0.825309 0.000420	0.318864 0.000694	0.045379 0.009976	0.006332 0.007569	0.000804 0.002976	0.001612 0.006754	0.001430 0.007150	0.000069 0.000343	0.002233 0.005822	0.000474 0.003336	0.000195 0.000973	
3 100 2 1.890000	0.820077 0.000616	0.327474 0.001011	0.045242 0.006692	0.005773 0.008504	0.002755 0.006479	0.000224 0.001119	0.001872 0.007963	0.000663 0.002941	0.001079 0.003294	0.002373 0.009720	0.001535 0.003720	
