3 100 2 0.700000	0.999624 0.000044	0.000752 0.000088	0.000171 0.000744	0.000173 0.000744	0.000336 0.000744	0.000156 0.000780	0.000330 0.000780	0.000603 0.000788	0.000187 0.000700	0.000619 0.000659	0.000180 0.000780	
3 100 2 0.710000	0.999552 0.000038	0.000897 0.000076	0.000578 0.000932	0.000530 0.000932	0.000139 0.000261	0.000459 0.000932	0.000419 0.000932	0.000444 0.000928	0.000391 0.000904	0.000444 0.000928	0.000592 0.000932	
3 100 2 0.720000	0.999505 0.000046	0.000990 0.000092	0.000393 0.001028	0.000591 0.001028	0.000453 0.001012	0.000723 0.000647	0.000259 0.000936	0.000119 0.000325	0.000393 0.001012	0.000321 0.001012	0.000723 0.000759	
3 100 2 0.730000	0.999452 0.000068	0.001095 0.000136	0.000272 0.000477	0.000318 0.001112	0.000828 0.000703	0.000222 0.001108	0.000874 0.001144	0.000333 0.000445	0.000291 0.001008	0.000828 0.000703	0.000828 0.000671	
3 100 2 0.740000	0.999396 0.000034	0.001208 0.000068	0.000824 0.001200	0.000834 0.001252	0.000343 0.001184	0.000831 0.001200	0.000454 0.001200	0.000834 0.001216	0.000727 0.001252	0.000347 0.001216	0.000477 0.001200	
3 100 2 0.750000	0.999322 0.000100	0.001355 0.000200	0.000526 0.001324	0.000794 0.001324	0.000821 0.000867	0.001100 0.001471	0.000149 0.000605	0.000569 0.001400	0.000572 0.001471	0.000823 0.001308	0.000262 0.001308	
3 100 2 0.760000	0.999235 0.000166	0.001530 0.000332	0.000489 0.001320	0.000802 0.001611	0.000548 0.001651	0.000453 0.001320	0.000162 0.000809	0.000115 0.000318	0.000571 0.001651	0.000835 0.001651	0.000941 0.001475	
3 100 2 0.770000	0.999149 0.000092	0.001702 0.000184	0.000770 0.001827	0.000635 0.000851	0.000065 0.000326	0.001027 0.001827	0.000261 0.000993	0.000763 0.001827	0.000893 0.001659	0.000337 0.000993	0.000640 0.001827	
3 100 2 0.780000	0.999075 0.000108	0.001850 0.000216	0.000720 0.001863	0.000571 0.001747	0.000342 0.001296	0.000695 0.001296	0.000818 0.001899	0.000602 0.001775	0.000596 0.001747	0.001122 0.001963	0.000818 0.001775	
3 100 2 0.790000	0.998981 0.000126	0.002037 0.000252	0.000849 0.001324	0.000294 0.001472	0.000279 0.000658	0.000688 0.001931	0.000679 0.001472	0.000809 0.001324	0.001370 0.001134	0.000729 0.002183	0.000411 0.001272	
3 100 2 0.800000	0.998849 0.000138	0.002300 0.000276	0.000735 0.001812	0.000239 0.000917	0.000441 0.002203	0.000775 0.001812	0.000871 0.002203	0.000189 0.000945	0.000546 0.001536	0.000909 0.001812	0.001234 0.001533	
