3 100 5 2.600000	0.001288 0.000342	0.999998 0.000001	0.087398 0.009360	0.007527 0.007476	0.001041 0.002359	0.001355 0.002498	0.000682 0.003408	0.001695 0.003475	0.000014 0.000071	0.001714 0.006338	0.001638 0.003260	
3 100 5 2.610000	0.001297 0.000557	0.999998 0.000001	0.088227 0.006770	0.007193 0.009778	0.001867 0.004234	0.003230 0.009710	0.003188 0.008510	0.000000 0.000000	0.002929 0.006443	0.001038 0.004741	0.000043 0.000495	
3 100 5 2.620000	0.001173 0.000537	0.999999 0.000001	0.087832 0.005782	0.008674 0.008510	0.000737 0.002134	0.000104 0.000520	0.000341 0.001703	0.001740 0.004134	0.001416 0.007082	0.001274 0.003714	0.001961 0.007325	
3 100 5 2.630000	0.001157 0.000294	0.999999 0.000001	0.087657 0.009583	0.011407 0.004584	0.002333 0.004999	0.000656 0.001781	-0.000069 0.000344	0.002566 0.004415	0.001176 0.002832	0.000414 0.001082	0.002017 0.008530	
3 100 5 2.640000	0.001330 0.000335	0.999998 0.000001	0.085687 0.006779	0.009066 0.008721	0.001945 0.004462	0.003195 0.009789	0.001358 0.003679	0.002135 0.007379	0.000432 0.002158	0.001237 0.004971	0.002905 0.004943	
3 100 5 2.650000	0.001186 0.000806	0.999999 0.000002	0.088741 0.008485	0.004555 0.007439	0.000259 0.001296	0.001421 0.003593	0.001119 0.005594	0.001016 0.005585	0.001187 0.005937	0.000490 0.002453	0.000490 0.003047	
3 100 5 2.660000	0.001139 0.000589	0.999999 0.000001	0.087893 0.005916	0.007381 0.006389	0.003674 0.009124	0.000826 0.004201	0.000861 0.004304	0.003177 0.008457	0.001038 0.005188	0.000125 0.000624	0.000721 0.002120	
3 100 5 2.670000	0.001371 0.000742	0.999998 0.000002	0.087220 0.009860	0.009559 0.007988	0.004012 0.007689	0.002726 0.006387	0.001080 0.003886	0.000433 0.002165	0.003368 0.009998	0.000230 0.001520	0.001519 0.009349	
3 100 5 2.680000	0.001209 0.000308	0.999999 0.000001	0.087574 0.006022	0.007214 0.008921	0.001102 0.002975	0.001899 0.003671	0.000000 0.000000	0.001425 0.003113	0.000638 0.003192	0.001848 0.002866	0.000712 0.003561	
3 100 5 2.690000	0.001247 0.000841	0.999998 0.000002	0.087153 0.008512	0.009757 0.006605	0.002117 0.004581	0.001652 0.004513	0.001851 0.005448	0.001184 0.002708	0.002544 0.006943	0.002337 0.005961	0.001728 0.003450	
3 100 5 2.700000	0.001081 0.000659	0.999999 0.000002	0.086154 0.009641	0.006463 0.004762	0.000576 0.002499	0.004059 0.005667	0.000985 0.002797	0.001540 0.003539	-0.000067 0.001332	0.000721 0.007143	0.002936 0.006473	
