3 100 3 0.900000	0.995070 0.001533	0.009836 0.003049	0.001536 0.002769	0.001586 0.004115	0.001105 0.002615	0.002416 0.005152	0.001249 0.005812	0.000417 0.001652	0.000873 0.002433	0.001679 0.003433	0.000523 0.002615	
3 100 3 0.910000	0.995437 0.000256	0.009105 0.000509	0.001801 0.003932	0.000377 0.001030	0.000178 0.001025	0.001051 0.003319	0.000453 0.002265	0.000293 0.001291	0.000476 0.001957	0.000253 0.001265	0.000871 0.002424	
3 100 3 0.920000	0.993206 0.004831	0.013539 0.009587	0.001452 0.005086	0.000417 0.002086	0.002222 0.004489	0.000335 0.001673	0.001033 0.002501	0.001424 0.005173	0.001139 0.002086	0.002287 0.005489	0.001724 0.005447	
3 100 3 0.930000	0.994070 0.001995	0.011824 0.003966	0.000574 0.002872	0.000769 0.004098	0.000375 0.001536	0.001536 0.003703	0.001343 0.004706	0.000235 0.001137	0.001857 0.003570	0.003377 0.005703	0.000409 0.002299	
3 100 3 0.940000	0.994358 0.000351	0.011251 0.000698	0.001119 0.003226	0.000676 0.003066	0.001360 0.004929	0.000566 0.001066	0.000892 0.002233	0.001425 0.003726	0.000126 0.001002	0.000569 0.002846	0.001309 0.003566	
3 100 3 0.950000	0.991656 0.003228	0.016617 0.006399	0.003017 0.004574	0.000648 0.003241	0.001883 0.004905	0.001808 0.005467	0.002123 0.006667	0.001042 0.002967	0.001661 0.008304	0.000554 0.001967	0.000833 0.004167	
3 100 3 0.960000	0.993444 0.000191	0.013069 0.000378	0.001451 0.003961	0.001424 0.003295	0.000762 0.002842	0.000969 0.002719	0.001389 0.005711	0.001285 0.003592	0.002086 0.006211	0.001107 0.006098	0.000336 0.001092	
3 100 3 0.970000	0.992103 0.003770	0.015730 0.007475	0.003149 0.004197	0.001491 0.004649	0.000720 0.002697	0.003600 0.009372	-0.000545 0.001595	0.003165 0.006697	0.001265 0.005955	0.000774 0.003872	0.001886 0.003872	
3 100 3 0.980000	0.991867 0.002541	0.016198 0.005037	-0.000221 0.001077	0.000085 0.000423	0.000895 0.003051	0.000695 0.003474	0.000000 0.000000	0.001879 0.006423	0.000000 0.000000	0.001989 0.004974	0.001805 0.006474	
3 100 3 0.990000	0.991256 0.002498	0.017411 0.004949	0.000210 0.001048	0.000095 0.000477	0.000776 0.003881	0.001453 0.003212	0.000576 0.002881	-0.000024 0.000119	0.001929 0.005919	0.000776 0.003881	0.000576 0.002881	
3 100 3 1.000000	0.990386 0.003026	0.019134 0.005991	0.002858 0.005992	0.003467 0.006045	0.000359 0.001335	0.001891 0.004459	0.002227 0.005668	0.001624 0.005326	0.000000 0.000000	0.000543 0.001502	0.001200 0.006002	
