3 10 100 0.000000	0.998295 0.004995	0.003384 0.009974	0.000000 0.000000	0.000000 0.000000	0.000354 0.001768	0.001003 0.002559	
3 10 100 0.010000	0.994570 0.004748	0.010827 0.009446	0.000387 0.001935	0.002629 0.009894	0.001472 0.003680	0.000000 0.000000	
3 10 100 0.020000	0.998489 0.005007	0.003016 0.009989	0.001465 0.006779	0.001653 0.005071	0.000789 0.002985	0.000132 0.000546	
3 10 100 0.030000	0.998605 0.004998	0.002785 0.009971	0.001212 0.006059	0.000375 0.001876	0.001201 0.004431	0.000051 0.000253	
3 10 100 0.040000	0.997805 0.004982	0.004382 0.009938	0.000299 0.001149	0.000065 0.000327	0.002019 0.006412	0.001436 0.002568	
3 10 100 0.050000	0.998746 0.004938	0.002488 0.009852	0.000231 0.001156	0.001282 0.006411	0.001498 0.006017	0.000750 0.003749	
3 10 100 0.060000	0.996949 0.004995	0.006088 0.009948	0.000324 0.001154	0.000443 0.002215	0.001324 0.004164	0.000140 0.000702	
3 10 100 0.070000	0.997739 0.004948	0.004513 0.009872	0.000179 0.000897	0.000000 0.000000	0.000000 0.000000	0.001488 0.004053	
3 10 100 0.080000	0.998377 0.004981	0.003241 0.009937	0.000197 0.000983	0.000490 0.001824	0.001060 0.003490	0.002202 0.007998	
3 10 100 0.090000	0.997182 0.004886	0.005625 0.009743	0.000911 0.003271	0.000635 0.001891	0.000257 0.001284	0.000522 0.001173	
3 10 100 0.100000	0.998275 0.005000	0.003444 0.009973	0.001376 0.003261	0.000736 0.003175	0.000509 0.002547	0.000649 0.002537	
3 10 100 0.110000	0.998585 0.005009	0.002825 0.009992	0.000000 0.000000	0.000254 0.001271	0.000298 0.001259	0.000261 0.001307	
3 10 100 0.120000	0.998696 0.005010	0.002602 0.009995	0.000972 0.004145	0.000266 0.001328	0.001319 0.006593	0.000000 0.000000	
3 10 100 0.130000	0.997536 0.004952	0.004918 0.009880	0.002137 0.004509	0.001225 0.005501	0.000280 0.001398	0.000684 0.003422	
3 10 100 0.140000	0.998014 0.005010	0.003965 0.009991	0.000000 0.000000	0.000000 0.000000	0.001593 0.004395	0.002206 0.007799	
3 10 100 0.150000	0.995632 0.005013	0.008713 0.009980	0.002188 0.004087	0.000000 0.000000	0.001120 0.004262	0.001854 0.006181	
3 10 100 0.160000	0.996535 0.004984	0.006914 0.009943	0.000062 0.000312	0.000000 0.000000	0.001101 0.005507	0.001898 0.005863	
3 10 100 0.170000	0.998746 0.004983	0.002492 0.009941	0.000801 0.003869	0.000000 0.000000	0.000057 0.000283	0.001269 0.006345	
3 10 100 0.180000	0.997647 0.004995	0.004698 0.009963	0.000941 0.004237	0.000559 0.002237	0.001422 0.004990	0.001224 0.002300	
3 10 100 0.190000	0.998325 0.004987	0.003343 0.009950	0.000000 0.000000	0.001603 0.006048	0.000082 0.000412	0.001374 0.006676	
3 10 100 0.200000	0.995165 0.004948	0.009644 0.009843	0.002444 0.005592	0.000087 0.000435	0.001044 0.003500	0.001719 0.006903	
3 10 100 0.210000	0.994832 0.004902	0.010306 0.009755	0.002027 0.005756	0.001012 0.003566	0.000462 0.001903	0.001181 0.005906	
3 10 100 0.220000	0.994474 0.004876	0.011017 0.009700	0.000678 0.003060	0.000000 0.000000	0.000000 0.000000	0.001924 0.009619	
3 10 100 0.230000	0.998804 0.005011	0.002386 0.009998	0.000539 0.001395	0.002182 0.009974	0.000616 0.001959	0.001295 0.005553	
3 10 100 0.240000	0.998157 0.004980	0.003677 0.009950	0.000122 0.000608	0.000000 0.000000	0.001263 0.006313	0.000998 0.004370	
3 10 100 0.250000	0.997851 0.004904	0.004276 0.009840	0.000602 0.002407	0.000958 0.004790	0.001250 0.005990	0.001217 0.005041	
3 10 100 0.260000	0.996076 0.005006	0.007830 0.009971	0.001627 0.002584	0.000936 0.002490	0.000616 0.003082	0.001068 0.004023	
3 10 100 0.270000	0.993325 0.005009	0.013302 0.009946	0.003735 0.009257	0.004842 0.007134	0.001424 0.006870	0.001830 0.009151	
3 10 100 0.280000	0.997776 0.004974	0.004439 0.009921	0.001880 0.004882	0.000878 0.002741	0.001918 0.009591	0.000550 0.002748	
3 10 100 0.290000	0.998269 0.004927	0.003455 0.009831	0.000000 0.000000	0.001826 0.004733	0.000844 0.003543	0.000984 0.004921	
3 10 100 0.300000	0.996496 0.004941	0.006991 0.009844	0.001028 0.003650	0.000254 0.001269	0.001473 0.007365	0.001014 0.005072	
3 10 100 0.310000	0.995516 0.004968	0.008946 0.009884	0.001850 0.003764	0.000000 0.000000	0.000000 0.000000	0.001934 0.009668	
3 10 100 0.320000	0.996787 0.004987	0.006412 0.009949	0.000340 0.001574	0.001530 0.006629	0.000875 0.002681	0.000427 0.002137	
3 10 100 0.330000	0.998622 0.005002	0.002750 0.009980	0.000337 0.000843	0.000000 0.000000	0.000245 0.001223	0.000281 0.001404	
3 10 100 0.340000	0.994708 0.005016	0.010552 0.009979	0.003183 0.007279	0.001222 0.005768	0.003927 0.007377	0.001324 0.006620	
3 10 100 0.350000	0.995430 0.005004	0.009115 0.009964	0.001476 0.003365	0.000000 0.000000	0.000259 0.000701	0.000584 0.001122	
3 10 100 0.360000	0.997258 0.004963	0.005473 0.009897	0.001030 0.002996	0.000000 0.000000	0.000932 0.002991	0.002404 0.007432	
3 10 100 0.370000	0.990099 0.002839	0.019704 0.005623	0.002567 0.009896	0.001277 0.004267	0.002095 0.005517	0.002695 0.007174	
3 10 100 0.380000	0.994537 0.005023	0.010894 0.009988	0.002983 0.004111	0.001234 0.003491	0.000907 0.002652	0.002569 0.006878	
3 10 100 0.390000	0.997907 0.004983	0.004177 0.009941	0.000061 0.000303	0.000397 0.001642	0.000043 0.000213	0.000000 0.000000	
3 10 100 0.400000	0.997209 0.005013	0.005570 0.009994	0.000692 0.001543	0.000524 0.000888	0.000889 0.002352	0.002877 0.008962	
3 10 100 0.410000	0.993102 0.004920	0.013745 0.009764	0.001367 0.003271	0.001252 0.004683	0.001900 0.004318	0.001669 0.004453	
3 10 100 0.420000	0.998178 0.005012	0.003637 0.009997	0.001045 0.003402	0.001251 0.003446	0.000817 0.002906	0.000729 0.002098	
3 10 100 0.430000	0.986256 0.005059	0.027296 0.009977	0.004462 0.009803	0.003663 0.006751	0.001381 0.005083	0.009104 0.008576	
3 10 100 0.440000	0.997257 0.005011	0.005474 0.009989	0.001648 0.005361	0.000519 0.001518	0.000581 0.002905	0.000423 0.002115	
3 10 100 0.450000	0.997036 0.005009	0.005916 0.009987	0.000715 0.003039	0.000236 0.000764	0.000897 0.002297	0.001423 0.004005	
3 10 100 0.460000	0.993156 0.005023	0.013636 0.009978	0.002135 0.005096	0.001869 0.004302	0.003466 0.003256	0.004440 0.009923	
3 10 100 0.470000	0.998194 0.004951	0.003605 0.009873	0.001336 0.006100	0.000198 0.000991	0.001275 0.004746	0.001707 0.005366	
3 10 100 0.480000	0.996197 0.004932	0.007588 0.009830	0.001465 0.006216	0.002115 0.003721	0.001473 0.005617	0.001272 0.005974	
3 10 100 0.490000	0.998625 0.004957	0.002745 0.009888	0.000717 0.002498	0.000438 0.001681	0.001687 0.006865	0.001766 0.007970	
3 10 100 0.500000	0.997844 0.004991	0.004302 0.009956	0.000833 0.002441	0.000595 0.002597	0.003567 0.009181	0.003649 0.009266	
3 10 100 0.510000	0.036799 0.006558	0.998640 0.000482	0.063286 0.009609	0.002989 0.005093	0.000000 0.000000	0.000000 0.000000	
3 10 100 0.520000	0.036251 0.008272	0.998679 0.000603	0.060680 0.009101	0.002258 0.003837	0.000000 0.000000	0.000000 0.000000	
3 10 100 0.530000	0.035636 0.003384	0.998728 0.000240	0.050921 0.009731	0.002315 0.003687	0.000000 0.000000	0.000000 0.000000	
3 10 100 0.540000	0.034728 0.009539	0.998782 0.000659	0.053105 0.009482	0.002474 0.002202	0.000086 0.000431	0.000152 0.000481	
3 10 100 0.550000	0.030332 0.009143	0.999069 0.000576	0.050283 0.009288	0.002749 0.001969	0.000000 0.000000	0.000096 0.000481	
3 10 100 0.560000	0.034290 0.007089	0.998818 0.000499	0.051068 0.009670	0.001558 0.003785	0.000000 0.000000	0.000045 0.000223	
3 10 100 0.570000	0.031021 0.005084	0.999034 0.000317	0.049051 0.009831	0.001899 0.002570	0.000000 0.000000	0.000000 0.000000	
3 10 100 0.580000	0.031485 0.009639	0.998996 0.000562	0.041028 0.008470	0.000615 0.001442	0.000242 0.001209	0.000000 0.000000	
3 10 100 0.590000	0.029402 0.009636	0.999123 0.000604	0.045373 0.009757	0.001229 0.002130	0.000147 0.000734	0.000000 0.000000	
3 10 100 0.600000	0.032651 0.005105	0.998930 0.000339	0.042053 0.009189	0.001853 0.002173	0.000000 0.000000	0.000502 0.001833	
3 10 100 0.610000	0.031321 0.007640	0.999009 0.000493	0.038139 0.007063	0.000827 0.002085	0.000000 0.000000	0.000000 0.000000	
3 10 100 0.620000	0.031207 0.006699	0.999020 0.000421	0.038867 0.008830	0.000805 0.001821	0.000000 0.000000	0.000000 0.000000	
3 10 100 0.630000	0.031379 0.009543	0.999003 0.000562	0.041352 0.006978	0.000708 0.002075	0.000000 0.000000	0.000488 0.002439	
3 10 100 0.640000	0.034804 0.007338	0.998781 0.000501	0.039320 0.008334	0.001578 0.004396	0.000456 0.001599	0.000000 0.000000	
3 10 100 0.650000	0.034523 0.009179	0.998797 0.000645	0.035295 0.008111	0.000290 0.001451	0.000000 0.000000	0.000000 0.000000	
3 10 100 0.660000	0.035260 0.008458	0.998748 0.000588	0.035655 0.009000	0.000845 0.002994	0.000000 0.000000	0.000000 0.000000	
3 10 100 0.670000	0.034082 0.005563	0.998835 0.000385	0.031595 0.009249	0.000396 0.001448	0.000000 0.000000	0.000000 0.000000	
3 10 100 0.680000	0.026773 0.007759	0.999276 0.000432	0.032658 0.007457	0.000781 0.002653	0.000761 0.001986	0.000957 0.004786	
3 10 100 0.690000	0.029486 0.008727	0.999119 0.000518	0.029730 0.004480	0.000482 0.001378	0.000359 0.001797	0.000000 0.000000	
3 10 100 0.700000	0.035197 0.009062	0.998748 0.000611	0.031872 0.009020	0.000215 0.002271	0.000000 0.000000	0.000486 0.002173	
3 10 100 0.710000	0.031772 0.008607	0.998981 0.000555	0.028960 0.009060	0.000744 0.001430	0.000264 0.001320	0.000200 0.000664	
3 10 100 0.720000	0.030836 0.009413	0.999037 0.000618	0.029693 0.009631	0.000351 0.001118	0.000558 0.002791	0.000000 0.000000	
3 10 100 0.730000	0.030875 0.008314	0.999035 0.000526	0.026500 0.006028	0.001131 0.003400	0.000488 0.001053	0.000307 0.001264	
3 10 100 0.740000	0.034491 0.009549	0.998798 0.000621	0.026820 0.007795	0.000580 0.002211	0.000000 0.000000	0.000000 0.000000	
3 10 100 0.750000	0.032478 0.009852	0.998935 0.000660	0.027110 0.006720	0.000609 0.003044	0.000069 0.000346	0.000534 0.002671	
3 10 100 0.760000	0.028564 0.009697	0.999171 0.000516	0.025960 0.008775	0.000154 0.000769	0.000000 0.000000	0.000284 0.001171	
3 10 100 0.770000	0.029192 0.008510	0.999140 0.000477	0.024695 0.009544	0.000789 0.003658	0.000000 0.000000	0.000000 0.000000	
3 10 100 0.780000	0.036154 0.008366	0.998682 0.000578	0.025131 0.008685	0.000413 0.001166	0.000240 0.001202	0.000000 0.000000	
3 10 100 0.790000	0.030608 0.009607	0.999053 0.000588	0.024972 0.009943	0.000185 0.000927	0.000000 0.000000	0.000050 0.000252	
3 10 100 0.800000	0.029992 0.006870	0.999095 0.000405	0.024527 0.008650	0.000245 0.000885	0.000133 0.000426	0.000237 0.001185	
3 10 100 0.810000	0.027362 0.008981	0.999242 0.000512	0.022475 0.009282	0.000170 0.000849	0.000175 0.000876	0.000181 0.000456	
3 10 100 0.820000	0.029842 0.007803	0.999099 0.000467	0.018691 0.009671	0.000000 0.000000	0.000170 0.000493	0.000268 0.001341	
3 10 100 0.830000	0.030751 0.006115	0.999047 0.000382	0.022270 0.004467	0.000629 0.001962	0.000000 0.000000	0.000000 0.000000	
3 10 100 0.840000	0.031228 0.006937	0.999019 0.000446	0.021389 0.009730	0.000000 0.000000	0.000157 0.000787	0.000009 0.000043	
3 10 100 0.850000	0.032289 0.008605	0.998949 0.000567	0.021905 0.004826	0.000000 0.000000	0.000428 0.002141	0.000163 0.000815	
3 10 100 0.860000	0.028852 0.009836	0.999155 0.000563	0.019826 0.008395	0.000114 0.000568	0.000394 0.001081	0.000000 0.000000	
3 10 100 0.870000	0.027711 0.005263	0.999229 0.000290	0.019066 0.003945	0.000663 0.001816	0.000094 0.000469	0.000427 0.002136	
3 10 100 0.880000	0.031182 0.009358	0.999014 0.000576	0.019662 0.004061	0.000130 0.000338	0.000000 0.000000	0.000000 0.000000	
3 10 100 0.890000	0.028775 0.009547	0.999155 0.000562	0.017414 0.006741	0.000836 0.003227	0.000762 0.002855	0.000562 0.001682	
3 10 100 0.900000	0.028063 0.005705	0.999206 0.000311	0.020405 0.005926	0.000321 0.001606	0.000000 0.000000	0.000061 0.000304	
3 10 100 0.910000	0.028379 0.009711	0.999178 0.000552	0.018213 0.006276	0.000051 0.000253	0.000000 0.000000	0.000128 0.000642	
3 10 100 0.920000	0.032279 0.008364	0.998947 0.000523	0.016439 0.003030	0.000000 0.000000	0.000000 0.000000	0.000377 0.000738	
3 10 100 0.930000	0.030353 0.009727	0.999065 0.000575	0.018942 0.006354	0.000502 0.002292	0.000000 0.000000	0.000000 0.000000	
3 10 100 0.940000	0.031342 0.007721	0.999007 0.000494	0.016968 0.004637	0.000440 0.002094	0.000117 0.001617	0.000000 0.000000	
3 10 100 0.950000	0.024697 0.008455	0.999380 0.000396	0.018492 0.007148	0.001401 0.004345	0.000914 0.002643	0.000522 0.002675	
3 10 100 0.960000	0.028341 0.004595	0.999193 0.000258	0.017330 0.009640	0.001536 0.003276	-0.000015 0.000076	0.000000 0.000000	
3 10 100 0.970000	0.026463 0.009801	0.999289 0.000514	0.018009 0.008817	0.001434 0.005051	0.000098 0.000488	0.000000 0.000000	
3 10 100 0.980000	0.032066 0.004631	0.998969 0.000301	0.015636 0.007775	0.000291 0.001133	0.000000 0.000000	0.000000 0.000000	
3 10 100 0.990000	0.031577 0.008277	0.998993 0.000539	0.014596 0.009426	0.000665 0.003327	0.000444 0.002222	0.000368 0.001931	
3 10 100 1.000000	0.023511 0.009540	0.999435 0.000472	0.011922 0.007154	0.001244 0.004649	0.000000 0.000000	0.000457 0.001941	
3 10 100 1.010000	0.032341 0.009543	0.998939 0.000627	0.016733 0.006401	0.000171 0.000498	0.000000 0.000000	0.000193 0.000963	
3 10 100 1.020000	0.028881 0.009616	0.999151 0.000547	0.017333 0.008465	0.000309 0.001193	0.000622 0.003108	0.000337 0.001685	
3 10 100 1.030000	0.029469 0.008549	0.999122 0.000506	0.015733 0.009749	-0.000019 0.000096	0.000410 0.002050	0.000464 0.001346	
3 10 100 1.040000	0.029486 0.009225	0.999121 0.000541	0.013357 0.006633	0.000295 0.001231	0.000013 0.000063	0.000000 0.000000	
3 10 100 1.050000	0.022927 0.009768	0.999457 0.000461	0.011983 0.004095	0.000398 0.001589	0.001053 0.002935	0.000809 0.003441	
3 10 100 1.060000	0.028327 0.005987	0.999192 0.000340	0.012957 0.009119	0.000814 0.004070	0.000545 0.002723	0.000275 0.001376	
3 10 100 1.070000	0.027632 0.009755	0.999224 0.000530	0.015396 0.009467	0.000545 0.002726	0.000000 0.000000	0.000073 0.000264	
3 10 100 1.080000	0.028050 0.008987	0.999198 0.000492	0.016052 0.009951	0.000000 0.000000	0.000092 0.000460	0.000000 0.000000	
3 10 100 1.090000	0.025588 0.008393	0.999336 0.000447	0.016917 0.009934	0.000904 0.004522	0.000616 0.003078	0.000248 0.000622	
3 10 100 1.100000	0.030323 0.009126	0.999069 0.000533	0.016400 0.005487	0.000687 0.001930	0.000000 0.000000	0.000000 0.000000	
3 10 100 1.110000	0.021557 0.009507	0.999522 0.000417	0.012653 0.009827	0.000832 0.002519	0.000647 0.001708	0.001933 0.005348	
3 10 100 1.120000	0.027181 0.009994	0.999244 0.000556	0.012914 0.008337	0.000995 0.002569	0.000000 0.000000	0.000675 0.001820	
3 10 100 1.130000	0.032697 0.009737	0.998916 0.000643	0.012832 0.006236	0.000014 0.000880	0.000263 0.000733	0.000169 0.000845	
3 10 100 1.140000	0.032033 0.007720	0.998967 0.000485	0.011247 0.009934	0.000321 0.001604	0.000082 0.000412	0.000000 0.000000	
3 10 100 1.150000	0.025483 0.009223	0.999342 0.000457	0.011805 0.007931	0.000823 0.003147	0.000000 0.000000	0.000187 0.000908	
3 10 100 1.160000	0.024790 0.009510	0.999373 0.000436	0.013539 0.007262	0.000872 0.002750	0.000577 0.002887	0.000604 0.002779	
3 10 100 1.170000	0.029087 0.009572	0.999143 0.000539	0.012297 0.006745	0.000372 0.000737	-0.000044 0.000218	0.001071 0.002701	
3 10 100 1.180000	0.030010 0.004859	0.999096 0.000286	0.012753 0.005296	0.000433 0.001832	0.000483 0.001409	0.000647 0.003281	
3 10 100 1.190000	0.029208 0.005444	0.999143 0.000324	0.012686 0.006856	0.000355 0.001773	0.000147 0.000735	0.000639 0.002330	
3 10 100 1.200000	0.026864 0.004790	0.999276 0.000254	0.014293 0.006988	0.000000 0.000000	0.000000 0.000000	0.000089 0.000443	
3 10 100 1.210000	0.029855 0.009800	0.999099 0.000583	0.010385 0.008916	0.000000 0.000000	0.000279 0.001397	-0.000008 0.000042	
3 10 100 1.220000	0.029764 0.005883	0.999110 0.000339	0.011793 0.009933	0.000141 0.000707	0.000145 0.000726	-0.000003 0.000014	
3 10 100 1.230000	0.029459 0.006415	0.999128 0.000375	0.011339 0.004473	0.000000 0.000000	0.000000 0.000000	0.000000 0.000000	
3 10 100 1.240000	0.027536 0.009908	0.999229 0.000514	0.010492 0.003497	0.000302 0.000846	0.000613 0.001581	0.000140 0.000701	
3 10 100 1.250000	0.025604 0.008189	0.999331 0.000412	0.010268 0.009568	0.000178 0.000890	0.000394 0.001972	0.000100 0.000502	
3 10 100 1.260000	0.029090 0.009727	0.999144 0.000573	0.012336 0.008734	0.000173 0.000495	0.000424 0.002121	0.000177 0.000887	
3 10 100 1.270000	0.028854 0.009252	0.999158 0.000544	0.012344 0.008271	0.000191 0.000957	0.000000 0.000000	0.001568 0.005932	
3 10 100 1.280000	0.026609 0.009734	0.999277 0.000508	0.012101 0.008097	0.000000 0.000000	0.000560 0.002062	0.000318 0.001592	
3 10 100 1.290000	0.028547 0.009264	0.999176 0.000535	0.012360 0.005068	0.000269 0.001093	0.000236 0.001182	0.000338 0.001690	
3 10 100 1.300000	0.026717 0.005496	0.999281 0.000291	0.008693 0.004137	0.002734 0.005905	0.000349 0.001745	0.000739 0.003695	
3 10 100 1.310000	0.033156 0.009276	0.998885 0.000613	0.009278 0.004766	0.000461 0.001733	0.000000 0.000000	0.000207 0.001033	
3 10 100 1.320000	0.027668 0.008220	0.999222 0.000462	0.009480 0.004549	0.000176 0.000880	0.000223 0.001113	0.000205 0.001024	
3 10 100 1.330000	0.026614 0.009142	0.999278 0.000502	0.010120 0.009466	0.001164 0.004938	0.000178 0.000891	0.000482 0.001800	
3 10 100 1.340000	0.029065 0.008157	0.999147 0.000458	0.012442 0.005699	0.000501 0.002503	0.000527 0.001894	0.000826 0.004130	
3 10 100 1.350000	0.026017 0.007197	0.999316 0.000362	0.011841 0.008981	0.002068 0.003836	0.000000 0.000000	0.000000 0.000000	
3 10 100 1.360000	0.026384 0.009778	0.999293 0.000508	0.008145 0.005966	0.000382 0.001910	0.000000 0.000000	0.001000 0.002678	
3 10 100 1.370000	0.029961 0.004871	0.999099 0.000292	0.009046 0.008118	0.000371 0.001670	0.001399 0.004565	0.000184 0.000922	
3 10 100 1.380000	0.029660 0.006875	0.999114 0.000418	0.009805 0.006261	0.000000 0.000000	0.000030 0.000152	0.000000 0.000000	
3 10 100 1.390000	0.021402 0.005812	0.999538 0.000262	0.013948 0.008063	0.003062 0.008351	0.000000 0.000000	0.000975 0.002964	
3 10 100 1.400000	0.030386 0.009760	0.999062 0.000602	0.007924 0.009903	0.000236 0.001181	0.000290 0.001451	0.000711 0.002823	
3 10 100 1.410000	0.025419 0.009755	0.999341 0.000518	0.006787 0.005812	0.001238 0.006049	0.002445 0.007835	-0.000155 0.000775	
3 10 100 1.420000	0.033057 0.009385	0.998896 0.000583	0.009682 0.007411	0.000000 0.000000	0.000942 0.004397	0.000429 0.002146	
3 10 100 1.430000	0.033168 0.007860	0.998892 0.000525	0.007667 0.003886	0.000145 0.000724	0.000443 0.000966	0.000000 0.000000	
3 10 100 1.440000	0.025734 0.006731	0.999332 0.000335	0.010834 0.007152	0.000785 0.003097	0.000000 0.000000	0.002033 0.008415	
3 10 100 1.450000	0.025511 0.008561	0.999337 0.000432	0.009121 0.003095	0.000354 0.001229	0.000572 0.001001	0.000000 0.000000	
3 10 100 1.460000	0.028368 0.009375	0.999182 0.000524	0.007994 0.004404	0.000522 0.002609	0.000000 0.000000	0.000190 0.000952	
3 10 100 1.470000	0.031113 0.006880	0.999025 0.000431	0.008677 0.006634	0.000000 0.000000	0.000000 0.000000	0.001059 0.002500	
3 10 100 1.480000	0.025262 0.008301	0.999353 0.000443	0.010022 0.007586	0.000234 0.001172	0.000505 0.002523	0.000790 0.002859	
3 10 100 1.490000	0.032804 0.008620	0.998910 0.000551	0.008472 0.003822	0.000000 0.000000	0.001607 0.004103	0.000159 0.000581	
3 10 100 1.500000	0.027561 0.008932	0.999230 0.000521	0.009601 0.008773	0.000201 0.001006	0.002045 0.006030	0.001841 0.006774	
3 10 100 1.510000	0.027327 0.009370	0.999236 0.000521	0.008574 0.008166	0.000190 0.001470	-0.000032 0.000158	0.000329 0.000952	
3 10 100 1.520000	0.029378 0.009475	0.999124 0.000545	0.008655 0.004784	0.000575 0.001415	0.000221 0.001104	0.000635 0.001890	
3 10 100 1.530000	0.031334 0.005840	0.999015 0.000362	0.005725 0.008395	0.000000 0.000000	0.000390 0.001948	0.000000 0.000000	
3 10 100 1.540000	0.028521 0.008916	0.999177 0.000512	0.007191 0.001777	0.000149 0.001775	0.000035 0.000730	0.000000 0.000000	
3 10 100 1.550000	0.024784 0.006931	0.999379 0.000331	0.005704 0.009328	0.000744 0.003719	0.000000 0.000000	0.001343 0.003849	
3 10 100 1.560000	0.028373 0.008892	0.999184 0.000492	0.009852 0.003170	0.000000 0.000000	0.000000 0.000000	0.000285 0.000764	
3 10 100 1.570000	0.028751 0.005997	0.999169 0.000335	0.007789 0.006304	0.000806 0.003644	0.000049 0.000245	0.000000 0.000000	
3 10 100 1.580000	0.030418 0.009578	0.999061 0.000575	0.005614 0.002754	0.000487 0.002434	0.000000 0.000000	0.000384 0.001536	
3 10 100 1.590000	0.027798 0.004949	0.999224 0.000268	0.012108 0.009482	0.000126 0.000631	0.000286 0.001630	0.000087 0.000436	
3 10 100 1.600000	0.028897 0.007812	0.999158 0.000465	0.009655 0.008941	0.000262 0.001309	0.000000 0.000000	0.000290 0.001448	
3 10 100 1.610000	0.030528 0.009946	0.999053 0.000579	0.010685 0.005010	0.000009 0.000047	0.000364 0.001821	0.001181 0.004844	
3 10 100 1.620000	0.028664 0.007525	0.999171 0.000442	0.006818 0.002920	-0.000029 0.000143	0.000000 0.000000	0.000000 0.000000	
3 10 100 1.630000	0.031790 0.008570	0.998978 0.000505	0.006655 0.005162	0.000467 0.001217	0.000782 0.004247	0.001795 0.008974	
3 10 100 1.640000	0.030356 0.009277	0.999067 0.000584	0.007977 0.002488	0.000000 0.000000	0.000000 0.000000	0.000000 0.000000	
3 10 100 1.650000	0.027876 0.008930	0.999213 0.000475	0.005862 0.005547	0.000481 0.002404	0.000756 0.002089	0.000000 0.000000	
3 10 100 1.660000	0.023472 0.008526	0.999441 0.000399	0.008633 0.008101	0.000210 0.001052	0.000909 0.003748	0.000146 0.000731	
3 10 100 1.670000	0.023520 0.007887	0.999439 0.000362	0.007116 0.001499	0.001872 0.003321	0.001429 0.008295	0.000574 0.002872	
3 10 100 1.680000	0.028759 0.006889	0.999166 0.000377	0.007759 0.004288	0.000482 0.001791	0.000000 0.000000	0.000979 0.003017	
3 10 100 1.690000	0.028910 0.005994	0.999159 0.000335	0.008243 0.008865	0.001650 0.005678	0.000761 0.004376	0.001497 0.004091	
3 10 100 1.700000	0.015020 0.009658	0.999762 0.000315	0.009324 0.005919	0.000859 0.002724	0.000557 0.002786	0.000376 0.001879	
3 10 100 1.710000	0.025816 0.008833	0.999324 0.000449	0.009362 0.008827	-0.000010 0.000048	0.000000 0.000000	0.000709 0.003547	
3 10 100 1.720000	0.028153 0.008114	0.999200 0.000442	0.006607 0.003058	0.000141 0.000704	0.000111 0.000557	0.000000 0.000000	
3 10 100 1.730000	0.022246 0.006644	0.999500 0.000290	0.008246 0.009190	0.000195 0.000975	0.001003 0.002193	0.000983 0.002799	
3 10 100 1.740000	0.025213 0.009521	0.999355 0.000489	0.008348 0.008921	0.001408 0.002878	0.000531 0.001677	0.000420 0.001026	
3 10 100 1.750000	0.028680 0.009524	0.999166 0.000565	0.006760 0.005191	0.000691 0.002363	0.000541 0.002707	0.000000 0.000000	
3 10 100 1.760000	0.026689 0.007278	0.999279 0.000392	0.008890 0.007377	0.000410 0.001534	0.001229 0.003778	0.000603 0.003016	
3 10 100 1.770000	0.020295 0.007582	0.999581 0.000303	0.004812 0.008939	0.001302 0.002941	0.000157 0.000783	0.001949 0.006843	
3 10 100 1.780000	0.028996 0.009168	0.999148 0.000505	0.008171 0.003491	0.000271 0.001356	0.000408 0.002041	0.000000 0.000000	
3 10 100 1.790000	0.030474 0.007603	0.999062 0.000461	0.007684 0.009916	0.000175 0.000873	0.000000 0.000000	0.000000 0.000000	
3 10 100 1.800000	0.029775 0.007756	0.999107 0.000461	0.007996 0.008630	0.000876 0.003030	0.000000 0.000000	-0.000089 0.000443	
3 10 100 1.810000	0.029938 0.007975	0.999096 0.000466	0.006324 0.008676	0.000224 0.001122	0.000338 0.001692	0.000224 0.001122	
3 10 100 1.820000	0.028756 0.008229	0.999161 0.000475	0.005707 0.005562	0.000039 0.000197	0.000000 0.000000	0.000000 0.000000	
3 10 100 1.830000	0.028267 0.009942	0.999187 0.000592	0.005175 0.006997	0.000000 0.000000	0.000578 0.001482	0.000351 0.001757	
3 10 100 1.840000	0.026766 0.003924	0.999282 0.000215	0.006150 0.005070	0.000872 0.003048	0.000000 0.000000	0.001153 0.004066	
3 10 100 1.850000	0.029122 0.009494	0.999142 0.000564	0.004233 0.006756	0.000311 0.001508	0.000000 0.000000	0.000619 0.004340	
3 10 100 1.860000	0.030011 0.005464	0.999096 0.000324	0.007029 0.004724	0.000211 0.001054	0.000435 0.002177	-0.000070 0.000351	
3 10 100 1.870000	0.024675 0.008913	0.999379 0.000423	0.003937 0.004230	0.000043 0.000216	0.001170 0.003445	0.000124 0.000619	
3 10 100 1.880000	0.029438 0.009212	0.999123 0.000561	0.005777 0.009212	0.001089 0.004651	0.000491 0.002362	0.001605 0.005507	
3 10 100 1.890000	0.020479 0.009215	0.999569 0.000369	0.005399 0.008593	0.001129 0.003433	0.000278 0.001388	0.001275 0.003578	
3 10 100 1.900000	0.029765 0.009266	0.999103 0.000549	0.005339 0.007348	0.000132 0.000662	0.000189 0.000943	0.000502 0.001257	
3 10 100 1.910000	0.029261 0.009973	0.999131 0.000563	0.005434 0.008417	0.000065 0.000327	0.000454 0.002003	0.000065 0.000327	
3 10 100 1.920000	0.028162 0.008426	0.999198 0.000465	0.005881 0.006086	0.000307 0.001534	0.000307 0.001533	0.000497 0.001350	
3 10 100 1.930000	0.031974 0.009241	0.998968 0.000585	0.004663 0.006647	0.000356 0.001740	0.001267 0.003805	0.000686 0.003042	
3 10 100 1.940000	0.029441 0.007057	0.999127 0.000407	0.006975 0.008287	0.000222 0.001109	0.000048 0.000242	0.000571 0.001011	
3 10 100 1.950000	0.028948 0.007525	0.999155 0.000420	0.004374 0.004056	0.000132 0.000662	0.000277 0.001385	0.000290 0.001192	
3 10 100 1.960000	0.030397 0.007601	0.999069 0.000452	0.005690 0.007679	0.000000 0.000000	0.000223 0.001116	0.000231 0.001154	
3 10 100 1.970000	0.024887 0.009492	0.999367 0.000478	0.005473 0.006669	0.000861 0.002583	0.000545 0.001797	0.001060 0.003144	
3 10 100 1.980000	0.029437 0.009151	0.999118 0.000529	0.006588 0.004758	0.000196 0.000981	0.000000 0.000000	0.000360 0.001798	
3 10 100 1.990000	0.027466 0.009915	0.999232 0.000526	0.005262 0.003446	0.000400 0.001364	0.000496 0.002481	0.000011 0.000840	
3 10 100 2.000000	0.031989 0.008044	0.998967 0.000514	0.004026 0.008432	0.000158 0.000792	0.000546 0.001264	0.000118 0.000592	
3 10 100 2.010000	0.028702 0.009652	0.999164 0.000557	0.007326 0.008747	0.001332 0.004804	0.000000 0.000000	0.001161 0.003288	
3 10 100 2.020000	0.029454 0.008504	0.999124 0.000503	0.004647 0.004136	0.000329 0.001643	0.000113 0.000566	0.000000 0.000000	
3 10 100 2.030000	0.029099 0.008258	0.999145 0.000485	0.006257 0.005019	0.000000 0.000000	0.000000 0.000000	0.000586 0.001875	
3 10 100 2.040000	0.026834 0.009155	0.999268 0.000505	0.006874 0.006575	0.000442 0.001404	0.000000 0.000000	0.000486 0.001550	
3 10 100 2.050000	0.030311 0.009206	0.999072 0.000545	0.005239 0.004099	0.000004 0.000021	0.000000 0.000000	0.000000 0.000000	
3 10 100 2.060000	0.031826 0.008401	0.998978 0.000559	0.005266 0.009523	0.000268 0.000678	0.000000 0.000000	0.000503 0.001939	
3 10 100 2.070000	0.028587 0.008070	0.999176 0.000452	0.001850 0.003812	0.001366 0.006832	0.000514 0.002569	0.000685 0.003427	
3 10 100 2.080000	0.025206 0.009811	0.999351 0.000479	0.003103 0.003748	0.000010 0.000049	0.000623 0.002023	0.000442 0.002208	
3 10 100 2.090000	0.029072 0.009674	0.999141 0.000526	0.006113 0.002756	0.000163 0.000816	0.000192 0.000958	0.000257 0.001285	
3 10 100 2.100000	0.027022 0.009287	0.999258 0.000513	0.005043 0.002399	0.000133 0.000742	0.000000 0.000000	0.000374 0.001753	
3 10 100 2.110000	0.025013 0.005915	0.999369 0.000295	0.005661 0.008502	0.000171 0.000576	0.000119 0.000597	0.000000 0.000000	
3 10 100 2.120000	0.029456 0.009103	0.999121 0.000574	0.004381 0.003417	0.000354 0.001769	-0.000028 0.000139	0.000330 0.001649	
3 10 100 2.130000	0.032843 0.009319	0.998912 0.000590	0.002652 0.004140	0.000114 0.000569	0.000560 0.001167	0.000000 0.000000	
3 10 100 2.140000	0.037931 0.004852	0.998558 0.000374	0.000971 0.001820	0.000499 0.002494	-0.000259 0.000661	0.000607 0.003034	
3 10 100 2.150000	0.025654 0.009853	0.999330 0.000530	0.005755 0.007182	0.000579 0.002665	0.000167 0.000837	0.000944 0.001848	
3 10 100 2.160000	0.027342 0.007815	0.999243 0.000418	0.004818 0.003516	0.000540 0.001829	0.000302 0.001509	0.000201 0.001005	
3 10 100 2.170000	0.028604 0.008759	0.999172 0.000480	0.005626 0.004388	0.000536 0.001682	0.000181 0.000907	0.000000 0.000000	
3 10 100 2.180000	0.029428 0.008436	0.999123 0.000495	0.005577 0.004036	0.000532 0.002661	0.000073 0.000363	0.000410 0.002050	
3 10 100 2.190000	0.028657 0.008847	0.999170 0.000500	0.005230 0.007286	0.001100 0.001991	0.000902 0.003232	0.000000 0.000000	
3 10 100 2.200000	0.028375 0.009801	0.999180 0.000569	0.003885 0.003915	0.000000 0.000000	0.000254 0.001269	0.000000 0.000000	
3 10 100 2.210000	0.027733 0.009225	0.999215 0.000500	0.005089 0.007131	0.000215 0.001074	0.000101 0.000505	0.000000 0.000000	
3 10 100 2.220000	0.028484 0.005474	0.999185 0.000307	0.005104 0.009656	0.000000 0.000000	0.000299 0.001494	0.000230 0.001152	
3 10 100 2.230000	0.027214 0.008290	0.999250 0.000473	0.004276 0.003674	0.000000 0.000000	0.000481 0.001644	0.000329 0.001644	
3 10 100 2.240000	0.024896 0.008788	0.999369 0.000456	0.004926 0.007063	0.002079 0.004679	0.000274 0.001371	0.001367 0.003346	
3 10 100 2.250000	0.031440 0.009140	0.999003 0.000557	0.005310 0.008691	0.000555 0.002322	0.000380 0.001901	0.000000 0.000000	
3 10 100 2.260000	0.031132 0.008577	0.999021 0.000559	0.007195 0.005718	0.000628 0.003138	0.000351 0.001757	0.000902 0.002879	
3 10 100 2.270000	0.029114 0.009314	0.999141 0.000573	0.005161 0.004652	0.000106 0.000532	0.000421 0.001214	0.000141 0.000706	
3 10 100 2.280000	0.031795 0.009142	0.998978 0.000551	0.004565 0.006491	0.000000 0.000000	0.000000 0.000000	-0.000063 0.000316	
3 10 100 2.290000	0.031191 0.006008	0.999023 0.000382	0.002875 0.005066	0.003015 0.006965	0.000000 0.000000	0.000489 0.001026	
3 10 100 2.300000	0.024878 0.008132	0.999370 0.000419	0.005602 0.004135	0.000118 0.000688	0.000000 0.000000	0.000000 0.000000	
3 10 100 2.310000	0.026107 0.009779	0.999307 0.000481	0.002716 0.004178	0.000024 0.000120	0.000313 0.001566	0.000786 0.003435	
3 10 100 2.320000	0.023618 0.009981	0.999429 0.000507	0.004367 0.008709	0.000000 0.000000	0.000536 0.002681	-0.000131 0.000656	
3 10 100 2.330000	0.026629 0.007131	0.999285 0.000394	0.002580 0.003597	0.000807 0.002169	0.001701 0.006763	0.000123 0.001211	
3 10 100 2.340000	0.029494 0.006821	0.999122 0.000397	0.002583 0.002657	0.000291 0.001132	0.000577 0.002887	0.000000 0.000000	
3 10 100 2.350000	0.029927 0.009976	0.999088 0.000610	0.005807 0.004890	0.000359 0.001796	0.000000 0.000000	0.000458 0.001515	
3 10 100 2.360000	0.030681 0.009529	0.999045 0.000586	0.002960 0.007973	0.000093 0.000463	0.000528 0.001607	0.000269 0.001346	
3 10 100 2.370000	0.027629 0.006431	0.999232 0.000354	0.002472 0.003727	0.000855 0.004275	0.001155 0.002422	0.000151 0.000756	
3 10 100 2.380000	0.025575 0.007408	0.999338 0.000388	0.005436 0.002711	0.000841 0.001647	0.000471 0.002355	0.001063 0.005314	
3 10 100 2.390000	0.026565 0.009861	0.999276 0.000536	0.004749 0.008331	0.000476 0.002379	0.000000 0.000000	-0.000014 0.000071	
3 10 100 2.400000	0.028405 0.007632	0.999186 0.000416	0.003933 0.005558	0.000425 0.001252	0.001003 0.003895	0.000900 0.004499	
3 10 100 2.410000	0.023783 0.008467	0.999424 0.000413	0.003763 0.006333	0.000000 0.000000	0.000632 0.004204	0.000340 0.001071	
3 10 100 2.420000	0.024885 0.007126	0.999372 0.000356	0.002786 0.005761	0.000000 0.000000	0.000000 0.000000	0.000000 0.000000	
3 10 100 2.430000	0.024395 0.006976	0.999396 0.000343	0.006008 0.006250	0.001234 0.003593	0.000182 0.002939	0.001956 0.006171	
3 10 100 2.440000	0.026797 0.009361	0.999270 0.000498	0.003267 0.006330	0.000241 0.001203	0.000828 0.005102	0.000490 0.001062	
3 10 100 2.450000	0.024742 0.009890	0.999374 0.000535	0.004410 0.005124	0.000073 0.000363	0.000143 0.000432	0.000000 0.000000	
3 10 100 2.460000	0.025397 0.009573	0.999340 0.000494	0.004628 0.004430	0.000498 0.001239	0.001117 0.002230	0.000952 0.002601	
3 10 100 2.470000	0.027840 0.008737	0.999215 0.000490	0.004327 0.005823	0.000872 0.003638	0.000326 0.001632	0.001733 0.004213	
3 10 100 2.480000	0.033241 0.007463	0.998885 0.000498	0.004559 0.002604	0.000000 0.000000	0.000000 0.000000	0.000000 0.000000	
3 10 100 2.490000	0.024824 0.009679	0.999367 0.000484	0.004717 0.008474	0.000011 0.000403	0.002553 0.007176	0.000000 0.000000	
3 10 100 2.500000	0.024886 0.009816	0.999367 0.000499	0.004257 0.006337	0.000860 0.003042	0.000368 0.002951	0.000000 0.000000	
3 10 100 2.510000	0.026440 0.007852	0.999292 0.000393	0.004455 0.002409	0.000347 0.001733	0.000105 0.000284	0.000401 0.001332	
3 10 100 2.520000	0.023061 0.004237	0.999466 0.000201	0.005796 0.009151	0.002197 0.006885	0.000095 0.000476	0.000973 0.004865	
3 10 100 2.530000	0.030420 0.008257	0.999066 0.000500	0.002053 0.005584	0.000275 0.001373	0.000257 0.001283	0.000720 0.002596	
3 10 100 2.540000	0.028963 0.006736	0.999154 0.000400	0.002683 0.006680	0.001006 0.005032	0.000562 0.003176	0.000709 0.002780	
3 10 100 2.550000	0.027984 0.009021	0.999208 0.000495	0.003831 0.004723	0.000223 0.001231	0.000198 0.000540	0.000603 0.001813	
3 10 100 2.560000	0.029241 0.009338	0.999135 0.000551	0.004179 0.004988	0.000000 0.000000	0.000000 0.000000	0.000000 0.000000	
3 10 100 2.570000	0.030616 0.007787	0.999054 0.000450	0.001660 0.004409	0.000000 0.000000	0.000548 0.002741	0.000432 0.001215	
3 10 100 2.580000	0.029130 0.008922	0.999138 0.000517	0.002946 0.006882	0.000412 0.001591	0.000458 0.000969	0.000097 0.000485	
3 10 100 2.590000	0.028111 0.008114	0.999200 0.000462	0.005141 0.003784	0.000000 0.000000	0.000439 0.002195	0.000809 0.003107	
3 10 100 2.600000	0.026308 0.009101	0.999297 0.000512	0.003215 0.006928	0.000125 0.000506	0.000000 0.000000	0.002120 0.005220	
3 10 100 2.610000	0.032464 0.005659	0.998941 0.000369	0.003557 0.003209	0.000064 0.000318	0.000348 0.001740	0.000000 0.000000	
3 10 100 2.620000	0.026842 0.007678	0.999273 0.000417	0.005218 0.008901	0.001366 0.004006	0.000000 0.000000	0.002050 0.005389	
3 10 100 2.630000	0.026359 0.007109	0.999299 0.000380	0.005524 0.005414	0.000000 0.000000	0.000464 0.002122	0.000000 0.000000	
3 10 100 2.640000	0.029339 0.009908	0.999125 0.000592	0.003716 0.005715	0.000136 0.000681	0.000355 0.001774	0.000000 0.000000	
3 10 100 2.650000	0.029355 0.007169	0.999132 0.000428	0.005237 0.004604	0.000410 0.002048	0.000634 0.001938	0.000000 0.000000	
3 10 100 2.660000	0.029931 0.005206	0.999101 0.000316	0.004452 0.006566	0.000172 0.000862	0.000000 0.000000	0.000834 0.002452	
3 10 100 2.670000	0.029401 0.006269	0.999129 0.000359	0.003035 0.006774	0.000472 0.002360	0.000203 0.001014	0.000667 0.002950	
3 10 100 2.680000	0.026404 0.008350	0.999295 0.000428	0.005415 0.006341	0.000520 0.002602	0.000361 0.001806	0.000000 0.000000	
3 10 100 2.690000	0.026628 0.009694	0.999277 0.000516	0.002393 0.004084	0.000346 0.001728	0.000397 0.001987	0.000225 0.000874	
3 10 100 2.700000	0.024078 0.008544	0.999411 0.000411	0.004239 0.007648	0.000000 0.000000	0.000125 0.000624	0.001520 0.003911	
3 10 100 2.710000	0.027922 0.006234	0.999216 0.000351	0.003772 0.005967	0.000659 0.002003	0.000772 0.003859	0.000411 0.002053	
3 10 100 2.720000	0.027087 0.007467	0.999259 0.000418	0.003620 0.006483	0.000806 0.002934	0.000382 0.001912	0.001294 0.003035	
3 10 100 2.730000	0.027452 0.008864	0.999236 0.000485	0.003675 0.002501	0.000277 0.000702	0.001034 0.004794	0.000000 0.000000	
3 10 100 2.740000	0.030308 0.008255	0.999071 0.000509	0.003425 0.008313	0.000174 0.000871	0.000844 0.005066	0.000597 0.002487	
3 10 100 2.750000	0.027998 0.008991	0.999206 0.000527	0.002943 0.002079	0.000210 0.000582	0.000000 0.000000	0.000612 0.003058	
3 10 100 2.760000	0.021212 0.009482	0.999534 0.000409	0.003434 0.006769	0.000213 0.001064	0.000294 0.002085	-0.000070 0.000696	
3 10 100 2.770000	0.025019 0.009785	0.999364 0.000489	0.004878 0.009833	0.000658 0.003288	0.000000 0.000000	0.000758 0.003343	
3 10 100 2.780000	0.032530 0.008628	0.998933 0.000573	0.001920 0.003821	0.000101 0.000506	0.000237 0.001184	0.000200 0.001001	
3 10 100 2.790000	0.024527 0.008448	0.999386 0.000412	0.004614 0.006582	0.000252 0.000697	0.001209 0.004981	0.000214 0.001735	
3 10 100 2.800000	0.024393 0.007362	0.999398 0.000344	0.002570 0.007408	0.000278 0.001007	0.000184 0.000920	0.000514 0.002230	
3 10 100 2.810000	0.026213 0.007731	0.999303 0.000407	0.004628 0.005554	0.000000 0.000000	0.000628 0.002643	0.000300 0.001499	
3 10 100 2.820000	0.030009 0.009229	0.999089 0.000569	0.003158 0.002476	0.000000 0.000000	0.000000 0.000000	0.000058 0.000290	
3 10 100 2.830000	0.033769 0.004845	0.998857 0.000325	0.002877 0.004641	0.000300 0.001498	0.000587 0.002151	0.000000 0.000000	
3 10 100 2.840000	0.026230 0.008543	0.999303 0.000437	0.004645 0.006434	0.002783 0.005021	0.001306 0.004372	0.000000 0.000000	
3 10 100 2.850000	0.031200 0.008696	0.999013 0.000529	0.002261 0.002012	0.000447 0.001877	0.000738 0.002064	0.000048 0.000238	
3 10 100 2.860000	0.029883 0.007841	0.999099 0.000474	0.001583 0.001910	0.000000 0.000000	0.000000 0.000000	0.000230 0.000819	
3 10 100 2.870000	0.027673 0.009462	0.999224 0.000503	0.003029 0.005053	0.000262 0.001309	0.000541 0.002703	0.000093 0.000463	
3 10 100 2.880000	0.029737 0.007185	0.999109 0.000416	0.002985 0.003380	0.000000 0.000000	0.000000 0.000000	0.000080 0.000402	
3 10 100 2.890000	0.032895 0.009909	0.998906 0.000629	0.003655 0.009869	0.000015 0.000932	0.000236 0.001181	0.001054 0.003368	
3 10 100 2.900000	0.024998 0.009531	0.999361 0.000483	0.002645 0.005098	0.000598 0.001789	0.000140 0.000699	-0.000027 0.000135	
3 10 100 2.910000	0.030368 0.005982	0.999072 0.000356	0.002336 0.003627	0.000746 0.003728	0.000892 0.003376	0.000470 0.001842	
3 10 100 2.920000	0.027042 0.006794	0.999261 0.000368	0.004564 0.009540	0.000342 0.001712	-0.000141 0.000705	0.000339 0.003909	
3 10 100 2.930000	0.029414 0.009691	0.999119 0.000573	0.003543 0.007892	0.000717 0.003586	0.000000 0.000000	0.000185 0.000924	
3 10 100 2.940000	0.028830 0.009903	0.999159 0.000582	0.002451 0.003586	0.000256 0.001281	0.000275 0.001375	0.000935 0.002620	
3 10 100 2.950000	0.034075 0.008009	0.998829 0.000526	0.001794 0.003230	0.000583 0.001370	0.000313 0.001563	0.000363 0.001815	
3 10 100 2.960000	0.029952 0.005702	0.999098 0.000338	0.003832 0.006911	0.000551 0.002129	0.000000 0.000000	0.000039 0.000129	
3 10 100 2.970000	0.026160 0.009938	0.999300 0.000511	0.003180 0.005559	0.000652 0.002200	0.000008 0.000042	0.000465 0.002324	
3 10 100 2.980000	0.021063 0.008355	0.999545 0.000341	0.002840 0.005456	0.000310 0.001416	0.000096 0.000410	0.001538 0.004159	
3 10 100 2.990000	0.021782 0.009569	0.999510 0.000413	0.001433 0.003566	0.000882 0.004454	0.001140 0.003348	0.000767 0.003835	
3 10 100 3.000000	0.026176 0.007603	0.999307 0.000405	0.003329 0.006970	0.000000 0.000000	0.000000 0.000000	0.000413 0.002065	
3 10 100 3.010000	0.027765 0.008684	0.999220 0.000500	0.003340 0.004772	0.000040 0.000202	0.001061 0.002136	0.000172 0.000859	
3 10 100 3.020000	0.029670 0.009447	0.999108 0.000567	0.002870 0.002905	0.000126 0.000628	0.000000 0.000000	0.000246 0.001228	
3 10 100 3.030000	0.025917 0.006258	0.999323 0.000340	0.004030 0.009372	0.000298 0.001684	0.000518 0.002591	0.000498 0.002489	
3 10 100 3.040000	0.031503 0.006830	0.999001 0.000424	0.004657 0.003980	0.000562 0.002810	-0.000018 0.000088	0.000269 0.001343	
3 10 100 3.050000	0.028003 0.009819	0.999203 0.000508	0.006126 0.003898	0.001449 0.003506	0.000496 0.002479	0.000140 0.000700	
3 10 100 3.060000	0.031833 0.008897	0.998973 0.000562	0.001183 0.001956	0.000000 0.000000	0.000105 0.000525	0.000269 0.001347	
3 10 100 3.070000	0.025536 0.005947	0.999341 0.000301	0.001973 0.004249	0.000994 0.003152	0.000677 0.002271	0.001093 0.002489	
3 10 100 3.080000	0.026093 0.008979	0.999309 0.000470	0.003090 0.003861	0.000310 0.001550	0.001493 0.006788	0.000490 0.001910	
3 10 100 3.090000	0.029885 0.009652	0.999095 0.000594	0.004361 0.004287	0.000300 0.001501	0.000000 0.000000	0.000320 0.002197	
3 10 100 3.100000	0.026792 0.009766	0.999264 0.000540	0.002724 0.004590	0.000010 0.000051	0.000496 0.001206	0.000806 0.002373	
3 10 100 3.110000	0.026400 0.009643	0.999289 0.000509	0.002313 0.006312	0.000000 0.000000	0.000938 0.002696	0.000206 0.000633	
3 10 100 3.120000	0.027338 0.009280	0.999240 0.000503	0.003926 0.004011	0.000000 0.000000	0.000340 0.001351	0.000000 0.000000	
3 10 100 3.130000	0.027894 0.009604	0.999209 0.000545	0.003838 0.004703	0.000496 0.001474	0.000729 0.003647	0.000000 0.000000	
3 10 100 3.140000	0.027237 0.005303	0.999254 0.000291	0.002940 0.008289	0.000879 0.001510	0.001269 0.004761	0.000334 0.001670	
3 10 100 3.150000	0.028440 0.009601	0.999179 0.000537	0.003617 0.003641	0.000276 0.001379	0.000904 0.003060	0.000483 0.001393	
3 10 100 3.160000	0.026801 0.009063	0.999272 0.000467	0.003549 0.003262	0.000000 0.000000	0.000000 0.000000	0.000217 0.001084	
3 10 100 3.170000	0.024822 0.007434	0.999377 0.000368	0.002181 0.003855	0.001213 0.005530	0.000024 0.000120	0.000997 0.006726	
3 10 100 3.180000	0.025312 0.006709	0.999355 0.000341	0.003394 0.006173	0.000475 0.001889	0.000000 0.000000	0.000103 0.000513	
3 10 100 3.190000	0.031708 0.008187	0.998981 0.000504	0.002776 0.007007	0.000430 0.002151	0.000000 0.000000	0.000000 0.000000	
3 10 100 3.200000	0.028230 0.009672	0.999189 0.000555	0.001182 0.005802	0.000592 0.002960	0.000135 0.000673	0.000374 0.001868	
3 10 100 3.210000	0.026978 0.008863	0.999261 0.000498	0.003153 0.004143	0.000499 0.001372	0.000104 0.000521	0.000000 0.000000	
3 10 100 3.220000	0.026668 0.009917	0.999276 0.000544	0.001846 0.005529	0.001804 0.005556	0.001439 0.003911	0.000423 0.002115	
3 10 100 3.230000	0.029148 0.007430	0.999141 0.000434	0.003337 0.007166	0.000000 0.000000	0.000741 0.003703	0.000965 0.003552	
3 10 100 3.240000	0.027876 0.008816	0.999212 0.000517	0.003157 0.001920	0.000107 0.000533	0.000172 0.000861	0.000000 0.000000	
3 10 100 3.250000	0.030879 0.008626	0.999034 0.000537	0.003840 0.009832	0.001918 0.005869	-0.000173 0.000865	0.000078 0.000392	
3 10 100 3.260000	0.031170 0.005244	0.999024 0.000323	0.004169 0.006475	0.000181 0.000905	0.001027 0.005136	0.001639 0.004137	
3 10 100 3.270000	0.027539 0.006688	0.999236 0.000368	0.001622 0.003570	-0.000056 0.000279	-0.000328 0.001638	0.000429 0.002145	
3 10 100 3.280000	0.033713 0.008684	0.998854 0.000611	0.001713 0.003484	0.000000 0.000000	0.000631 0.003153	0.000000 0.000000	
3 10 100 3.290000	0.026542 0.004830	0.999292 0.000252	0.001256 0.003175	0.000201 0.001005	0.000111 0.000556	0.000742 0.003708	
3 10 100 3.300000	0.031233 0.009574	0.999013 0.000622	0.003590 0.005133	0.000052 0.000258	0.000282 0.001408	0.000000 0.000000	
3 10 100 3.310000	0.026072 0.009701	0.999308 0.000476	0.002371 0.004898	0.000151 0.000755	0.000000 0.000000	0.000121 0.000603	
3 10 100 3.320000	0.031377 0.007342	0.999005 0.000455	0.002209 0.004078	0.000788 0.001718	0.000040 0.000198	0.000377 0.001886	
3 10 100 3.330000	0.028432 0.008867	0.999174 0.000516	0.003898 0.004574	-0.000060 0.000301	0.000699 0.003493	0.000000 0.000000	
3 10 100 3.340000	0.027467 0.008452	0.999234 0.000460	0.003147 0.004771	0.000207 0.001033	0.000534 0.002671	0.000407 0.002034	
3 10 100 3.350000	0.028684 0.009796	0.999166 0.000545	0.003460 0.003620	0.000000 0.000000	0.000053 0.000263	0.000639 0.001624	
3 10 100 3.360000	0.029812 0.009422	0.999094 0.000552	0.003709 0.002130	0.000385 0.000849	-0.000008 0.000038	0.000255 0.001229	
3 10 100 3.370000	0.029104 0.008936	0.999143 0.000502	0.006004 0.005703	0.000674 0.003145	0.000452 0.002262	0.000238 0.001192	
3 10 100 3.380000	0.030943 0.009097	0.999029 0.000565	0.003350 0.005155	0.000512 0.002562	0.000323 0.002749	-0.000073 0.000365	
3 10 100 3.390000	0.030703 0.009235	0.999046 0.000591	0.002336 0.004347	0.001257 0.005013	0.000000 0.000000	0.000249 0.001244	
3 10 100 3.400000	0.028151 0.009274	0.999194 0.000523	0.003097 0.002273	0.000269 0.001346	0.000580 0.002901	0.000689 0.001914	
3 10 100 3.410000	0.027022 0.006692	0.999264 0.000357	0.003735 0.006822	0.000932 0.002061	0.000547 0.002736	0.001193 0.003745	
3 10 100 3.420000	0.027934 0.007629	0.999213 0.000427	0.001600 0.003703	0.000722 0.004332	0.000785 0.002221	0.000270 0.001524	
3 10 100 3.430000	0.025692 0.008871	0.999329 0.000463	0.003215 0.003017	0.000000 0.000000	0.000517 0.002585	0.000448 0.001341	
3 10 100 3.440000	0.030813 0.007252	0.999042 0.000438	0.002213 0.003393	0.000155 0.000777	0.000736 0.002274	0.000000 0.000000	
3 10 100 3.450000	0.027783 0.009491	0.999215 0.000538	0.002649 0.005032	0.000135 0.000387	0.000000 0.000000	0.000083 0.000417	
3 10 100 3.460000	0.027037 0.009807	0.999256 0.000566	0.002811 0.002705	0.000000 0.000000	0.000303 0.001517	0.000111 0.000554	
3 10 100 3.470000	0.027637 0.009344	0.999223 0.000550	0.002534 0.004577	0.000000 0.000000	0.000175 0.000876	0.000000 0.000000	
3 10 100 3.480000	0.027457 0.009459	0.999234 0.000498	0.003154 0.004446	0.001124 0.002765	0.000091 0.000456	0.000984 0.004920	
3 10 100 3.490000	0.024995 0.005716	0.999370 0.000289	0.004133 0.009521	0.000000 0.000000	0.000000 0.000000	0.001037 0.003474	
3 10 100 3.500000	0.021321 0.008296	0.999533 0.000361	0.002710 0.004403	0.000000 0.000000	0.000000 0.000000	0.000555 0.002777	
3 10 100 3.510000	0.030498 0.009201	0.999060 0.000557	0.003454 0.003710	0.000774 0.002132	0.000000 0.000000	0.000749 0.001270	
3 10 100 3.520000	0.027489 0.008950	0.999232 0.000486	0.004839 0.003190	0.000000 0.000000	0.000000 0.000000	0.000009 0.000043	
3 10 100 3.530000	0.030086 0.008208	0.999087 0.000480	0.001302 0.004100	0.000000 0.000000	0.000528 0.001887	0.000000 0.000000	
3 10 100 3.540000	0.031923 0.009067	0.998970 0.000604	0.002822 0.005722	0.000000 0.000000	0.000140 0.000701	0.000228 0.001140	
3 10 100 3.550000	0.030457 0.008822	0.999061 0.000543	0.002487 0.003729	0.000000 0.000000	0.000304 0.001518	-0.000040 0.000199	
3 10 100 3.560000	0.026430 0.008574	0.999293 0.000450	0.002734 0.005817	0.000761 0.003403	0.001133 0.003485	0.000409 0.001818	
3 10 100 3.570000	0.033097 0.009441	0.998890 0.000615	0.003733 0.001850	0.000000 0.000000	0.000000 0.000000	0.000000 0.000000	
3 10 100 3.580000	0.030609 0.008647	0.999053 0.000535	0.004169 0.005586	0.000082 0.000410	0.000870 0.003236	0.000356 0.001216	
3 10 100 3.590000	0.025026 0.009990	0.999360 0.000486	0.001304 0.004508	0.000222 0.000636	0.000000 0.000000	0.000228 0.001038	
3 10 100 3.600000	0.029280 0.008630	0.999133 0.000496	0.001466 0.004065	0.000362 0.001812	0.000038 0.000189	0.000785 0.003926	
3 10 100 3.610000	0.029692 0.006364	0.999114 0.000372	0.001734 0.004174	0.000098 0.000491	0.001166 0.003058	0.000575 0.001879	
3 10 100 3.620000	0.023407 0.009852	0.999440 0.000497	0.001309 0.004172	0.000061 0.000303	0.000150 0.000751	0.001151 0.005192	
3 10 100 3.630000	0.028119 0.009561	0.999200 0.000524	0.002103 0.005295	0.001148 0.004707	0.000500 0.002500	0.001077 0.003201	
3 10 100 3.640000	0.027811 0.009204	0.999215 0.000535	0.003091 0.003622	0.000569 0.001567	0.000280 0.001399	0.000000 0.000000	
3 10 100 3.650000	0.024626 0.006848	0.999387 0.000313	0.002569 0.005735	0.000000 0.000000	0.000317 0.001583	0.000000 0.000000	
3 10 100 3.660000	0.024847 0.007692	0.999375 0.000380	0.002558 0.003184	0.000176 0.000882	0.001380 0.003183	0.000223 0.001117	
3 10 100 3.670000	0.023660 0.007493	0.999433 0.000357	0.001847 0.003158	0.000997 0.004985	0.000387 0.001935	0.000571 0.001935	
3 10 100 3.680000	0.029192 0.008395	0.999136 0.000481	0.001805 0.003633	0.001823 0.003815	0.000000 0.000000	0.000194 0.000972	
3 10 100 3.690000	0.027943 0.007366	0.999213 0.000420	0.002618 0.004511	-0.000017 0.000087	0.000892 0.002606	0.000086 0.000429	
3 10 100 3.700000	0.025051 0.009766	0.999359 0.000513	0.001707 0.005304	0.000048 0.002108	-0.000120 0.000601	0.000278 0.001392	
3 10 100 3.710000	0.020789 0.006316	0.999561 0.000253	0.003762 0.008270	0.000000 0.000000	-0.000257 0.001157	0.000671 0.002495	
3 10 100 3.720000	0.029777 0.009567	0.999098 0.000579	0.002435 0.005664	0.000466 0.002330	0.000000 0.000000	0.000489 0.002447	
3 10 100 3.730000	0.028206 0.009516	0.999187 0.000527	0.002959 0.006770	0.000000 0.000000	0.000000 0.000000	0.000000 0.000000	
3 10 100 3.740000	0.026290 0.008549	0.999298 0.000461	0.003425 0.003264	0.000104 0.000520	0.000799 0.002513	0.000014 0.000247	
3 10 100 3.750000	0.028692 0.009128	0.999162 0.000542	0.001968 0.004621	0.000056 0.000280	0.000098 0.000491	0.000000 0.000000	
3 10 100 3.760000	0.030171 0.007341	0.999083 0.000459	0.001234 0.003412	0.000279 0.001396	0.000362 0.001808	0.000791 0.003954	
3 10 100 3.770000	0.024579 0.008866	0.999385 0.000410	0.001939 0.003619	0.000408 0.002039	0.000170 0.000851	0.000173 0.000562	
3 10 100 3.780000	0.028134 0.009184	0.999192 0.000523	0.001759 0.004826	0.000000 0.000000	0.000000 0.000000	0.000000 0.000000	
3 10 100 3.790000	0.024552 0.009210	0.999384 0.000445	0.004293 0.007625	0.000334 0.001414	0.000000 0.000000	0.000881 0.004108	
3 10 100 3.800000	0.024965 0.009944	0.999363 0.000482	0.002261 0.003472	0.000000 0.000000	0.000840 0.002130	-0.000004 0.000021	
3 10 100 3.810000	0.023676 0.006560	0.999434 0.000318	0.000659 0.004358	0.001026 0.005130	0.003049 0.006969	0.001988 0.005472	
3 10 100 3.820000	0.030821 0.005344	0.999046 0.000336	0.000739 0.003696	-0.000193 0.000965	0.000140 0.000700	0.001676 0.008378	
3 10 100 3.830000	0.029576 0.005130	0.999121 0.000300	0.002027 0.005944	0.000000 0.000000	0.000000 0.000000	0.000603 0.003014	
3 10 100 3.840000	0.030927 0.005791	0.999039 0.000353	0.004164 0.007544	0.000178 0.000889	0.000397 0.001984	0.002030 0.006832	
3 10 100 3.850000	0.029754 0.009732	0.999101 0.000605	0.001327 0.003318	0.000000 0.000000	0.000183 0.000482	0.000000 0.000000	
3 10 100 3.860000	0.027361 0.009815	0.999239 0.000535	0.003341 0.006914	0.000099 0.000497	0.000000 0.000000	0.000846 0.003490	
3 10 100 3.870000	0.025999 0.009965	0.999312 0.000507	0.000949 0.003791	0.000044 0.000221	0.000000 0.000000	0.000765 0.002015	
3 10 100 3.880000	0.032188 0.008287	0.998955 0.000549	0.001652 0.002286	0.000395 0.001973	0.000000 0.000000	0.000146 0.000730	
3 10 100 3.890000	0.030001 0.009450	0.999088 0.000578	0.002008 0.003945	0.000112 0.000559	0.000142 0.000712	0.000919 0.003890	
3 10 100 3.900000	0.026485 0.007209	0.999291 0.000359	0.001103 0.002033	0.000660 0.002764	0.000255 0.001273	0.000460 0.002302	
3 10 100 3.910000	0.028482 0.009115	0.999176 0.000519	0.002345 0.004816	0.000630 0.001932	0.000000 0.000000	0.000000 0.000000	
3 10 100 3.920000	0.028482 0.009115	0.999176 0.000519	0.002345 0.004816	0.000630 0.001932	0.000000 0.000000	0.000000 0.000000	
3 10 100 3.930000	0.029258 0.009013	0.999132 0.000558	0.001320 0.004739	0.000491 0.002456	0.000762 0.002223	0.000674 0.002736	
3 10 100 3.940000	0.028779 0.008866	0.999162 0.000531	0.003052 0.003097	0.000443 0.001817	0.000000 0.000000	0.000002 0.000251	
3 10 100 3.950000	0.024822 0.008796	0.999374 0.000413	0.001612 0.004077	0.000056 0.000271	0.000674 0.003371	0.000000 0.000000	
3 10 100 3.960000	0.025959 0.006947	0.999320 0.000369	0.001618 0.005429	0.000114 0.000411	-0.000079 0.000397	0.000518 0.001332	
3 10 100 3.970000	0.030230 0.008306	0.999074 0.000484	0.001421 0.002709	-0.000035 0.000174	0.000279 0.001397	0.000319 0.001594	
3 10 100 3.980000	0.029874 0.004345	0.999105 0.000261	0.001619 0.004819	0.001107 0.005537	0.000338 0.001691	0.000000 0.000000	
3 10 100 3.990000	0.026064 0.005463	0.999315 0.000290	0.002937 0.005473	0.002439 0.007483	0.001367 0.003453	0.000040 0.000200	
3 10 100 4.000000	0.034835 0.008587	0.998778 0.000580	0.001348 0.002531	0.000154 0.000769	0.000000 0.000000	0.000000 0.000000	
3 10 100 4.010000	0.036420 0.004197	0.998671 0.000306	0.000916 0.002980	-0.000102 0.000508	0.001245 0.006226	0.002769 0.007716	
3 10 100 4.020000	0.029222 0.009579	0.999132 0.000562	0.003223 0.004780	0.000280 0.000752	0.000217 0.001370	0.000344 0.001369	
3 10 100 4.030000	0.025725 0.009585	0.999323 0.000518	0.002009 0.006364	0.000236 0.001182	0.000000 0.000000	0.000000 0.000000	
3 10 100 4.040000	0.033685 0.007858	0.998857 0.000523	0.001322 0.003732	0.000368 0.001600	0.000000 0.000000	0.000596 0.002318	
3 10 100 4.050000	0.029112 0.009424	0.999140 0.000548	0.001959 0.004332	0.000000 0.000000	0.000141 0.000706	0.000000 0.000000	
3 10 100 4.060000	0.027308 0.009734	0.999240 0.000555	0.000692 0.003718	0.001312 0.003408	0.000134 0.000670	0.000092 0.000459	
3 10 100 4.070000	0.028849 0.007513	0.999162 0.000439	0.002224 0.003736	0.000910 0.002526	0.000299 0.001473	0.000611 0.003055	
3 10 100 4.080000	0.029795 0.009101	0.999095 0.000524	0.001452 0.003619	0.000455 0.002274	0.000000 0.000000	0.000000 0.000000	
3 10 100 4.090000	0.027138 0.007702	0.999255 0.000441	0.005356 0.007272	0.000000 0.000000	0.000000 0.000000	0.001114 0.002816	
3 10 100 4.100000	0.025755 0.007304	0.999329 0.000391	0.005427 0.004440	0.000008 0.000041	0.000565 0.002824	0.000297 0.001485	
3 10 100 4.110000	0.036070 0.004328	0.998697 0.000316	0.001065 0.003234	0.000000 0.000000	0.000403 0.002015	0.000000 0.000000	
3 10 100 4.120000	0.025201 0.009308	0.999352 0.000467	0.002290 0.004291	0.000000 0.000000	0.001535 0.005688	0.000818 0.003155	
3 10 100 4.130000	0.023168 0.009829	0.999450 0.000422	0.003360 0.008032	0.000339 0.001694	0.003051 0.007302	0.000000 0.000000	
3 10 100 4.140000	0.022009 0.009196	0.999503 0.000388	0.003402 0.008033	0.000769 0.003845	0.001457 0.007286	0.000000 0.000000	
3 10 100 4.150000	0.025004 0.009722	0.999360 0.000507	0.002218 0.003401	0.000583 0.002915	0.001451 0.003456	0.000370 0.001849	
3 10 100 4.160000	0.028541 0.007823	0.999179 0.000447	0.002242 0.003234	0.000133 0.000664	0.000186 0.000942	0.000266 0.001328	
3 10 100 4.170000	0.028131 0.007230	0.999202 0.000414	0.001424 0.004113	0.000000 0.000000	0.000102 0.000508	0.000208 0.001039	
3 10 100 4.180000	0.023812 0.008857	0.999421 0.000419	0.001063 0.002163	0.000196 0.000980	0.000375 0.001876	0.000000 0.000000	
3 10 100 4.190000	0.029902 0.009460	0.999091 0.000561	0.002481 0.004129	0.000096 0.000482	0.000000 0.000000	0.000722 0.003130	
3 10 100 4.200000	0.028966 0.009777	0.999149 0.000557	0.001344 0.004270	0.000000 0.000000	0.000710 0.003001	0.001303 0.004750	
3 10 100 4.210000	0.034626 0.009875	0.998784 0.000684	0.002998 0.005843	0.001113 0.002935	-0.000041 0.000207	0.000819 0.005408	
3 10 100 4.220000	0.030314 0.007007	0.999074 0.000432	0.001551 0.005151	0.000000 0.000000	0.000000 0.000000	0.000117 0.000585	
3 10 100 4.230000	0.022911 0.008215	0.999463 0.000370	0.002550 0.004769	0.000035 0.000173	0.000709 0.003026	0.000000 0.000000	
3 10 100 4.240000	0.025797 0.009674	0.999324 0.000519	0.001014 0.003109	0.000323 0.001356	0.000840 0.003432	0.000069 0.000346	
3 10 100 4.250000	0.034228 0.008037	0.998818 0.000561	0.001475 0.002578	0.000396 0.001411	0.000012 0.000058	0.000000 0.000000	
3 10 100 4.260000	0.021551 0.006862	0.999531 0.000294	0.002560 0.005717	0.001340 0.003582	0.000404 0.001234	0.000300 0.001569	
3 10 100 4.270000	0.030832 0.009489	0.999033 0.000572	0.002778 0.006256	0.000983 0.005800	0.002310 0.008052	0.000089 0.000509	
3 10 100 4.280000	0.031034 0.007723	0.999029 0.000464	0.000990 0.001587	0.000436 0.002178	0.000272 0.001359	0.000000 0.000000	
3 10 100 4.290000	0.028254 0.009908	0.999192 0.000571	0.000877 0.002879	0.000000 0.000000	0.000457 0.002228	0.000000 0.000000	
3 10 100 4.300000	0.027145 0.006145	0.999258 0.000337	0.002752 0.004186	0.000000 0.000000	0.000716 0.002884	0.000598 0.002991	
3 10 100 4.310000	0.030866 0.007288	0.999041 0.000458	0.001841 0.003195	0.000218 0.001092	0.000772 0.001928	0.000035 0.000174	
3 10 100 4.320000	0.027634 0.008774	0.999225 0.000522	0.001535 0.003381	-0.000095 0.000476	0.000000 0.000000	0.000000 0.000000	
3 10 100 4.330000	0.024181 0.006471	0.999410 0.000310	0.003603 0.008406	0.001359 0.003057	0.000560 0.002801	0.000580 0.002025	
3 10 100 4.340000	0.026548 0.007567	0.999288 0.000389	0.002183 0.003272	0.000053 0.000789	0.000593 0.001972	0.000292 0.001461	
3 10 100 4.350000	0.028770 0.008931	0.999162 0.000533	0.002103 0.004903	0.001068 0.003300	0.000064 0.000319	0.000002 0.000008	
3 10 100 4.360000	0.028875 0.009247	0.999153 0.000542	0.001663 0.004436	0.001855 0.004709	0.000751 0.003754	0.000060 0.000300	
3 10 100 4.370000	0.024929 0.006204	0.999372 0.000310	0.001658 0.004040	0.000914 0.003787	0.000527 0.001500	0.000082 0.000410	
3 10 100 4.380000	0.024576 0.008906	0.999385 0.000404	0.001239 0.003304	0.000595 0.001688	0.000357 0.001889	0.000615 0.002525	
3 10 100 4.390000	0.026957 0.009621	0.999255 0.000527	0.001617 0.004473	0.000926 0.003528	0.000078 0.000388	0.000849 0.003531	
3 10 100 4.400000	0.025809 0.008115	0.999322 0.000413	0.002209 0.007172	0.000686 0.002622	0.000230 0.001151	0.000000 0.000000	
3 10 100 4.410000	0.023164 0.009484	0.999454 0.000449	0.002390 0.006125	0.000413 0.002331	0.000204 0.001021	0.000171 0.000591	
3 10 100 4.420000	0.027089 0.003982	0.999264 0.000216	0.002330 0.003924	0.000455 0.002275	0.000908 0.004540	0.000100 0.000499	
3 10 100 4.430000	0.026095 0.009448	0.999306 0.000535	0.001922 0.003623	-0.000006 0.000028	0.000000 0.000000	0.000153 0.000767	
3 10 100 4.440000	0.033598 0.009395	0.998858 0.000609	0.001071 0.005416	0.000000 0.000000	0.000574 0.001943	0.000727 0.003635	
3 10 100 4.450000	0.025607 0.009931	0.999332 0.000484	0.001660 0.001595	0.000396 0.001980	0.000231 0.001153	0.000528 0.001480	
3 10 100 4.460000	0.029658 0.009081	0.999109 0.000542	0.002130 0.003792	0.000185 0.000925	0.000000 0.000000	0.000196 0.000978	
3 10 100 4.470000	0.024682 0.009782	0.999380 0.000468	0.001702 0.004234	0.000000 0.000000	0.000187 0.000935	0.000091 0.000453	
3 10 100 4.480000	0.029080 0.006687	0.999147 0.000386	0.002284 0.002548	0.000000 0.000000	0.000472 0.002358	-0.000049 0.000246	
3 10 100 4.490000	0.027855 0.008825	0.999215 0.000484	0.000118 0.000591	0.000987 0.002085	0.001601 0.005171	0.000000 0.000000	
3 10 100 4.500000	0.030238 0.005882	0.999081 0.000366	0.000910 0.001862	0.000588 0.002940	0.000533 0.001613	0.000300 0.001501	
3 10 100 4.510000	0.030238 0.005882	0.999081 0.000366	0.000910 0.001862	0.000588 0.002940	0.000533 0.001613	0.000300 0.001501	
3 10 100 4.520000	0.032035 0.008859	0.998964 0.000543	0.000340 0.001139	0.000966 0.004831	0.000000 0.000000	0.000318 0.001592	
3 10 100 4.530000	0.027291 0.009026	0.999245 0.000508	0.001170 0.002597	0.000094 0.000472	0.000688 0.002877	0.000475 0.001963	
3 10 100 4.540000	0.012355 0.007111	0.999840 0.000179	0.003384 0.009995	0.001090 0.004503	0.000388 0.001939	0.000652 0.003261	
3 10 100 4.550000	0.012355 0.007111	0.999840 0.000179	0.003384 0.009995	0.001090 0.004503	0.000388 0.001939	0.000652 0.003261	
3 10 100 4.560000	0.029136 0.009446	0.999139 0.000554	0.001502 0.003682	0.000000 0.000000	0.000484 0.001746	0.000284 0.001013	
3 10 100 4.570000	0.023676 0.007444	0.999433 0.000347	0.002605 0.005263	0.000956 0.004780	0.000178 0.000892	0.000186 0.000454	
3 10 100 4.580000	0.026766 0.008174	0.999272 0.000430	0.002200 0.003264	0.001775 0.004369	0.000000 0.000000	0.000181 0.000905	
3 10 100 4.590000	0.025765 0.007329	0.999330 0.000396	0.002126 0.003930	0.000754 0.003772	0.000657 0.002193	0.000108 0.000539	
3 10 100 4.600000	0.025360 0.009605	0.999342 0.000477	0.002520 0.006692	0.000998 0.002512	0.001268 0.006109	0.000226 0.000658	
3 10 100 4.610000	0.024184 0.009804	0.999402 0.000484	0.001172 0.002976	-0.000044 0.000222	0.000423 0.002115	0.000000 0.000000	
3 10 100 4.620000	0.028374 0.009633	0.999185 0.000550	0.002869 0.009323	0.000575 0.002873	0.000684 0.001579	0.000878 0.003160	
3 10 100 4.630000	0.025418 0.007876	0.999345 0.000388	0.002878 0.006716	0.000602 0.001542	0.001233 0.005633	0.001614 0.006172	
3 10 100 4.640000	0.028035 0.009650	0.999201 0.000513	0.001706 0.005789	0.000166 0.000829	0.000626 0.002006	0.000186 0.000931	
3 10 100 4.650000	0.026380 0.007714	0.999296 0.000411	0.001118 0.003026	0.000158 0.000788	0.000000 0.000000	0.000161 0.000806	
3 10 100 4.660000	0.026380 0.007714	0.999296 0.000411	0.001118 0.003026	0.000158 0.000788	0.000000 0.000000	0.000161 0.000806	
3 10 100 4.670000	0.023298 0.007978	0.999450 0.000380	0.001145 0.002862	0.000774 0.003872	0.000182 0.000908	0.000423 0.001179	
3 10 100 4.680000	0.028633 0.009462	0.999166 0.000531	0.001600 0.004341	0.000069 0.000343	0.000000 0.000000	0.000000 0.000000	
3 10 100 4.690000	0.024539 0.009647	0.999386 0.000469	0.000918 0.006169	0.001757 0.004675	-0.000287 0.001278	0.001653 0.008266	
3 10 100 4.700000	0.024539 0.009647	0.999386 0.000469	0.000918 0.006169	0.001757 0.004675	-0.000287 0.001278	0.001653 0.008266	
3 10 100 4.710000	0.017381 0.007327	0.999688 0.000268	0.003751 0.003832	0.000240 0.001201	0.000092 0.000459	0.002031 0.005846	
3 10 100 4.720000	0.028351 0.007582	0.999190 0.000416	0.001618 0.002588	0.000000 0.000000	0.000000 0.000000	0.000637 0.002243	
3 10 100 4.730000	0.030886 0.009614	0.999035 0.000566	0.000731 0.002573	0.000000 0.000000	0.000000 0.000000	0.000000 0.000000	
3 10 100 4.740000	0.030109 0.006543	0.999086 0.000396	0.000952 0.002470	0.000992 0.003859	0.000399 0.001614	0.001030 0.003186	
3 10 100 4.750000	0.028596 0.008387	0.999172 0.000475	0.001135 0.002841	0.000000 0.000000	0.000215 0.001073	0.000164 0.000821	
3 10 100 4.760000	0.031044 0.009302	0.999024 0.000598	0.003210 0.006248	0.000342 0.001710	0.000000 0.000000	0.000176 0.002040	
3 10 100 4.770000	0.030511 0.009226	0.999055 0.000563	0.002947 0.006669	-0.000285 0.001426	0.000353 0.001863	0.001272 0.004410	
3 10 100 4.780000	0.028354 0.008881	0.999186 0.000479	0.001016 0.002334	0.000727 0.002363	0.000282 0.001409	0.000081 0.000404	
3 10 100 4.790000	0.025553 0.009612	0.999337 0.000478	0.003408 0.005106	0.001014 0.002447	0.000356 0.001778	0.000272 0.001361	
3 10 100 4.800000	0.032161 0.008307	0.998957 0.000532	0.000127 0.000635	-0.000088 0.000440	0.000069 0.000346	0.000048 0.000242	
3 10 100 4.810000	0.023055 0.009243	0.999459 0.000431	0.002154 0.009612	0.000312 0.004089	-0.000043 0.000214	0.000208 0.000986	
3 10 100 4.820000	0.026745 0.003593	0.999283 0.000191	0.001028 0.002671	0.001281 0.004301	0.001138 0.004957	0.000426 0.002132	
3 10 100 4.830000	0.025267 0.006727	0.999355 0.000349	0.001507 0.005003	0.001824 0.004092	0.000572 0.002858	0.000000 0.000000	
3 10 100 4.840000	0.025267 0.006727	0.999355 0.000349	0.001507 0.005003	0.001824 0.004092	0.000572 0.002858	0.000000 0.000000	
3 10 100 4.850000	0.028033 0.009787	0.999201 0.000531	0.001492 0.007460	0.000062 0.001297	0.000000 0.000000	0.000124 0.000621	
3 10 100 4.860000	0.029039 0.008157	0.999145 0.000474	0.001832 0.009002	0.000128 0.000641	0.000377 0.001884	0.000244 0.001221	
3 10 100 4.870000	0.027453 0.009678	0.999232 0.000523	0.000706 0.002081	0.000000 0.000000	0.000049 0.000244	0.000283 0.001415	
3 10 100 4.880000	0.028502 0.009548	0.999176 0.000571	0.001702 0.005024	0.000000 0.000000	0.000805 0.002272	0.000884 0.001792	
3 10 100 4.890000	0.023993 0.009102	0.999413 0.000448	0.002819 0.006156	-0.000051 0.000253	0.001020 0.002902	-0.000092 0.000460	
3 10 100 4.900000	0.023993 0.009102	0.999413 0.000448	0.002819 0.006156	-0.000051 0.000253	0.001020 0.002902	-0.000092 0.000460	
3 10 100 4.910000	0.030856 0.008416	0.999037 0.000513	0.003922 0.008749	0.000478 0.001855	0.001945 0.006763	0.000379 0.001894	
3 10 100 4.920000	0.026447 0.009647	0.999286 0.000518	0.002012 0.007305	0.000680 0.002815	0.000406 0.001264	0.000115 0.000573	
3 10 100 4.930000	0.027173 0.006112	0.999254 0.000326	0.001389 0.003743	0.000274 0.001370	0.001458 0.004730	0.000211 0.001055	
3 10 100 4.940000	0.027173 0.006112	0.999254 0.000326	0.001389 0.003743	0.000274 0.001370	0.001458 0.004730	0.000211 0.001055	
3 10 100 4.950000	0.028580 0.009753	0.999169 0.000530	0.002779 0.003978	0.000286 0.001107	0.000537 0.001688	0.000106 0.001028	
3 10 100 4.960000	0.031209 0.009491	0.999014 0.000596	0.000983 0.004388	0.000000 0.000000	0.000305 0.001525	0.001147 0.003161	
3 10 100 4.970000	0.027777 0.005135	0.999223 0.000287	0.002565 0.006756	0.000003 0.000014	0.000949 0.004743	0.002004 0.003877	
3 10 100 4.980000	0.034247 0.008214	0.998816 0.000568	0.001076 0.005380	0.000249 0.001245	0.000773 0.003096	0.000816 0.002537	
3 10 100 4.990000	0.031657 0.008976	0.998989 0.000571	0.001950 0.002362	0.000305 0.001526	-0.000036 0.000180	0.000527 0.001670	
3 10 100 5.000000	0.024795 0.006937	0.999375 0.000338	0.001611 0.003992	0.000875 0.002453	0.000532 0.002661	0.000502 0.001584	
