3 100 10 1.800000	0.000911 0.000461	0.999999 0.000001	0.074055 0.009722	0.004073 0.009074	0.001512 0.005307	0.002095 0.004549	-0.000084 0.000418	0.000444 0.002222	0.001407 0.003332	0.002738 0.007301	0.000864 0.002962	
3 100 10 1.810000	0.001315 0.000633	0.999998 0.000002	0.073906 0.007687	0.005406 0.005833	0.003141 0.009720	0.000000 0.000000	0.002536 0.008394	0.001649 0.004442	0.001868 0.003579	0.001891 0.004165	0.002393 0.007036	
3 100 10 1.820000	0.001081 0.000845	0.999999 0.000002	0.068754 0.007556	0.006695 0.006888	0.000415 0.002073	-0.000075 0.000740	0.003080 0.006110	0.000918 0.004592	0.000444 0.003111	0.003773 0.008443	0.000000 0.000000	
3 100 10 1.830000	0.001203 0.000614	0.999999 0.000001	0.069924 0.009630	0.004198 0.006338	0.001343 0.005213	0.001008 0.002344	0.001255 0.004855	0.000262 0.001309	0.001308 0.004401	0.001431 0.003958	0.000578 0.002448	
3 100 10 1.840000	0.001057 0.000787	0.999999 0.000002	0.067914 0.008784	0.003671 0.003491	0.000439 0.001624	0.000588 0.002422	0.000483 0.001427	0.002142 0.006125	0.002151 0.005982	0.001196 0.002706	0.001683 0.005454	
3 100 10 1.850000	0.001052 0.000559	0.999999 0.000001	0.068147 0.009752	0.009105 0.007975	0.002656 0.004222	0.000769 0.001554	0.000000 0.000000	0.001308 0.004937	0.000000 0.000000	0.000444 0.002716	0.001358 0.006789	
3 100 10 1.860000	0.001140 0.000475	0.999999 0.000001	0.066176 0.004889	0.004676 0.006314	0.000677 0.003385	0.001526 0.007629	0.000094 0.002325	0.001322 0.004444	0.003333 0.009258	0.001731 0.006156	0.001426 0.007051	
3 100 10 1.870000	0.001711 0.001606	0.999997 0.000006	0.067849 0.006302	0.002367 0.004631	0.000765 0.003826	0.000924 0.005738	0.001924 0.006474	0.001961 0.006110	0.000000 0.000000	0.001695 0.003144	-0.000039 0.006105	
3 100 10 1.880000	0.000910 0.000333	0.999999 0.000001	0.065283 0.009383	0.004710 0.005531	0.001506 0.007530	0.003929 0.008981	0.000345 0.001727	0.003340 0.006814	-0.001195 0.003260	0.001965 0.004124	0.003686 0.007962	
3 100 10 1.890000	0.001058 0.000359	0.999999 0.000001	0.066287 0.009532	0.003288 0.006159	0.000182 0.002049	0.000148 0.000739	0.001699 0.007406	0.000774 0.003507	0.001345 0.003180	0.000591 0.001983	0.000963 0.001987	
3 100 10 1.900000	0.001184 0.001161	0.999998 0.000003	0.063498 0.008519	0.002129 0.004998	0.002335 0.005237	0.001311 0.006557	0.000000 0.000000	0.001184 0.004165	0.001002 0.002695	0.001618 0.004970	0.000704 0.003518	
