3 100 2 2.500000	0.003557 0.001255	0.999987 0.000009	0.252058 0.006821	0.083110 0.006715	0.032012 0.007975	0.014206 0.007078	0.007566 0.007305	0.006375 0.009794	0.001575 0.004588	0.000841 0.002007	0.001346 0.006178	
3 100 2 2.510000	0.003395 0.001381	0.999988 0.000009	0.247935 0.008438	0.079132 0.009724	0.029560 0.005340	0.014491 0.009488	0.006795 0.005760	0.005900 0.007996	0.001445 0.002690	0.001143 0.003324	0.001732 0.003616	
3 100 2 2.520000	0.003157 0.000738	0.999990 0.000005	0.248159 0.009338	0.081301 0.009857	0.030828 0.004223	0.012650 0.008890	0.005722 0.004999	0.003359 0.006935	0.002661 0.005355	0.002239 0.007152	0.000324 0.001421	
3 100 2 2.530000	0.002949 0.000977	0.999991 0.000006	0.241899 0.004996	0.075686 0.004647	0.028772 0.009838	0.010236 0.006649	0.003230 0.008611	0.001974 0.003539	0.001297 0.006485	0.001178 0.003182	0.000442 0.001004	
3 100 2 2.540000	0.003278 0.001034	0.999989 0.000007	0.246079 0.004885	0.076001 0.008225	0.027225 0.009247	0.014813 0.002573	0.004916 0.006268	0.000700 0.002593	0.000980 0.004325	0.003314 0.009660	0.003324 0.007047	
3 100 2 2.550000	0.003086 0.000957	0.999990 0.000006	0.243010 0.009302	0.075238 0.005559	0.028473 0.002444	0.013553 0.009218	0.007288 0.006633	0.000771 0.002399	0.001285 0.006287	0.000403 0.002126	0.000000 0.000000	
3 100 2 2.560000	0.003186 0.000973	0.999990 0.000006	0.242819 0.007350	0.072280 0.009676	0.025585 0.006567	0.011878 0.009633	0.006952 0.009895	0.000497 0.002486	0.001783 0.006161	0.000637 0.002868	0.001570 0.006287	
3 100 2 2.570000	0.003089 0.000500	0.999990 0.000003	0.238215 0.009867	0.071666 0.007061	0.026975 0.008136	0.010603 0.003382	0.002391 0.005808	0.001696 0.003105	0.000832 0.002097	0.000722 0.003610	0.000533 0.001998	
3 100 2 2.580000	0.003076 0.001487	0.999990 0.000009	0.237247 0.006892	0.070815 0.009298	0.023938 0.006763	0.008681 0.009507	0.004022 0.008456	0.002471 0.009575	0.004251 0.002356	0.000158 0.000791	0.001112 0.002825	
3 100 2 2.590000	0.002738 0.000823	0.999992 0.000005	0.238431 0.006411	0.071078 0.005107	0.023573 0.007368	0.009886 0.007745	0.006908 0.005538	0.004512 0.008280	0.003113 0.006874	0.002465 0.005028	0.000536 0.001739	
3 100 2 2.600000	0.003029 0.001465	0.999991 0.000009	0.237447 0.003596	0.068839 0.009037	0.024119 0.007891	0.010809 0.009812	0.004701 0.008594	0.004837 0.009397	0.002706 0.007319	0.001985 0.003884	0.001752 0.005069	
