3 100 4 3.000000	0.001314 0.000418	0.999998 0.000001	0.094331 0.008613	0.011342 0.009334	0.001978 0.003882	0.001130 0.006900	0.002232 0.006284	0.001112 0.004181	0.000827 0.002326	0.000364 0.001819	0.000432 0.002161	
3 100 4 3.010000	0.001291 0.001014	0.999998 0.000002	0.093497 0.005840	0.009893 0.008191	0.001915 0.003942	0.004461 0.008073	0.000675 0.003375	0.002605 0.008952	0.000000 0.000000	0.002421 0.007836	0.002342 0.009079	
3 100 4 3.020000	0.001235 0.000297	0.999998 0.000001	0.093243 0.006032	0.007833 0.008889	0.001618 0.004511	0.002695 0.007655	0.000501 0.002507	0.000507 0.002347	0.001442 0.007212	0.000417 0.002085	0.001147 0.005655	
3 100 4 3.030000	0.001136 0.000343	0.999999 0.000001	0.095438 0.009257	0.008017 0.007075	0.001609 0.002835	0.002300 0.007872	0.001533 0.003666	0.000480 0.002399	0.000623 0.002086	0.001611 0.006982	0.002149 0.007605	
3 100 4 3.040000	0.001136 0.000535	0.999999 0.000001	0.092251 0.008819	0.008273 0.005796	0.001890 0.004092	0.001275 0.004176	0.000718 0.001873	0.000437 0.002184	0.001580 0.004147	0.001028 0.003444	0.000000 0.000000	
3 100 4 3.050000	0.001149 0.000703	0.999999 0.000002	0.088496 0.002665	0.008822 0.007081	0.002656 0.005955	0.002510 0.005777	-0.000296 0.001482	0.000409 0.002044	0.003012 0.008839	0.001525 0.005974	0.000710 0.002918	
3 100 4 3.060000	0.001255 0.000551	0.999998 0.000001	0.091664 0.008015	0.006070 0.008873	0.000557 0.002666	0.001010 0.004282	0.001548 0.004506	0.000000 0.000000	0.001977 0.005750	0.000851 0.004253	0.001595 0.007976	
3 100 4 3.070000	0.001085 0.000794	0.999999 0.000002	0.092843 0.003999	0.009954 0.002444	0.001771 0.006603	0.001117 0.004442	0.000355 0.001776	0.000911 0.004553	0.002120 0.007999	0.004329 0.006887	0.002996 0.009459	
3 100 4 3.080000	0.001216 0.000434	0.999998 0.000001	0.094214 0.009538	0.011206 0.006750	0.002004 0.005401	0.000000 0.000000	0.000763 0.001826	0.002111 0.006480	0.001754 0.005698	0.000000 0.000000	0.002120 0.006332	
3 100 4 3.090000	0.001250 0.000616	0.999998 0.000002	0.092836 0.007303	0.007230 0.005334	0.001392 0.004063	0.001475 0.004629	0.003071 0.007215	0.000622 0.003110	0.001276 0.006465	0.002201 0.006517	0.000403 0.002016	
3 100 4 3.100000	0.001231 0.000359	0.999998 0.000001	0.091585 0.008935	0.010254 0.009042	0.001827 0.005387	0.000815 0.005760	0.000860 0.002201	0.002554 0.006399	0.001588 0.006982	0.000716 0.002771	0.000957 0.003263	
