3 100 3 2.300000	0.001741 0.000905	0.999997 0.000003	0.176623 0.009670	0.035015 0.004555	0.007857 0.004965	0.001563 0.004937	0.000111 0.000374	0.000761 0.003807	0.000710 0.002654	0.000000 0.000000	0.000439 0.002193	
3 100 3 2.310000	0.001856 0.000495	0.999997 0.000002	0.180606 0.005819	0.036797 0.005499	0.008612 0.009873	0.005447 0.006415	0.001282 0.006408	0.001930 0.008485	0.001492 0.005346	0.000700 0.001839	0.000468 0.002339	
3 100 3 2.320000	0.001880 0.000785	0.999996 0.000003	0.177634 0.003121	0.034900 0.005413	0.010205 0.005344	0.002569 0.006531	0.000000 0.000000	0.000950 0.004735	0.002267 0.008841	0.000590 0.002069	0.000277 0.001385	
3 100 3 2.330000	0.002076 0.000602	0.999996 0.000002	0.173647 0.007890	0.034651 0.008630	0.010456 0.007490	0.001406 0.003812	0.001462 0.005617	0.000673 0.003366	0.001336 0.005266	0.003120 0.007330	0.001159 0.003371	
3 100 3 2.340000	0.001875 0.000301	0.999996 0.000001	0.172826 0.004706	0.036267 0.009588	0.010349 0.005146	0.001596 0.005409	0.001085 0.002393	0.001967 0.008670	0.002180 0.004609	0.000817 0.003512	0.000657 0.002702	
3 100 3 2.350000	0.001791 0.000892	0.999997 0.000003	0.170832 0.008789	0.032197 0.009539	0.008050 0.009692	0.001631 0.004051	0.003264 0.006089	0.000191 0.000955	0.002393 0.007405	0.001455 0.003589	0.000606 0.002562	
3 100 3 2.360000	0.001859 0.000437	0.999997 0.000002	0.171512 0.007016	0.031681 0.007773	0.006958 0.009809	0.001389 0.003954	0.001544 0.007720	0.001286 0.006431	0.003373 0.005883	0.000162 0.000422	0.000624 0.003122	
3 100 3 2.370000	0.001954 0.000379	0.999996 0.000001	0.168128 0.002975	0.034316 0.009853	0.008503 0.004551	0.002770 0.005741	0.001930 0.004633	0.002704 0.006497	0.001805 0.009027	-0.000001 0.000004	0.000053 0.000266	
3 100 3 2.380000	0.001862 0.000189	0.999997 0.000001	0.167126 0.008355	0.032511 0.009864	0.007435 0.005857	0.002956 0.006220	0.001528 0.004215	0.000266 0.001330	0.001138 0.005496	0.000350 0.001009	0.001216 0.003605	
3 100 3 2.390000	0.001990 0.000483	0.999996 0.000002	0.165989 0.009600	0.032363 0.004933	0.007509 0.009753	0.004143 0.009613	0.001497 0.002776	0.002491 0.005496	0.001551 0.007756	0.002559 0.005313	0.002437 0.006575	
3 100 3 2.400000	0.001740 0.000851	0.999997 0.000003	0.166364 0.005926	0.031030 0.008950	0.011070 0.009035	0.002103 0.006057	0.001560 0.005301	0.001929 0.009645	0.000473 0.002364	0.001884 0.006526	0.000264 0.001322	
