3 100 10 2.600000	0.000888 0.000685	0.999999 0.000001	0.049129 0.009258	0.002436 0.006574	0.000494 0.002469	0.000967 0.002129	0.002388 0.008147	0.000158 0.000792	0.001926 0.005555	0.000487 0.002433	0.001106 0.002777	
3 100 10 2.610000	0.000889 0.000526	0.999999 0.000001	0.045783 0.009686	0.001659 0.003814	0.000882 0.002256	0.002633 0.008230	0.000770 0.001554	0.002641 0.007407	0.000469 0.002345	0.000543 0.002715	0.000000 0.000000	
3 100 10 2.620000	0.000973 0.000632	0.999999 0.000001	0.045906 0.006574	0.003576 0.007882	0.000497 0.002485	0.001074 0.005370	0.001843 0.005079	0.000372 0.001681	0.002303 0.006913	0.001388 0.004285	0.000957 0.003863	
3 100 10 2.630000	0.001173 0.001400	0.999998 0.000003	0.045198 0.006145	0.001140 0.003702	0.002370 0.008887	0.001406 0.007628	0.002754 0.007258	0.000513 0.005084	0.001425 0.003795	0.000074 0.000370	0.004302 0.007591	
3 100 10 2.640000	0.000907 0.000385	0.999999 0.000001	0.045068 0.008307	0.004797 0.004882	0.000000 0.000000	0.000882 0.002188	0.001037 0.005184	0.002335 0.006017	0.002739 0.006137	0.001568 0.003131	0.000621 0.002645	
3 100 10 2.650000	0.000978 0.001021	0.999999 0.000002	0.041851 0.004815	0.003481 0.007406	0.000666 0.002591	0.000814 0.002961	0.001555 0.006296	0.000148 0.000739	0.003406 0.009628	0.001925 0.005924	0.002148 0.009628	
3 100 10 2.660000	0.000727 0.000742	0.999999 0.000001	0.044518 0.009630	0.002962 0.007035	0.001703 0.004444	0.001555 0.007777	0.000667 0.002592	0.003333 0.007407	0.000962 0.002963	0.001777 0.005554	0.003778 0.010000	
3 100 10 2.670000	0.000894 0.000388	0.999999 0.000001	0.044029 0.008963	0.004032 0.007945	0.002811 0.005740	0.001244 0.005407	0.001563 0.003174	0.002599 0.006156	0.001484 0.006111	0.000694 0.002221	0.000095 0.000476	
3 100 10 2.680000	0.000800 0.000728	0.999999 0.000001	0.038888 0.009753	0.004117 0.008518	0.001535 0.008247	0.001604 0.007160	0.000755 0.002444	0.002429 0.006666	0.002489 0.007926	0.003328 0.009109	0.001392 0.006964	
3 100 10 2.690000	0.000997 0.000713	0.999999 0.000002	0.042303 0.003745	0.001910 0.005842	0.000751 0.002221	0.002475 0.005831	0.002571 0.008437	0.000961 0.002637	0.000317 0.001587	0.001920 0.003415	0.002718 0.004188	
3 100 10 2.700000	0.000990 0.000548	0.999999 0.000001	0.044055 0.009260	0.001690 0.005501	0.001531 0.004444	0.000772 0.003862	0.002055 0.004628	0.001898 0.004351	0.001000 0.002870	0.001382 0.006665	0.000222 0.001110	
