3 100 2 1.400000	0.962219 0.000468	0.074134 0.000901	0.006694 0.003673	0.001380 0.004992	0.000916 0.002436	0.002725 0.008436	0.001999 0.009138	0.000895 0.004477	0.003402 0.009742	0.002262 0.007410	0.002411 0.005218	
3 100 2 1.410000	0.960728 0.000347	0.077001 0.000667	0.004187 0.008903	0.000038 0.003283	0.001820 0.003879	0.001545 0.004640	0.003500 0.007527	0.001334 0.006669	0.002576 0.007783	0.002233 0.006194	0.001528 0.004237	
3 100 2 1.420000	0.959317 0.000348	0.079711 0.000668	0.004884 0.005227	0.002244 0.008179	0.001632 0.005468	0.001142 0.005708	0.000328 0.008960	0.001574 0.004735	0.001542 0.004935	0.003361 0.009201	0.003097 0.007253	
3 100 2 1.430000	0.957710 0.000414	0.082792 0.000794	0.006292 0.005067	0.001256 0.006280	0.001712 0.006206	0.000627 0.002125	0.001374 0.006872	0.001773 0.003341	0.001660 0.004449	0.001149 0.002872	0.002610 0.008103	
3 100 2 1.440000	0.956111 0.000216	0.085851 0.000414	0.006517 0.009000	0.002400 0.007711	0.002899 0.005250	0.000237 0.001184	0.002066 0.007084	0.000451 0.001368	0.001127 0.005636	0.001831 0.008017	0.001799 0.006337	
3 100 2 1.450000	0.954570 0.000351	0.088796 0.000670	0.003462 0.005195	0.002509 0.005920	0.000000 0.000000	0.001683 0.008416	0.000000 0.000000	0.002683 0.008100	0.000000 0.000000	0.003700 0.007488	0.003495 0.008712	
3 100 2 1.460000	0.952960 0.000422	0.091868 0.000804	0.005579 0.009223	0.000095 0.000477	0.000940 0.003749	0.000105 0.000527	0.001469 0.003936	0.000971 0.003015	0.001239 0.006194	0.000370 0.002207	0.000347 0.001736	
3 100 2 1.470000	0.951214 0.000331	0.095192 0.000629	0.005042 0.009689	0.003761 0.008365	0.001322 0.004011	0.000000 0.000000	0.000000 0.000000	0.002702 0.009252	0.001379 0.006893	0.001016 0.002355	0.002079 0.008204	
3 100 2 1.480000	0.949491 0.000370	0.098466 0.000703	0.009344 0.005222	0.000731 0.002588	0.001803 0.007286	0.001339 0.003689	0.000597 0.002273	0.002940 0.009951	0.001638 0.006563	0.001002 0.002893	0.001024 0.005119	
3 100 2 1.490000	0.947712 0.000288	0.101842 0.000547	0.005892 0.008992	0.000508 0.002542	0.000368 0.001839	0.000888 0.004440	0.000000 0.000000	0.000394 0.002650	-0.000033 0.004642	0.000453 0.002263	0.000695 0.003476	
3 100 2 1.500000	0.945981 0.000401	0.105119 0.000758	0.008360 0.005947	0.000248 0.001240	0.001898 0.004891	0.000576 0.002211	0.000795 0.003959	0.003751 0.009528	0.001890 0.009941	0.003263 0.007583	0.001345 0.003958	
