3 100 10 2.300000	0.001159 0.001041	0.999999 0.000003	0.051036 0.003240	0.002517 0.004165	0.000687 0.002380	0.002389 0.005291	0.001942 0.005370	0.000883 0.003086	0.001110 0.004566	0.000277 0.001018	0.001499 0.007501	
3 100 10 2.310000	0.000984 0.000712	0.999999 0.000001	0.050688 0.008691	0.002417 0.004729	0.001674 0.008370	0.001352 0.004607	0.001846 0.004506	0.000740 0.003415	0.001585 0.005406	0.001222 0.003331	0.001537 0.003535	
3 100 10 2.320000	0.000975 0.000365	0.999999 0.000001	0.051545 0.009352	0.004796 0.009202	0.000924 0.001897	-0.000173 0.000866	0.001333 0.004814	0.000648 0.002129	0.000000 0.000000	0.000835 0.002777	0.000701 0.003503	
3 100 10 2.330000	0.001137 0.000918	0.999999 0.000002	0.053984 0.005852	0.002440 0.005629	-0.000067 0.002311	0.002877 0.009074	0.000275 0.001957	0.000493 0.002467	-0.000311 0.002048	0.000000 0.000000	0.001873 0.006221	
3 100 10 2.340000	0.001016 0.000141	0.999999 0.000000	0.049184 0.009722	0.003633 0.005277	0.002788 0.007383	0.000535 0.002677	0.000090 0.000158	0.000568 0.002530	0.000563 0.002814	0.001845 0.004285	0.000719 0.002517	
3 100 10 2.350000	0.001137 0.000617	0.999999 0.000001	0.051152 0.009364	0.003167 0.009363	0.000192 0.000962	0.000654 0.002530	-0.000104 0.000520	0.001424 0.005765	0.000279 0.004952	0.000271 0.001357	0.004006 0.009924	
3 100 10 2.360000	0.001112 0.001064	0.999999 0.000002	0.047962 0.009998	0.000962 0.004257	-0.000000 0.000000	0.002678 0.005926	0.003166 0.008333	0.000518 0.002592	0.000431 0.004754	0.000740 0.008887	0.002073 0.009443	
3 100 10 2.370000	0.000978 0.000608	0.999999 0.000001	0.052200 0.009365	0.001992 0.007636	0.003037 0.009629	0.002678 0.006031	0.001555 0.007777	0.000162 0.001305	0.000751 0.003597	0.001500 0.007098	0.002283 0.008465	
3 100 10 2.380000	0.001039 0.000349	0.999999 0.000001	0.046488 0.008371	0.001825 0.005926	0.000389 0.001944	0.001095 0.002551	0.001366 0.003054	0.000237 0.000694	0.001496 0.005332	0.000454 0.002268	0.000000 0.000000	
3 100 10 2.390000	0.001049 0.000512	0.999999 0.000001	0.049777 0.007778	0.003397 0.006171	0.000275 0.001374	0.000177 0.000887	0.000222 0.001110	0.002500 0.007900	0.002636 0.006665	0.001505 0.003980	0.000283 0.002037	
3 100 10 2.400000	0.001177 0.000887	0.999999 0.000002	0.051147 0.009722	0.002490 0.008055	0.000370 0.001849	0.001213 0.006312	0.001230 0.002591	0.001295 0.003948	0.000024 0.000122	0.000586 0.002867	0.000801 0.002282	
