3 100 3 1.300000	0.958122 0.000381	0.082001 0.000729	0.004849 0.009379	0.002626 0.008390	0.001180 0.005900	0.000287 0.001435	0.001713 0.004355	0.001804 0.007846	0.001239 0.006197	0.000720 0.001823	0.001832 0.004555	
3 100 3 1.310000	0.956071 0.000231	0.085928 0.000443	0.005785 0.009902	0.000054 0.000271	0.000497 0.002486	0.002414 0.007222	0.003488 0.005912	0.000057 0.000284	0.002627 0.008979	0.000358 0.001788	0.001476 0.006534	
3 100 3 1.320000	0.953190 0.004435	0.091427 0.008445	0.008143 0.004685	0.001145 0.003336	0.000426 0.002131	0.002788 0.007724	0.000682 0.003409	0.002097 0.007798	0.000000 0.000000	0.002422 0.008885	0.000710 0.003565	
3 100 3 1.330000	0.951984 0.000338	0.093726 0.000644	0.007308 0.004272	0.001325 0.002658	0.000542 0.003556	0.000273 0.001169	0.002531 0.009765	0.002756 0.003794	0.000931 0.002884	0.000109 0.000546	0.001164 0.003549	
3 100 3 1.340000	0.948462 0.003608	0.100419 0.006839	0.004980 0.008080	0.002248 0.006781	0.001963 0.009815	0.000630 0.003151	0.000091 0.000456	0.004106 0.007458	0.002970 0.005982	0.000608 0.003040	0.002945 0.008339	
3 100 3 1.350000	0.947475 0.001285	0.102291 0.002434	0.007269 0.008054	0.003441 0.008311	0.003490 0.007032	0.000593 0.002965	-0.000050 0.000250	0.002648 0.005235	0.000103 0.000298	0.000416 0.002078	0.000000 0.000000	
3 100 3 1.360000	0.945239 0.000648	0.106522 0.001224	0.005170 0.009707	0.003091 0.008660	0.000000 0.000000	0.000146 0.000730	0.000432 0.002161	0.001005 0.003930	0.000237 0.001187	0.001900 0.007977	0.000798 0.003237	
3 100 3 1.370000	0.941609 0.003858	0.113370 0.007262	0.010370 0.007831	0.001528 0.007642	0.000000 0.000000	0.000751 0.003753	0.000601 0.001715	0.000297 0.001484	0.000000 0.000000	0.000117 0.000584	0.001387 0.006586	
3 100 3 1.380000	0.939704 0.002615	0.116955 0.004912	0.007330 0.009912	0.002652 0.008070	0.001503 0.005022	0.000408 0.002040	0.002111 0.006752	0.001660 0.006179	0.001309 0.006544	0.002237 0.007617	0.001157 0.005786	
3 100 3 1.390000	0.935476 0.003407	0.124882 0.006380	0.010993 0.009368	0.001697 0.008487	0.000000 0.000000	0.001290 0.006452	0.002902 0.005501	0.000746 0.003731	0.003147 0.009285	0.000000 0.000000	0.000322 0.001612	
3 100 3 1.400000	0.934882 0.002200	0.125995 0.004113	0.007584 0.009710	0.001212 0.003385	0.000490 0.002449	0.000000 0.000000	0.001201 0.006005	0.000866 0.004329	0.000000 0.000000	0.001777 0.008885	0.000253 0.003355	
