3 100 4 0.700000	0.998236 0.003147	0.003524 0.006279	0.000822 0.001765	0.000539 0.002693	0.000000 0.000000	0.000047 0.000236	0.000357 0.000918	0.000000 0.000000	0.000817 0.002432	0.000000 0.000000	0.000166 0.000829	
3 100 4 0.710000	0.998042 0.004332	0.003909 0.008637	0.000248 0.001050	0.000194 0.000902	0.000503 0.001395	0.000318 0.000842	0.000032 0.000161	0.000168 0.000842	0.000191 0.000955	0.000726 0.001790	0.000000 0.000000	
3 100 4 0.720000	0.998644 0.000904	0.002710 0.001805	0.000000 0.000000	0.000156 0.000780	0.000616 0.001280	0.000247 0.001067	0.000196 0.000979	0.000366 0.000840	0.000000 0.000000	0.000390 0.000731	0.000134 0.000669	
3 100 4 0.730000	0.997410 0.004625	0.005171 0.009218	0.000348 0.001740	0.000267 0.001337	0.000233 0.000853	0.000000 0.000000	0.001304 0.004696	0.000219 0.000967	0.000833 0.002587	0.000536 0.001178	0.000064 0.000215	
3 100 4 0.740000	0.997835 0.003086	0.004324 0.006155	0.001035 0.002946	0.000701 0.003035	0.000415 0.001435	0.001232 0.003924	0.000831 0.001988	0.000484 0.001435	0.000741 0.002235	0.000491 0.001435	0.000672 0.002857	
3 100 4 0.750000	0.998231 0.001444	0.003535 0.002881	0.000419 0.002094	0.000508 0.001197	0.000551 0.002753	0.000395 0.001975	0.000652 0.002864	0.000304 0.000879	0.000476 0.001955	0.000234 0.001168	0.000039 0.000196	
3 100 4 0.760000	0.997139 0.001421	0.005713 0.002835	0.000091 0.000454	0.000909 0.002121	0.000757 0.003787	0.000190 0.000952	0.000032 0.000159	0.000592 0.001724	0.000735 0.002613	0.000915 0.002914	0.000623 0.001660	
3 100 4 0.770000	0.996915 0.004854	0.006157 0.009668	0.001299 0.003810	0.000358 0.001246	0.000496 0.001733	0.000334 0.002140	0.000045 0.000223	0.000302 0.001511	0.000611 0.002202	0.000574 0.001869	0.000170 0.000852	
3 100 4 0.780000	0.995795 0.004022	0.008391 0.008009	0.000879 0.002551	0.001857 0.006328	0.000242 0.001208	0.000406 0.002029	0.000258 0.001289	0.001007 0.003178	0.000000 0.000000	0.000308 0.001541	0.000000 0.000000	
3 100 4 0.790000	0.996938 0.002822	0.006113 0.005624	0.000884 0.002326	0.000931 0.002815	0.000376 0.001881	0.000092 0.000460	0.000830 0.004148	0.000359 0.001793	0.000847 0.004237	0.000651 0.003255	0.001123 0.005615	
3 100 4 0.800000	0.996711 0.004561	0.006564 0.009081	0.001406 0.006103	0.000000 0.000000	0.002189 0.007090	0.001037 0.005185	0.001420 0.007099	0.001360 0.005820	0.000732 0.003661	0.001629 0.004487	0.001308 0.005185	
