3 100 2 1.000000	0.994508 0.000320	0.010954 0.000637	0.000824 0.002518	0.000000 0.000000	0.002339 0.004588	0.000999 0.002838	0.001208 0.004588	0.001170 0.005851	0.001071 0.002838	0.003167 0.005851	0.001597 0.004172	
3 100 2 1.010000	0.994179 0.000314	0.011609 0.000624	0.002392 0.006539	0.001459 0.003809	0.001175 0.002582	0.000775 0.003873	0.002509 0.007142	0.003626 0.007206	0.003709 0.005614	0.000949 0.002582	0.000984 0.002281	
3 100 2 1.020000	0.993774 0.000468	0.012412 0.000930	0.001317 0.006584	0.003212 0.003597	0.000750 0.003751	0.002596 0.006823	0.001060 0.002584	0.003076 0.009226	0.004317 0.009012	0.002301 0.005489	0.002584 0.005679	
3 100 2 1.030000	0.993338 0.000254	0.013280 0.000505	0.002272 0.007903	0.003141 0.007680	0.002571 0.006569	0.000825 0.003272	0.001820 0.006569	0.000336 0.001680	0.001884 0.006569	0.000304 0.001518	0.003408 0.005903	
3 100 2 1.040000	0.992926 0.000176	0.014098 0.000350	0.001782 0.004173	0.002444 0.008713	0.001747 0.006526	0.000680 0.003193	0.001101 0.005507	0.001349 0.003193	0.001473 0.004840	0.000447 0.001507	0.002863 0.006713	
3 100 2 1.050000	0.992465 0.000486	0.015013 0.000965	0.000250 0.001249	0.000266 0.001332	0.001791 0.006559	0.000245 0.001226	0.000378 0.001892	0.000672 0.002666	0.001962 0.005892	0.003546 0.007813	0.000822 0.004111	
3 100 2 1.060000	0.992091 0.000390	0.015756 0.000774	0.002407 0.005753	0.005140 0.009087	0.001033 0.004079	0.002028 0.003746	0.002843 0.007305	0.001672 0.005079	0.001061 0.005305	0.001628 0.004563	0.000379 0.001896	
3 100 2 1.070000	0.991706 0.000180	0.016520 0.000357	0.001652 0.005168	0.000796 0.002811	0.002389 0.005033	0.001383 0.009935	0.000910 0.002876	0.001071 0.007345	0.002123 0.004880	0.001376 0.006880	0.001460 0.005103	
3 100 2 1.080000	0.991115 0.000117	0.017691 0.000232	0.002338 0.004209	0.001173 0.003653	0.002782 0.006209	0.003691 0.006113	0.002505 0.007108	0.001557 0.001676	0.000984 0.002383	0.001602 0.008554	0.001471 0.002431	
3 100 2 1.090000	0.990724 0.000316	0.018467 0.000626	0.002641 0.005970	0.002004 0.006672	0.002247 0.006005	0.002190 0.004418	0.005133 0.006961	0.001338 0.003970	0.001279 0.003970	0.003139 0.005752	0.001456 0.005339	
3 100 2 1.100000	0.990128 0.000318	0.019647 0.000630	0.000416 0.002069	0.001037 0.004963	0.000508 0.004110	0.001580 0.007147	0.002201 0.006297	0.002186 0.007264	0.001889 0.007444	0.000526 0.002630	0.001608 0.004708	
