3 100 10 2.200000	0.001116 0.000651	0.999999 0.000002	0.054284 0.008623	0.002634 0.007671	0.001074 0.005184	0.000382 0.001296	0.000688 0.003438	0.002878 0.006814	0.000814 0.003229	0.001122 0.005608	0.003943 0.009483	
3 100 10 2.210000	0.001099 0.000679	0.999999 0.000001	0.052851 0.005832	0.003948 0.005703	0.001664 0.003209	0.000024 0.000122	0.000846 0.002961	0.000885 0.003596	0.000074 0.000369	0.000592 0.002499	0.003244 0.006481	
3 100 10 2.220000	0.001186 0.000422	0.999999 0.000001	0.055347 0.009036	0.002444 0.006294	0.001570 0.007850	0.001798 0.007826	0.003110 0.008147	0.001007 0.005035	0.000489 0.002443	0.001818 0.006665	0.000825 0.002128	
3 100 10 2.230000	0.001022 0.000520	0.999999 0.000001	0.053592 0.006990	0.002934 0.005647	0.000321 0.001603	0.001013 0.003190	0.000492 0.001750	0.002027 0.005723	0.001071 0.003887	0.001029 0.002869	0.001197 0.003332	
3 100 10 2.240000	0.000878 0.000477	0.999999 0.000001	0.053795 0.009722	0.003036 0.007685	0.000537 0.002684	0.003169 0.006073	0.001111 0.006296	0.001744 0.006604	0.002668 0.005369	0.001288 0.004497	0.000000 0.000000	
3 100 10 2.250000	0.001125 0.000422	0.999999 0.000001	0.054874 0.009394	0.002689 0.004915	0.001469 0.005462	0.000444 0.002221	0.001232 0.002574	0.000746 0.002289	0.000011 0.000221	0.000000 0.000000	0.000806 0.004032	
3 100 10 2.260000	0.001011 0.000404	0.999999 0.000001	0.053025 0.006561	0.004677 0.009416	0.000000 0.000000	0.002505 0.004814	0.001338 0.004629	0.001566 0.003015	0.002398 0.005979	0.000074 0.000369	0.000977 0.003036	
3 100 10 2.270000	0.001029 0.000754	0.999999 0.000001	0.054708 0.008677	0.003010 0.007300	0.000772 0.002434	0.002506 0.009629	0.001100 0.005501	0.000734 0.002522	0.001414 0.009718	0.000030 0.000148	0.000237 0.003112	
3 100 10 2.280000	0.001125 0.000631	0.999999 0.000001	0.055243 0.006296	0.007065 0.009036	0.004860 0.005061	0.003036 0.007777	0.000926 0.004628	0.001629 0.004739	0.000148 0.000740	-0.000000 0.000001	0.001184 0.002369	
3 100 10 2.290000	0.001129 0.000768	0.999999 0.000002	0.053433 0.007778	0.005546 0.004222	0.000690 0.004398	0.000596 0.002750	0.000676 0.003379	0.001879 0.005487	0.000927 0.002550	0.000589 0.002356	0.001536 0.003239	
3 100 10 2.300000	0.001307 0.001145	0.999998 0.000003	0.054467 0.009257	0.004011 0.008641	-0.000208 0.001040	0.000167 0.001829	0.001358 0.005307	-0.000248 0.001238	0.002320 0.006293	0.001446 0.003036	0.000252 0.001258	
