3 100 4 0.500000	0.999626 0.000839	0.000724 0.001725	0.000079 0.000395	0.000635 0.001284	0.000290 0.000840	0.000122 0.000611	0.000000 0.000000	0.000201 0.000611	0.000122 0.000611	0.000335 0.001284	0.000033 0.000166	
3 100 4 0.510000	0.998576 0.004627	0.002829 0.009304	0.000494 0.002146	0.000094 0.000343	0.000000 0.000000	0.000000 0.000000	0.000231 0.000813	0.000026 0.000128	0.000074 0.000368	0.000320 0.001257	0.000065 0.000195	
3 100 4 0.520000	0.999933 0.000051	0.000102 0.000179	0.000031 0.000153	0.000066 0.000179	0.000000 0.000000	0.000066 0.000179	0.000066 0.000179	0.000066 0.000179	0.000036 0.000179	0.000036 0.000179	0.000066 0.000179	
3 100 4 0.530000	0.999027 0.004466	0.001942 0.008912	0.000563 0.002701	0.000468 0.001763	0.000345 0.001615	0.000067 0.000114	0.000116 0.000352	0.000045 0.000113	0.000041 0.000204	0.000023 0.000113	0.000000 0.000000	
3 100 4 0.540000	0.999738 0.000874	0.000525 0.001747	0.000050 0.000127	0.000125 0.000337	0.000203 0.000761	0.000177 0.000761	0.000245 0.000761	0.000366 0.001205	0.000229 0.000983	0.000118 0.000337	0.000333 0.001205	
3 100 4 0.550000	0.999268 0.001875	0.001464 0.003745	0.000199 0.000622	0.000247 0.001233	0.000080 0.000400	0.000080 0.000400	0.000000 0.000000	0.000000 0.000000	0.000000 0.000000	0.000158 0.000788	0.000074 0.000372	
3 100 4 0.560000	0.998422 0.004794	0.003150 0.009564	0.001210 0.004438	0.000751 0.003549	0.000095 0.000266	0.000321 0.000963	0.000800 0.001919	0.001000 0.003993	0.000782 0.002660	0.000145 0.000518	0.001210 0.004438	
3 100 4 0.570000	0.998627 0.004904	0.002740 0.009782	0.000798 0.003151	0.000350 0.001494	0.000377 0.000839	0.000130 0.000394	0.000377 0.000626	0.000219 0.000839	0.000306 0.001271	0.000084 0.000258	0.000168 0.000839	
3 100 4 0.580000	0.999493 0.001418	0.001013 0.002834	0.000366 0.001018	0.000039 0.000194	0.000147 0.000461	0.000107 0.000275	0.000107 0.000275	0.000052 0.000258	0.000288 0.000981	0.000189 0.000388	0.000266 0.000685	
3 100 4 0.590000	0.999362 0.000834	0.001275 0.001668	0.000336 0.001458	0.000131 0.000308	0.000336 0.001680	0.000203 0.000791	0.000198 0.000643	0.000045 0.000224	0.000323 0.001309	0.000074 0.000372	0.000457 0.001754	
3 100 4 0.600000	0.998788 0.001571	0.002421 0.003137	0.000551 0.002025	0.000471 0.001728	0.000565 0.001358	0.000891 0.002321	0.000287 0.001028	0.000410 0.000954	0.000921 0.002432	0.000000 0.000000	0.000986 0.001803	
