3 100 2 2.100000	0.657074 0.001388	0.568254 0.001823	0.112141 0.007796	0.026216 0.002025	0.004577 0.008908	0.001762 0.003456	0.001973 0.007901	0.000926 0.004628	0.001204 0.005936	0.001660 0.006581	0.001403 0.004512	
3 100 2 2.110000	0.645270 0.001081	0.583627 0.001395	0.115912 0.008358	0.026299 0.007439	0.010589 0.007370	0.002731 0.006450	0.001858 0.005698	0.003226 0.009404	0.000411 0.001509	0.001880 0.009398	0.002484 0.006349	
3 100 2 2.120000	0.632481 0.002049	0.599968 0.002593	0.124708 0.003612	0.030585 0.009536	0.009700 0.007803	0.006127 0.004678	0.001596 0.007007	0.006278 0.009973	0.005660 0.009309	0.001291 0.003670	0.003217 0.009522	
3 100 2 2.130000	0.618751 0.001784	0.617146 0.002209	0.128812 0.007473	0.031664 0.009064	0.014465 0.009723	0.003814 0.009230	0.002996 0.008696	0.002761 0.007033	0.001675 0.004441	0.000495 0.002476	0.001368 0.004309	
3 100 2 2.140000	0.604253 0.002037	0.634877 0.002462	0.139008 0.008377	0.040062 0.008994	0.014430 0.008085	0.003566 0.005268	0.000809 0.004044	0.002447 0.007562	0.001507 0.005893	0.001668 0.005751	0.002497 0.006758	
3 100 2 2.150000	0.588456 0.001811	0.653719 0.002131	0.144608 0.007988	0.041823 0.007519	0.015882 0.009658	0.007978 0.003761	0.003566 0.006323	0.000800 0.002161	0.002358 0.008987	0.000146 0.000729	0.000337 0.001684	
3 100 2 2.160000	0.571501 0.001653	0.673386 0.001889	0.152426 0.005505	0.046573 0.009566	0.016989 0.008799	0.003139 0.006551	0.002560 0.005304	0.001684 0.003722	0.001562 0.004187	0.000000 0.000000	0.001718 0.006227	
3 100 2 2.170000	0.553820 0.001935	0.693283 0.002143	0.158888 0.005624	0.047209 0.009251	0.016981 0.009833	0.008078 0.009584	0.002991 0.007918	0.001836 0.004735	0.000739 0.002292	0.002025 0.004339	0.000893 0.002328	
3 100 2 2.180000	0.533155 0.001036	0.715745 0.001104	0.170469 0.005318	0.053426 0.007583	0.019407 0.006325	0.009581 0.005599	0.002785 0.009512	0.002298 0.004492	0.001728 0.008008	0.001404 0.002977	0.001863 0.004542	
3 100 2 2.190000	0.511051 0.002430	0.738826 0.002484	0.177747 0.004977	0.059758 0.005651	0.025337 0.007047	0.009228 0.004152	0.003854 0.004168	0.005513 0.009616	0.000916 0.002471	0.000123 0.000614	0.001472 0.004468	
3 100 2 2.200000	0.486583 0.003850	0.763235 0.003740	0.191561 0.006562	0.062890 0.008882	0.024380 0.008457	0.017394 0.007695	0.006008 0.006270	0.005827 0.006897	0.001064 0.005318	0.002082 0.003636	0.002052 0.005588	
