3 100 4 1.200000	0.960225 0.004293	0.077965 0.008242	0.005009 0.007415	0.002528 0.007501	0.002248 0.003680	0.001515 0.007576	0.001612 0.003318	0.001991 0.006350	0.002147 0.006037	0.000401 0.002004	0.000443 0.001671	
3 100 4 1.210000	0.959713 0.002126	0.078951 0.004078	0.005696 0.009767	0.000910 0.004549	0.000000 0.000000	0.000000 0.000000	0.000990 0.004010	0.002121 0.005909	0.000713 0.002903	0.001708 0.005422	0.001261 0.005135	
3 100 4 1.220000	0.956824 0.004302	0.084485 0.008226	0.003907 0.007455	0.000926 0.002411	0.002630 0.006107	0.001285 0.003896	0.002095 0.007714	0.000538 0.002692	0.001497 0.004922	0.002195 0.008522	0.002193 0.004181	
3 100 4 1.230000	0.955777 0.001025	0.086491 0.001960	0.003718 0.009206	0.000641 0.002254	0.001778 0.005646	0.001247 0.006235	0.000723 0.003615	0.000219 0.001096	0.000503 0.002516	0.000288 0.001440	0.000376 0.001878	
3 100 4 1.240000	0.951949 0.003599	0.093791 0.006850	0.007469 0.004615	0.003069 0.006226	0.001108 0.003854	0.001064 0.003659	0.001594 0.005450	0.000606 0.003032	0.001566 0.007829	0.001158 0.005789	0.000494 0.002468	
3 100 4 1.250000	0.949949 0.004849	0.097593 0.009202	0.002481 0.005096	0.002411 0.006183	0.001722 0.007927	0.001803 0.004499	0.000548 0.002741	0.000000 0.000000	0.000000 0.000000	0.000586 0.002931	0.000350 0.001751	
3 100 4 1.260000	0.947360 0.003487	0.102507 0.006602	0.008387 0.005540	0.002113 0.005272	0.001074 0.004119	0.003887 0.009876	0.000757 0.003786	0.001281 0.006406	0.000000 0.000000	0.000000 0.000000	0.001956 0.007652	
3 100 4 1.270000	0.944961 0.003119	0.107047 0.005891	0.006017 0.009795	0.000183 0.000639	0.001616 0.004878	0.002026 0.004129	0.000000 0.000000	0.000988 0.002477	0.001130 0.005797	0.000725 0.003625	0.000869 0.002214	
3 100 4 1.280000	0.943343 0.000437	0.110105 0.000824	0.008115 0.009298	0.000510 0.001943	0.001312 0.003788	0.001929 0.003654	0.001057 0.004104	0.000596 0.001519	0.000561 0.002807	0.000558 0.002789	0.000741 0.003706	
3 100 4 1.290000	0.939161 0.004408	0.117974 0.008270	0.008318 0.009727	0.002026 0.004804	0.000000 0.000000	0.002447 0.005057	0.001060 0.003362	0.001677 0.004087	0.000931 0.003178	0.001289 0.003703	0.000757 0.003786	
3 100 4 1.300000	0.936015 0.004220	0.123874 0.007891	0.010355 0.007627	0.001507 0.006013	0.000714 0.002793	0.001000 0.005002	0.000000 0.000000	0.000802 0.004011	0.000000 0.000000	0.000000 0.000000	0.003493 0.006324	
