3 64 10 0.000000	0.998731 0.003771	0.002522 0.007586	0.000000 0.000000	0.000245 0.001224	0.000083 0.000415	0.000000 0.000000	0.000000 0.000000	0.000000 0.000000	0.000000 0.000000	0.000428 0.002139	0.000000 0.000000	
3 64 10 0.010000	0.998809 0.004378	0.002367 0.008793	0.000291 0.001454	0.000000 0.000000	0.000000 0.000000	0.000000 0.000000	0.000000 0.000000	0.000000 0.000000	0.000307 0.001533	0.000473 0.002366	0.000000 0.000000	
3 64 10 0.020000	0.997812 0.004975	0.004351 0.009926	0.001159 0.004414	0.001588 0.006549	0.000000 0.000000	0.000266 0.001328	0.000000 0.000000	0.000000 0.000000	0.000000 0.000000	0.000925 0.004623	0.001383 0.005274	
3 64 10 0.030000	0.997939 0.004955	0.004109 0.009911	0.001612 0.005995	0.001800 0.006577	0.002015 0.007636	0.001748 0.006771	0.001741 0.006401	0.000395 0.001973	0.001740 0.006648	0.000333 0.001665	0.000497 0.002486	
3 64 10 0.040000	0.999147 0.003462	0.001698 0.006917	0.000175 0.000874	0.000000 0.000000	0.000362 0.001654	0.000432 0.002161	0.000237 0.001186	0.000179 0.000894	0.001383 0.006917	0.000302 0.001512	0.000000 0.000000	
3 64 10 0.050000	0.999026 0.004872	0.001944 0.009719	0.001087 0.005434	0.000000 0.000000	0.001066 0.005328	0.001076 0.005381	0.001129 0.005645	0.001383 0.006917	0.001120 0.005602	0.000000 0.000000	0.001624 0.008120	
3 64 10 0.060000	0.999081 0.004593	0.001833 0.009165	0.001833 0.009165	0.000988 0.004941	0.001833 0.009165	0.001179 0.005893	0.001833 0.009165	0.001833 0.009165	0.001833 0.009165	0.001833 0.009165	0.001118 0.005588	
3 64 10 0.070000	0.999142 0.004288	0.001711 0.008557	0.001025 0.005123	0.000600 0.003002	0.000000 0.000000	0.001259 0.006293	0.001555 0.007773	0.000989 0.004946	0.001246 0.006230	0.000802 0.004011	0.001056 0.005282	
3 64 10 0.080000	0.999094 0.002150	0.001793 0.004295	0.000859 0.004295	0.000893 0.004295	0.001022 0.004295	0.000000 0.000000	0.000859 0.004295	0.000000 0.000000	0.001046 0.004295	0.000859 0.004295	0.000859 0.004295	
3 64 10 0.090000	0.998898 0.004992	0.002196 0.009959	0.000000 0.000000	0.000409 0.002044	0.000000 0.000000	0.000000 0.000000	0.000000 0.000000	0.000000 0.000000	0.000000 0.000000	0.000000 0.000000	0.000210 0.001050	
3 64 10 0.100000	0.998612 0.004183	0.002756 0.008354	0.000000 0.000000	0.000000 0.000000	0.000000 0.000000	0.000000 0.000000	0.000088 0.000442	0.000000 0.000000	0.000000 0.000000	0.000000 0.000000	0.000000 0.000000	
3 64 10 0.110000	0.998642 0.004379	0.002712 0.008737	0.000371 0.001660	0.000077 0.000383	0.000000 0.000000	0.000138 0.000423	0.000462 0.002052	0.000071 0.000355	0.000082 0.000409	0.000000 0.000000	0.000000 0.000000	
3 64 10 0.120000	0.998794 0.003674	0.002392 0.007416	0.000504 0.002522	0.000218 0.000953	0.000543 0.002575	0.000444 0.002098	0.000727 0.003232	0.000426 0.001992	0.000457 0.002283	0.000125 0.000520	0.000622 0.002971	
3 64 10 0.130000	0.999237 0.003810	0.001521 0.007606	0.000000 0.000000	0.000000 0.000000	0.000000 0.000000	0.000000 0.000000	0.000000 0.000000	0.000091 0.000454	0.000000 0.000000	0.000000 0.000000	0.000339 0.001693	
3 64 10 0.140000	0.997527 0.004081	0.004938 0.008137	0.000051 0.000254	0.000073 0.000365	0.000103 0.000513	0.000000 0.000000	0.000263 0.001316	0.000000 0.000000	0.000080 0.000402	0.000205 0.001024	0.000073 0.000365	
3 64 10 0.150000	0.998769 0.004532	0.002435 0.009073	0.000177 0.000885	0.000132 0.000662	0.000000 0.000000	0.000165 0.000826	0.000739 0.003694	0.000000 0.000000	0.000000 0.000000	0.000172 0.000860	0.000162 0.000811	
3 64 10 0.160000	0.998704 0.004972	0.002586 0.009920	0.000000 0.000000	0.000073 0.000364	0.000000 0.000000	0.000105 0.000523	0.000000 0.000000	0.000049 0.000246	0.000000 0.000000	0.000000 0.000000	0.000058 0.000290	
3 64 10 0.170000	0.999089 0.004549	0.001815 0.009076	0.000183 0.000913	0.000108 0.000542	0.000000 0.000000	0.000000 0.000000	0.000000 0.000000	0.000000 0.000000	0.000179 0.000897	0.000000 0.000000	0.000000 0.000000	
3 64 10 0.180000	0.998213 0.004044	0.003569 0.008074	0.000249 0.001246	0.000069 0.000347	0.000212 0.001061	0.000165 0.000823	0.000000 0.000000	0.000239 0.001194	0.000195 0.000974	0.000000 0.000000	0.000000 0.000000	
3 64 10 0.190000	0.999165 0.003953	0.001652 0.007893	0.001143 0.005717	0.000073 0.000366	0.000000 0.000000	0.000000 0.000000	0.000073 0.000366	0.000000 0.000000	0.000057 0.000283	0.001391 0.006954	0.001550 0.007382	
3 64 10 0.200000	0.999032 0.004668	0.001931 0.009315	0.000040 0.000202	0.000062 0.000311	0.000000 0.000000	0.000000 0.000000	0.000513 0.002566	0.000000 0.000000	0.000000 0.000000	0.000000 0.000000	0.000475 0.002373	
3 64 10 0.210000	0.999148 0.002401	0.001699 0.004796	0.000201 0.001005	0.000432 0.002051	0.000021 0.000107	0.000332 0.001659	0.000523 0.002617	0.000000 0.000000	0.000000 0.000000	0.000184 0.000918	0.000475 0.002269	
3 64 10 0.220000	0.999281 0.003565	0.001424 0.007118	0.000280 0.001400	0.000692 0.003461	0.000298 0.001488	0.000090 0.000451	0.000000 0.000000	0.000345 0.001725	0.000345 0.001725	0.000428 0.002140	0.000256 0.001281	
3 64 10 0.230000	0.997684 0.003783	0.004625 0.007545	0.000000 0.000000	0.000000 0.000000	0.000000 0.000000	0.000937 0.004683	0.000000 0.000000	0.000000 0.000000	0.000000 0.000000	0.000759 0.002204	0.000367 0.001837	
3 64 10 0.240000	0.997262 0.004575	0.005465 0.009128	0.000038 0.000190	0.000436 0.002182	0.000000 0.000000	0.000540 0.002701	0.000000 0.000000	0.000915 0.004577	0.000319 0.001595	0.000942 0.004708	0.002030 0.007329	
3 64 10 0.250000	0.999002 0.004862	0.001990 0.009699	0.001178 0.005734	0.001176 0.005879	0.001258 0.006039	0.001197 0.005734	0.001203 0.006017	0.001128 0.005640	0.001190 0.005952	0.001156 0.005778	0.000000 0.000000	
3 64 10 0.260000	0.999053 0.002543	0.001887 0.005080	0.000000 0.000000	0.000152 0.000762	0.000351 0.001754	0.000000 0.000000	0.000000 0.000000	0.000104 0.000520	0.000000 0.000000	0.000000 0.000000	0.000000 0.000000	
3 64 10 0.270000	0.999257 0.002742	0.001481 0.005496	0.000065 0.000324	0.000000 0.000000	0.000000 0.000000	0.000507 0.002533	0.000000 0.000000	0.000000 0.000000	0.000000 0.000000	0.000729 0.003644	0.000000 0.000000	
3 64 10 0.280000	0.997778 0.004946	0.004436 0.009865	0.001721 0.008606	0.001747 0.008734	0.002067 0.009153	0.002105 0.008235	0.001699 0.008493	0.001708 0.008541	0.002276 0.009993	0.002101 0.008364	0.001633 0.008167	
3 64 10 0.290000	0.998676 0.004698	0.002632 0.009434	0.000227 0.001134	0.000079 0.000394	0.000924 0.004620	0.000000 0.000000	0.000108 0.000542	0.000128 0.000640	0.000000 0.000000	0.000491 0.002076	0.000000 0.000000	
3 64 10 0.300000	0.998714 0.004242	0.002566 0.008474	0.000667 0.003333	0.000616 0.003081	0.000805 0.003822	0.001920 0.008163	0.000885 0.004423	0.000598 0.002988	0.000781 0.003704	0.000820 0.003335	0.001110 0.005434	
3 64 10 0.310000	0.998346 0.004832	0.003302 0.009637	0.001392 0.006532	0.001055 0.005277	0.000993 0.004405	0.001122 0.005612	0.001271 0.005767	0.000967 0.004835	0.001020 0.005098	0.001051 0.005254	0.000057 0.000287	
3 64 10 0.320000	0.998181 0.002061	0.003634 0.004113	0.000000 0.000000	0.000103 0.000513	0.000000 0.000000	0.000000 0.000000	0.000000 0.000000	0.000000 0.000000	0.000000 0.000000	0.000215 0.001077	0.000211 0.001056	
3 64 10 0.330000	0.998361 0.002056	0.003275 0.004107	0.000328 0.001639	0.000000 0.000000	0.000000 0.000000	0.000375 0.001877	0.000000 0.000000	0.000000 0.000000	0.000194 0.000971	0.000000 0.000000	0.000410 0.002048	
3 64 10 0.340000	0.998561 0.004732	0.002859 0.009451	0.000952 0.004760	0.000903 0.004513	0.001005 0.005027	0.000915 0.004575	0.000927 0.004636	0.000000 0.000000	0.000000 0.000000	0.000377 0.001883	0.000730 0.003649	
3 64 10 0.350000	0.998667 0.004740	0.002660 0.009463	0.000449 0.002246	0.000119 0.000595	0.000943 0.004119	0.000562 0.002215	0.000000 0.000000	0.000119 0.000595	0.000119 0.000595	0.000521 0.002606	0.000443 0.002215	
3 64 10 0.360000	0.998987 0.001984	0.002024 0.003963	0.000097 0.000483	0.000000 0.000000	0.000000 0.000000	0.000000 0.000000	0.000000 0.000000	0.000066 0.000329	0.000000 0.000000	0.000039 0.000193	0.000000 0.000000	
3 64 10 0.370000	0.997823 0.004658	0.004345 0.009288	0.001272 0.006359	0.000000 0.000000	0.000000 0.000000	0.000578 0.002889	0.001319 0.006595	0.000000 0.000000	0.001723 0.006606	0.000000 0.000000	0.000000 0.000000	
3 64 10 0.380000	0.998903 0.004742	0.002182 0.009462	0.000000 0.000000	0.000448 0.002240	0.000246 0.001230	0.000451 0.002257	0.000000 0.000000	0.000000 0.000000	0.000620 0.003098	0.000699 0.002560	0.000296 0.001482	
3 64 10 0.390000	0.998922 0.004785	0.002150 0.009547	0.000000 0.000000	0.000029 0.000147	0.000000 0.000000	0.000000 0.000000	0.000086 0.000260	0.000056 0.000278	0.000000 0.000000	0.000000 0.000000	0.000000 0.000000	
3 64 10 0.400000	0.999865 0.000525	0.000253 0.001061	0.000000 0.000000	0.000000 0.000000	0.000000 0.000000	0.000000 0.000000	0.000000 0.000000	0.000000 0.000000	0.000000 0.000000	0.000000 0.000000	0.000041 0.000205	
3 64 10 0.410000	0.997993 0.004084	0.004005 0.008173	0.000000 0.000000	0.000627 0.002184	0.000800 0.002507	0.000277 0.001385	0.000450 0.002250	0.000541 0.002706	0.001635 0.008173	0.002149 0.008173	0.000188 0.000938	
3 64 10 0.420000	0.999360 0.003174	0.001269 0.006345	0.000000 0.000000	0.000000 0.000000	0.000000 0.000000	0.000000 0.000000	0.000000 0.000000	0.000000 0.000000	0.000000 0.000000	0.000000 0.000000	0.000000 0.000000	
3 64 10 0.430000	0.999110 0.002408	0.001778 0.004810	0.000271 0.001354	0.000329 0.001371	0.000000 0.000000	0.000170 0.000848	0.000191 0.000954	0.000138 0.000689	0.000000 0.000000	0.000175 0.000875	0.000000 0.000000	
3 64 10 0.440000	0.996382 0.004921	0.007219 0.009806	0.001254 0.003817	0.001014 0.004438	0.000744 0.002993	0.000000 0.000000	0.000529 0.002646	0.000675 0.003375	0.000379 0.001896	0.000548 0.002110	0.000513 0.002565	
3 64 10 0.450000	0.998740 0.004930	0.002507 0.009879	0.000136 0.000678	0.000097 0.000486	0.000046 0.000232	0.000000 0.000000	0.000112 0.000559	0.000068 0.000341	0.000103 0.000515	0.000000 0.000000	0.000000 0.000000	
3 64 10 0.460000	0.996973 0.003681	0.006044 0.007339	0.001219 0.003466	0.000816 0.002054	0.000401 0.002004	0.000656 0.003281	0.000083 0.000417	0.000000 0.000000	0.000846 0.004230	0.000000 0.000000	0.000000 0.000000	
3 64 10 0.470000	0.998451 0.004364	0.003078 0.008784	0.001026 0.003803	0.000000 0.000000	0.000893 0.003136	0.001030 0.003562	0.000948 0.003229	0.000000 0.000000	0.000136 0.000679	0.000735 0.003673	0.000000 0.000000	
3 64 10 0.480000	0.996472 0.004237	0.007041 0.008441	0.000721 0.003603	0.000000 0.000000	0.000938 0.004692	0.000000 0.000000	0.000000 0.000000	0.000000 0.000000	0.000000 0.000000	0.000000 0.000000	0.000000 0.000000	
3 64 10 0.490000	0.998158 0.004235	0.003679 0.008452	0.000802 0.004010	0.000763 0.003817	0.000000 0.000000	0.000451 0.002255	0.000000 0.000000	0.000860 0.004300	0.000351 0.001755	0.000000 0.000000	0.000454 0.002271	
3 64 10 0.500000	0.997660 0.004567	0.004672 0.009110	0.000950 0.002070	0.001030 0.003541	0.000685 0.001881	0.000000 0.000000	0.000000 0.000000	0.000915 0.004152	0.000000 0.000000	0.000000 0.000000	0.000216 0.001078	
3 64 10 0.510000	0.998559 0.004247	0.002877 0.008475	0.000429 0.002145	0.000308 0.001539	0.000000 0.000000	0.000300 0.001106	0.000000 0.000000	0.000431 0.002156	0.000000 0.000000	0.000459 0.001608	0.000000 0.000000	
3 64 10 0.520000	0.998914 0.004579	0.002168 0.009137	0.000000 0.000000	0.000623 0.002823	0.000000 0.000000	0.000000 0.000000	0.000024 0.000121	0.000543 0.002578	0.000000 0.000000	0.001023 0.004949	0.000000 0.000000	
3 64 10 0.530000	0.998866 0.004260	0.002264 0.008501	0.000104 0.000518	0.000000 0.000000	0.000000 0.000000	0.000000 0.000000	0.000000 0.000000	0.000348 0.001740	0.000183 0.000913	0.000000 0.000000	0.000000 0.000000	
3 64 10 0.540000	0.998711 0.003192	0.002575 0.006372	0.000000 0.000000	0.000000 0.000000	0.000000 0.000000	0.000113 0.000563	0.000000 0.000000	0.000000 0.000000	0.000327 0.001636	0.000000 0.000000	0.000000 0.000000	
3 64 10 0.550000	0.997968 0.004912	0.004056 0.009797	0.000268 0.001211	0.000750 0.003213	0.000342 0.001709	0.000059 0.000295	0.000288 0.001442	0.000674 0.001631	0.000000 0.000000	0.000126 0.000632	0.000851 0.004255	
3 64 10 0.560000	0.997189 0.004837	0.005612 0.009643	0.000869 0.002804	0.000216 0.001081	0.000304 0.001202	0.001176 0.004315	0.000665 0.003325	0.000175 0.000876	0.000565 0.002826	0.000644 0.003219	0.000914 0.004572	
3 64 10 0.570000	0.997478 0.004780	0.005035 0.009528	0.001266 0.004301	0.000305 0.001523	0.000000 0.000000	0.000000 0.000000	0.000191 0.000957	0.000474 0.001979	0.000376 0.001879	0.000370 0.001851	0.000215 0.001073	
3 64 10 0.580000	0.997036 0.004859	0.005915 0.009691	0.000308 0.001539	0.001449 0.002466	0.000000 0.000000	0.000000 0.000000	0.000632 0.003158	0.000706 0.003531	0.001283 0.004174	0.000000 0.000000	0.000000 0.000000	
3 64 10 0.590000	0.997739 0.004812	0.004515 0.009594	0.000820 0.003891	0.000639 0.001769	0.000468 0.002338	0.000262 0.001311	0.000427 0.001924	0.000000 0.000000	0.000389 0.001415	0.000086 0.000432	0.000000 0.000000	
3 64 10 0.600000	0.997364 0.004877	0.005261 0.009722	0.000475 0.002377	0.000219 0.001093	0.000000 0.000000	0.000269 0.001347	0.000000 0.000000	0.000227 0.001136	0.000170 0.000850	0.000000 0.000000	0.000000 0.000000	
3 64 10 0.610000	0.997655 0.004777	0.004682 0.009525	0.000300 0.001498	0.000119 0.000595	0.000000 0.000000	0.000524 0.002620	0.000000 0.000000	0.000000 0.000000	0.000000 0.000000	0.000459 0.002296	0.000000 0.000000	
3 64 10 0.620000	0.998204 0.004826	0.003586 0.009623	0.000127 0.000633	0.000529 0.001588	0.000103 0.000513	0.000700 0.003499	0.000000 0.000000	0.000239 0.001193	0.000786 0.003929	0.000370 0.001850	0.000286 0.001432	
3 64 10 0.630000	0.997257 0.003491	0.005476 0.006963	0.000599 0.002993	0.000369 0.001845	0.000490 0.002450	0.000000 0.000000	0.000865 0.001956	0.000896 0.002524	0.000000 0.000000	0.000000 0.000000	0.000049 0.000246	
3 64 10 0.640000	0.997998 0.004777	0.003996 0.009523	0.000457 0.001801	0.000412 0.001157	0.000508 0.002541	0.000000 0.000000	0.000366 0.001832	0.000000 0.000000	0.000315 0.001314	0.000187 0.000577	0.000058 0.000289	
3 64 10 0.650000	0.996003 0.004343	0.007975 0.008648	0.000157 0.000784	0.000448 0.001871	0.000548 0.001970	0.000000 0.000000	0.000307 0.001537	0.000574 0.001661	0.000477 0.002385	0.001516 0.003400	0.001296 0.003054	
3 64 10 0.660000	0.993944 0.004603	0.012073 0.009152	0.001562 0.003768	0.002364 0.006268	0.001049 0.002853	0.001836 0.003200	0.000922 0.004612	0.000237 0.001185	0.001253 0.003266	0.001986 0.004665	0.001562 0.003314	
3 64 10 0.670000	0.997250 0.004613	0.005490 0.009192	0.000515 0.001650	0.000744 0.001988	0.000247 0.001234	0.000673 0.002728	0.000474 0.002369	0.000156 0.000780	0.000698 0.003491	0.000415 0.002075	0.000281 0.000929	
3 64 10 0.680000	0.995933 0.004709	0.008115 0.009378	0.000733 0.002428	0.001150 0.001996	0.000000 0.000000	0.001164 0.002994	0.000263 0.001315	0.000842 0.002624	0.000691 0.002651	0.000810 0.002624	0.000870 0.002291	
3 64 10 0.690000	0.996696 0.004673	0.006594 0.009306	0.000449 0.001369	0.001194 0.003837	0.000183 0.000916	0.000471 0.002356	0.000513 0.002567	0.001098 0.002737	0.000554 0.001623	0.000000 0.000000	0.000114 0.000570	
3 64 10 0.700000	0.996833 0.004800	0.006320 0.009557	0.000887 0.002669	0.000000 0.000000	0.000177 0.000570	0.000337 0.001208	0.000462 0.002309	0.000147 0.000734	0.000227 0.001136	0.000205 0.001024	0.000000 0.000000	
3 64 10 0.710000	0.995061 0.004248	0.009852 0.008452	0.000501 0.002507	0.001718 0.001552	0.000987 0.004245	0.001111 0.002821	0.000000 0.000000	0.000583 0.001638	0.000426 0.002128	0.000292 0.001459	0.000000 0.000000	
3 64 10 0.720000	0.995503 0.004727	0.008970 0.009408	0.000331 0.001653	0.000204 0.001022	0.001189 0.002293	0.000337 0.001683	0.000320 0.001602	0.000441 0.002203	0.001093 0.002683	0.000000 0.000000	0.000729 0.003644	
3 64 10 0.730000	0.995031 0.004594	0.009909 0.009140	0.002042 0.004067	0.002026 0.003993	0.001094 0.003889	0.001530 0.004943	0.001088 0.004497	0.000978 0.003509	0.001629 0.004136	0.000925 0.002882	0.000723 0.001895	
3 64 10 0.740000	0.994569 0.003943	0.010830 0.007841	0.000834 0.003213	0.001217 0.004546	0.001211 0.002974	0.001029 0.002620	0.000345 0.001725	0.000484 0.002419	0.000950 0.003160	0.000000 0.000000	0.000346 0.001308	
3 64 10 0.750000	0.995456 0.004509	0.009064 0.008966	0.000088 0.000442	0.000099 0.000497	0.000187 0.000935	0.000367 0.001030	0.000390 0.001949	0.000879 0.001617	0.000946 0.004037	0.000000 0.000000	0.000000 0.000000	
3 64 10 0.760000	0.994632 0.004312	0.010704 0.008571	0.001537 0.003520	0.000871 0.002657	0.001117 0.003693	0.000232 0.001158	0.000729 0.002123	0.000346 0.000964	0.001038 0.002573	0.000817 0.002271	0.000375 0.001873	
3 64 10 0.770000	0.994437 0.004170	0.011093 0.008286	0.000403 0.001121	0.000201 0.000795	0.000270 0.001351	0.000136 0.000682	0.000426 0.002129	0.000000 0.000000	0.000610 0.001878	0.000000 0.000000	0.000278 0.001390	
3 64 10 0.780000	0.993231 0.004557	0.013489 0.009045	0.000086 0.000432	0.000853 0.002733	0.000304 0.001521	0.000552 0.001579	0.001012 0.003721	0.000935 0.002951	0.000554 0.002770	0.001487 0.003136	0.000962 0.002755	
3 64 10 0.790000	0.993594 0.004167	0.012767 0.008270	0.000496 0.001785	0.001039 0.003941	0.000975 0.003458	0.000000 0.000000	0.000000 0.000000	0.000000 0.000000	0.000877 0.004384	0.000188 0.000939	0.000349 0.001746	
3 64 10 0.800000	0.991689 0.004912	0.016550 0.009740	0.000370 0.001168	0.001554 0.004685	0.001301 0.003204	0.001428 0.004427	0.000738 0.002590	0.000328 0.001642	0.000260 0.001298	0.000422 0.000745	0.000764 0.002110	
3 64 10 0.810000	0.991093 0.005035	0.017729 0.009976	0.002047 0.003429	0.000778 0.002815	0.002100 0.004640	0.000704 0.002126	0.001166 0.003424	0.000763 0.001555	0.000000 0.000000	0.000584 0.002921	0.001246 0.006230	
3 64 10 0.820000	0.991400 0.005017	0.017121 0.009934	0.001093 0.003373	0.001113 0.002253	0.000239 0.000796	0.000053 0.000266	0.001807 0.004618	0.000327 0.000979	0.000291 0.001456	0.000966 0.003071	0.001019 0.005095	
3 64 10 0.830000	0.990434 0.004702	0.019038 0.009304	0.001645 0.004621	0.000968 0.002302	0.000066 0.000329	0.000180 0.000901	0.000036 0.000178	0.000357 0.001426	0.000314 0.001570	0.000396 0.001373	0.000843 0.002527	
3 64 10 0.840000	0.989280 0.004657	0.021322 0.009208	0.001918 0.004045	0.001876 0.002989	0.000645 0.002873	0.001381 0.003015	0.000615 0.001082	0.000121 0.000606	0.000627 0.001477	0.000625 0.001713	0.000309 0.000857	
3 64 10 0.850000	0.988633 0.005050	0.022602 0.009974	0.002353 0.007093	0.001269 0.003177	0.000435 0.001312	0.000387 0.001823	0.000910 0.003274	0.001370 0.004094	0.000428 0.001330	0.001473 0.003118	0.000514 0.002089	
3 64 10 0.860000	0.987434 0.004807	0.024971 0.009484	0.001842 0.004256	0.000462 0.002312	0.001078 0.002664	0.000600 0.001705	0.001160 0.002444	0.000535 0.002168	0.000839 0.001547	0.000020 0.000101	0.000666 0.001711	
3 64 10 0.870000	0.984757 0.004218	0.030252 0.008310	0.000496 0.002481	0.001638 0.005846	0.001582 0.002659	0.000795 0.002115	0.000879 0.002430	0.000966 0.002891	0.001629 0.003710	0.000842 0.002737	0.001156 0.002533	
3 64 10 0.880000	0.985885 0.005004	0.028026 0.009853	0.001322 0.002058	0.000279 0.001107	0.000858 0.002716	0.000181 0.000904	0.000388 0.001942	0.000857 0.003051	0.000491 0.001489	0.000000 0.000000	0.000814 0.004070	
3 64 10 0.890000	0.984159 0.004806	0.031428 0.009450	0.002581 0.004502	0.000994 0.004972	0.001040 0.002522	0.002112 0.004669	0.001587 0.006478	0.000511 0.001823	0.000535 0.002675	0.002022 0.005546	0.000363 0.001814	
3 64 10 0.900000	0.979655 0.004858	0.040272 0.009519	0.003320 0.001982	0.001895 0.004029	0.003006 0.005647	0.003370 0.008685	0.002347 0.004785	0.001864 0.006119	0.001549 0.003141	0.001011 0.002135	0.002207 0.004572	
3 64 10 0.910000	0.981201 0.005055	0.037242 0.009912	0.001913 0.004367	0.000000 0.000000	0.001413 0.004335	0.001158 0.005789	0.001397 0.003952	0.000499 0.001340	0.001247 0.003383	0.000523 0.001515	0.000112 0.000562	
3 64 10 0.920000	0.979822 0.005099	0.039945 0.009981	0.001666 0.003253	0.002046 0.005765	0.001442 0.004439	0.000348 0.001738	0.001148 0.004198	0.001859 0.005366	0.000378 0.001891	0.001292 0.003701	0.000965 0.002126	
3 64 10 0.930000	0.977943 0.004712	0.043625 0.009214	0.002258 0.005035	0.000841 0.004203	0.000491 0.001421	0.001950 0.004708	0.002229 0.003363	0.001009 0.002598	0.001661 0.004193	0.001371 0.002620	0.001025 0.002491	
3 64 10 0.940000	0.976684 0.004990	0.046085 0.009734	0.002311 0.007358	0.001719 0.002765	0.000267 0.001333	0.001505 0.002868	0.000233 0.001165	0.000260 0.001300	0.001169 0.003261	0.000631 0.002524	0.000000 0.000000	
3 64 10 0.950000	0.970379 0.005039	0.058360 0.009775	0.005869 0.004259	0.002756 0.005204	0.002348 0.003617	0.001311 0.003731	0.002168 0.005121	0.002538 0.006227	0.003181 0.007805	0.000763 0.003132	0.003439 0.006980	
3 64 10 0.960000	0.970581 0.004937	0.057970 0.009582	0.003206 0.005382	0.001257 0.003156	0.002827 0.004300	0.000142 0.000711	0.001682 0.004175	0.003076 0.004403	0.001929 0.003219	0.000232 0.001162	0.000000 0.000000	
3 64 10 0.970000	0.969272 0.004857	0.060508 0.009413	0.004430 0.008571	0.002120 0.003541	0.001765 0.005069	0.001654 0.003410	0.001867 0.003839	0.001751 0.004132	0.000000 0.000000	0.000883 0.003158	0.001146 0.003976	
3 64 10 0.980000	0.967956 0.004981	0.063057 0.009631	0.003142 0.006573	0.000605 0.001665	0.001318 0.005129	0.001258 0.004520	0.001191 0.004072	0.001421 0.002550	0.002267 0.004338	0.000480 0.001684	0.000109 0.000543	
3 64 10 0.990000	0.964831 0.005154	0.069098 0.009936	0.003098 0.009831	0.002080 0.005167	0.000758 0.002795	0.001725 0.005691	0.001820 0.003272	0.000810 0.002340	0.000676 0.001997	0.000000 0.000000	0.001277 0.003368	
3 64 10 1.000000	0.961469 0.005147	0.075575 0.009892	0.005621 0.007536	0.002583 0.004174	0.000203 0.001015	0.001592 0.003990	0.001119 0.002032	0.001832 0.002880	0.001264 0.003601	0.000550 0.002752	0.001051 0.004066	
3 64 10 1.010000	0.959450 0.005049	0.079453 0.009681	0.004940 0.005262	0.003805 0.008074	0.001324 0.004465	0.000680 0.003401	0.000789 0.002688	0.001336 0.003590	0.000372 0.001861	0.001009 0.001946	0.000937 0.003240	
3 64 10 1.020000	0.955881 0.005200	0.086289 0.009942	0.005200 0.008821	0.001925 0.003422	0.000619 0.001081	0.000691 0.002543	0.001276 0.004161	0.002261 0.003426	0.002145 0.003460	0.000633 0.001925	0.002108 0.004578	
3 64 10 1.030000	0.951592 0.005178	0.094470 0.009856	0.006613 0.004524	0.001873 0.004766	0.001400 0.004677	0.000701 0.002658	0.002117 0.005104	0.001283 0.005780	0.001408 0.004430	0.001248 0.004088	0.001131 0.001639	
3 64 10 1.040000	0.948649 0.005169	0.100061 0.009796	0.007468 0.003470	0.000588 0.002431	0.001909 0.003462	0.001564 0.002903	0.000000 0.000000	0.001864 0.005645	0.001044 0.003515	0.001593 0.004281	0.001001 0.005004	
3 64 10 1.050000	0.943317 0.005213	0.110149 0.009836	0.008833 0.002063	0.002993 0.003417	0.001043 0.002479	0.001736 0.003678	0.001769 0.004163	0.002599 0.004347	0.002920 0.004146	0.001156 0.002203	0.001329 0.002203	
3 64 10 1.060000	0.938633 0.005183	0.118965 0.009736	0.009251 0.006184	0.002332 0.004189	0.002464 0.003678	0.002420 0.001461	0.002299 0.003612	0.001884 0.004365	0.001179 0.004834	0.001064 0.002922	0.001251 0.001981	
3 64 10 1.070000	0.934988 0.005187	0.125796 0.009695	0.008877 0.004075	0.002607 0.004601	0.001559 0.004423	0.001484 0.002880	0.001816 0.004245	0.002100 0.003674	0.001073 0.002932	0.000211 0.001057	0.000729 0.002546	
3 64 10 1.080000	0.926696 0.005343	0.141230 0.009908	0.013366 0.005162	0.002517 0.005974	0.001977 0.004829	0.002916 0.004758	0.003229 0.004067	0.002898 0.006358	0.002839 0.004973	0.003110 0.002967	0.001995 0.007099	
