3 100 5 1.700000	0.001639 0.001004	0.999997 0.000003	0.156695 0.008699	0.027435 0.008488	0.005699 0.009697	0.001301 0.006506	0.002086 0.003629	0.001385 0.002914	0.000013 0.000488	0.000512 0.003265	0.001615 0.006469	
3 100 5 1.710000	0.001765 0.000720	0.999997 0.000003	0.158660 0.007933	0.027600 0.006199	0.004977 0.009048	0.002485 0.007034	0.001529 0.004580	0.000818 0.004088	0.001246 0.003455	0.001253 0.005337	0.002104 0.005938	
3 100 5 1.720000	0.001911 0.000859	0.999996 0.000003	0.154733 0.009958	0.025838 0.005218	0.004921 0.009669	0.002037 0.005115	0.001339 0.003748	0.001260 0.003163	0.002404 0.006063	0.000712 0.002421	0.000285 0.001425	
3 100 5 1.730000	0.001581 0.000894	0.999997 0.000003	0.155178 0.009306	0.027247 0.009516	0.003859 0.008957	-0.000195 0.000975	0.001649 0.004581	-0.000028 0.000140	0.001365 0.004442	0.003829 0.007442	0.002606 0.006324	
3 100 5 1.740000	0.001783 0.000400	0.999997 0.000001	0.155032 0.008854	0.024122 0.004270	0.004211 0.007083	0.002988 0.009963	0.001892 0.006272	0.000766 0.003830	0.000460 0.002298	0.001088 0.005439	0.000555 0.002675	
3 100 5 1.750000	0.001731 0.001182	0.999997 0.000004	0.153542 0.006478	0.024914 0.006549	0.003594 0.009391	0.003515 0.005878	0.001364 0.004044	0.001627 0.003830	0.003554 0.009024	0.001074 0.005369	0.000878 0.004389	
3 100 5 1.760000	0.001859 0.000751	0.999996 0.000003	0.148346 0.007372	0.026671 0.003957	0.003799 0.008580	0.001631 0.003564	0.001087 0.005436	0.001382 0.004830	0.000761 0.004021	0.000860 0.004301	0.002280 0.006900	
3 100 5 1.770000	0.001630 0.000295	0.999997 0.000001	0.150275 0.008209	0.026297 0.005772	0.005588 0.005621	0.000000 0.000000	0.000805 0.003095	0.000423 0.002114	0.000483 0.002414	0.001428 0.004017	0.000780 0.002756	
3 100 5 1.780000	0.001565 0.000523	0.999998 0.000002	0.150092 0.009915	0.024914 0.005560	0.003779 0.002340	0.001469 0.006048	0.000435 0.002176	0.002757 0.004596	0.000473 0.002367	0.000998 0.004193	0.000000 0.000000	
3 100 5 1.790000	0.001594 0.001082	0.999997 0.000004	0.149014 0.008999	0.019264 0.009916	0.002865 0.007832	0.001540 0.006542	0.000000 0.000000	0.001555 0.007776	0.001616 0.008082	0.000630 0.004198	0.000083 0.001361	
3 100 5 1.800000	0.001290 0.000511	0.999998 0.000001	0.146294 0.004167	0.019733 0.008979	0.003860 0.005984	0.001030 0.005150	0.001050 0.005248	0.001795 0.008104	0.000577 0.003055	0.002583 0.006063	0.000000 0.000000	
