3 100 5 0.200000	0.999216 0.001488	0.001565 0.002987	0.000000 0.000000	0.000037 0.000187	0.000000 0.000000	0.000037 0.000187	0.000000 0.000000	0.000037 0.000187	0.000037 0.000187	0.000000 0.000000	0.000000 0.000000	
3 100 5 0.210000	0.999250 0.003723	0.001486 0.007432	0.000786 0.003932	0.000920 0.004598	0.000820 0.004098	0.000686 0.003432	0.000000 0.000000	0.000625 0.003126	0.000000 0.000000	0.000000 0.000000	0.000653 0.003265	
3 100 5 0.220000	0.997963 0.004739	0.004066 0.009459	0.000932 0.003416	0.002135 0.005361	0.001099 0.004487	0.002111 0.005709	0.001222 0.003951	0.001876 0.005431	0.002222 0.006094	0.000201 0.001006	0.001488 0.004736	
3 100 5 0.230000	0.999124 0.003477	0.001747 0.006944	0.000230 0.001151	0.000000 0.000000	0.000000 0.000000	0.000072 0.000361	0.000072 0.000361	0.000091 0.000456	0.000275 0.001012	0.000175 0.000873	0.000258 0.001290	
3 100 5 0.240000	0.999826 0.000345	0.000339 0.000736	0.000125 0.000514	0.000167 0.000514	0.000125 0.000319	0.000023 0.000113	0.000023 0.000113	0.000103 0.000514	0.000190 0.000332	0.000106 0.000528	0.000066 0.000332	
3 100 5 0.250000	0.998396 0.004471	0.003182 0.008968	0.001001 0.004801	0.000947 0.004246	0.001168 0.005635	0.001808 0.004801	0.001016 0.005079	0.001224 0.005218	0.000041 0.000206	0.000571 0.002857	0.001502 0.003820	
3 100 5 0.260000	0.999861 0.000646	0.000258 0.001292	0.000000 0.000000	0.000000 0.000000	0.000000 0.000000	0.000000 0.000000	0.000000 0.000000	0.000000 0.000000	0.000000 0.000000	0.000000 0.000000	0.000175 0.000876	
3 100 5 0.270000	0.999440 0.002798	0.001118 0.005588	0.000299 0.001497	0.000000 0.000000	0.000000 0.000000	0.001118 0.005588	0.001118 0.005588	0.001118 0.005588	0.000000 0.000000	0.001118 0.005588	0.000923 0.004616	
3 100 5 0.280000	0.998516 0.004433	0.002945 0.008937	0.000798 0.003613	0.000060 0.000300	0.000673 0.001993	0.000000 0.000000	0.000613 0.002687	0.000075 0.000376	0.000106 0.000531	0.000135 0.000376	0.000950 0.003845	
3 100 5 0.290000	0.998164 0.004739	0.003658 0.009489	0.000000 0.000000	0.000544 0.002718	0.000000 0.000000	0.000671 0.003243	0.000421 0.001993	0.000524 0.002618	0.000565 0.002827	0.000000 0.000000	0.000000 0.000000	
3 100 5 0.300000	0.999545 0.002199	0.000879 0.004393	0.000000 0.000000	0.000000 0.000000	0.000000 0.000000	0.000000 0.000000	0.000000 0.000000	0.000000 0.000000	0.000000 0.000000	0.000000 0.000000	0.000000 0.000000	
