3 100 2 2.800000	0.002234 0.000796	0.999995 0.000004	0.212058 0.008934	0.052352 0.006290	0.013274 0.004439	0.004829 0.009569	0.002893 0.007108	0.001623 0.003883	0.001355 0.004021	0.000292 0.001460	0.001402 0.003730	
3 100 2 2.810000	0.002584 0.000801	0.999993 0.000004	0.210633 0.008666	0.052511 0.007866	0.014010 0.004024	0.003293 0.004937	0.001504 0.003397	0.001438 0.004688	0.001252 0.004517	0.001240 0.003235	0.002268 0.007908	
3 100 2 2.820000	0.002253 0.001246	0.999995 0.000005	0.205950 0.008118	0.049251 0.003812	0.013154 0.005601	0.003459 0.004592	0.000864 0.003596	0.001861 0.005270	0.001011 0.002865	0.001606 0.004936	0.000613 0.003065	
3 100 2 2.830000	0.002225 0.000588	0.999995 0.000003	0.210789 0.008539	0.051436 0.008442	0.012329 0.009415	0.003501 0.007439	0.003191 0.006700	0.001462 0.007311	0.000229 0.001146	0.002037 0.006191	0.001644 0.004446	
3 100 2 2.840000	0.002432 0.001010	0.999994 0.000005	0.203262 0.009089	0.050156 0.009723	0.016373 0.008904	0.004123 0.005031	0.003007 0.006519	0.001194 0.004313	0.001637 0.004692	0.000735 0.003676	0.001862 0.009311	
3 100 2 2.850000	0.002081 0.000860	0.999996 0.000004	0.205186 0.009977	0.050365 0.008474	0.012688 0.004291	0.005057 0.007064	0.000886 0.002560	0.000897 0.003098	0.002381 0.008019	0.001572 0.003431	0.001132 0.003354	
3 100 2 2.860000	0.002194 0.001373	0.999995 0.000006	0.201766 0.008646	0.049281 0.004233	0.013925 0.008860	0.003450 0.008196	0.001785 0.001215	0.002402 0.005014	0.000795 0.003515	0.000000 0.000000	0.001689 0.004963	
3 100 2 2.870000	0.002037 0.000378	0.999996 0.000002	0.205184 0.009989	0.050064 0.005650	0.015492 0.003624	0.003589 0.003754	0.004415 0.009551	0.002073 0.005108	0.003411 0.006807	0.000763 0.001643	0.001907 0.004817	
3 100 2 2.880000	0.002247 0.001151	0.999995 0.000006	0.196668 0.006758	0.043771 0.004818	0.013228 0.004272	0.006294 0.009614	0.000601 0.001779	0.000702 0.002846	0.002724 0.005252	0.004020 0.009178	0.001061 0.005306	
3 100 2 2.890000	0.002132 0.000714	0.999995 0.000003	0.199774 0.009620	0.045654 0.005632	0.012923 0.001651	0.004263 0.009639	0.002446 0.004900	0.000922 0.002660	0.001033 0.002798	0.001109 0.004698	0.001976 0.006995	
3 100 2 2.900000	0.002077 0.001186	0.999996 0.000005	0.201105 0.009138	0.045777 0.004435	0.011749 0.008456	0.003363 0.006892	0.001442 0.004717	0.001754 0.005288	0.001189 0.003384	0.002931 0.009014	0.003291 0.007225	
