3 100 3 1.900000	0.004269 0.000868	0.999982 0.000008	0.249544 0.008979	0.082786 0.009541	0.033274 0.007498	0.016282 0.008668	0.007191 0.007436	0.003844 0.004498	0.002727 0.005358	0.001971 0.009854	0.001289 0.002939	
3 100 3 1.910000	0.004017 0.000709	0.999984 0.000006	0.245431 0.009614	0.080205 0.004810	0.029856 0.009796	0.013286 0.007927	0.005950 0.005037	0.004148 0.007554	0.003025 0.005356	0.000839 0.002256	0.002171 0.006536	
3 100 3 1.920000	0.003965 0.001641	0.999984 0.000013	0.244187 0.009727	0.077104 0.005149	0.028398 0.004472	0.015947 0.004829	0.006696 0.008898	0.002674 0.006954	0.001372 0.002500	0.002980 0.007536	0.000000 0.000000	
3 100 3 1.930000	0.003748 0.000710	0.999986 0.000005	0.240163 0.006851	0.075263 0.009912	0.026678 0.008317	0.011020 0.002497	0.006423 0.007474	0.002111 0.005227	0.001365 0.004719	0.002339 0.006721	0.000099 0.000497	
3 100 3 1.940000	0.003570 0.000926	0.999987 0.000007	0.232401 0.009764	0.073287 0.008648	0.027774 0.003346	0.008124 0.008652	0.007163 0.005015	0.003121 0.009079	0.001020 0.003793	0.001494 0.006878	0.001741 0.004734	
3 100 3 1.950000	0.003290 0.000607	0.999989 0.000004	0.236256 0.009971	0.069828 0.008488	0.025485 0.004977	0.009235 0.004207	0.006285 0.006391	0.001215 0.003675	0.002056 0.005744	0.001331 0.004039	0.000513 0.002260	
3 100 3 1.960000	0.003019 0.001035	0.999991 0.000006	0.232742 0.006673	0.066425 0.006205	0.021263 0.007640	0.009328 0.009569	0.004466 0.005898	0.001248 0.004664	0.000993 0.004718	0.001655 0.005126	0.001776 0.004949	
3 100 3 1.970000	0.003300 0.000739	0.999989 0.000005	0.229977 0.009300	0.066533 0.009978	0.023808 0.006303	0.009200 0.009204	0.001248 0.005838	0.001212 0.003306	0.002774 0.004368	0.001211 0.003817	0.001413 0.004677	
3 100 3 1.980000	0.003128 0.000509	0.999990 0.000003	0.228845 0.008945	0.065634 0.009618	0.023819 0.009336	0.006714 0.006054	0.002945 0.003500	0.001788 0.002909	0.001425 0.004223	0.000000 0.000000	0.000216 0.001080	
3 100 3 1.990000	0.003034 0.000942	0.999991 0.000006	0.223656 0.005814	0.063122 0.009918	0.021173 0.004556	0.005893 0.002818	0.002601 0.005137	0.000116 0.000488	0.000187 0.000934	0.001111 0.003407	0.001489 0.004450	
3 100 3 2.000000	0.002778 0.000228	0.999992 0.000001	0.222512 0.009367	0.061092 0.009533	0.021552 0.009600	0.005994 0.008892	0.004457 0.007752	0.001735 0.006510	0.002509 0.008697	0.004989 0.008728	0.003126 0.004578	
