3 100 3 2.000000	0.002976 0.000427	0.999991 0.000003	0.222512 0.008472	0.062220 0.005897	0.021373 0.008829	0.010070 0.005450	0.001891 0.003726	0.001444 0.003721	0.001740 0.003992	0.000426 0.001884	0.000000 0.000000	
3 100 3 2.010000	0.002839 0.000963	0.999992 0.000006	0.221079 0.006962	0.059687 0.009526	0.020692 0.007136	0.007129 0.008250	0.002642 0.006407	0.000988 0.003419	0.000764 0.003819	0.000615 0.003074	0.000105 0.000524	
3 100 3 2.020000	0.003084 0.000711	0.999990 0.000004	0.216214 0.004762	0.062349 0.007767	0.021102 0.004766	0.007833 0.009511	0.003587 0.007449	0.002706 0.006195	0.004139 0.008470	0.000882 0.004410	0.002228 0.006131	
3 100 3 2.030000	0.002692 0.000546	0.999993 0.000003	0.214038 0.002914	0.058734 0.006362	0.016647 0.006465	0.007609 0.008798	0.004515 0.007877	0.000432 0.002159	0.000699 0.003494	0.002540 0.006810	0.002605 0.005530	
3 100 3 2.040000	0.002611 0.000656	0.999993 0.000004	0.216678 0.009290	0.054360 0.003896	0.017323 0.004139	0.005872 0.001463	0.002789 0.006620	0.001916 0.009205	0.001067 0.001624	0.000657 0.001773	0.000000 0.000000	
3 100 3 2.050000	0.002646 0.000262	0.999993 0.000001	0.210362 0.009366	0.053089 0.002555	0.015789 0.004310	0.006461 0.007204	0.004773 0.006812	0.001386 0.006931	0.003659 0.009652	0.002209 0.006735	0.001068 0.004708	
3 100 3 2.060000	0.002767 0.001411	0.999992 0.000008	0.214330 0.007095	0.053273 0.009407	0.015805 0.009524	0.005959 0.008002	0.003753 0.006921	0.002241 0.006390	0.002290 0.006302	0.000100 0.000384	0.002531 0.005534	
3 100 3 2.070000	0.002619 0.000891	0.999993 0.000005	0.209696 0.006040	0.052127 0.007071	0.014839 0.008713	0.006057 0.007139	0.002952 0.008387	0.000861 0.003914	0.001418 0.003976	0.002238 0.009060	0.000914 0.002834	
3 100 3 2.080000	0.002181 0.000514	0.999995 0.000002	0.199413 0.008181	0.050059 0.008820	0.014777 0.008183	0.004589 0.009282	0.003594 0.006145	0.002715 0.006090	0.002186 0.006434	0.002036 0.005361	0.000000 0.000000	
3 100 3 2.090000	0.002569 0.000440	0.999993 0.000002	0.208321 0.006291	0.050645 0.009533	0.015230 0.007425	0.004408 0.006803	0.002697 0.006280	0.002607 0.007084	0.000207 0.001036	0.000255 0.001186	0.001628 0.005836	
3 100 3 2.100000	0.002520 0.000702	0.999994 0.000004	0.205048 0.007226	0.047571 0.009901	0.013499 0.009575	0.004923 0.005760	0.000309 0.001543	0.001863 0.007172	0.001008 0.002965	0.001078 0.002582	0.000644 0.002911	
