3 100 4 1.800000	0.002202 0.000307	0.999995 0.000001	0.189663 0.008782	0.039512 0.007502	0.011693 0.008444	0.001847 0.004376	0.003636 0.008750	0.003647 0.004262	0.001059 0.004291	0.001843 0.003817	0.001060 0.004143	
3 100 4 1.810000	0.001845 0.000791	0.999997 0.000003	0.186063 0.003391	0.039380 0.009414	0.009792 0.009612	0.002878 0.007689	0.000143 0.000717	0.002359 0.008331	0.000513 0.002565	0.000539 0.002693	0.000226 0.001297	
3 100 4 1.820000	0.001970 0.001253	0.999996 0.000004	0.181408 0.009039	0.040440 0.008646	0.008375 0.007753	0.006273 0.009081	0.001320 0.005995	0.003021 0.006531	0.002925 0.005446	0.000781 0.003721	0.000335 0.001485	
3 100 4 1.830000	0.002113 0.000384	0.999996 0.000002	0.178440 0.008488	0.041071 0.006935	0.007364 0.009183	0.001888 0.004440	0.003037 0.008182	0.000364 0.001822	0.002943 0.009441	0.001993 0.004765	0.002341 0.006106	
3 100 4 1.840000	0.002150 0.000579	0.999995 0.000002	0.182122 0.008700	0.035748 0.007907	0.010398 0.007406	0.000498 0.002490	0.000973 0.003784	0.000000 0.000000	0.000597 0.002986	0.003037 0.006282	0.000605 0.001832	
3 100 4 1.850000	0.001894 0.000753	0.999996 0.000003	0.177266 0.008356	0.036128 0.006415	0.007132 0.005867	0.002099 0.007299	0.001036 0.005182	0.001088 0.003071	0.000930 0.001962	0.000027 0.000133	0.000422 0.002108	
3 100 4 1.860000	0.001661 0.000471	0.999997 0.000002	0.177231 0.007723	0.034931 0.009305	0.007931 0.004681	0.004538 0.006757	-0.000076 0.000380	0.000852 0.004219	0.002751 0.005508	0.000503 0.001953	0.000558 0.002791	
3 100 4 1.870000	0.001880 0.000385	0.999996 0.000001	0.174045 0.009333	0.035933 0.008953	0.008712 0.009013	0.003350 0.006672	0.000000 0.000000	0.001629 0.008630	0.003390 0.007750	0.001953 0.008102	0.001633 0.006402	
3 100 4 1.880000	0.001872 0.000513	0.999996 0.000002	0.174798 0.006599	0.035220 0.002732	0.005268 0.008409	0.001254 0.003625	0.000990 0.003250	0.000000 0.000000	0.000624 0.002509	0.000477 0.002384	0.001093 0.002886	
3 100 4 1.890000	0.001995 0.000667	0.999996 0.000003	0.173361 0.006700	0.036593 0.006953	0.006666 0.005703	0.003837 0.008849	0.001793 0.006086	0.000325 0.001627	0.001217 0.004643	0.001407 0.005217	0.001573 0.004886	
3 100 4 1.900000	0.001864 0.000384	0.999997 0.000001	0.170099 0.008537	0.031659 0.004797	0.008182 0.003801	0.002970 0.005461	0.001122 0.002854	0.000521 0.002354	0.002165 0.005139	0.002296 0.004886	0.001645 0.005309	
