3 100 5 1.600000	0.002020 0.001098	0.999996 0.000005	0.173561 0.009536	0.037533 0.005421	0.011235 0.009359	0.001657 0.003270	0.001866 0.004371	-0.000217 0.000662	0.000261 0.001037	0.002396 0.009901	0.000340 0.001699	
3 100 5 1.610000	0.002079 0.000551	0.999996 0.000002	0.174570 0.009676	0.039847 0.009860	0.008216 0.009734	0.002740 0.005307	0.003459 0.008191	0.000993 0.003122	0.002433 0.008004	0.001984 0.009510	0.000780 0.002289	
3 100 5 1.620000	0.001704 0.000627	0.999997 0.000002	0.172316 0.009873	0.034743 0.004765	0.005910 0.005761	0.004288 0.004067	0.000337 0.001684	0.000149 0.000747	0.000497 0.002238	0.000000 0.000000	0.002021 0.007533	
3 100 5 1.630000	0.001873 0.000639	0.999996 0.000003	0.168860 0.002689	0.034921 0.005679	0.007468 0.003651	0.001584 0.003346	0.001685 0.008423	0.002842 0.008747	0.000566 0.002105	0.000657 0.002275	0.001091 0.005455	
3 100 5 1.640000	0.001919 0.000871	0.999996 0.000003	0.167091 0.004386	0.033460 0.008277	0.007053 0.008731	0.001906 0.006267	0.001629 0.003722	0.000615 0.004476	0.000176 0.000781	0.001528 0.004578	-0.000018 0.000092	
3 100 5 1.650000	0.001854 0.000563	0.999997 0.000002	0.164738 0.009792	0.032505 0.006291	0.007252 0.003190	0.001151 0.002972	0.005152 0.006085	0.000093 0.000466	0.001491 0.005968	0.001235 0.006173	0.000409 0.002045	
3 100 5 1.660000	0.002053 0.001414	0.999996 0.000005	0.167262 0.009748	0.028362 0.009168	0.004662 0.008873	0.002830 0.005504	0.001909 0.004025	0.001813 0.008100	0.000811 0.004475	0.002573 0.006009	0.001308 0.002911	
3 100 5 1.670000	0.002048 0.000943	0.999996 0.000004	0.163079 0.009204	0.030329 0.005583	0.005435 0.007626	0.002832 0.006830	0.001285 0.005255	0.002699 0.005610	0.002036 0.003785	0.001210 0.003552	0.002501 0.005414	
3 100 5 1.680000	0.001860 0.000697	0.999996 0.000003	0.162038 0.006125	0.030213 0.004789	0.008940 0.008567	0.001771 0.006297	0.000697 0.003487	0.001181 0.003688	0.000050 0.000252	0.000696 0.002471	0.002798 0.007411	
3 100 5 1.690000	0.001747 0.000378	0.999997 0.000001	0.159981 0.008257	0.027759 0.006836	0.004967 0.006375	0.002111 0.003348	0.000618 0.001591	0.002674 0.005761	0.001501 0.004526	0.000657 0.001906	0.000252 0.000830	
3 100 5 1.700000	0.001823 0.000426	0.999997 0.000001	0.157544 0.009287	0.027235 0.004619	0.006324 0.005851	0.001539 0.004371	0.000127 0.000635	0.000685 0.002213	0.000690 0.002635	0.001603 0.003254	0.001100 0.003067	
