3 100 4 1.500000	0.825221 0.000535	0.319011 0.000883	0.040828 0.009453	0.006055 0.006688	0.001685 0.003596	0.000140 0.000699	0.001569 0.002937	0.000271 0.001353	0.001406 0.002837	0.001085 0.002908	0.000297 0.001484	
3 100 4 1.510000	0.814392 0.001046	0.336766 0.001704	0.043282 0.009746	0.005832 0.004046	0.002022 0.004568	0.001235 0.003515	0.000518 0.002029	0.000724 0.003354	0.001684 0.003586	0.000000 0.000000	0.001499 0.002604	
3 100 4 1.520000	0.800543 0.006182	0.359124 0.009892	0.048535 0.009685	0.010143 0.007453	0.002895 0.006546	0.000524 0.001809	0.002786 0.006858	0.002854 0.004501	0.002023 0.004560	0.001184 0.003983	0.001225 0.002952	
3 100 4 1.530000	0.788987 0.002561	0.377498 0.004039	0.052451 0.008628	0.010753 0.009185	0.002735 0.006275	0.001496 0.003286	0.000000 0.000000	0.002308 0.003954	0.000000 0.000000	0.000790 0.002213	0.000851 0.002907	
3 100 4 1.540000	0.770815 0.005895	0.405840 0.009092	0.058910 0.007965	0.015750 0.003447	0.004694 0.009332	0.001403 0.003462	0.001171 0.003783	0.002398 0.005597	0.001382 0.002848	0.001395 0.006973	0.002033 0.004780	
3 100 4 1.550000	0.754543 0.006284	0.430660 0.009481	0.066911 0.008525	0.013277 0.007584	0.002980 0.006098	0.002078 0.004288	0.001142 0.003808	0.002005 0.005050	0.001269 0.005614	0.002152 0.005290	0.002235 0.006344	
3 100 4 1.560000	0.735990 0.002541	0.458318 0.003737	0.071195 0.009842	0.014706 0.008545	0.003423 0.004747	0.000250 0.001248	0.002753 0.003975	0.001404 0.003659	0.001172 0.005859	0.002980 0.006008	0.001925 0.005279	
3 100 4 1.570000	0.710760 0.006997	0.494814 0.009930	0.082999 0.007355	0.020430 0.007483	0.006554 0.003811	0.003973 0.001760	0.001327 0.004664	0.001411 0.002713	0.003001 0.004838	0.000262 0.000955	0.000605 0.001888	
3 100 4 1.580000	0.665925 0.006895	0.556537 0.009184	0.106497 0.003505	0.031842 0.009931	0.016037 0.005968	0.008739 0.005252	0.004975 0.005601	0.007076 0.004892	0.004100 0.007532	0.004389 0.001667	0.005749 0.004586	
3 100 4 1.590000	0.005064 0.000986	0.999974 0.000010	0.257253 0.006070	0.087581 0.003668	0.039625 0.008912	0.019779 0.004593	0.011883 0.006716	0.004799 0.005565	0.004638 0.009224	0.001561 0.004300	0.003083 0.008325	
3 100 4 1.600000	0.004213 0.000769	0.999982 0.000006	0.246453 0.008884	0.083687 0.005533	0.032428 0.007092	0.017557 0.003403	0.010100 0.006144	0.005099 0.005348	0.001940 0.004056	0.000544 0.002485	0.002340 0.006121	
