3 100 10 2.000000	0.001027 0.000951	0.999999 0.000002	0.061628 0.008242	0.004939 0.005915	0.001164 0.002962	0.001358 0.006790	0.000354 0.001294	0.000578 0.002888	0.000543 0.001480	0.001804 0.004258	0.003353 0.006574	
3 100 10 2.010000	0.000961 0.000936	0.999999 0.000002	0.061762 0.008741	0.002295 0.006961	0.003325 0.009185	0.000000 0.000000	0.001970 0.007111	0.001466 0.007332	0.002518 0.006517	0.004155 0.007778	0.001999 0.005035	
3 100 10 2.020000	0.001012 0.000470	0.999999 0.000001	0.062740 0.009506	0.003332 0.009011	0.000518 0.002592	0.002661 0.009381	0.001216 0.002962	0.001740 0.007407	0.000815 0.004073	0.003215 0.006789	0.001195 0.005110	
3 100 10 2.030000	0.001077 0.000603	0.999999 0.000001	0.058354 0.006888	0.006828 0.008073	0.004058 0.008702	0.001452 0.007259	0.001584 0.004445	0.000281 0.002147	0.000859 0.002444	0.000617 0.003086	0.000000 0.000000	
3 100 10 2.040000	0.000989 0.000582	0.999999 0.000001	0.057226 0.007195	0.003100 0.009205	0.000963 0.004814	0.002552 0.005852	0.001684 0.003755	0.001015 0.003916	-0.000307 0.001409	0.000177 0.002370	0.001492 0.004813	
3 100 10 2.050000	0.001047 0.000437	0.999999 0.000001	0.061036 0.009258	0.001086 0.008890	0.000740 0.001727	0.000271 0.001357	0.003340 0.007258	0.000741 0.003703	0.004182 0.002148	-0.000208 0.001038	0.000474 0.001777	
3 100 10 2.060000	0.001276 0.000921	0.999998 0.000003	0.058097 0.008763	0.003658 0.008371	0.002492 0.004517	0.001092 0.004721	0.000765 0.003826	0.000420 0.002098	0.002616 0.005554	0.000977 0.002592	0.002088 0.008962	
3 100 10 2.070000	0.001069 0.000315	0.999999 0.000001	0.060687 0.009559	0.004258 0.008632	0.000662 0.001828	0.001320 0.002592	0.000822 0.002406	0.000322 0.001575	0.000159 0.000793	0.000607 0.001110	0.002264 0.003991	
3 100 10 2.080000	0.000601 0.001644	0.999999 0.000003	0.060296 0.006296	0.003925 0.007034	0.002444 0.007775	0.003629 0.006666	0.000000 0.000000	0.001111 0.003704	0.000074 0.000370	0.002888 0.008518	0.000222 0.001111	
3 100 10 2.090000	0.000926 0.000538	0.999999 0.000001	0.060444 0.009444	0.001883 0.006528	0.001758 0.005307	0.002226 0.006443	0.000755 0.003777	0.000724 0.003620	0.002636 0.005143	0.000871 0.002221	0.001612 0.004526	
3 100 10 2.100000	0.000987 0.000626	0.999999 0.000001	0.057129 0.009352	0.001869 0.003640	0.002203 0.006018	0.000413 0.002063	0.001018 0.005092	0.000709 0.003983	0.002023 0.005871	0.000000 0.000000	0.002835 0.008641	
