3 100 5 1.100000	0.970433 0.003779	0.058258 0.007328	0.003094 0.008850	0.000529 0.002643	0.001180 0.003487	0.000644 0.002358	0.001741 0.003577	0.001190 0.003765	0.001582 0.002542	0.001558 0.003043	0.001598 0.006175	
3 100 5 1.110000	0.968470 0.004850	0.062063 0.009384	0.003185 0.004942	0.000900 0.004501	0.001566 0.005503	0.001837 0.006571	0.002119 0.005438	0.001072 0.005360	0.000906 0.004532	0.002129 0.005386	0.001162 0.004201	
3 100 5 1.120000	0.963004 0.003147	0.072621 0.006060	0.006798 0.009788	0.003635 0.007438	0.003528 0.008988	0.004885 0.006592	0.003728 0.008366	0.002144 0.005679	0.001900 0.003046	0.001406 0.003999	0.001691 0.004257	
3 100 5 1.130000	0.964694 0.004171	0.069363 0.008040	0.004089 0.007506	0.000578 0.001837	0.001479 0.004815	0.002270 0.003946	0.000358 0.001791	0.000000 0.000000	0.001491 0.005191	0.002110 0.006347	0.000174 0.000868	
3 100 5 1.140000	0.960447 0.004767	0.077538 0.009154	0.005258 0.005523	0.001654 0.005176	0.002723 0.005848	0.002589 0.007068	0.001839 0.004105	0.003148 0.006949	0.001023 0.003676	0.000000 0.000000	0.000865 0.002899	
3 100 5 1.150000	0.959852 0.004174	0.078680 0.008010	0.007050 0.003949	0.002286 0.007077	0.001688 0.003829	0.000219 0.000591	0.000641 0.002944	0.001380 0.004687	0.001427 0.004488	0.002601 0.006795	0.003361 0.006130	
3 100 5 1.160000	0.958413 0.004950	0.081441 0.009477	0.005439 0.006831	0.001951 0.003651	0.000839 0.002376	0.001184 0.002891	0.001432 0.002560	0.002515 0.007242	0.000990 0.002946	0.000149 0.000745	0.000479 0.002397	
3 100 5 1.170000	0.955348 0.004875	0.087308 0.009308	0.007113 0.005107	0.001883 0.003927	0.000754 0.002175	0.001533 0.003046	0.001094 0.003528	0.002616 0.008182	0.002025 0.006848	0.000491 0.001364	0.000974 0.004872	
3 100 5 1.180000	0.952302 0.004615	0.093118 0.008784	0.005398 0.007879	0.001064 0.002857	0.001662 0.005090	0.001186 0.003165	0.001846 0.006325	0.001592 0.007961	0.001290 0.002953	0.001212 0.005109	0.000887 0.003038	
3 100 5 1.190000	0.950607 0.004367	0.096344 0.008295	0.006921 0.009440	0.001920 0.005963	0.002074 0.004234	0.000858 0.004289	0.001993 0.006202	0.002869 0.006817	0.001375 0.004785	0.001021 0.002257	0.001764 0.004497	
3 100 5 1.200000	0.946454 0.005165	0.104220 0.009776	0.006795 0.004323	0.003015 0.007949	0.002743 0.007399	0.000658 0.001907	0.000924 0.002515	0.001192 0.003618	0.003521 0.008866	0.000936 0.002512	0.001431 0.005652	
