3 100 3 2.800000	0.001589 0.000275	0.999997 0.000001	0.136967 0.009700	0.021162 0.009724	0.001054 0.003392	0.001898 0.004914	0.001421 0.004842	0.001099 0.003200	0.001566 0.003078	0.000906 0.003015	0.000232 0.000905	
3 100 3 2.810000	0.001575 0.000632	0.999997 0.000002	0.135973 0.005757	0.017185 0.009181	0.002499 0.005463	0.000732 0.003093	0.002537 0.007597	0.001475 0.002997	0.002915 0.006832	0.000000 0.000000	0.001583 0.005171	
3 100 3 2.820000	0.001511 0.000465	0.999998 0.000001	0.132710 0.007062	0.018948 0.005626	0.002341 0.007066	0.000520 0.002165	0.002463 0.008065	0.000361 0.001806	0.001011 0.002809	0.001654 0.008270	0.000287 0.001435	
3 100 3 2.830000	0.001575 0.000942	0.999997 0.000003	0.131203 0.005975	0.016461 0.009236	0.002299 0.008998	0.002175 0.005764	0.002226 0.008498	0.002467 0.005940	0.002282 0.007635	-0.000280 0.001398	0.002050 0.006426	
3 100 3 2.840000	0.001640 0.000901	0.999997 0.000003	0.135287 0.004714	0.021632 0.009145	0.000676 0.003380	0.001304 0.005867	0.002407 0.009292	0.001302 0.005590	0.000308 0.001539	0.001421 0.003866	0.000821 0.002574	
3 100 3 2.850000	0.001614 0.000634	0.999997 0.000002	0.135567 0.005201	0.017717 0.009751	0.002474 0.007640	0.003941 0.006614	0.001910 0.009552	0.000000 0.000000	0.002089 0.004830	0.001564 0.005498	0.001319 0.006597	
3 100 3 2.860000	0.001583 0.000460	0.999997 0.000001	0.131619 0.005238	0.019689 0.008870	0.004842 0.007788	0.001461 0.006230	0.002172 0.003378	0.000763 0.003815	0.000000 0.000000	0.001268 0.003724	0.002046 0.004633	
3 100 3 2.870000	0.001492 0.000273	0.999998 0.000001	0.133194 0.007780	0.019882 0.008101	0.002943 0.006894	0.002896 0.006748	0.001513 0.004414	0.001583 0.007027	0.000757 0.003783	0.001113 0.003576	0.000649 0.003247	
3 100 3 2.880000	0.001361 0.000399	0.999998 0.000001	0.129361 0.009686	0.016817 0.004281	0.002885 0.008626	0.002496 0.008716	0.004717 0.008563	0.002721 0.005373	0.003931 0.005957	0.001139 0.003938	0.000490 0.002334	
3 100 3 2.890000	0.001548 0.000597	0.999998 0.000002	0.130627 0.007687	0.019157 0.004372	0.003371 0.007746	0.001185 0.003450	0.001048 0.003884	0.001716 0.008580	0.000150 0.000706	0.001843 0.005737	0.002902 0.007411	
3 100 3 2.900000	0.001443 0.000352	0.999998 0.000001	0.134181 0.007291	0.013365 0.008959	0.008950 0.008737	0.002735 0.009237	0.001748 0.005616	0.003810 0.007706	0.002083 0.005164	0.001207 0.003561	0.001679 0.008393	
