3 100 10 0.000000	0.998307 0.003973	0.003381 0.007935	0.001348 0.003672	0.000303 0.001515	0.000903 0.002926	0.000225 0.001127	0.000751 0.003755	0.000000 0.000000	0.000610 0.003049	0.000773 0.002838	0.000544 0.002720	
3 100 10 0.010000	0.998167 0.002458	0.003661 0.004904	0.000467 0.001889	0.000199 0.000996	0.000000 0.000000	0.000291 0.000772	0.000000 0.000000	0.000202 0.001012	0.000000 0.000000	0.000000 0.000000	0.000265 0.001323	
3 100 10 0.020000	0.996265 0.004883	0.007453 0.009730	0.002137 0.003533	0.000270 0.001352	0.000828 0.002323	0.000000 0.000000	0.000458 0.002290	0.001173 0.002479	0.000611 0.002298	0.001628 0.005346	0.000542 0.002051	
3 100 10 0.030000	0.999336 0.003195	0.001322 0.006384	0.000000 0.000000	0.000000 0.000000	0.000000 0.000000	0.000020 0.000102	0.000000 0.000000	0.000000 0.000000	0.000000 0.000000	0.000000 0.000000	0.000000 0.000000	
3 100 10 0.040000	0.998639 0.003696	0.002718 0.007382	0.000126 0.000628	0.000436 0.002179	0.000413 0.001509	0.000111 0.000553	0.000479 0.001949	0.000000 0.000000	0.000509 0.002091	0.000619 0.002496	0.000000 0.000000	
3 100 10 0.050000	0.998998 0.004872	0.001999 0.009721	0.000000 0.000000	0.000000 0.000000	0.000000 0.000000	0.000753 0.003767	0.000000 0.000000	0.000031 0.000156	0.000000 0.000000	0.000000 0.000000	0.000577 0.002887	
3 100 10 0.060000	0.998733 0.004719	0.002520 0.009418	0.000514 0.001537	0.000192 0.000959	0.000414 0.002070	0.000310 0.001552	0.000604 0.003018	0.000509 0.002544	0.000615 0.003077	0.000000 0.000000	0.001065 0.004381	
3 100 10 0.070000	0.999035 0.004314	0.001927 0.008610	0.000439 0.001706	0.000172 0.000859	0.000000 0.000000	0.000000 0.000000	0.000000 0.000000	0.000000 0.000000	0.000000 0.000000	0.000000 0.000000	0.000000 0.000000	
3 100 10 0.080000	0.999348 0.003196	0.001301 0.006381	0.000000 0.000000	0.000392 0.001958	0.000489 0.002444	0.000451 0.002254	0.000548 0.002741	0.000548 0.002741	0.000000 0.000000	0.000021 0.000103	0.000025 0.000124	
3 100 10 0.090000	0.997434 0.004350	0.005122 0.008677	0.000527 0.002637	0.000000 0.000000	0.000000 0.000000	0.000810 0.003100	0.000000 0.000000	0.000000 0.000000	0.000494 0.002470	0.000000 0.000000	0.000135 0.000360	
3 100 10 0.100000	0.997829 0.004574	0.004335 0.009127	0.000590 0.002489	0.000193 0.000965	0.001013 0.003150	0.000614 0.003069	0.000445 0.001537	0.000578 0.002892	0.000356 0.001781	0.000388 0.001942	0.000105 0.000525	
3 100 10 0.110000	0.996623 0.004621	0.006739 0.009215	0.000892 0.004459	0.000000 0.000000	0.000000 0.000000	0.000000 0.000000	0.000000 0.000000	0.000085 0.000427	0.000266 0.001328	0.000542 0.002710	0.000000 0.000000	
3 100 10 0.120000	0.998842 0.004491	0.002300 0.008962	0.000074 0.000372	0.000094 0.000470	0.000128 0.000372	0.000000 0.000000	0.000062 0.000310	0.000094 0.000470	0.000000 0.000000	0.000000 0.000000	0.000000 0.000000	
3 100 10 0.130000	0.998964 0.004009	0.002068 0.008001	0.000279 0.001393	0.000000 0.000000	0.000180 0.000901	0.000000 0.000000	0.000000 0.000000	0.000000 0.000000	0.000000 0.000000	0.000024 0.000118	0.000367 0.001836	
3 100 10 0.140000	0.998668 0.004769	0.002660 0.009515	0.000125 0.000625	0.000163 0.000815	0.000817 0.003114	0.000304 0.001216	0.000279 0.001397	0.000000 0.000000	0.000678 0.003392	0.000323 0.001131	0.000254 0.001270	
3 100 10 0.150000	0.998619 0.003899	0.002758 0.007787	0.000314 0.001570	0.000000 0.000000	0.000259 0.001296	0.000243 0.001216	0.000256 0.001280	0.000496 0.001280	0.000049 0.000246	0.000000 0.000000	0.000285 0.001425	
3 100 10 0.160000	0.999006 0.004836	0.001980 0.009649	0.000047 0.000234	0.000960 0.004800	0.000000 0.000000	0.000000 0.000000	0.000421 0.002107	0.000000 0.000000	0.000036 0.000181	0.000960 0.004800	0.000260 0.001079	
3 100 10 0.170000	0.998301 0.002558	0.003394 0.005107	0.001061 0.003010	0.000352 0.001758	0.000294 0.001471	0.000000 0.000000	0.000000 0.000000	0.000186 0.000932	0.000000 0.000000	0.000087 0.000436	0.000481 0.002406	
3 100 10 0.180000	0.997328 0.003465	0.005336 0.006910	0.000341 0.001704	0.000518 0.002589	0.000075 0.000377	0.000000 0.000000	0.000204 0.001019	0.000000 0.000000	0.000000 0.000000	0.000000 0.000000	0.000000 0.000000	
3 100 10 0.190000	0.996676 0.004279	0.006635 0.008521	0.002008 0.006051	0.001065 0.003540	0.001190 0.005948	0.000513 0.002566	0.001543 0.007717	0.001441 0.007203	0.000404 0.002019	0.000933 0.003150	0.000583 0.002916	
3 100 10 0.200000	0.998063 0.004955	0.003865 0.009884	0.000949 0.003504	0.000236 0.001182	0.000395 0.001215	0.000100 0.000499	0.000223 0.001114	0.000624 0.003118	0.000219 0.001097	0.000516 0.002579	0.000000 0.000000	
3 100 10 0.210000	0.999084 0.003477	0.001814 0.006941	0.000000 0.000000	0.000085 0.000424	0.000000 0.000000	0.000000 0.000000	0.000000 0.000000	0.000000 0.000000	0.000180 0.000901	0.000000 0.000000	0.000000 0.000000	
3 100 10 0.220000	0.998922 0.003891	0.002134 0.007858	0.000027 0.000136	0.000000 0.000000	0.000134 0.000671	0.000000 0.000000	0.000000 0.000000	0.000000 0.000000	0.000035 0.000176	0.000000 0.000000	0.000081 0.000407	
3 100 10 0.230000	0.996762 0.004360	0.006463 0.008691	0.000644 0.001861	0.000191 0.000957	0.001769 0.005284	0.001812 0.005253	0.000172 0.000858	0.000000 0.000000	0.000000 0.000000	0.000386 0.001929	0.000967 0.004836	
3 100 10 0.240000	0.997836 0.004354	0.004321 0.008688	0.000625 0.002849	0.000000 0.000000	0.000063 0.000315	0.000073 0.000367	0.000077 0.000385	0.000000 0.000000	0.000000 0.000000	0.000000 0.000000	0.000000 0.000000	
3 100 10 0.250000	0.997641 0.004989	0.004710 0.009952	0.001235 0.003266	0.000744 0.002768	0.001281 0.003774	0.000667 0.003333	0.000889 0.002451	0.000703 0.001940	0.000667 0.001802	0.001302 0.002416	0.000934 0.003315	
3 100 10 0.260000	0.997610 0.004574	0.004772 0.009123	0.000724 0.001889	0.001172 0.003093	0.000541 0.002707	0.000785 0.003926	0.001169 0.003121	0.000000 0.000000	0.000714 0.003571	0.000548 0.002738	0.000727 0.002738	
3 100 10 0.270000	0.997517 0.004724	0.004957 0.009418	0.001725 0.004707	0.001150 0.003499	0.001718 0.006510	0.001541 0.005319	0.000000 0.000000	0.000000 0.000000	0.000804 0.002839	0.001020 0.004031	0.001628 0.004787	
3 100 10 0.280000	0.999026 0.004790	0.001913 0.009566	0.000000 0.000000	0.000000 0.000000	0.000000 0.000000	0.000000 0.000000	0.000000 0.000000	0.000000 0.000000	0.000000 0.000000	0.000000 0.000000	0.000000 0.000000	
3 100 10 0.290000	0.998613 0.004189	0.002761 0.008400	0.000192 0.000961	0.000000 0.000000	0.000228 0.001138	0.000221 0.001106	0.000549 0.001412	0.000311 0.001556	0.000064 0.000319	0.000208 0.001041	0.000000 0.000000	
3 100 10 0.300000	0.997265 0.004939	0.005459 0.009847	0.001404 0.006186	0.000867 0.003133	0.001279 0.004812	0.000321 0.001607	0.001032 0.004417	0.001173 0.003585	0.000759 0.001986	0.001034 0.003462	0.000601 0.003006	
3 100 10 0.310000	0.997886 0.004908	0.004215 0.009822	0.000000 0.000000	0.000443 0.002214	0.000000 0.000000	0.000130 0.000648	0.000648 0.003242	0.000000 0.000000	0.000000 0.000000	0.000000 0.000000	0.000000 0.000000	
3 100 10 0.320000	0.997687 0.004777	0.004619 0.009526	0.000301 0.000938	0.000847 0.002999	0.000694 0.001610	0.000265 0.001324	0.000000 0.000000	0.000227 0.001137	0.000394 0.001971	0.000000 0.000000	0.000000 0.000000	
3 100 10 0.330000	0.998980 0.004335	0.002033 0.008655	0.000061 0.000303	0.000399 0.001861	0.000000 0.000000	0.000027 0.000134	0.000033 0.000166	0.000000 0.000000	0.000456 0.002282	0.000316 0.001580	0.000000 0.000000	
3 100 10 0.340000	0.995532 0.004744	0.008913 0.009444	0.001568 0.003957	0.001644 0.004711	0.001997 0.004714	0.000000 0.000000	0.001422 0.004057	0.000675 0.001847	0.000961 0.003858	0.000625 0.002656	0.001358 0.004102	
3 100 10 0.350000	0.997096 0.004080	0.005797 0.008133	0.001170 0.003357	0.000999 0.002246	0.000438 0.001334	0.000250 0.001252	0.000412 0.001889	0.000617 0.001790	0.000372 0.001861	0.001407 0.003200	0.000352 0.001761	
3 100 10 0.360000	0.998384 0.004997	0.003226 0.009967	0.000644 0.002060	0.000403 0.002014	0.000832 0.004159	0.000275 0.001374	0.000960 0.004128	0.000759 0.002677	0.000811 0.003819	0.000832 0.002646	0.000547 0.002060	
3 100 10 0.370000	0.997734 0.004953	0.004524 0.009876	0.000728 0.002118	0.000791 0.003533	0.000352 0.001762	0.000000 0.000000	0.001195 0.004999	0.000000 0.000000	0.000479 0.002396	0.000000 0.000000	0.000180 0.000898	
3 100 10 0.380000	0.998015 0.004771	0.003956 0.009555	0.000515 0.002574	0.000203 0.001016	0.000148 0.000740	0.000272 0.001361	0.000000 0.000000	0.000424 0.001470	0.000000 0.000000	0.000000 0.000000	0.000269 0.001343	
3 100 10 0.390000	0.997474 0.004937	0.005040 0.009867	0.001263 0.004026	0.000845 0.004226	0.001132 0.003328	0.000344 0.001720	0.001092 0.003414	0.000472 0.002360	0.001226 0.003457	0.001282 0.003001	0.001184 0.003827	
3 100 10 0.400000	0.997542 0.004387	0.004907 0.008753	0.000270 0.001350	0.001050 0.002442	0.000852 0.002368	0.001022 0.002358	0.000872 0.001856	0.000361 0.000955	0.000450 0.000961	0.001162 0.001948	0.000687 0.002486	
3 100 10 0.410000	0.998056 0.004707	0.003871 0.009431	0.000792 0.003961	0.000630 0.003148	0.001012 0.002870	0.000677 0.003386	0.000722 0.003611	0.001131 0.003267	0.000369 0.001845	0.000000 0.000000	0.000727 0.002870	
3 100 10 0.420000	0.998811 0.004975	0.002368 0.009956	0.000780 0.003899	0.000685 0.003033	0.000000 0.000000	0.000745 0.003318	0.000154 0.000441	0.000346 0.000748	0.000572 0.002070	0.000115 0.000577	0.000225 0.000723	
3 100 10 0.430000	0.993101 0.004348	0.013747 0.008634	0.003455 0.005602	0.002795 0.005644	0.002477 0.006068	0.001734 0.005047	0.000978 0.002622	0.001508 0.004886	0.002282 0.006219	0.002306 0.005660	0.001247 0.003633	
3 100 10 0.440000	0.995587 0.004896	0.008803 0.009752	0.002479 0.004873	0.000854 0.001612	0.000203 0.001013	0.001930 0.003728	0.000918 0.003400	0.001007 0.002748	0.000934 0.001867	0.000358 0.001370	0.000319 0.001076	
3 100 10 0.450000	0.997032 0.004970	0.005923 0.009898	0.000952 0.004310	0.001509 0.004988	0.001421 0.002801	0.001781 0.005428	0.001623 0.004723	0.000399 0.000828	0.000728 0.001826	0.000825 0.002647	0.001380 0.005233	
3 100 10 0.460000	0.997679 0.004893	0.004634 0.009761	0.001071 0.002394	0.000956 0.003055	0.000646 0.003232	0.000880 0.004402	0.000635 0.003173	0.001253 0.004391	0.001119 0.003387	0.000516 0.001799	0.000354 0.001769	
3 100 10 0.470000	0.995484 0.004346	0.009008 0.008646	0.001980 0.003943	0.001058 0.002935	0.001618 0.002565	0.001392 0.004009	0.000815 0.002123	0.000926 0.002366	0.000457 0.001302	0.000991 0.002816	0.000898 0.002895	
3 100 10 0.480000	0.998794 0.004422	0.002408 0.008823	0.000086 0.000230	0.000000 0.000000	0.000257 0.000766	0.000093 0.000467	0.000044 0.000221	0.000000 0.000000	0.000151 0.000756	0.000267 0.000848	0.000000 0.000000	
3 100 10 0.490000	0.998161 0.003953	0.003672 0.007888	0.000999 0.003496	0.001214 0.003619	0.000250 0.001251	0.000594 0.001116	0.000432 0.002160	0.000844 0.003170	0.000288 0.001442	0.000374 0.001868	0.000307 0.001408	
3 100 10 0.500000	0.998170 0.004469	0.003654 0.008917	0.000934 0.004672	0.000521 0.002234	0.000516 0.001935	0.000592 0.002491	0.000288 0.001442	0.000000 0.000000	0.000644 0.002491	0.000313 0.000958	0.000268 0.001339	
