3 100 4 0.000000	0.999993 0.000026	0.000000 0.000000	0.000000 0.000000	0.000000 0.000000	0.000000 0.000000	0.000000 0.000000	0.000000 0.000000	0.000000 0.000000	0.000000 0.000000	0.000000 0.000000	0.000000 0.000000	
3 100 4 0.010000	0.999739 0.001290	0.000516 0.002578	0.000000 0.000000	0.000160 0.000800	0.000000 0.000000	0.000000 0.000000	0.000338 0.001689	0.000249 0.001245	0.000000 0.000000	0.000516 0.002578	0.000516 0.002578	
3 100 4 0.020000	0.999342 0.003285	0.001312 0.006559	0.000601 0.003004	0.000690 0.003448	0.000512 0.002559	0.000245 0.001226	0.000867 0.004337	0.000690 0.003448	0.000423 0.002115	0.000245 0.001226	0.000423 0.002115	
3 100 4 0.030000	0.999951 0.000111	0.000090 0.000222	0.000045 0.000116	0.000090 0.000222	0.000090 0.000222	0.000090 0.000222	0.000090 0.000222	0.000090 0.000222	0.000090 0.000222	0.000090 0.000222	0.000090 0.000222	
3 100 4 0.040000	0.998608 0.002980	0.002780 0.005951	0.000259 0.001017	0.001033 0.005062	0.000088 0.000173	0.000266 0.000618	0.000804 0.003284	0.000588 0.002840	0.000525 0.002396	0.000771 0.002840	0.000970 0.002795	
3 100 4 0.050000	0.999983 0.000067	0.000027 0.000135	0.000000 0.000000	0.000027 0.000135	0.000000 0.000000	0.000027 0.000135	0.000027 0.000135	0.000027 0.000135	0.000027 0.000135	0.000000 0.000000	0.000027 0.000135	
3 100 4 0.060000	0.999717 0.001286	0.000548 0.002570	0.000371 0.001681	0.000034 0.000172	0.000104 0.000348	0.000247 0.001237	0.000371 0.001681	0.000371 0.001681	0.000034 0.000172	0.000034 0.000172	0.000034 0.000172	
3 100 4 0.070000	0.999986 0.000052	0.000021 0.000104	0.000021 0.000104	0.000021 0.000104	0.000021 0.000104	0.000021 0.000104	0.000021 0.000104	0.000021 0.000104	0.000021 0.000104	0.000021 0.000104	0.000021 0.000104	
3 100 4 0.080000	0.999834 0.000779	0.000311 0.001557	0.000000 0.000000	0.000222 0.001112	0.000222 0.001112	0.000134 0.000668	0.000222 0.001112	0.000000 0.000000	0.000311 0.001557	0.000222 0.001112	0.000222 0.001112	
3 100 4 0.090000	0.999987 0.000054	0.000022 0.000108	0.000000 0.000000	0.000000 0.000000	0.000000 0.000000	0.000000 0.000000	0.000000 0.000000	0.000000 0.000000	0.000000 0.000000	0.000000 0.000000	0.000000 0.000000	
3 100 4 0.100000	0.999951 0.000096	0.000096 0.000196	0.000039 0.000196	0.000096 0.000196	0.000072 0.000196	0.000096 0.000196	0.000096 0.000196	0.000096 0.000196	0.000072 0.000196	0.000056 0.000164	0.000096 0.000196	
