3 100 3 1.000000	0.991071 0.002104	0.017777 0.004169	0.001918 0.005490	0.001002 0.002540	0.001769 0.005353	0.001271 0.006353	0.001966 0.006853	0.001304 0.003270	0.001398 0.005522	0.000881 0.001770	0.000452 0.002447	
3 100 3 1.010000	0.990395 0.002058	0.019117 0.004074	0.002224 0.007558	0.002717 0.007651	0.001887 0.005510	0.000424 0.002122	0.000000 0.000000	0.002828 0.008843	0.001462 0.004010	0.003234 0.008677	0.001589 0.004359	
3 100 3 1.020000	0.990016 0.001149	0.019868 0.002274	0.000727 0.003637	0.001340 0.005476	0.000675 0.003377	0.000927 0.004637	0.001688 0.007553	0.001359 0.005303	0.000175 0.000877	0.001305 0.004029	0.000944 0.006166	
3 100 3 1.030000	0.989275 0.002133	0.021335 0.004218	0.000755 0.002103	0.003081 0.007261	0.001911 0.004944	0.003700 0.006194	0.001162 0.003103	0.000852 0.004261	0.000000 0.000000	0.000834 0.003123	0.002811 0.005478	
3 100 3 1.040000	0.988714 0.001947	0.022444 0.003847	0.000840 0.002854	0.001873 0.004940	0.000466 0.001290	0.001034 0.005168	0.001861 0.005168	0.001007 0.002604	0.000958 0.004790	0.001944 0.004397	0.000353 0.001763	
3 100 3 1.050000	0.987380 0.003929	0.025078 0.007752	0.001161 0.005868	0.001561 0.004086	0.001550 0.004996	0.003262 0.006079	0.000517 0.002586	0.001545 0.003678	0.001911 0.005336	0.001242 0.003744	0.000311 0.001336	
3 100 3 1.060000	0.985729 0.004295	0.028335 0.008467	0.000373 0.001333	0.002558 0.005758	0.002835 0.005391	0.000170 0.003892	0.001811 0.006891	0.001418 0.004558	0.001930 0.006391	0.003768 0.008070	0.001699 0.007166	
3 100 3 1.070000	0.985680 0.004538	0.028432 0.008937	0.002481 0.005819	-0.000115 0.001245	0.002865 0.008006	0.001514 0.006411	0.000801 0.004006	0.000851 0.002421	0.000451 0.001500	0.002667 0.008256	0.000918 0.004584	
3 100 3 1.080000	0.986044 0.000513	0.027717 0.001012	0.000971 0.002477	0.001769 0.005986	0.000618 0.003088	0.001268 0.002819	0.001276 0.003486	0.000994 0.004611	0.002580 0.005435	0.002151 0.007088	0.000906 0.002777	
3 100 3 1.090000	0.984665 0.000838	0.030435 0.001650	0.001735 0.005375	0.003409 0.006642	0.002215 0.004550	0.000880 0.004401	0.003269 0.008975	0.004249 0.008735	0.000640 0.002300	0.002915 0.006800	0.000485 0.001300	
3 100 3 1.100000	0.984210 0.000800	0.031331 0.001575	0.001724 0.004947	0.001016 0.003834	0.001218 0.003714	0.000192 0.000961	0.004674 0.005658	0.001992 0.005443	0.000035 0.000175	0.001162 0.004207	0.003430 0.008947	
