3 100 3 2.100000	0.002444 0.000731	0.999994 0.000004	0.201561 0.003701	0.046624 0.006909	0.013113 0.006741	0.006705 0.003840	0.001810 0.009859	0.000982 0.004684	0.000160 0.000798	0.002077 0.005329	0.000273 0.001366	
3 100 3 2.110000	0.002389 0.000685	0.999994 0.000003	0.201162 0.009713	0.048720 0.007325	0.013770 0.002854	0.005328 0.005015	0.001419 0.003735	0.001116 0.003829	0.001851 0.004158	0.000325 0.001625	0.000916 0.003526	
3 100 3 2.120000	0.002423 0.000290	0.999994 0.000001	0.194788 0.008288	0.047776 0.009121	0.014548 0.008366	0.004923 0.008860	0.002852 0.007206	0.001545 0.003594	0.002911 0.006734	0.003621 0.007632	0.001206 0.004959	
3 100 3 2.130000	0.002454 0.000441	0.999994 0.000002	0.199987 0.009502	0.045947 0.008300	0.011074 0.005033	0.002996 0.008100	0.000931 0.002588	0.001581 0.003328	0.002871 0.005795	0.000282 0.001410	0.001406 0.007032	
3 100 3 2.140000	0.002179 0.000470	0.999995 0.000002	0.198548 0.006432	0.046946 0.007708	0.012304 0.003256	0.005243 0.009456	0.003016 0.007496	0.001242 0.004829	0.000129 0.000647	0.002540 0.006676	0.000260 0.001300	
3 100 3 2.150000	0.002371 0.000569	0.999994 0.000003	0.196610 0.008237	0.043889 0.009766	0.012749 0.004182	0.001777 0.007743	0.000585 0.002348	0.000631 0.003669	0.003299 0.007596	0.000754 0.003768	0.001119 0.003506	
3 100 3 2.160000	0.002142 0.000088	0.999995 0.000000	0.198564 0.005188	0.045533 0.008250	0.014400 0.008315	0.002815 0.006496	0.002647 0.008770	0.003933 0.009933	0.002166 0.005430	0.003508 0.009396	0.002411 0.007043	
3 100 3 2.170000	0.002014 0.000780	0.999996 0.000003	0.196067 0.007952	0.041082 0.007142	0.010687 0.002687	0.004711 0.004449	0.001163 0.005646	0.000549 0.002746	0.002081 0.007194	0.000427 0.002136	0.000730 0.002496	
3 100 3 2.180000	0.002354 0.000315	0.999994 0.000002	0.191777 0.009328	0.042694 0.001655	0.012070 0.007380	0.004872 0.005472	0.002135 0.005835	0.000208 0.001042	0.001477 0.007384	0.000598 0.001739	0.000588 0.001439	
3 100 3 2.190000	0.002120 0.000481	0.999995 0.000002	0.189772 0.007353	0.043178 0.008207	0.012719 0.009529	0.001885 0.003995	0.002938 0.007711	0.001227 0.004070	0.001728 0.005602	0.000740 0.002975	0.000000 0.000000	
3 100 3 2.200000	0.002256 0.000604	0.999995 0.000003	0.189432 0.009815	0.043245 0.008373	0.010352 0.006575	0.003387 0.009314	0.001261 0.006304	0.002860 0.007038	0.000414 0.001341	0.001444 0.004994	0.002945 0.007428	
