3 100 5 0.500000	0.998872 0.003677	0.002242 0.007400	0.000000 0.000000	0.000000 0.000000	0.000000 0.000000	0.000167 0.000837	0.000000 0.000000	0.000000 0.000000	0.000000 0.000000	0.000000 0.000000	0.000000 0.000000	
3 100 5 0.510000	0.999268 0.002609	0.001444 0.005301	0.000051 0.000256	0.000039 0.000197	0.000000 0.000000	0.000083 0.000256	0.000000 0.000000	0.000000 0.000000	0.000000 0.000000	0.000000 0.000000	0.000000 0.000000	
3 100 5 0.520000	0.998072 0.003500	0.003850 0.006987	0.000269 0.001343	0.000381 0.001903	0.000000 0.000000	0.000370 0.001850	0.000257 0.001183	0.000856 0.002415	0.000239 0.001195	0.000197 0.000986	0.000297 0.001487	
3 100 5 0.530000	0.998747 0.004511	0.002501 0.009001	0.000560 0.001581	0.001133 0.005523	0.001260 0.004530	0.000159 0.000795	0.001398 0.004754	0.001235 0.004498	0.002003 0.007637	0.001133 0.004273	0.001305 0.006380	
3 100 5 0.540000	0.999548 0.001654	0.000904 0.003304	0.000077 0.000244	0.000049 0.000244	0.000049 0.000244	0.000000 0.000000	0.000678 0.003388	0.000000 0.000000	0.000200 0.000697	0.000223 0.001114	0.000000 0.000000	
3 100 5 0.550000	0.999351 0.001976	0.001297 0.003947	0.000040 0.000202	0.000040 0.000202	0.000000 0.000000	0.000000 0.000000	0.000000 0.000000	0.000019 0.000096	0.000000 0.000000	0.000137 0.000493	0.000038 0.000192	
3 100 5 0.560000	0.998478 0.004729	0.003038 0.009433	0.000622 0.003111	0.000428 0.002138	0.000428 0.002138	0.000247 0.001236	0.000803 0.004013	0.000455 0.002277	0.000000 0.000000	0.000000 0.000000	0.000000 0.000000	
3 100 5 0.570000	0.996613 0.004920	0.006759 0.009805	0.001043 0.005216	0.000249 0.001247	0.000268 0.001340	0.000000 0.000000	0.000000 0.000000	0.000658 0.003290	0.001167 0.003466	0.000305 0.001525	0.000361 0.001803	
3 100 5 0.580000	0.999001 0.001666	0.001996 0.003328	0.000140 0.000702	0.000241 0.001204	0.000000 0.000000	0.000056 0.000278	0.000045 0.000226	0.000209 0.001044	0.000121 0.000523	0.000458 0.001163	0.000477 0.001332	
3 100 5 0.590000	0.998028 0.004916	0.003936 0.009806	0.000391 0.001956	0.000033 0.000166	0.000000 0.000000	0.000000 0.000000	0.000080 0.000399	0.000104 0.000518	0.000477 0.002284	0.000357 0.001784	0.000059 0.000294	
3 100 5 0.600000	0.998608 0.002379	0.002781 0.004752	0.000308 0.001541	0.000531 0.002657	0.000117 0.000584	0.000467 0.001930	0.000033 0.000167	0.000000 0.000000	0.000504 0.001829	0.000492 0.001936	0.000579 0.002050	
