3 100 2 1.500000	0.945886 0.000247	0.105299 0.000468	0.005973 0.007926	0.005730 0.004933	0.000000 0.000000	-0.000129 0.000644	0.002745 0.009709	-0.000180 0.000899	0.002227 0.006267	0.000746 0.003731	0.001667 0.007264	
3 100 2 1.510000	0.944033 0.000238	0.108802 0.000450	0.007418 0.006820	0.000975 0.004874	0.000808 0.004041	0.002010 0.004886	0.000988 0.004942	0.000305 0.001524	0.004221 0.009763	0.000022 0.002483	0.000894 0.003135	
3 100 2 1.520000	0.942022 0.000524	0.112594 0.000986	0.006879 0.008545	0.001370 0.006850	0.000015 0.000074	0.001554 0.007774	0.000368 0.001213	0.000496 0.001851	0.003061 0.002772	0.002705 0.006818	0.001187 0.002972	
3 100 2 1.530000	0.940167 0.000452	0.116086 0.000850	0.008412 0.005466	0.003634 0.008455	0.002448 0.009374	-0.000032 0.000158	0.002392 0.006052	0.000461 0.002307	0.001723 0.007949	0.002102 0.005754	0.001973 0.006728	
3 100 2 1.540000	0.937983 0.000245	0.120188 0.000460	0.008684 0.005562	0.003063 0.008843	0.000547 0.002736	0.000795 0.004284	0.001220 0.006526	0.002720 0.007136	0.002268 0.007530	0.003544 0.008229	0.000724 0.002069	
3 100 2 1.550000	0.935986 0.000590	0.123931 0.001105	0.007092 0.009145	0.002763 0.002413	0.003191 0.006987	0.000861 0.004515	0.001090 0.005452	0.000480 0.002402	0.001726 0.003910	0.003896 0.009849	0.000535 0.001693	
3 100 2 1.560000	0.933754 0.000556	0.128103 0.001038	0.011525 0.009008	0.001956 0.005417	0.001916 0.006089	0.001209 0.006046	0.000246 0.001772	0.000849 0.002816	0.000143 0.000596	0.000981 0.006676	0.000695 0.003476	
3 100 2 1.570000	0.931592 0.000280	0.132136 0.000522	0.009760 0.008686	0.001895 0.007581	0.000633 0.004168	0.002179 0.008211	0.002115 0.006087	0.002520 0.004560	0.000577 0.003662	0.001224 0.005678	0.002102 0.004782	
3 100 2 1.580000	0.929327 0.000234	0.136351 0.000435	0.010641 0.009413	0.000719 0.002595	0.003050 0.005641	0.002192 0.009997	0.001119 0.002869	0.001251 0.005135	0.001111 0.003681	0.000681 0.003404	0.002270 0.007036	
3 100 2 1.590000	0.927195 0.000694	0.140309 0.001287	0.010877 0.009347	0.003388 0.005570	0.002616 0.007968	0.000608 0.003773	0.001451 0.004190	0.002056 0.005598	0.000000 0.000000	0.001078 0.005390	0.000020 0.005689	
3 100 2 1.600000	0.924736 0.000690	0.144863 0.001276	0.013795 0.008036	0.004305 0.009437	0.003403 0.006614	0.003176 0.006324	0.002786 0.007158	0.000775 0.003877	0.001245 0.005975	0.001424 0.004973	0.000449 0.002246	
