4 64 5 0.400000	0.999994 0.000022	0.000000 0.000000	0.000000 0.000000	0.000000 0.000000	0.000000 0.000000	0.000000 0.000000	0.000000 0.000000	0.000000 0.000000	0.000000 0.000000	0.000000 0.000000	0.000000 0.000000	
4 64 5 0.410000	1.000000 0.000001	0.000000 0.000000	0.000000 0.000000	0.000000 0.000000	0.000000 0.000000	0.000000 0.000000	0.000000 0.000000	0.000000 0.000000	0.000000 0.000000	0.000000 0.000000	0.000000 0.000000	
4 64 5 0.420000	0.999994 0.000017	0.000000 0.000000	0.000000 0.000000	0.000000 0.000000	0.000000 0.000000	0.000000 0.000000	0.000000 0.000000	0.000000 0.000000	0.000000 0.000000	0.000000 0.000000	0.000000 0.000000	
4 64 5 0.430000	0.999800 0.000488	0.000379 0.001038	0.000033 0.000100	0.000171 0.000413	0.000171 0.000413	0.000171 0.000413	0.000379 0.001038	0.000067 0.000101	0.000033 0.000100	0.000138 0.000413	0.000275 0.000726	
4 64 5 0.440000	0.998649 0.004053	0.002696 0.008089	0.000000 0.000000	0.000000 0.000000	0.000000 0.000000	0.000000 0.000000	0.000000 0.000000	0.000000 0.000000	0.000000 0.000000	0.000000 0.000000	0.000000 0.000000	
4 64 5 0.450000	0.999739 0.000578	0.000497 0.001230	0.000086 0.000259	0.000306 0.000918	0.000086 0.000259	0.000392 0.000918	0.000288 0.000605	0.000098 0.000293	0.000202 0.000605	0.000086 0.000259	0.000086 0.000259	
4 64 5 0.460000	0.999883 0.000153	0.000234 0.000306	0.000183 0.000427	0.000234 0.000306	0.000234 0.000306	0.000130 0.000040	0.000130 0.000040	0.000130 0.000040	0.000194 0.000427	0.000234 0.000306	0.000040 0.000121	
4 64 5 0.470000	0.999998 0.000004	0.000000 0.000000	0.000000 0.000000	0.000000 0.000000	0.000000 0.000000	0.000000 0.000000	0.000000 0.000000	0.000000 0.000000	0.000000 0.000000	0.000000 0.000000	0.000000 0.000000	
4 64 5 0.480000	0.999811 0.000473	0.000379 0.000946	0.000000 0.000000	0.000000 0.000000	0.000063 0.000190	0.000274 0.000633	0.000170 0.000321	0.000379 0.000946	0.000063 0.000190	0.000274 0.000633	0.000063 0.000190	
4 64 5 0.490000	0.998352 0.004938	0.003284 0.009852	0.002277 0.006831	0.002173 0.006518	0.002173 0.006518	0.001721 0.005164	0.001791 0.005373	0.001826 0.005477	0.002173 0.006518	0.000000 0.000000	0.001826 0.005477	
4 64 5 0.500000	0.998703 0.003674	0.002584 0.007351	0.001577 0.004330	0.000134 0.000402	0.001647 0.004642	0.000000 0.000000	0.000099 0.000298	0.000099 0.000298	0.000000 0.000000	0.001716 0.004851	0.000000 0.000000	
4 64 5 0.510000	0.998626 0.003079	0.002745 0.006147	0.000128 0.000385	0.000128 0.000385	0.000000 0.000000	0.000000 0.000000	0.000000 0.000000	0.000128 0.000385	0.000000 0.000000	0.000128 0.000385	0.000000 0.000000	
4 64 5 0.520000	0.999998 0.000005	0.000000 0.000000	0.000000 0.000000	0.000000 0.000000	0.000000 0.000000	0.000000 0.000000	0.000000 0.000000	0.000000 0.000000	0.000000 0.000000	0.000000 0.000000	0.000000 0.000000	
4 64 5 0.530000	0.999316 0.002019	0.001346 0.004039	0.000000 0.000000	0.000000 0.000000	0.000000 0.000000	0.000000 0.000000	0.000000 0.000000	0.000000 0.000000	0.000000 0.000000	0.000000 0.000000	0.000000 0.000000	
4 64 5 0.540000	0.999755 0.000196	0.000489 0.000393	0.000097 0.000290	0.000210 0.000629	0.000411 0.000629	0.000202 0.000317	0.000385 0.000367	0.000097 0.000290	0.000210 0.000629	0.000201 0.000603	0.000000 0.000000	
