4 10 5 0.400000	0.999132 0.004341	0.000000 0.000000	0.000000 0.000000	0.000000 0.000000	0.000000 0.000000	0.000000 0.000000	
4 10 5 0.410000	0.999936 0.000181	0.000000 0.000000	0.000000 0.000000	0.000000 0.000000	0.000000 0.000000	0.000000 0.000000	
4 10 5 0.420000	0.999950 0.000250	0.000000 0.000000	0.000000 0.000000	0.000000 0.000000	0.000000 0.000000	0.000000 0.000000	
4 10 5 0.430000	0.999116 0.003875	0.000000 0.000000	0.000000 0.000000	0.000000 0.000000	0.000000 0.000000	0.000000 0.000000	
4 10 5 0.440000	0.999928 0.000362	0.000000 0.000000	0.000000 0.000000	0.000000 0.000000	0.000000 0.000000	0.000000 0.000000	
4 10 5 0.450000	1.000000 0.000000	0.000000 0.000000	0.000000 0.000000	0.000000 0.000000	0.000000 0.000000	0.000000 0.000000	
4 10 5 0.460000	0.999357 0.003144	0.000000 0.000000	0.000000 0.000000	0.000000 0.000000	0.000000 0.000000	0.000000 0.000000	
4 10 5 0.470000	0.999407 0.001587	0.000000 0.000000	0.000000 0.000000	0.000000 0.000000	0.000000 0.000000	0.000000 0.000000	
4 10 5 0.480000	0.999535 0.002277	0.000000 0.000000	0.000000 0.000000	0.000000 0.000000	0.000000 0.000000	0.000000 0.000000	
4 10 5 0.490000	1.000000 0.000000	0.000000 0.000000	0.000000 0.000000	0.000000 0.000000	0.000000 0.000000	0.000000 0.000000	
4 10 5 0.500000	0.999972 0.000097	0.000000 0.000000	0.000000 0.000000	0.000000 0.000000	0.000000 0.000000	0.000000 0.000000	
4 10 5 0.510000	0.999964 0.000181	0.000000 0.000000	0.000000 0.000000	0.000000 0.000000	0.000000 0.000000	0.000000 0.000000	
4 10 5 0.520000	0.999928 0.000181	0.000000 0.000000	0.000000 0.000000	0.000000 0.000000	0.000000 0.000000	0.000000 0.000000	
4 10 5 0.530000	0.999769 0.000293	0.000000 0.000000	0.000000 0.000000	0.000000 0.000000	0.000000 0.000000	0.000000 0.000000	
4 10 5 0.540000	0.999964 0.000181	0.000000 0.000000	0.000000 0.000000	0.000000 0.000000	0.000000 0.000000	0.000000 0.000000	
4 10 5 0.550000	0.999862 0.000552	0.000000 0.000000	0.000000 0.000000	0.000000 0.000000	0.000000 0.000000	0.000000 0.000000	
4 10 5 0.560000	0.999959 0.000207	0.000000 0.000000	0.000000 0.000000	0.000000 0.000000	0.000000 0.000000	0.000000 0.000000	
4 10 5 0.570000	0.999125 0.004338	0.000000 0.000000	0.000000 0.000000	0.000000 0.000000	0.000000 0.000000	0.000000 0.000000	
4 10 5 0.580000	1.000000 0.000000	0.000000 0.000000	0.000000 0.000000	0.000000 0.000000	0.000000 0.000000	0.000000 0.000000	
4 10 5 0.590000	0.999737 0.000904	0.000000 0.000000	0.000000 0.000000	0.000000 0.000000	0.000000 0.000000	0.000000 0.000000	
4 10 5 0.600000	0.999835 0.000306	0.000000 0.000000	0.000000 0.000000	0.000000 0.000000	0.000000 0.000000	0.000000 0.000000	
4 10 5 0.610000	0.999669 0.001112	0.000000 0.000000	0.000000 0.000000	0.000000 0.000000	0.000000 0.000000	0.000000 0.000000	
4 10 5 0.620000	0.999739 0.000750	0.000000 0.000000	0.000000 0.000000	0.000000 0.000000	0.000000 0.000000	0.000000 0.000000	
4 10 5 0.630000	0.999703 0.000691	0.000000 0.000000	0.000000 0.000000	0.000000 0.000000	0.000000 0.000000	0.000000 0.000000	
4 10 5 0.640000	0.999753 0.000681	0.000000 0.000000	0.000000 0.000000	0.000000 0.000000	0.000000 0.000000	0.000000 0.000000	
4 10 5 0.650000	0.998833 0.004611	0.000000 0.000000	0.000000 0.000000	0.000000 0.000000	0.000000 0.000000	0.000000 0.000000	
4 10 5 0.660000	0.998856 0.002532	0.000000 0.000000	0.000000 0.000000	0.000000 0.000000	0.000000 0.000000	0.000000 0.000000	
4 10 5 0.670000	0.999878 0.000422	0.000000 0.000000	0.000000 0.000000	0.000000 0.000000	0.000000 0.000000	0.000000 0.000000	
4 10 5 0.680000	0.999591 0.000974	0.000000 0.000000	0.000000 0.000000	0.000000 0.000000	0.000000 0.000000	0.000000 0.000000	
4 10 5 0.690000	0.999621 0.000855	0.000000 0.000000	0.000000 0.000000	0.000000 0.000000	0.000000 0.000000	0.000000 0.000000	
4 10 5 0.700000	0.999529 0.002270	0.000000 0.000000	0.000000 0.000000	0.000000 0.000000	0.000000 0.000000	0.000000 0.000000	
4 10 5 0.710000	0.999959 0.000207	0.000000 0.000000	0.000000 0.000000	0.000000 0.000000	0.000000 0.000000	0.000000 0.000000	
4 10 5 0.720000	0.998915 0.004783	0.000000 0.000000	0.000000 0.000000	0.000000 0.000000	0.000000 0.000000	0.000000 0.000000	
4 10 5 0.730000	0.999481 0.001526	0.000000 0.000000	0.000000 0.000000	0.000000 0.000000	0.000000 0.000000	0.000000 0.000000	
4 10 5 0.740000	0.998952 0.003294	0.000000 0.000000	0.000000 0.000000	0.000000 0.000000	0.000000 0.000000	0.000000 0.000000	
4 10 5 0.750000	0.999189 0.003537	0.000000 0.000000	0.000000 0.000000	0.000000 0.000000	0.000000 0.000000	0.000000 0.000000	
4 10 5 0.760000	0.999505 0.001165	0.000000 0.000000	0.000000 0.000000	0.000000 0.000000	0.000000 0.000000	0.000000 0.000000	
4 10 5 0.770000	0.998631 0.004104	0.000000 0.000000	0.000000 0.000000	0.000000 0.000000	0.000000 0.000000	0.000000 0.000000	
4 10 5 0.780000	0.998242 0.004483	0.000000 0.000000	0.000000 0.000000	0.000000 0.000000	0.000000 0.000000	0.000000 0.000000	
4 10 5 0.790000	0.999671 0.000987	0.000000 0.000000	0.000000 0.000000	0.000000 0.000000	0.000000 0.000000	0.000000 0.000000	
4 10 5 0.800000	0.999515 0.001388	0.000000 0.000000	0.000000 0.000000	0.000000 0.000000	0.000000 0.000000	0.000000 0.000000	
4 10 5 0.810000	0.997806 0.004452	0.000000 0.000000	0.000000 0.000000	0.000000 0.000000	0.000000 0.000000	0.000000 0.000000	
4 10 5 0.820000	0.999012 0.002032	0.000000 0.000000	0.000000 0.000000	0.000000 0.000000	0.000000 0.000000	0.000000 0.000000	
4 10 5 0.830000	0.999231 0.001311	0.000000 0.000000	0.000000 0.000000	0.000000 0.000000	0.000000 0.000000	0.000000 0.000000	
4 10 5 0.840000	0.998940 0.002432	0.000000 0.000000	0.000000 0.000000	0.000000 0.000000	0.000000 0.000000	0.000000 0.000000	
4 10 5 0.850000	0.998428 0.003048	0.000000 0.000000	0.000000 0.000000	0.000000 0.000000	0.000000 0.000000	0.000000 0.000000	
4 10 5 0.860000	0.998449 0.004160	0.000000 0.000000	0.000000 0.000000	0.000000 0.000000	0.000000 0.000000	0.000000 0.000000	
4 10 5 0.870000	0.998154 0.002825	0.000000 0.000000	0.000000 0.000000	0.000000 0.000000	0.000000 0.000000	0.000000 0.000000	
4 10 5 0.880000	0.998704 0.003505	0.000000 0.000000	0.000000 0.000000	0.000000 0.000000	0.000000 0.000000	0.000000 0.000000	
4 10 5 0.890000	0.998794 0.002781	0.000000 0.000000	0.000000 0.000000	0.000000 0.000000	0.000000 0.000000	0.000000 0.000000	
4 10 5 0.900000	0.998947 0.000793	0.000000 0.000000	0.000000 0.000000	0.000000 0.000000	0.000000 0.000000	0.000000 0.000000	
4 10 5 0.910000	0.998185 0.004484	0.000000 0.000000	0.000000 0.000000	0.000000 0.000000	0.000000 0.000000	0.000000 0.000000	
4 10 5 0.920000	0.998917 0.001055	0.000000 0.000000	0.000000 0.000000	0.000000 0.000000	0.000000 0.000000	0.000000 0.000000	
4 10 5 0.930000	0.998418 0.003638	0.000000 0.000000	0.000000 0.000000	0.000000 0.000000	0.000000 0.000000	0.000000 0.000000	
4 10 5 0.940000	0.998331 0.003841	0.000000 0.000000	0.000000 0.000000	0.000000 0.000000	0.000000 0.000000	0.000000 0.000000	
4 10 5 0.950000	0.998551 0.001664	0.000000 0.000000	0.000000 0.000000	0.000000 0.000000	0.000000 0.000000	0.000000 0.000000	
4 10 5 0.960000	0.998113 0.002002	0.000000 0.000000	0.000000 0.000000	0.000000 0.000000	0.000000 0.000000	0.000000 0.000000	
4 10 5 0.970000	0.997373 0.003373	0.000000 0.000000	0.000000 0.000000	0.000000 0.000000	0.000000 0.000000	0.000000 0.000000	
4 10 5 0.980000	0.998410 0.001886	0.000000 0.000000	0.000000 0.000000	0.000000 0.000000	0.000000 0.000000	0.000000 0.000000	
4 10 5 0.990000	0.998051 0.000692	0.000000 0.000000	0.000000 0.000000	0.000000 0.000000	0.000000 0.000000	0.000000 0.000000	
4 10 5 1.000000	0.997693 0.003556	0.000000 0.000000	0.000000 0.000000	0.000000 0.000000	0.000000 0.000000	0.000000 0.000000	
4 10 5 1.010000	0.997561 0.003431	0.000000 0.000000	0.000000 0.000000	0.000000 0.000000	0.000000 0.000000	0.000000 0.000000	
4 10 5 1.020000	0.997272 0.002876	0.000000 0.000000	0.000000 0.000000	0.000000 0.000000	0.000000 0.000000	0.000000 0.000000	
4 10 5 1.030000	0.996087 0.003071	0.000000 0.000000	0.000000 0.000000	0.000000 0.000000	0.000000 0.000000	0.000000 0.000000	
4 10 5 1.040000	0.997333 0.001444	0.000000 0.000000	0.000000 0.000000	0.000000 0.000000	0.000000 0.000000	0.000000 0.000000	
4 10 5 1.050000	0.997552 0.001467	0.000000 0.000000	0.000000 0.000000	0.000000 0.000000	0.000000 0.000000	0.000000 0.000000	
4 10 5 1.060000	0.996442 0.002385	0.000000 0.000000	0.000000 0.000000	0.000000 0.000000	0.000000 0.000000	0.000000 0.000000	
4 10 5 1.070000	0.996980 0.002537	0.000000 0.000000	0.000000 0.000000	0.000000 0.000000	0.000000 0.000000	0.000000 0.000000	
4 10 5 1.080000	0.996632 0.001215	0.000000 0.000000	0.000000 0.000000	0.000000 0.000000	0.000000 0.000000	0.000000 0.000000	
4 10 5 1.090000	0.996230 0.000859	0.000000 0.000000	0.000000 0.000000	0.000000 0.000000	0.000000 0.000000	0.000000 0.000000	
4 10 5 1.100000	0.995941 0.001578	0.000000 0.000000	0.000000 0.000000	0.000000 0.000000	0.000000 0.000000	0.000000 0.000000	
4 10 5 1.110000	0.995849 0.001158	0.000000 0.000000	0.000000 0.000000	0.000000 0.000000	0.000000 0.000000	0.000000 0.000000	
4 10 5 1.120000	0.995832 0.001227	0.000000 0.000000	0.000000 0.000000	0.000000 0.000000	0.000000 0.000000	0.000000 0.000000	
4 10 5 1.130000	0.995483 0.000575	0.000000 0.000000	0.000000 0.000000	0.000000 0.000000	0.000000 0.000000	0.000000 0.000000	
4 10 5 1.140000	0.995300 0.000425	0.000000 0.000000	0.000000 0.000000	0.000000 0.000000	0.000000 0.000000	0.000000 0.000000	
4 10 5 1.150000	0.994291 0.001333	0.011384 0.002651	0.000000 0.000000	0.000000 0.000000	0.000000 0.000000	0.000000 0.000000	
4 10 5 1.160000	0.993213 0.004410	0.013526 0.008754	0.000000 0.000000	0.000000 0.000000	0.000000 0.000000	0.000000 0.000000	
4 10 5 1.170000	0.994094 0.000578	0.011777 0.001148	0.000000 0.000000	0.000000 0.000000	0.000000 0.000000	0.000000 0.000000	
4 10 5 1.180000	0.992131 0.003396	0.015674 0.006742	0.000000 0.000000	0.000000 0.000000	0.000000 0.000000	0.000000 0.000000	
4 10 5 1.190000	0.993141 0.001762	0.013670 0.003500	0.000000 0.000000	0.000000 0.000000	0.000000 0.000000	0.000000 0.000000	
4 10 5 1.200000	0.992478 0.004505	0.014985 0.008936	0.000000 0.000000	0.000000 0.000000	0.000000 0.000000	0.000000 0.000000	
4 10 5 1.210000	0.991843 0.003413	0.016245 0.006768	0.000000 0.000000	0.000000 0.000000	0.000000 0.000000	0.000000 0.000000	
4 10 5 1.220000	0.991400 0.004856	0.017123 0.009618	0.000000 0.000000	0.000000 0.000000	0.000000 0.000000	0.000000 0.000000	
4 10 5 1.230000	0.990795 0.004432	0.018321 0.008780	0.000000 0.000000	0.000000 0.000000	0.000000 0.000000	0.000000 0.000000	
4 10 5 1.240000	0.989858 0.004794	0.020177 0.009488	0.000000 0.000000	0.000000 0.000000	0.000000 0.000000	0.000000 0.000000	
4 10 5 1.250000	0.989623 0.003574	0.020645 0.007073	0.000000 0.000000	0.000000 0.000000	0.000000 0.000000	0.000000 0.000000	
4 10 5 1.260000	0.988632 0.003814	0.022603 0.007537	0.000000 0.000000	0.000000 0.000000	0.000000 0.000000	0.000000 0.000000	
4 10 5 1.270000	0.987725 0.003419	0.024398 0.006755	0.000000 0.000000	0.000000 0.000000	0.000000 0.000000	0.000000 0.000000	
4 10 5 1.280000	0.988990 0.004864	0.021896 0.009615	0.000000 0.000000	0.000000 0.000000	0.000000 0.000000	0.000000 0.000000	
4 10 5 1.290000	0.988616 0.001770	0.022637 0.003499	0.000000 0.000000	0.000000 0.000000	0.000000 0.000000	0.000000 0.000000	
4 10 5 1.300000	0.987592 0.000812	0.024661 0.001603	0.000000 0.000000	0.000000 0.000000	0.000000 0.000000	0.000000 0.000000	
4 10 5 1.310000	0.985856 0.004409	0.028086 0.008694	0.000000 0.000000	0.000000 0.000000	0.000000 0.000000	0.000000 0.000000	
4 10 5 1.320000	0.984875 0.002605	0.030021 0.005132	0.000000 0.000000	0.000000 0.000000	0.000000 0.000000	0.000000 0.000000	
4 10 5 1.330000	0.985415 0.004233	0.028955 0.008336	0.000000 0.000000	0.000000 0.000000	0.000000 0.000000	0.000000 0.000000	
4 10 5 1.340000	0.984338 0.004403	0.031075 0.008662	0.000000 0.000000	0.000000 0.000000	0.000000 0.000000	0.000000 0.000000	
4 10 5 1.350000	0.982054 0.002869	0.035569 0.005636	0.000000 0.000000	0.000000 0.000000	0.000000 0.000000	0.000000 0.000000	
4 10 5 1.360000	0.983057 0.004186	0.033597 0.008221	0.000000 0.000000	0.000000 0.000000	0.000000 0.000000	0.000000 0.000000	
4 10 5 1.370000	0.981194 0.004807	0.037254 0.009437	0.000000 0.000000	0.000000 0.000000	0.000000 0.000000	0.000000 0.000000	
4 10 5 1.380000	0.981154 0.004851	0.037335 0.009509	0.000000 0.000000	0.000000 0.000000	0.000000 0.000000	0.000000 0.000000	
4 10 5 1.390000	0.978565 0.004584	0.042407 0.008972	0.000000 0.000000	0.000000 0.000000	0.000000 0.000000	0.000000 0.000000	
4 10 5 1.400000	0.979509 0.003598	0.040561 0.007051	0.000000 0.000000	0.000000 0.000000	0.000000 0.000000	0.000000 0.000000	
4 10 5 1.410000	0.978715 0.001505	0.042116 0.002947	0.000000 0.000000	0.000000 0.000000	0.000000 0.000000	0.000000 0.000000	
4 10 5 1.420000	0.977663 0.004535	0.044173 0.008866	0.000000 0.000000	0.000000 0.000000	0.000000 0.000000	0.000000 0.000000	
4 10 5 1.430000	0.975718 0.001912	0.047974 0.003731	0.000000 0.000000	0.000000 0.000000	0.000000 0.000000	0.000000 0.000000	
4 10 5 1.440000	0.976151 0.004342	0.047126 0.008479	0.000000 0.000000	0.000000 0.000000	0.000000 0.000000	0.000000 0.000000	
4 10 5 1.450000	0.974832 0.004514	0.049701 0.008805	0.000000 0.000000	0.000000 0.000000	0.000000 0.000000	0.000000 0.000000	
4 10 5 1.460000	0.973432 0.004563	0.052427 0.008881	0.000000 0.000000	0.000000 0.000000	0.000000 0.000000	0.000000 0.000000	
4 10 5 1.470000	0.969394 0.005088	0.060273 0.009863	0.000000 0.000000	0.000000 0.000000	0.001949 0.009747	0.000000 0.000000	
4 10 5 1.480000	0.971936 0.005058	0.055337 0.009825	0.000000 0.000000	0.000000 0.000000	0.000000 0.000000	0.000000 0.000000	
4 10 5 1.490000	0.970030 0.004707	0.059039 0.009127	0.000000 0.000000	0.000000 0.000000	0.000000 0.000000	0.000000 0.000000	
4 10 5 1.500000	0.967035 0.003737	0.064841 0.007227	0.000000 0.000000	0.000000 0.000000	0.000000 0.000000	0.000000 0.000000	
4 10 5 1.510000	0.967187 0.004969	0.064547 0.009612	0.000000 0.000000	0.000000 0.000000	0.000000 0.000000	0.000000 0.000000	
4 10 5 1.520000	0.962895 0.004965	0.072831 0.009566	0.000000 0.000000	0.000000 0.000000	0.000000 0.000000	0.000000 0.000000	
4 10 5 1.530000	0.965161 0.002789	0.068463 0.005381	0.000000 0.000000	0.000000 0.000000	0.000000 0.000000	0.000000 0.000000	
4 10 5 1.540000	0.964938 0.004814	0.068891 0.009290	0.000000 0.000000	0.000000 0.000000	0.000000 0.000000	0.000000 0.000000	
4 10 5 1.550000	0.962978 0.004249	0.072670 0.008184	0.000000 0.000000	0.000000 0.000000	0.000000 0.000000	0.000000 0.000000	
4 10 5 1.560000	0.959791 0.004939	0.078798 0.009476	0.000000 0.000000	0.000000 0.000000	0.000000 0.000000	0.000000 0.000000	
4 10 5 1.570000	0.959224 0.003600	0.079888 0.006908	0.000000 0.000000	0.000000 0.000000	0.000000 0.000000	0.000000 0.000000	
4 10 5 1.580000	0.956498 0.003340	0.085111 0.006390	0.000000 0.000000	0.000000 0.000000	0.000000 0.000000	0.000000 0.000000	
4 10 5 1.590000	0.954358 0.003245	0.089199 0.006197	0.001956 0.009782	0.000000 0.000000	0.000000 0.000000	0.000000 0.000000	
4 10 5 1.600000	0.953730 0.004414	0.090396 0.008412	0.001854 0.009269	0.000000 0.000000	0.000000 0.000000	0.000000 0.000000	
4 10 5 1.610000	0.950002 0.005020	0.097493 0.009530	0.000000 0.000000	0.000000 0.000000	0.000000 0.000000	0.000000 0.000000	
4 10 5 1.620000	0.948192 0.004649	0.100930 0.008813	0.000000 0.000000	0.000000 0.000000	0.000000 0.000000	0.000000 0.000000	
4 10 5 1.630000	0.947310 0.004851	0.102600 0.009188	0.003857 0.009657	0.000000 0.000000	0.000000 0.000000	0.000000 0.000000	
4 10 5 1.640000	0.944730 0.002501	0.107485 0.004728	0.000000 0.000000	0.000000 0.000000	0.000000 0.000000	0.001930 0.009649	
4 10 5 1.650000	0.943229 0.004361	0.110317 0.008225	0.000000 0.000000	0.000000 0.000000	0.000000 0.000000	0.000000 0.000000	
4 10 5 1.660000	0.941046 0.004418	0.114429 0.008323	0.000000 0.000000	0.000000 0.000000	0.000000 0.000000	0.000000 0.000000	
4 10 5 1.670000	0.939627 0.003655	0.117099 0.006865	0.000000 0.000000	0.000000 0.000000	0.000000 0.000000	0.000000 0.000000	
4 10 5 1.680000	0.935124 0.005246	0.125540 0.009815	0.000000 0.000000	0.000000 0.000000	0.000000 0.000000	0.000000 0.000000	
4 10 5 1.690000	0.935568 0.003608	0.124710 0.006748	0.001797 0.008983	0.000000 0.000000	0.000000 0.000000	0.000000 0.000000	
4 10 5 1.700000	0.932167 0.001610	0.131065 0.003002	0.000000 0.000000	0.000000 0.000000	0.000000 0.000000	0.000000 0.000000	
4 10 5 1.710000	0.929945 0.005359	0.135199 0.009967	0.000000 0.000000	0.000000 0.000000	0.000000 0.000000	0.000000 0.000000	
4 10 5 1.720000	0.924264 0.005289	0.145732 0.009768	0.000000 0.000000	0.000000 0.000000	0.000000 0.000000	0.000000 0.000000	
4 10 5 1.730000	0.923538 0.005181	0.147075 0.009568	0.000000 0.000000	0.000000 0.000000	0.000000 0.000000	0.000000 0.000000	
4 10 5 1.740000	0.920349 0.005261	0.152954 0.009685	0.000000 0.000000	0.000000 0.000000	0.000000 0.000000	0.000000 0.000000	
4 10 5 1.750000	0.916060 0.004034	0.160832 0.007386	0.001986 0.009931	0.000000 0.000000	0.000000 0.000000	0.000000 0.000000	
4 10 5 1.760000	0.913793 0.001636	0.164982 0.002989	0.000000 0.000000	0.000000 0.000000	0.000000 0.000000	0.000000 0.000000	
4 10 5 1.770000	0.908269 0.005428	0.175045 0.009855	0.000000 0.000000	0.000000 0.000000	0.000000 0.000000	0.000000 0.000000	
4 10 5 1.780000	0.907621 0.004474	0.176221 0.008116	0.001949 0.009743	0.000000 0.000000	0.000000 0.000000	0.000000 0.000000	
4 10 5 1.790000	0.903114 0.002480	0.184384 0.004478	0.000000 0.000000	0.000000 0.000000	0.000000 0.000000	0.000000 0.000000	
4 10 5 1.800000	0.898877 0.004544	0.192017 0.008166	0.000000 0.000000	0.000000 0.000000	0.000000 0.000000	0.000000 0.000000	
4 10 5 1.810000	0.894144 0.005373	0.200504 0.009603	0.011482 0.002296	0.000000 0.000000	0.000000 0.000000	0.000000 0.000000	
4 10 5 1.820000	0.891772 0.001336	0.204743 0.002382	0.011828 0.002801	0.000000 0.000000	0.000000 0.000000	0.000000 0.000000	
4 10 5 1.830000	0.888396 0.005622	0.210748 0.009981	0.010622 0.002064	0.000000 0.000000	0.000000 0.000000	0.000000 0.000000	
4 10 5 1.840000	0.881796 0.003997	0.222434 0.007043	0.013309 0.006945	0.000000 0.000000	0.000000 0.000000	0.000000 0.000000	
4 10 5 1.850000	0.877466 0.005648	0.230050 0.009906	0.012790 0.004372	0.001921 0.009603	0.000000 0.000000	0.000000 0.000000	
4 10 5 1.860000	0.871626 0.005209	0.240264 0.009077	0.014971 0.007760	0.001918 0.009591	0.000000 0.000000	0.000000 0.000000	
4 10 5 1.870000	0.867572 0.005734	0.247315 0.009947	0.014982 0.002436	0.000000 0.000000	0.000000 0.000000	0.000000 0.000000	
4 10 5 1.880000	0.862575 0.005753	0.255961 0.009933	0.019042 0.007664	0.000000 0.000000	0.000000 0.000000	0.000000 0.000000	
4 10 5 1.890000	0.855989 0.005733	0.267278 0.009817	0.017373 0.006837	0.000000 0.000000	0.000000 0.000000	0.000000 0.000000	
4 10 5 1.900000	0.851083 0.005680	0.275654 0.009659	0.019380 0.005239	0.000000 0.000000	0.000000 0.000000	0.000000 0.000000	
4 10 5 1.910000	0.842767 0.005813	0.289739 0.009806	0.019342 0.003712	0.000000 0.000000	0.000000 0.000000	0.000000 0.000000	
4 10 5 1.920000	0.030581 0.008534	0.999054 0.000515	0.144298 0.005550	0.025762 0.006507	0.000000 0.000000	0.000000 0.000000	
4 10 5 1.930000	0.034597 0.009299	0.998793 0.000642	0.143655 0.009242	0.026189 0.005696	0.000000 0.000000	0.000000 0.000000	
4 10 5 1.940000	0.028715 0.004201	0.999173 0.000238	0.140992 0.009750	0.024471 0.004380	0.000000 0.000000	0.000000 0.000000	
4 10 5 1.950000	0.026298 0.008683	0.999299 0.000462	0.138794 0.009621	0.024587 0.006603	0.000000 0.000000	0.000000 0.000000	
4 10 5 1.960000	0.025109 0.008512	0.999362 0.000437	0.136815 0.009676	0.022669 0.004752	0.000000 0.000000	0.000000 0.000000	
4 10 5 1.970000	0.025672 0.009675	0.999329 0.000515	0.138250 0.009076	0.020148 0.008262	0.000000 0.000000	0.000000 0.000000	
4 10 5 1.980000	0.024328 0.009785	0.999395 0.000487	0.138845 0.009186	0.023422 0.009812	0.000000 0.000000	0.000000 0.000000	
4 10 5 1.990000	0.025603 0.009541	0.999333 0.000505	0.134511 0.005858	0.023776 0.005386	0.000000 0.000000	0.000000 0.000000	
4 10 5 2.000000	0.026297 0.009286	0.999291 0.000476	0.131094 0.007657	0.020514 0.003652	0.000000 0.000000	0.000000 0.000000	
4 10 5 2.010000	0.022888 0.006422	0.999469 0.000290	0.132844 0.008004	0.019599 0.007269	0.000000 0.000000	0.000000 0.000000	
4 10 5 2.020000	0.020920 0.003350	0.999561 0.000138	0.128357 0.009828	0.019149 0.005606	0.000000 0.000000	0.000000 0.000000	
4 10 5 2.030000	0.021924 0.008450	0.999507 0.000380	0.133159 0.007924	0.021692 0.007315	0.000000 0.000000	0.000000 0.000000	
4 10 5 2.040000	0.022038 0.008913	0.999505 0.000400	0.126272 0.005522	0.018028 0.008853	0.000000 0.000000	0.000000 0.000000	
4 10 5 2.050000	0.021476 0.007071	0.999532 0.000305	0.131507 0.007127	0.014483 0.006685	0.000000 0.000000	0.000000 0.000000	
4 10 5 2.060000	0.022636 0.009730	0.999472 0.000441	0.124930 0.006447	0.016344 0.008434	0.000000 0.000000	0.000000 0.000000	
4 10 5 2.070000	0.019907 0.004279	0.999600 0.000168	0.125218 0.005666	0.017388 0.009112	0.000000 0.000000	0.000000 0.000000	
4 10 5 2.080000	0.021339 0.007692	0.999537 0.000346	0.128731 0.009880	0.017335 0.007505	0.000000 0.000000	0.000000 0.000000	
4 10 5 2.090000	0.021167 0.005471	0.999547 0.000233	0.124573 0.009656	0.017662 0.003227	0.000000 0.000000	0.000000 0.000000	
4 10 5 2.100000	0.022271 0.005936	0.999498 0.000272	0.123553 0.009032	0.018759 0.007744	0.000000 0.000000	0.000000 0.000000	
4 10 5 2.110000	0.018299 0.008759	0.999657 0.000308	0.124563 0.006044	0.017030 0.005170	0.001963 0.009814	0.000000 0.000000	
4 10 5 2.120000	0.018619 0.005883	0.999649 0.000216	0.119642 0.009377	0.016437 0.009411	0.000000 0.000000	0.000000 0.000000	
4 10 5 2.130000	0.020622 0.007435	0.999567 0.000315	0.119864 0.004803	0.017971 0.008801	0.000000 0.000000	0.000000 0.000000	
4 10 5 2.140000	0.018425 0.009315	0.999650 0.000343	0.118363 0.009922	0.015245 0.008505	0.000000 0.000000	0.000000 0.000000	
4 10 5 2.150000	0.018375 0.001352	0.999662 0.000049	0.118398 0.009444	0.016872 0.006954	0.000000 0.000000	0.000000 0.000000	
4 10 5 2.160000	0.018359 0.006414	0.999658 0.000233	0.118511 0.009938	0.015713 0.005938	0.000000 0.000000	0.000000 0.000000	
4 10 5 2.170000	0.017260 0.008030	0.999694 0.000271	0.115603 0.005176	0.017279 0.005446	0.000000 0.000000	0.000000 0.000000	
4 10 5 2.180000	0.017830 0.006818	0.999677 0.000239	0.114933 0.006085	0.015853 0.007892	0.000000 0.000000	0.000000 0.000000	
4 10 5 2.190000	0.021381 0.008086	0.999535 0.000363	0.112448 0.009118	0.014009 0.008548	0.000000 0.000000	0.000000 0.000000	
4 10 5 2.200000	0.018995 0.007185	0.999631 0.000276	0.114286 0.009716	0.016146 0.003814	0.000000 0.000000	0.000000 0.000000	
4 10 5 2.210000	0.017343 0.002469	0.999698 0.000086	0.113773 0.006981	0.014284 0.008482	0.000000 0.000000	0.000000 0.000000	
4 10 5 2.220000	0.019421 0.008734	0.999612 0.000307	0.113237 0.008354	0.013594 0.008655	0.000000 0.000000	0.000000 0.000000	
4 10 5 2.230000	0.016971 0.004092	0.999710 0.000141	0.111749 0.004619	0.014246 0.007353	0.000000 0.000000	0.000000 0.000000	
4 10 5 2.240000	0.014063 0.009207	0.999793 0.000271	0.108668 0.009554	0.013064 0.004989	0.000000 0.000000	0.000000 0.000000	
4 10 5 2.250000	0.017263 0.002547	0.999701 0.000086	0.108224 0.005737	0.012632 0.005775	0.000000 0.000000	0.000000 0.000000	
4 10 5 2.260000	0.020069 0.005431	0.999593 0.000223	0.108196 0.009110	0.014186 0.003277	0.000000 0.000000	0.000000 0.000000	
4 10 5 2.270000	0.017019 0.003407	0.999709 0.000118	0.108878 0.008058	0.012375 0.004400	0.000000 0.000000	0.000000 0.000000	
4 10 5 2.280000	0.016810 0.005888	0.999712 0.000192	0.109007 0.009985	0.016541 0.005820	0.000000 0.000000	0.000000 0.000000	
4 10 5 2.290000	0.017808 0.004340	0.999681 0.000151	0.109435 0.002250	0.012708 0.005777	0.000000 0.000000	0.000000 0.000000	
4 10 5 2.300000	0.016034 0.005157	0.999740 0.000171	0.105177 0.009537	0.014772 0.007567	0.000000 0.000000	0.000000 0.000000	
4 10 5 2.310000	0.015467 0.003744	0.999759 0.000117	0.105332 0.006424	0.011874 0.002938	0.000000 0.000000	0.000000 0.000000	
4 10 5 2.320000	0.018145 0.007921	0.999662 0.000314	0.107295 0.009528	0.011847 0.005543	0.000000 0.000000	0.000000 0.000000	
4 10 5 2.330000	0.016913 0.008206	0.999706 0.000281	0.106131 0.004796	0.013238 0.004912	0.000000 0.000000	0.000000 0.000000	
4 10 5 2.340000	0.017192 0.003702	0.999703 0.000130	0.106250 0.006326	0.011626 0.003405	0.000000 0.000000	0.000000 0.000000	
4 10 5 2.350000	0.017489 0.003069	0.999693 0.000107	0.102697 0.002786	0.011270 0.001998	0.000000 0.000000	0.000000 0.000000	
4 10 5 2.360000	0.013968 0.006325	0.999799 0.000186	0.098483 0.008500	0.011823 0.004838	0.000000 0.000000	0.000000 0.000000	
4 10 5 2.370000	0.015282 0.004003	0.999765 0.000119	0.104544 0.006707	0.013734 0.006914	0.000000 0.000000	0.000000 0.000000	
4 10 5 2.380000	0.016426 0.002553	0.999729 0.000085	0.102452 0.002974	0.011209 0.003530	0.000000 0.000000	0.000000 0.000000	
4 10 5 2.390000	0.015836 0.005731	0.999745 0.000176	0.103536 0.006837	0.011934 0.002130	0.000000 0.000000	0.000000 0.000000	
4 10 5 2.400000	0.016848 0.003612	0.999715 0.000121	0.101674 0.007601	0.001967 0.009835	0.000000 0.000000	0.000000 0.000000	
4 10 5 2.410000	0.016971 0.006820	0.999707 0.000226	0.102891 0.009940	0.011358 0.002814	0.000000 0.000000	0.000000 0.000000	
4 10 5 2.420000	0.015386 0.002941	0.999762 0.000090	0.098124 0.003390	0.001984 0.009920	0.000000 0.000000	0.000000 0.000000	
4 10 5 2.430000	0.015868 0.002296	0.999748 0.000072	0.100211 0.002640	0.010968 0.001879	0.000000 0.000000	0.000000 0.000000	
4 10 5 2.440000	0.015704 0.002322	0.999752 0.000072	0.099031 0.000941	0.010467 0.000788	0.000000 0.000000	0.000000 0.000000	
4 10 5 2.450000	0.013960 0.003574	0.999804 0.000101	0.099690 0.007931	0.001916 0.009580	0.000000 0.000000	0.000000 0.000000	
4 10 5 2.460000	0.016255 0.007861	0.999728 0.000266	0.097563 0.008101	0.012113 0.003047	0.000000 0.000000	0.000000 0.000000	
4 10 5 2.470000	0.016497 0.005280	0.999723 0.000172	0.098119 0.009119	0.000000 0.000000	0.000000 0.000000	0.000000 0.000000	
4 10 5 2.480000	0.015741 0.001741	0.999752 0.000056	0.097754 0.003335	0.000000 0.000000	0.000000 0.000000	0.000000 0.000000	
4 10 5 2.490000	0.013804 0.002587	0.999808 0.000072	0.096998 0.003397	0.000000 0.000000	0.000000 0.000000	0.000000 0.000000	
4 10 5 2.500000	0.014647 0.003557	0.999784 0.000106	0.095868 0.004076	0.000000 0.000000	0.000000 0.000000	0.000000 0.000000	
