4 32 100 0.400000	0.997779 0.004073	0.000000 0.000000	0.000000 0.000000	0.000000 0.000000	0.000000 0.000000	0.000000 0.000000	0.000000 0.000000	0.000000 0.000000	0.000000 0.000000	0.000000 0.000000	0.000000 0.000000	
4 32 100 0.410000	0.980219 0.005075	0.039166 0.009944	0.011047 0.006555	0.000000 0.000000	0.002986 0.008039	0.003390 0.007476	0.002984 0.006152	0.002734 0.004154	0.003675 0.001984	0.001783 0.005350	0.002937 0.006472	
4 32 100 0.420000	0.034394 0.003188	0.998815 0.000223	0.089219 0.009602	0.020785 0.004509	0.017754 0.009590	0.015061 0.004539	0.014303 0.003036	0.011189 0.003313	0.009000 0.004263	0.005465 0.005273	0.005633 0.002014	
4 32 100 0.430000	0.974786 0.005106	0.049787 0.009946	0.010023 0.006013	0.005340 0.002491	0.009259 0.003422	0.004445 0.002008	0.004135 0.006956	0.005818 0.003886	0.002542 0.007626	0.007436 0.005004	0.002851 0.007862	
4 32 100 0.440000	0.988115 0.005017	0.023623 0.009908	0.004808 0.005224	0.005299 0.003535	0.002148 0.006445	0.002213 0.003629	0.003526 0.002925	0.001595 0.004367	0.001768 0.001631	0.002443 0.004402	0.000000 0.000000	
4 32 100 0.450000	0.024621 0.001374	0.999393 0.000068	0.078013 0.003972	0.017996 0.003477	0.015050 0.005750	0.011683 0.009275	0.011178 0.002341	0.006464 0.009538	0.006043 0.003720	0.005370 0.007313	0.001582 0.002593	
4 32 100 0.460000	0.026157 0.005581	0.999311 0.000291	0.079782 0.005517	0.022795 0.009713	0.013957 0.005905	0.014967 0.004681	0.011011 0.001380	0.006634 0.007033	0.005034 0.005673	0.007644 0.007946	0.004866 0.003400	
4 32 100 0.470000	0.992457 0.004982	0.015024 0.009883	0.001891 0.004374	0.004314 0.005793	0.001091 0.002728	0.001318 0.002460	0.001376 0.004128	0.002400 0.005102	0.000577 0.001730	0.001293 0.000702	0.000533 0.001599	
4 32 100 0.480000	0.003946 0.004283	0.999981 0.000030	0.070941 0.008860	0.007473 0.009314	0.001413 0.003259	0.002169 0.001746	0.000402 0.000979	0.001673 0.005019	0.000076 0.000229	0.000160 0.000251	0.001749 0.003052	
4 32 100 0.490000	0.996397 0.004970	0.007190 0.009902	0.001661 0.002511	0.001855 0.003390	0.000395 0.000370	0.000482 0.001170	0.002196 0.004946	0.000000 0.000000	0.000000 0.000000	0.000381 0.000662	0.000714 0.001242	
4 32 100 0.500000	0.001760 0.001457	0.999997 0.000005	0.062623 0.004288	0.004542 0.003783	0.002269 0.003288	0.000168 0.000504	0.000336 0.001009	0.000840 0.001262	0.001177 0.002521	0.001259 0.003026	0.000251 0.000752	
4 32 100 0.510000	0.000926 0.001537	0.999999 0.000002	0.059679 0.003028	0.003113 0.004041	0.001009 0.002273	0.000589 0.001766	0.000084 0.000253	0.000588 0.001010	0.002019 0.004292	0.001515 0.003030	0.000420 0.000756	
4 32 100 0.520000	0.002654 0.004848	0.999988 0.000033	0.058602 0.007912	0.007031 0.005776	0.001952 0.002325	0.001139 0.003418	0.000953 0.001935	0.001952 0.004850	0.000185 0.000472	0.000185 0.000556	0.000140 0.000420	
4 32 100 0.530000	0.003729 0.005521	0.999980 0.000049	0.057892 0.009041	0.005788 0.001563	0.001245 0.003735	0.002589 0.005761	0.000083 0.000248	0.001496 0.002978	0.000064 0.000503	0.000336 0.001007	0.000653 0.000760	
4 32 100 0.540000	0.979150 0.002210	0.041264 0.004327	0.015637 0.004477	0.012768 0.008172	0.013315 0.004556	0.009559 0.002134	0.007683 0.003055	0.007257 0.009992	0.007478 0.000492	0.004140 0.004233	0.005782 0.006606	
4 32 100 0.550000	0.001355 0.000726	0.999998 0.000002	0.049830 0.006564	0.002944 0.002019	0.000924 0.002271	0.000672 0.002017	0.000504 0.001513	0.001346 0.002776	0.000672 0.002017	0.000168 0.000504	0.000419 0.001007	
4 32 100 0.560000	0.000877 0.000239	0.999999 0.000000	0.049073 0.008333	0.001262 0.002777	0.000589 0.001262	0.000926 0.002777	0.001262 0.002524	0.000505 0.001262	0.000505 0.001514	0.000336 0.000757	0.000757 0.002272	
