4 48 3 0.400000	1.000000 0.000000	0.000000 0.000000	0.000000 0.000000	0.000000 0.000000	0.000000 0.000000	0.000000 0.000000	0.000000 0.000000	0.000000 0.000000	0.000000 0.000000	0.000000 0.000000	0.000000 0.000000	
4 48 3 0.410000	1.000000 0.000000	0.000000 0.000000	0.000000 0.000000	0.000000 0.000000	0.000000 0.000000	0.000000 0.000000	0.000000 0.000000	0.000000 0.000000	0.000000 0.000000	0.000000 0.000000	0.000000 0.000000	
4 48 3 0.420000	1.000000 0.000000	0.000000 0.000000	0.000000 0.000000	0.000000 0.000000	0.000000 0.000000	0.000000 0.000000	0.000000 0.000000	0.000000 0.000000	0.000000 0.000000	0.000000 0.000000	0.000000 0.000000	
4 48 3 0.430000	1.000000 0.000000	0.000000 0.000000	0.000000 0.000000	0.000000 0.000000	0.000000 0.000000	0.000000 0.000000	0.000000 0.000000	0.000000 0.000000	0.000000 0.000000	0.000000 0.000000	0.000000 0.000000	
4 48 3 0.440000	1.000000 0.000000	0.000000 0.000000	0.000000 0.000000	0.000000 0.000000	0.000000 0.000000	0.000000 0.000000	0.000000 0.000000	0.000000 0.000000	0.000000 0.000000	0.000000 0.000000	0.000000 0.000000	
4 48 3 0.450000	1.000000 0.000000	0.000000 0.000000	0.000000 0.000000	0.000000 0.000000	0.000000 0.000000	0.000000 0.000000	0.000000 0.000000	0.000000 0.000000	0.000000 0.000000	0.000000 0.000000	0.000000 0.000000	
4 48 3 0.460000	1.000000 0.000001	0.000000 0.000000	0.000000 0.000000	0.000000 0.000000	0.000000 0.000000	0.000000 0.000000	0.000000 0.000000	0.000000 0.000000	0.000000 0.000000	0.000000 0.000000	0.000000 0.000000	
4 48 3 0.470000	1.000000 0.000000	0.000000 0.000000	0.000000 0.000000	0.000000 0.000000	0.000000 0.000000	0.000000 0.000000	0.000000 0.000000	0.000000 0.000000	0.000000 0.000000	0.000000 0.000000	0.000000 0.000000	
4 48 3 0.480000	1.000000 0.000000	0.000000 0.000000	0.000000 0.000000	0.000000 0.000000	0.000000 0.000000	0.000000 0.000000	0.000000 0.000000	0.000000 0.000000	0.000000 0.000000	0.000000 0.000000	0.000000 0.000000	
4 48 3 0.490000	1.000000 0.000000	0.000000 0.000000	0.000000 0.000000	0.000000 0.000000	0.000000 0.000000	0.000000 0.000000	0.000000 0.000000	0.000000 0.000000	0.000000 0.000000	0.000000 0.000000	0.000000 0.000000	
4 48 3 0.500000	1.000000 0.000000	0.000000 0.000000	0.000000 0.000000	0.000000 0.000000	0.000000 0.000000	0.000000 0.000000	0.000000 0.000000	0.000000 0.000000	0.000000 0.000000	0.000000 0.000000	0.000000 0.000000	
4 48 3 0.510000	1.000000 0.000000	0.000000 0.000000	0.000000 0.000000	0.000000 0.000000	0.000000 0.000000	0.000000 0.000000	0.000000 0.000000	0.000000 0.000000	0.000000 0.000000	0.000000 0.000000	0.000000 0.000000	
4 48 3 0.520000	0.999999 0.000001	0.000000 0.000000	0.000000 0.000000	0.000000 0.000000	0.000000 0.000000	0.000000 0.000000	0.000000 0.000000	0.000000 0.000000	0.000000 0.000000	0.000000 0.000000	0.000000 0.000000	
4 48 3 0.530000	0.999999 0.000001	0.000000 0.000000	0.000000 0.000000	0.000000 0.000000	0.000000 0.000000	0.000000 0.000000	0.000000 0.000000	0.000000 0.000000	0.000000 0.000000	0.000000 0.000000	0.000000 0.000000	
4 48 3 0.540000	0.999998 0.000002	0.000000 0.000000	0.000000 0.000000	0.000000 0.000000	0.000000 0.000000	0.000000 0.000000	0.000000 0.000000	0.000000 0.000000	0.000000 0.000000	0.000000 0.000000	0.000000 0.000000	
4 48 3 0.550000	0.999998 0.000001	0.000000 0.000000	0.000000 0.000000	0.000000 0.000000	0.000000 0.000000	0.000000 0.000000	0.000000 0.000000	0.000000 0.000000	0.000000 0.000000	0.000000 0.000000	0.000000 0.000000	
4 48 3 0.560000	0.999998 0.000001	0.000000 0.000000	0.000000 0.000000	0.000000 0.000000	0.000000 0.000000	0.000000 0.000000	0.000000 0.000000	0.000000 0.000000	0.000000 0.000000	0.000000 0.000000	0.000000 0.000000	
4 48 3 0.570000	0.999998 0.000001	0.000000 0.000000	0.000000 0.000000	0.000000 0.000000	0.000000 0.000000	0.000000 0.000000	0.000000 0.000000	0.000000 0.000000	0.000000 0.000000	0.000000 0.000000	0.000000 0.000000	
4 48 3 0.580000	0.999998 0.000001	0.000000 0.000000	0.000000 0.000000	0.000000 0.000000	0.000000 0.000000	0.000000 0.000000	0.000000 0.000000	0.000000 0.000000	0.000000 0.000000	0.000000 0.000000	0.000000 0.000000	
4 48 3 0.590000	0.999997 0.000001	0.000000 0.000000	0.000000 0.000000	0.000000 0.000000	0.000000 0.000000	0.000000 0.000000	0.000000 0.000000	0.000000 0.000000	0.000000 0.000000	0.000000 0.000000	0.000000 0.000000	
4 48 3 0.600000	0.999995 0.000002	0.000000 0.000000	0.000000 0.000000	0.000000 0.000000	0.000000 0.000000	0.000000 0.000000	0.000000 0.000000	0.000000 0.000000	0.000000 0.000000	0.000000 0.000000	0.000000 0.000000	
4 48 3 0.610000	0.999994 0.000007	0.000000 0.000000	0.000000 0.000000	0.000000 0.000000	0.000000 0.000000	0.000000 0.000000	0.000000 0.000000	0.000000 0.000000	0.000000 0.000000	0.000000 0.000000	0.000000 0.000000	
4 48 3 0.620000	0.999993 0.000001	0.000000 0.000000	0.000000 0.000000	0.000000 0.000000	0.000000 0.000000	0.000000 0.000000	0.000000 0.000000	0.000000 0.000000	0.000000 0.000000	0.000000 0.000000	0.000000 0.000000	
4 48 3 0.630000	0.999990 0.000003	0.000000 0.000000	0.000000 0.000000	0.000000 0.000000	0.000000 0.000000	0.000000 0.000000	0.000000 0.000000	0.000000 0.000000	0.000000 0.000000	0.000000 0.000000	0.000000 0.000000	
4 48 3 0.640000	0.999990 0.000004	0.000000 0.000000	0.000000 0.000000	0.000000 0.000000	0.000000 0.000000	0.000000 0.000000	0.000000 0.000000	0.000000 0.000000	0.000000 0.000000	0.000000 0.000000	0.000000 0.000000	
4 48 3 0.650000	0.999988 0.000003	0.000000 0.000000	0.000000 0.000000	0.000000 0.000000	0.000000 0.000000	0.000000 0.000000	0.000000 0.000000	0.000000 0.000000	0.000000 0.000000	0.000000 0.000000	0.000000 0.000000	
4 48 3 0.660000	0.999984 0.000000	0.000000 0.000000	0.000000 0.000000	0.000000 0.000000	0.000000 0.000000	0.000000 0.000000	0.000000 0.000000	0.000000 0.000000	0.000000 0.000000	0.000000 0.000000	0.000000 0.000000	
4 48 3 0.670000	0.999980 0.000004	0.000000 0.000000	0.000000 0.000000	0.000000 0.000000	0.000000 0.000000	0.000000 0.000000	0.000000 0.000000	0.000000 0.000000	0.000000 0.000000	0.000000 0.000000	0.000000 0.000000	
4 48 3 0.680000	0.999977 0.000009	0.000000 0.000000	0.000000 0.000000	0.000000 0.000000	0.000000 0.000000	0.000000 0.000000	0.000000 0.000000	0.000000 0.000000	0.000000 0.000000	0.000000 0.000000	0.000000 0.000000	
4 48 3 0.690000	0.999974 0.000003	0.000000 0.000000	0.000000 0.000000	0.000000 0.000000	0.000000 0.000000	0.000000 0.000000	0.000000 0.000000	0.000000 0.000000	0.000000 0.000000	0.000000 0.000000	0.000000 0.000000	
4 48 3 0.700000	0.999968 0.000008	0.000000 0.000000	0.000000 0.000000	0.000000 0.000000	0.000000 0.000000	0.000000 0.000000	0.000000 0.000000	0.000000 0.000000	0.000000 0.000000	0.000000 0.000000	0.000000 0.000000	
4 48 3 0.710000	0.999962 0.000009	0.000000 0.000000	0.000000 0.000000	0.000000 0.000000	0.000000 0.000000	0.000000 0.000000	0.000000 0.000000	0.000000 0.000000	0.000000 0.000000	0.000000 0.000000	0.000000 0.000000	
4 48 3 0.720000	0.999957 0.000001	0.000000 0.000000	0.000000 0.000000	0.000000 0.000000	0.000000 0.000000	0.000000 0.000000	0.000000 0.000000	0.000000 0.000000	0.000000 0.000000	0.000000 0.000000	0.000000 0.000000	
4 48 3 0.730000	0.999948 0.000004	0.000105 0.000008	0.000069 0.000108	0.000069 0.000108	0.000071 0.000108	0.000105 0.000008	0.000105 0.000008	0.000105 0.000008	0.000035 0.000106	0.000069 0.000106	0.000105 0.000008	
4 48 3 0.740000	0.999942 0.000005	0.000117 0.000011	0.000117 0.000011	0.000077 0.000121	0.000117 0.000011	0.000117 0.000011	0.000077 0.000121	0.000117 0.000011	0.000117 0.000011	0.000076 0.000119	0.000117 0.000011	
4 48 3 0.750000	0.999932 0.000008	0.000136 0.000016	0.000136 0.000016	0.000136 0.000016	0.000094 0.000145	0.000091 0.000145	0.000091 0.000145	0.000094 0.000145	0.000045 0.000136	0.000088 0.000136	0.000136 0.000016	
4 48 3 0.760000	0.999920 0.000010	0.000160 0.000020	0.000051 0.000154	0.000109 0.000173	0.000160 0.000020	0.000160 0.000020	0.000160 0.000020	0.000051 0.000154	0.000160 0.000020	0.000160 0.000020	0.000058 0.000173	
4 48 3 0.770000	0.999902 0.000009	0.000196 0.000018	0.000196 0.000018	0.000132 0.000207	0.000127 0.000190	0.000196 0.000018	0.000069 0.000207	0.000127 0.000190	0.000063 0.000190	0.000063 0.000189	0.000196 0.000018	
4 48 3 0.780000	0.999879 0.000040	0.000241 0.000079	0.000165 0.000288	0.000146 0.000228	0.000146 0.000228	0.000241 0.000079	0.000070 0.000209	0.000165 0.000288	0.000146 0.000228	0.000165 0.000288	0.000241 0.000079	
4 48 3 0.790000	0.999878 0.000009	0.000244 0.000018	0.000244 0.000018	0.000164 0.000255	0.000165 0.000255	0.000165 0.000255	0.000085 0.000255	0.000165 0.000255	0.000159 0.000241	0.000165 0.000255	0.000244 0.000018	
4 48 3 0.800000	0.999865 0.000014	0.000271 0.000028	0.000177 0.000275	0.000177 0.000275	0.000094 0.000283	0.000179 0.000283	0.000271 0.000028	0.000186 0.000283	0.000092 0.000275	0.000177 0.000275	0.000179 0.000283	
4 48 3 0.810000	0.999842 0.000007	0.000316 0.000014	0.000208 0.000312	0.000316 0.000014	0.000212 0.000325	0.000208 0.000312	0.000208 0.000312	0.000212 0.000325	0.000104 0.000311	0.000208 0.000312	0.000000 0.000000	
4 48 3 0.820000	0.999820 0.000024	0.000359 0.000048	0.000123 0.000368	0.000000 0.000000	0.000000 0.000000	0.000233 0.000368	0.000126 0.000379	0.000249 0.000379	0.000359 0.000048	0.000126 0.000379	0.000236 0.000379	
4 48 3 0.830000	0.999806 0.000017	0.000387 0.000034	0.000257 0.000402	0.000387 0.000034	0.000387 0.000034	0.000123 0.000368	0.000387 0.000034	0.000387 0.000034	0.000253 0.000392	0.000000 0.000000	0.000131 0.000392	
4 48 3 0.840000	0.999783 0.000014	0.000435 0.000027	0.000150 0.000449	0.000290 0.000449	0.000290 0.000449	0.000150 0.000449	0.000435 0.000027	0.000290 0.000449	0.000000 0.000000	0.000150 0.000449	0.000141 0.000422	
4 48 3 0.850000	0.999754 0.000023	0.000493 0.000045	0.000368 0.000368	0.000493 0.000045	0.000045 0.000135	0.000200 0.000465	0.000088 0.000135	0.000213 0.000503	0.000493 0.000045	0.000168 0.000503	0.000338 0.000510	
4 48 3 0.860000	0.999727 0.000005	0.000546 0.000010	0.000171 0.000010	0.000296 0.000385	0.000239 0.000550	0.000116 0.000175	0.000421 0.000385	0.000546 0.000010	0.000241 0.000546	0.000296 0.000381	0.000364 0.000550	
4 48 3 0.870000	0.999684 0.000020	0.000632 0.000040	0.000304 0.000650	0.000092 0.000275	0.000507 0.000387	0.000507 0.000387	0.000087 0.000262	0.000170 0.000275	0.000078 0.000235	0.000507 0.000363	0.000203 0.000610	
4 48 3 0.880000	0.999659 0.000021	0.000681 0.000042	0.000457 0.000707	0.000321 0.000672	0.000111 0.000332	0.000556 0.000417	0.000681 0.000042	0.000111 0.000332	0.000556 0.000341	0.000335 0.000707	0.000556 0.000417	
4 48 3 0.890000	0.999616 0.000009	0.000767 0.000019	0.000517 0.000394	0.000515 0.000775	0.000132 0.000396	0.000385 0.000775	0.000000 0.000000	0.000384 0.000771	0.000127 0.000381	0.000392 0.000019	0.000767 0.000019	
4 48 3 0.900000	0.999584 0.000030	0.000832 0.000059	0.000542 0.000816	0.000437 0.000870	0.000832 0.000059	0.000312 0.000495	0.000290 0.000870	0.000562 0.000870	0.000560 0.000870	0.000435 0.000870	0.000562 0.000870	
4 48 3 0.910000	0.999541 0.000027	0.000918 0.000055	0.000418 0.000413	0.000048 0.000144	0.000370 0.000911	0.000054 0.000161	0.000048 0.000144	0.000477 0.000894	0.000000 0.000000	0.000240 0.000574	0.000179 0.000536	
4 48 3 0.920000	0.999484 0.000041	0.001032 0.000082	0.000099 0.000297	0.000454 0.001047	0.000000 0.000000	0.000683 0.001066	0.000532 0.000832	0.000328 0.000983	0.000203 0.000608	0.000657 0.000686	0.000433 0.000983	
4 48 3 0.930000	0.999008 0.001276	0.001983 0.002549	0.000000 0.000000	0.000608 0.000486	0.000598 0.001046	0.000386 0.001157	0.000760 0.001157	0.000635 0.001122	0.000000 0.000000	0.000136 0.000407	0.000598 0.001122	
4 48 3 0.940000	0.999391 0.000031	0.001217 0.000061	0.000681 0.001179	0.000268 0.000804	0.000431 0.000804	0.000286 0.000858	0.000143 0.000429	0.000967 0.000436	0.000429 0.000804	0.000842 0.000061	0.000306 0.000490	
4 48 3 0.950000	0.999314 0.000010	0.001372 0.000019	0.000412 0.001002	0.000335 0.001004	0.000419 0.000629	0.000544 0.001004	0.000419 0.000629	0.000287 0.000610	0.000169 0.000254	0.000412 0.000985	0.000210 0.000629	
4 48 3 0.960000	0.999270 0.000023	0.001460 0.000045	0.000473 0.001062	0.000710 0.001170	0.000000 0.000000	0.000591 0.001085	0.000835 0.000352	0.000723 0.001107	0.000473 0.001062	0.000244 0.000732	0.000731 0.001460	
4 48 3 0.970000	0.999200 0.000029	0.001600 0.000057	0.000682 0.001226	0.000284 0.000851	0.000576 0.001226	0.000524 0.001571	0.000307 0.000821	0.000975 0.001152	0.000284 0.000851	0.000284 0.000851	0.000409 0.001226	
4 48 3 0.980000	0.999126 0.000025	0.001747 0.000049	0.000000 0.000000	0.000322 0.000965	0.000322 0.000965	0.000447 0.001340	0.000212 0.000637	0.000785 0.001389	0.000785 0.001389	0.000000 0.000000	0.001247 0.000799	
4 48 3 0.990000	0.999062 0.000021	0.001875 0.000043	0.000244 0.000733	0.000000 0.000000	0.000000 0.000000	0.000494 0.001483	0.000366 0.000733	0.000244 0.000733	0.001006 0.001866	0.000000 0.000000	0.000134 0.000401	
4 48 3 1.000000	0.998971 0.000010	0.002058 0.000021	0.000433 0.000359	0.000250 0.000554	0.000065 0.000195	0.000558 0.001674	0.000558 0.000755	0.000315 0.000945	0.001433 0.000370	0.001183 0.000396	0.001308 0.000755	
4 48 3 1.010000	0.998852 0.000034	0.002294 0.000067	0.000403 0.001209	0.000658 0.001209	0.000506 0.001517	0.000913 0.001531	0.000528 0.001584	0.000506 0.001517	0.000891 0.001892	0.000783 0.001892	0.000403 0.001209	
4 48 3 1.020000	0.998779 0.000024	0.002440 0.000049	0.000940 0.000701	0.000815 0.000799	0.000000 0.000000	0.000690 0.002071	0.000940 0.001533	0.000750 0.001288	0.000304 0.000913	0.000321 0.000962	0.000886 0.001696	
4 48 3 1.030000	0.998716 0.000079	0.002567 0.000158	0.000196 0.000589	0.000943 0.002089	0.000249 0.000747	0.001317 0.001130	0.000695 0.001122	0.000622 0.001867	0.000568 0.000964	0.001371 0.002247	0.000695 0.001122	
4 48 3 1.040000	0.998598 0.000035	0.002801 0.000069	0.000177 0.000530	0.000676 0.002027	0.001001 0.002405	0.000751 0.001280	0.000000 0.000000	0.000602 0.001277	0.001626 0.002471	0.000102 0.000155	0.000176 0.000527	
4 48 3 1.050000	0.998477 0.000017	0.003043 0.000034	0.000909 0.002291	0.000655 0.001527	0.000898 0.002291	0.000655 0.001152	0.000134 0.000402	0.000139 0.000416	0.000784 0.001936	0.001418 0.001520	0.000259 0.000777	
4 48 3 1.060000	0.998366 0.000050	0.003266 0.000100	0.000713 0.002139	0.001553 0.002466	0.000588 0.001764	0.001053 0.002567	0.000213 0.000639	0.001444 0.002192	0.002141 0.002203	0.000285 0.000639	0.001160 0.001764	
4 48 3 1.070000	0.998252 0.000047	0.003494 0.000094	0.000193 0.000433	0.000818 0.002308	0.000695 0.001652	0.001349 0.002027	0.000551 0.001652	0.000424 0.001271	0.001820 0.003152	0.000000 0.000000	0.000144 0.000433	
4 48 3 1.080000	0.998120 0.000027	0.003756 0.000053	0.001756 0.001905	0.000994 0.002981	0.001138 0.002629	0.000636 0.001909	0.000251 0.000754	0.000630 0.001159	0.000630 0.001481	0.000513 0.001129	0.000000 0.000000	
4 48 3 1.090000	0.997980 0.000036	0.004036 0.000071	0.000705 0.002115	0.000000 0.000000	0.000705 0.002115	0.001057 0.002182	0.000727 0.002182	0.001307 0.002865	0.001057 0.002182	0.001456 0.002186	0.001161 0.001121	
4 48 3 1.100000	0.997835 0.000033	0.004325 0.000067	0.001075 0.000696	0.000638 0.001298	0.000562 0.001686	0.000642 0.001740	0.002370 0.003923	0.000763 0.001673	0.000330 0.000990	0.000580 0.001740	0.000000 0.000000	
4 48 3 1.110000	0.997671 0.000051	0.004653 0.000101	0.000442 0.001325	0.000711 0.001660	0.000000 0.000000	0.000403 0.000335	0.001086 0.001660	0.000000 0.000000	0.001086 0.002785	0.001711 0.003160	0.000658 0.001974	
4 48 3 1.120000	0.997465 0.000017	0.005063 0.000033	0.001757 0.003575	0.000067 0.000200	0.000430 0.001291	0.001191 0.003572	0.001132 0.001700	0.000817 0.002450	0.000066 0.000197	0.000497 0.000916	0.000938 0.001533	
4 48 3 1.130000	0.996622 0.001991	0.006745 0.003968	0.000767 0.002301	0.001745 0.002480	0.000263 0.000789	0.001995 0.002843	0.000000 0.000000	0.001495 0.002843	0.000000 0.000000	0.001607 0.002519	0.001478 0.003414	
4 48 3 1.140000	0.997155 0.000070	0.005682 0.000140	0.001144 0.002598	0.000565 0.001208	0.000000 0.000000	0.002807 0.003720	0.000153 0.000458	0.002057 0.001015	0.000000 0.000000	0.000440 0.000833	0.000163 0.000488	
4 48 3 1.150000	0.997025 0.000051	0.005942 0.000101	0.000465 0.001396	0.000715 0.002146	0.000589 0.001396	0.001443 0.002557	0.001714 0.004497	0.000727 0.002182	0.000568 0.001057	0.000714 0.001497	0.000477 0.001432	
4 48 3 1.160000	0.996824 0.000035	0.006343 0.000070	0.000728 0.002183	0.000739 0.002217	0.000842 0.002217	0.000000 0.000000	0.001354 0.002628	0.000478 0.001433	0.000739 0.002217	0.000240 0.000378	0.001239 0.003717	
4 48 3 1.170000	0.996632 0.000015	0.006725 0.000030	0.001725 0.003770	0.002600 0.004115	0.001853 0.003347	0.000853 0.001472	0.000866 0.002597	0.000000 0.000000	0.001725 0.001905	0.001103 0.002222	0.000725 0.000780	
4 48 3 1.180000	0.996245 0.000565	0.007495 0.001125	0.002870 0.004176	0.003495 0.003699	0.001870 0.003000	0.001985 0.002978	0.002252 0.004478	0.000000 0.000000	0.000118 0.000353	0.000627 0.001103	0.000502 0.001154	
4 48 3 1.190000	0.996198 0.000050	0.007590 0.000099	0.002052 0.003403	0.000422 0.000778	0.000259 0.000778	0.001797 0.003114	0.001009 0.003028	0.001052 0.001903	0.001090 0.001789	0.001047 0.001903	0.000831 0.001614	
4 48 3 1.200000	0.995907 0.000080	0.008168 0.000159	0.000382 0.001145	0.000382 0.001145	0.000583 0.001749	0.000000 0.000000	0.001335 0.002861	0.000583 0.001749	0.000458 0.001374	0.000958 0.002874	0.001662 0.003624	
4 48 3 1.210000	0.995721 0.000122	0.008540 0.000243	0.001191 0.003572	0.001462 0.003197	0.001019 0.002447	0.001022 0.003065	0.000566 0.001697	0.002712 0.005822	0.001712 0.002690	0.000850 0.001940	0.002665 0.005213	
4 48 3 1.220000	0.995385 0.000355	0.009209 0.000706	0.000801 0.001366	0.001595 0.004785	0.000000 0.000000	0.002084 0.005294	0.001253 0.002535	0.000503 0.001225	0.001503 0.003850	0.002334 0.002815	0.000845 0.002535	
4 48 3 1.230000	0.994913 0.000997	0.010149 0.001983	0.001184 0.003552	0.001126 0.002427	0.000816 0.002449	0.000273 0.000819	0.001066 0.003199	0.001441 0.004324	0.003001 0.004699	0.002024 0.003995	0.000774 0.001478	
