4 48 10 0.400000	0.999664 0.001664	0.000000 0.000000	0.000000 0.000000	0.000000 0.000000	0.000000 0.000000	0.000000 0.000000	0.000000 0.000000	0.000000 0.000000	0.000000 0.000000	0.000000 0.000000	0.000000 0.000000	
4 48 10 0.410000	0.998761 0.004757	0.000000 0.000000	0.000000 0.000000	0.000000 0.000000	0.000000 0.000000	0.000000 0.000000	0.000000 0.000000	0.000000 0.000000	0.000000 0.000000	0.000000 0.000000	0.000000 0.000000	
4 48 10 0.420000	0.998354 0.004937	0.000000 0.000000	0.000000 0.000000	0.000000 0.000000	0.000000 0.000000	0.000000 0.000000	0.000000 0.000000	0.000000 0.000000	0.000000 0.000000	0.000000 0.000000	0.000000 0.000000	
4 48 10 0.430000	0.998500 0.004469	0.002973 0.008918	0.001417 0.004251	0.001275 0.003825	0.000000 0.000000	0.001339 0.004018	0.001244 0.003733	0.000504 0.001511	0.000000 0.000000	0.001085 0.003254	0.001255 0.003766	
4 48 10 0.440000	0.998397 0.004751	0.003167 0.009501	0.001434 0.004302	0.000000 0.000000	0.000000 0.000000	0.000000 0.000000	0.000000 0.000000	0.000000 0.000000	0.001236 0.003707	0.000000 0.000000	0.000000 0.000000	
4 48 10 0.450000	0.998152 0.004831	0.003687 0.009636	0.000000 0.000000	0.001047 0.003141	0.000000 0.000000	0.000000 0.000000	0.000000 0.000000	0.000408 0.001224	0.000388 0.001165	0.000000 0.000000	0.000566 0.001697	
4 48 10 0.460000	0.999251 0.002180	0.001465 0.004395	0.000000 0.000000	0.000789 0.002366	0.000122 0.000367	0.000407 0.001220	0.000000 0.000000	0.000173 0.000520	0.000611 0.001832	0.000000 0.000000	0.001079 0.003238	
4 48 10 0.470000	0.998481 0.004550	0.003027 0.009080	0.000000 0.000000	0.000567 0.001701	0.000933 0.002800	0.000000 0.000000	0.000986 0.002957	0.000986 0.002957	0.000410 0.001230	0.000829 0.002486	0.000933 0.002800	
4 48 10 0.480000	0.998379 0.004861	0.003233 0.009699	0.000928 0.002783	0.000000 0.000000	0.000525 0.001574	0.000539 0.001616	0.000000 0.000000	0.000000 0.000000	0.000691 0.002074	0.000705 0.002116	0.001247 0.003741	
4 48 10 0.490000	0.998418 0.004426	0.003137 0.008893	0.000100 0.000299	0.000139 0.000416	0.000000 0.000000	0.000153 0.000460	0.000114 0.000343	0.000105 0.000314	0.000000 0.000000	0.000000 0.000000	0.000000 0.000000	
4 48 10 0.500000	0.998361 0.004912	0.003267 0.009802	0.000000 0.000000	0.000000 0.000000	0.000000 0.000000	0.000000 0.000000	0.000000 0.000000	0.003229 0.009687	0.003267 0.009802	0.000000 0.000000	0.000000 0.000000	
4 48 10 0.510000	0.998073 0.004693	0.003845 0.009360	0.000168 0.000504	0.000000 0.000000	0.000000 0.000000	0.000000 0.000000	0.000000 0.000000	0.000167 0.000502	0.000000 0.000000	0.000000 0.000000	0.000000 0.000000	
4 48 10 0.520000	0.999236 0.000792	0.001527 0.001583	0.000000 0.000000	0.000000 0.000000	0.000158 0.000473	0.000658 0.001500	0.000496 0.000919	0.000666 0.001997	0.000199 0.000598	0.000000 0.000000	0.000474 0.001421	
