4 10 3 0.400000	1.000000 0.000000	0.000000 0.000000	0.000000 0.000000	0.000000 0.000000	0.000000 0.000000	0.000000 0.000000	
4 10 3 0.410000	1.000000 0.000000	0.000000 0.000000	0.000000 0.000000	0.000000 0.000000	0.000000 0.000000	0.000000 0.000000	
4 10 3 0.420000	1.000000 0.000000	0.000000 0.000000	0.000000 0.000000	0.000000 0.000000	0.000000 0.000000	0.000000 0.000000	
4 10 3 0.430000	1.000000 0.000000	0.000000 0.000000	0.000000 0.000000	0.000000 0.000000	0.000000 0.000000	0.000000 0.000000	
4 10 3 0.440000	1.000000 0.000000	0.000000 0.000000	0.000000 0.000000	0.000000 0.000000	0.000000 0.000000	0.000000 0.000000	
4 10 3 0.450000	1.000000 0.000000	0.000000 0.000000	0.000000 0.000000	0.000000 0.000000	0.000000 0.000000	0.000000 0.000000	
4 10 3 0.460000	1.000000 0.000000	0.000000 0.000000	0.000000 0.000000	0.000000 0.000000	0.000000 0.000000	0.000000 0.000000	
4 10 3 0.470000	1.000000 0.000000	0.000000 0.000000	0.000000 0.000000	0.000000 0.000000	0.000000 0.000000	0.000000 0.000000	
4 10 3 0.480000	1.000000 0.000000	0.000000 0.000000	0.000000 0.000000	0.000000 0.000000	0.000000 0.000000	0.000000 0.000000	
4 10 3 0.490000	1.000000 0.000000	0.000000 0.000000	0.000000 0.000000	0.000000 0.000000	0.000000 0.000000	0.000000 0.000000	
4 10 3 0.500000	1.000000 0.000000	0.000000 0.000000	0.000000 0.000000	0.000000 0.000000	0.000000 0.000000	0.000000 0.000000	
4 10 3 0.510000	1.000000 0.000000	0.000000 0.000000	0.000000 0.000000	0.000000 0.000000	0.000000 0.000000	0.000000 0.000000	
4 10 3 0.520000	1.000000 0.000000	0.000000 0.000000	0.000000 0.000000	0.000000 0.000000	0.000000 0.000000	0.000000 0.000000	
4 10 3 0.530000	1.000000 0.000000	0.000000 0.000000	0.000000 0.000000	0.000000 0.000000	0.000000 0.000000	0.000000 0.000000	
4 10 3 0.540000	1.000000 0.000000	0.000000 0.000000	0.000000 0.000000	0.000000 0.000000	0.000000 0.000000	0.000000 0.000000	
4 10 3 0.550000	1.000000 0.000000	0.000000 0.000000	0.000000 0.000000	0.000000 0.000000	0.000000 0.000000	0.000000 0.000000	
4 10 3 0.560000	1.000000 0.000000	0.000000 0.000000	0.000000 0.000000	0.000000 0.000000	0.000000 0.000000	0.000000 0.000000	
4 10 3 0.570000	1.000000 0.000000	0.000000 0.000000	0.000000 0.000000	0.000000 0.000000	0.000000 0.000000	0.000000 0.000000	
4 10 3 0.580000	1.000000 0.000000	0.000000 0.000000	0.000000 0.000000	0.000000 0.000000	0.000000 0.000000	0.000000 0.000000	
4 10 3 0.590000	1.000000 0.000000	0.000000 0.000000	0.000000 0.000000	0.000000 0.000000	0.000000 0.000000	0.000000 0.000000	
4 10 3 0.600000	1.000000 0.000000	0.000000 0.000000	0.000000 0.000000	0.000000 0.000000	0.000000 0.000000	0.000000 0.000000	
4 10 3 0.610000	0.999970 0.000150	0.000000 0.000000	0.000000 0.000000	0.000000 0.000000	0.000000 0.000000	0.000000 0.000000	
4 10 3 0.620000	1.000000 0.000000	0.000000 0.000000	0.000000 0.000000	0.000000 0.000000	0.000000 0.000000	0.000000 0.000000	
4 10 3 0.630000	0.999940 0.000300	0.000000 0.000000	0.000000 0.000000	0.000000 0.000000	0.000000 0.000000	0.000000 0.000000	
4 10 3 0.640000	1.000000 0.000000	0.000000 0.000000	0.000000 0.000000	0.000000 0.000000	0.000000 0.000000	0.000000 0.000000	
4 10 3 0.650000	1.000000 0.000000	0.000000 0.000000	0.000000 0.000000	0.000000 0.000000	0.000000 0.000000	0.000000 0.000000	
4 10 3 0.660000	1.000000 0.000000	0.000000 0.000000	0.000000 0.000000	0.000000 0.000000	0.000000 0.000000	0.000000 0.000000	
4 10 3 0.670000	1.000000 0.000000	0.000000 0.000000	0.000000 0.000000	0.000000 0.000000	0.000000 0.000000	0.000000 0.000000	
4 10 3 0.680000	0.999970 0.000150	0.000000 0.000000	0.000000 0.000000	0.000000 0.000000	0.000000 0.000000	0.000000 0.000000	
4 10 3 0.690000	0.999970 0.000150	0.000000 0.000000	0.000000 0.000000	0.000000 0.000000	0.000000 0.000000	0.000000 0.000000	
4 10 3 0.700000	0.999970 0.000150	0.000000 0.000000	0.000000 0.000000	0.000000 0.000000	0.000000 0.000000	0.000000 0.000000	
4 10 3 0.710000	0.999970 0.000150	0.000000 0.000000	0.000000 0.000000	0.000000 0.000000	0.000000 0.000000	0.000000 0.000000	
4 10 3 0.720000	0.999940 0.000300	0.000000 0.000000	0.000000 0.000000	0.000000 0.000000	0.000000 0.000000	0.000000 0.000000	
4 10 3 0.730000	0.999970 0.000150	0.000000 0.000000	0.000000 0.000000	0.000000 0.000000	0.000000 0.000000	0.000000 0.000000	
4 10 3 0.740000	0.999940 0.000150	0.000000 0.000000	0.000000 0.000000	0.000000 0.000000	0.000000 0.000000	0.000000 0.000000	
4 10 3 0.750000	0.999850 0.000300	0.000000 0.000000	0.000000 0.000000	0.000000 0.000000	0.000000 0.000000	0.000000 0.000000	
4 10 3 0.760000	0.999910 0.000150	0.000000 0.000000	0.000000 0.000000	0.000000 0.000000	0.000000 0.000000	0.000000 0.000000	
4 10 3 0.770000	0.999880 0.000300	0.000000 0.000000	0.000000 0.000000	0.000000 0.000000	0.000000 0.000000	0.000000 0.000000	
4 10 3 0.780000	0.999910 0.000300	0.000000 0.000000	0.000000 0.000000	0.000000 0.000000	0.000000 0.000000	0.000000 0.000000	
4 10 3 0.790000	0.999880 0.000300	0.000000 0.000000	0.000000 0.000000	0.000000 0.000000	0.000000 0.000000	0.000000 0.000000	
4 10 3 0.800000	0.999940 0.000150	0.000000 0.000000	0.000000 0.000000	0.000000 0.000000	0.000000 0.000000	0.000000 0.000000	
4 10 3 0.810000	0.999940 0.000150	0.000000 0.000000	0.000000 0.000000	0.000000 0.000000	0.000000 0.000000	0.000000 0.000000	
4 10 3 0.820000	0.999850 0.000300	0.000000 0.000000	0.000000 0.000000	0.000000 0.000000	0.000000 0.000000	0.000000 0.000000	
4 10 3 0.830000	0.999880 0.000300	0.000000 0.000000	0.000000 0.000000	0.000000 0.000000	0.000000 0.000000	0.000000 0.000000	
4 10 3 0.840000	0.999790 0.000450	0.000000 0.000000	0.000000 0.000000	0.000000 0.000000	0.000000 0.000000	0.000000 0.000000	
4 10 3 0.850000	0.999580 0.000600	0.000000 0.000000	0.000000 0.000000	0.000000 0.000000	0.000000 0.000000	0.000000 0.000000	
4 10 3 0.860000	0.999700 0.000600	0.000000 0.000000	0.000000 0.000000	0.000000 0.000000	0.000000 0.000000	0.000000 0.000000	
4 10 3 0.870000	0.999400 0.000900	0.000000 0.000000	0.000000 0.000000	0.000000 0.000000	0.000000 0.000000	0.000000 0.000000	
4 10 3 0.880000	0.999610 0.000600	0.000000 0.000000	0.000000 0.000000	0.000000 0.000000	0.000000 0.000000	0.000000 0.000000	
4 10 3 0.890000	0.999580 0.000450	0.000000 0.000000	0.000000 0.000000	0.000000 0.000000	0.000000 0.000000	0.000000 0.000000	
4 10 3 0.900000	0.999640 0.000300	0.000000 0.000000	0.000000 0.000000	0.000000 0.000000	0.000000 0.000000	0.000000 0.000000	
4 10 3 0.910000	0.999340 0.000900	0.000000 0.000000	0.000000 0.000000	0.000000 0.000000	0.000000 0.000000	0.000000 0.000000	
4 10 3 0.920000	0.999430 0.000600	0.000000 0.000000	0.000000 0.000000	0.000000 0.000000	0.000000 0.000000	0.000000 0.000000	
4 10 3 0.930000	0.999580 0.000450	0.000000 0.000000	0.000000 0.000000	0.000000 0.000000	0.000000 0.000000	0.000000 0.000000	
4 10 3 0.940000	0.999280 0.001050	0.000000 0.000000	0.000000 0.000000	0.000000 0.000000	0.000000 0.000000	0.000000 0.000000	
4 10 3 0.950000	0.999370 0.001350	0.000000 0.000000	0.000000 0.000000	0.000000 0.000000	0.000000 0.000000	0.000000 0.000000	
4 10 3 0.960000	0.999520 0.000750	0.000000 0.000000	0.000000 0.000000	0.000000 0.000000	0.000000 0.000000	0.000000 0.000000	
4 10 3 0.970000	0.999220 0.000300	0.000000 0.000000	0.000000 0.000000	0.000000 0.000000	0.000000 0.000000	0.000000 0.000000	
4 10 3 0.980000	0.999160 0.000900	0.000000 0.000000	0.000000 0.000000	0.000000 0.000000	0.000000 0.000000	0.000000 0.000000	
4 10 3 0.990000	0.999100 0.000300	0.000000 0.000000	0.000000 0.000000	0.000000 0.000000	0.000000 0.000000	0.000000 0.000000	
4 10 3 1.000000	0.999250 0.000300	0.000000 0.000000	0.000000 0.000000	0.000000 0.000000	0.000000 0.000000	0.000000 0.000000	
4 10 3 1.010000	0.999370 0.000450	0.000000 0.000000	0.000000 0.000000	0.000000 0.000000	0.000000 0.000000	0.000000 0.000000	
4 10 3 1.020000	0.998740 0.001350	0.000000 0.000000	0.000000 0.000000	0.000000 0.000000	0.000000 0.000000	0.000000 0.000000	
4 10 3 1.030000	0.998710 0.001350	0.000000 0.000000	0.000000 0.000000	0.000000 0.000000	0.000000 0.000000	0.000000 0.000000	
4 10 3 1.040000	0.999070 0.000750	0.000000 0.000000	0.000000 0.000000	0.000000 0.000000	0.000000 0.000000	0.000000 0.000000	
4 10 3 1.050000	0.998620 0.000600	0.000000 0.000000	0.000000 0.000000	0.000000 0.000000	0.000000 0.000000	0.000000 0.000000	
4 10 3 1.060000	0.998230 0.001200	0.000000 0.000000	0.000000 0.000000	0.000000 0.000000	0.000000 0.000000	0.000000 0.000000	
4 10 3 1.070000	0.998500 0.000600	0.000000 0.000000	0.000000 0.000000	0.000000 0.000000	0.000000 0.000000	0.000000 0.000000	
4 10 3 1.080000	0.997990 0.000450	0.000000 0.000000	0.000000 0.000000	0.000000 0.000000	0.000000 0.000000	0.000000 0.000000	
4 10 3 1.090000	0.997750 0.001800	0.000000 0.000000	0.000000 0.000000	0.000000 0.000000	0.000000 0.000000	0.000000 0.000000	
4 10 3 1.100000	0.997840 0.000600	0.000000 0.000000	0.000000 0.000000	0.000000 0.000000	0.000000 0.000000	0.000000 0.000000	
4 10 3 1.110000	0.997720 0.002700	0.000000 0.000000	0.000000 0.000000	0.000000 0.000000	0.000000 0.000000	0.000000 0.000000	
4 10 3 1.120000	0.997570 0.001650	0.000000 0.000000	0.000000 0.000000	0.000000 0.000000	0.000000 0.000000	0.000000 0.000000	
4 10 3 1.130000	0.997450 0.000900	0.000000 0.000000	0.000000 0.000000	0.000000 0.000000	0.000000 0.000000	0.000000 0.000000	
4 10 3 1.140000	0.997270 0.001200	0.000000 0.000000	0.000000 0.000000	0.000000 0.000000	0.000000 0.000000	0.000000 0.000000	
4 10 3 1.150000	0.997150 0.000600	0.000000 0.000000	0.000000 0.000000	0.000000 0.000000	0.000000 0.000000	0.000000 0.000000	
4 10 3 1.160000	0.997360 0.000900	0.000000 0.000000	0.000000 0.000000	0.000000 0.000000	0.000000 0.000000	0.000000 0.000000	
4 10 3 1.170000	0.996220 0.001950	0.000000 0.000000	0.000000 0.000000	0.000000 0.000000	0.000000 0.000000	0.000000 0.000000	
4 10 3 1.180000	0.995890 0.002250	0.000000 0.000000	0.000000 0.000000	0.000000 0.000000	0.000000 0.000000	0.000000 0.000000	
4 10 3 1.190000	0.997030 0.001800	0.000000 0.000000	0.000000 0.000000	0.000000 0.000000	0.000000 0.000000	0.000000 0.000000	
4 10 3 1.200000	0.995680 0.001200	0.000000 0.000000	0.000000 0.000000	0.000000 0.000000	0.000000 0.000000	0.000000 0.000000	
4 10 3 1.210000	0.996190 0.001650	0.000000 0.000000	0.000000 0.000000	0.000000 0.000000	0.000000 0.000000	0.000000 0.000000	
4 10 3 1.220000	0.995500 0.000900	0.000000 0.000000	0.000000 0.000000	0.000000 0.000000	0.000000 0.000000	0.000000 0.000000	
4 10 3 1.230000	0.995440 0.000750	0.000000 0.000000	0.000000 0.000000	0.000000 0.000000	0.000000 0.000000	0.000000 0.000000	
4 10 3 1.240000	0.995170 0.000300	0.000000 0.000000	0.000000 0.000000	0.000000 0.000000	0.000000 0.000000	0.000000 0.000000	
4 10 3 1.250000	0.994715 0.000525	0.010542 0.001044	0.000000 0.000000	0.000000 0.000000	0.000000 0.000000	0.000000 0.000000	
4 10 3 1.260000	0.994420 0.000650	0.011129 0.001293	0.000000 0.000000	0.000000 0.000000	0.000000 0.000000	0.000000 0.000000	
4 10 3 1.270000	0.994480 0.000975	0.011009 0.001940	0.000000 0.000000	0.000000 0.000000	0.000000 0.000000	0.000000 0.000000	
4 10 3 1.280000	0.993490 0.001650	0.012977 0.003279	0.000000 0.000000	0.000000 0.000000	0.000000 0.000000	0.000000 0.000000	
4 10 3 1.290000	0.992860 0.003150	0.014227 0.006255	0.000000 0.000000	0.000000 0.000000	0.000000 0.000000	0.000000 0.000000	
4 10 3 1.300000	0.993190 0.001801	0.013573 0.003577	0.000000 0.000000	0.000000 0.000000	0.000000 0.000000	0.000000 0.000000	
4 10 3 1.310000	0.992560 0.002250	0.014824 0.004467	0.000000 0.000000	0.000000 0.000000	0.000000 0.000000	0.000000 0.000000	
4 10 3 1.320000	0.992500 0.002550	0.014942 0.005061	0.000000 0.000000	0.000000 0.000000	0.000000 0.000000	0.000000 0.000000	
4 10 3 1.330000	0.992140 0.003899	0.015655 0.007734	0.000000 0.000000	0.000000 0.000000	0.000000 0.000000	0.000000 0.000000	
4 10 3 1.340000	0.991090 0.001500	0.017740 0.002974	0.000000 0.000000	0.000000 0.000000	0.000000 0.000000	0.000000 0.000000	
4 10 3 1.350000	0.990370 0.002850	0.019166 0.005646	0.000000 0.000000	0.000000 0.000000	0.000000 0.000000	0.000000 0.000000	
4 10 3 1.360000	0.990671 0.002700	0.018571 0.005350	0.000000 0.000000	0.000000 0.000000	0.000000 0.000000	0.000000 0.000000	
4 10 3 1.370000	0.989740 0.003000	0.020413 0.005939	0.000000 0.000000	0.000000 0.000000	0.000000 0.000000	0.000000 0.000000	
4 10 3 1.380000	0.989741 0.002699	0.020413 0.005341	0.000000 0.000000	0.000000 0.000000	0.000000 0.000000	0.000000 0.000000	
4 10 3 1.390000	0.988810 0.004349	0.022252 0.008603	0.000000 0.000000	0.000000 0.000000	0.000000 0.000000	0.000000 0.000000	
4 10 3 1.400000	0.988271 0.003299	0.023320 0.006517	0.000000 0.000000	0.000000 0.000000	0.000000 0.000000	0.000000 0.000000	
4 10 3 1.410000	0.988900 0.001799	0.022075 0.003558	0.000000 0.000000	0.000000 0.000000	0.000000 0.000000	0.000000 0.000000	
4 10 3 1.420000	0.987340 0.003750	0.025157 0.007402	0.000000 0.000000	0.000000 0.000000	0.000000 0.000000	0.000000 0.000000	
4 10 3 1.430000	0.987071 0.003449	0.025690 0.006807	0.000000 0.000000	0.000000 0.000000	0.000000 0.000000	0.000000 0.000000	
4 10 3 1.440000	0.987230 0.001151	0.025376 0.002271	0.000000 0.000000	0.000000 0.000000	0.000000 0.000000	0.000000 0.000000	
4 10 3 1.450000	0.985555 0.004125	0.028678 0.008126	0.000000 0.000000	0.000000 0.000000	0.000000 0.000000	0.000000 0.000000	
4 10 3 1.460000	0.985211 0.003750	0.029358 0.007388	0.000000 0.000000	0.000000 0.000000	0.000000 0.000000	0.000000 0.000000	
4 10 3 1.470000	0.986320 0.003600	0.027171 0.007104	0.000000 0.000000	0.000000 0.000000	0.000000 0.000000	0.000000 0.000000	
4 10 3 1.480000	0.983441 0.004345	0.032841 0.008539	0.000000 0.000000	0.000000 0.000000	0.000000 0.000000	0.000000 0.000000	
4 10 3 1.490000	0.983860 0.003375	0.032017 0.006641	0.000000 0.000000	0.000000 0.000000	0.000000 0.000000	0.000000 0.000000	
4 10 3 1.500000	0.983500 0.002850	0.032726 0.005607	0.000000 0.000000	0.000000 0.000000	0.001858 0.009290	0.000000 0.000000	
4 10 3 1.510000	0.981476 0.001649	0.036705 0.003237	0.000000 0.000000	0.000000 0.000000	0.000000 0.000000	0.000000 0.000000	
4 10 3 1.520000	0.982691 0.004951	0.034314 0.009729	0.000000 0.000000	0.001750 0.008751	0.000000 0.000000	0.000000 0.000000	
4 10 3 1.530000	0.981960 0.003600	0.035752 0.007072	0.000000 0.000000	0.000000 0.000000	0.000000 0.000000	0.000000 0.000000	
4 10 3 1.540000	0.979750 0.003900	0.040087 0.007637	0.000000 0.000000	0.000000 0.000000	0.000000 0.000000	0.000000 0.000000	
4 10 3 1.550000	0.979971 0.004149	0.039655 0.008133	0.000000 0.000000	0.000000 0.000000	0.000000 0.000000	0.000000 0.000000	
4 10 3 1.560000	0.978011 0.004198	0.043492 0.008215	0.000000 0.000000	0.000000 0.000000	0.000000 0.000000	0.001839 0.009194	
4 10 3 1.570000	0.976970 0.002150	0.045529 0.004200	0.000000 0.000000	0.000000 0.000000	0.000000 0.000000	0.000000 0.000000	
4 10 3 1.580000	0.977500 0.002849	0.044492 0.005571	0.001940 0.009700	0.001849 0.009243	0.000000 0.000000	0.000000 0.000000	
4 10 3 1.590000	0.978115 0.004650	0.043287 0.009092	0.000000 0.000000	0.000000 0.000000	0.000000 0.000000	0.000000 0.000000	
4 10 3 1.600000	0.975050 0.005000	0.049273 0.009756	0.000000 0.000000	0.000000 0.000000	0.000000 0.000000	0.000000 0.000000	
4 10 3 1.610000	0.974521 0.002400	0.050308 0.004677	0.000000 0.000000	0.000000 0.000000	0.000000 0.000000	0.000000 0.000000	
4 10 3 1.620000	0.973301 0.002926	0.052685 0.005694	0.000000 0.000000	0.001733 0.008664	0.000000 0.000000	0.000000 0.000000	
4 10 3 1.630000	0.973811 0.002477	0.051692 0.004824	0.000000 0.000000	0.000000 0.000000	0.000000 0.000000	0.000000 0.000000	
4 10 3 1.640000	0.971665 0.002625	0.055865 0.005105	0.000000 0.000000	0.000000 0.000000	0.000000 0.000000	0.000000 0.000000	
4 10 3 1.650000	0.970167 0.003152	0.058776 0.006118	0.000000 0.000000	0.000000 0.000000	0.000000 0.000000	0.000000 0.000000	
4 10 3 1.660000	0.971096 0.002174	0.056971 0.004223	0.000000 0.000000	0.000000 0.000000	0.000000 0.000000	0.000000 0.000000	
4 10 3 1.670000	0.967470 0.004800	0.063997 0.009289	0.000000 0.000000	0.000000 0.000000	0.000000 0.000000	0.000000 0.000000	
4 10 3 1.680000	0.966986 0.003675	0.064937 0.007110	0.000000 0.000000	0.000000 0.000000	0.000000 0.000000	0.000000 0.000000	
4 10 3 1.690000	0.965471 0.004500	0.067863 0.008696	0.000000 0.000000	0.000000 0.000000	0.000000 0.000000	0.003846 0.009902	
4 10 3 1.700000	0.964248 0.004613	0.070223 0.008886	0.000000 0.000000	0.000000 0.000000	0.000000 0.000000	0.000000 0.000000	
4 10 3 1.710000	0.963151 0.003900	0.072339 0.007515	0.000000 0.000000	0.000000 0.000000	0.000000 0.000000	0.001432 0.007159	
4 10 3 1.720000	0.963569 0.004590	0.071533 0.008842	0.000000 0.000000	0.000000 0.000000	0.001961 0.009804	0.000000 0.000000	
4 10 3 1.730000	0.960581 0.004590	0.077282 0.008814	0.000000 0.000000	0.000000 0.000000	0.000000 0.000000	0.000000 0.000000	
4 10 3 1.740000	0.961051 0.003375	0.076378 0.006486	0.000000 0.000000	0.001087 0.005436	0.000000 0.000000	0.000000 0.000000	
4 10 3 1.750000	0.959478 0.003527	0.079400 0.006771	0.001880 0.009402	0.000000 0.000000	0.000000 0.000000	0.000000 0.000000	
4 10 3 1.760000	0.956429 0.003270	0.085243 0.006255	0.001690 0.008448	0.000000 0.000000	0.000000 0.000000	0.000000 0.000000	
4 10 3 1.770000	0.957071 0.003250	0.084013 0.006221	0.000000 0.000000	0.000000 0.000000	0.000000 0.000000	0.000000 0.000000	
4 10 3 1.780000	0.956297 0.003426	0.085494 0.006554	0.000000 0.000000	0.000000 0.000000	0.000000 0.000000	0.000000 0.000000	
4 10 3 1.790000	0.953856 0.002549	0.090157 0.004864	0.001904 0.009518	0.000000 0.000000	0.000000 0.000000	0.000000 0.000000	
4 10 3 1.800000	0.952592 0.003603	0.092566 0.006866	0.000000 0.000000	0.000000 0.000000	0.000000 0.000000	0.000000 0.000000	
4 10 3 1.810000	0.952331 0.003801	0.093064 0.007243	0.001626 0.008132	0.000000 0.000000	0.000000 0.000000	0.000000 0.000000	
4 10 3 1.820000	0.951552 0.005132	0.094546 0.009773	0.000000 0.000000	0.000000 0.000000	0.000000 0.000000	0.000000 0.000000	
4 10 3 1.830000	0.947746 0.001800	0.101778 0.003412	0.000000 0.000000	0.000000 0.000000	0.000000 0.000000	0.000000 0.000000	
4 10 3 1.840000	0.946227 0.004050	0.104652 0.007663	0.001662 0.008312	0.000000 0.000000	0.000000 0.000000	0.000000 0.000000	
4 10 3 1.850000	0.947282 0.004898	0.102655 0.009279	0.001472 0.007362	0.000000 0.000000	0.001867 0.009336	0.000000 0.000000	
4 10 3 1.860000	0.943397 0.005002	0.109999 0.009435	0.001715 0.008577	0.000000 0.000000	0.001684 0.008420	0.000000 0.000000	
4 10 3 1.870000	0.940399 0.004465	0.115646 0.008397	0.000000 0.000000	0.000000 0.000000	0.000000 0.000000	0.000000 0.000000	
4 10 3 1.880000	0.939416 0.005175	0.117493 0.009712	0.000000 0.000000	0.000000 0.000000	0.000000 0.000000	0.000000 0.000000	
4 10 3 1.890000	0.938417 0.004416	0.119372 0.008285	0.000000 0.000000	0.000000 0.000000	0.000000 0.000000	0.000000 0.000000	
4 10 3 1.900000	0.935924 0.003449	0.124045 0.006455	0.000000 0.000000	0.000000 0.000000	0.000000 0.000000	0.000000 0.000000	
4 10 3 1.910000	0.931712 0.005300	0.131909 0.009874	0.000000 0.000000	0.000000 0.000000	0.000000 0.000000	0.000000 0.000000	
4 10 3 1.920000	0.933378 0.003784	0.128803 0.007065	0.002000 0.009999	0.000000 0.000000	0.000000 0.000000	0.000000 0.000000	
4 10 3 1.930000	0.931169 0.002954	0.132923 0.005502	0.001906 0.009528	0.000000 0.000000	0.000000 0.000000	0.000000 0.000000	
4 10 3 1.940000	0.926531 0.004717	0.141538 0.008743	0.001897 0.009483	0.000000 0.000000	0.000000 0.000000	0.000000 0.000000	
4 10 3 1.950000	0.927012 0.004865	0.140646 0.009027	0.000000 0.000000	0.001962 0.009808	0.000000 0.000000	0.000000 0.000000	
4 10 3 1.960000	0.923492 0.003758	0.147160 0.006946	0.000000 0.000000	0.000000 0.000000	0.000000 0.000000	0.000000 0.000000	
4 10 3 1.970000	0.922380 0.004054	0.149213 0.007482	0.000000 0.000000	0.000000 0.000000	0.000000 0.000000	0.000000 0.000000	
4 10 3 1.980000	0.919789 0.004197	0.153987 0.007718	0.000000 0.000000	0.000000 0.000000	0.000000 0.000000	0.000000 0.000000	
4 10 3 1.990000	0.917763 0.003748	0.157709 0.006878	0.001854 0.009271	0.000000 0.000000	0.000000 0.000000	0.000000 0.000000	
4 10 3 2.000000	0.913230 0.004289	0.166008 0.007837	0.001871 0.009355	0.000000 0.000000	0.000000 0.000000	0.000000 0.000000	
4 10 3 2.010000	0.912573 0.004201	0.167209 0.007672	0.013433 0.005400	0.000000 0.000000	0.000000 0.000000	0.000000 0.000000	
4 10 3 2.020000	0.908538 0.003929	0.174557 0.007138	0.000000 0.000000	0.000000 0.000000	0.000000 0.000000	0.000000 0.000000	
4 10 3 2.030000	0.908498 0.005109	0.174628 0.009292	0.003797 0.009681	0.000000 0.000000	0.000000 0.000000	0.000000 0.000000	
4 10 3 2.040000	0.905825 0.003314	0.179480 0.006003	0.001959 0.009793	0.000000 0.000000	0.000000 0.000000	0.000000 0.000000	
4 10 3 2.050000	0.902547 0.000757	0.185410 0.001366	0.000000 0.000000	0.000000 0.000000	0.000000 0.000000	0.000000 0.000000	
4 10 3 2.060000	0.899769 0.002989	0.190415 0.005378	0.011909 0.003590	0.000000 0.000000	0.000000 0.000000	0.000000 0.000000	
4 10 3 2.070000	0.896156 0.001504	0.196904 0.002696	0.013102 0.005861	0.000000 0.000000	0.000000 0.000000	0.000000 0.000000	
4 10 3 2.080000	0.894493 0.001582	0.199882 0.002830	0.011602 0.004412	0.000000 0.000000	0.000000 0.000000	0.000000 0.000000	
4 10 3 2.090000	0.890588 0.001491	0.206853 0.002656	0.012264 0.004148	0.000000 0.000000	0.000000 0.000000	0.000000 0.000000	
4 10 3 2.100000	0.889379 0.003112	0.209004 0.005535	0.012523 0.005943	0.000000 0.000000	0.000000 0.000000	0.000000 0.000000	
4 10 3 2.110000	0.882906 0.005341	0.220473 0.009430	0.013744 0.009166	0.000000 0.000000	0.000000 0.000000	0.000000 0.000000	
4 10 3 2.120000	0.881764 0.004938	0.222489 0.008703	0.014315 0.008063	0.000000 0.000000	0.000000 0.000000	0.000000 0.000000	
4 10 3 2.130000	0.877888 0.005230	0.229310 0.009183	0.013515 0.007655	0.000000 0.000000	0.000000 0.000000	0.000000 0.000000	
4 10 3 2.140000	0.873668 0.004347	0.236701 0.007599	0.013929 0.006213	0.000675 0.003374	0.000000 0.000000	0.000000 0.000000	
4 10 3 2.150000	0.871921 0.005237	0.239750 0.009132	0.016293 0.006586	0.000000 0.000000	0.000000 0.000000	0.000000 0.000000	
4 10 3 2.160000	0.869573 0.003724	0.243842 0.006478	0.018687 0.009413	0.000000 0.000000	0.000000 0.000000	0.000000 0.000000	
4 10 3 2.170000	0.866001 0.004886	0.250039 0.008475	0.015016 0.008659	0.000000 0.000000	0.000000 0.000000	0.000000 0.000000	
4 10 3 2.180000	0.862678 0.005283	0.255782 0.009112	0.014057 0.009393	0.000000 0.000000	0.000000 0.000000	0.000000 0.000000	
4 10 3 2.190000	0.857676 0.005769	0.264387 0.009901	0.017643 0.008762	0.000000 0.000000	0.000000 0.000000	0.000000 0.000000	
4 10 3 2.200000	0.853446 0.004762	0.271627 0.008129	0.020416 0.009416	0.000000 0.000000	0.000000 0.000000	0.000000 0.000000	
4 10 3 2.210000	0.849140 0.004839	0.278958 0.008215	0.019111 0.006392	0.000000 0.000000	0.000000 0.000000	0.000000 0.000000	
4 10 3 2.220000	0.848209 0.005635	0.280537 0.009553	0.020465 0.008803	0.000000 0.000000	0.000000 0.000000	0.000000 0.000000	
4 10 3 2.230000	0.842019 0.005380	0.291001 0.009062	0.022533 0.009999	0.000000 0.000000	0.000000 0.000000	0.000000 0.000000	
4 10 3 2.240000	0.836039 0.005276	0.301035 0.008834	0.016199 0.009492	0.000000 0.000000	0.000000 0.000000	0.000000 0.000000	
4 10 3 2.250000	0.832320 0.005952	0.307239 0.009920	0.026302 0.005102	0.000000 0.000000	0.000000 0.000000	0.000000 0.000000	
4 10 3 2.260000	0.829203 0.005710	0.312417 0.009466	0.022594 0.007926	0.000000 0.000000	0.000000 0.000000	0.000000 0.000000	
4 10 3 2.270000	0.824146 0.005805	0.320780 0.009562	0.028240 0.008825	0.000000 0.000000	0.000000 0.000000	0.000000 0.000000	
4 10 3 2.280000	0.819089 0.005787	0.329089 0.009466	0.025604 0.006072	0.000000 0.000000	0.000000 0.000000	0.000000 0.000000	
4 10 3 2.290000	0.814399 0.005039	0.336750 0.008210	0.029249 0.006894	0.000000 0.000000	0.000000 0.000000	0.000000 0.000000	
4 10 3 2.300000	0.810017 0.005346	0.343869 0.008667	0.029619 0.007062	0.000000 0.000000	0.000000 0.000000	0.000000 0.000000	
4 10 3 2.310000	0.802810 0.006204	0.355491 0.009960	0.030329 0.008414	0.000000 0.000000	0.000000 0.000000	0.000000 0.000000	
4 10 3 2.320000	0.799622 0.004600	0.360602 0.007356	0.028775 0.005374	0.000000 0.000000	0.000000 0.000000	0.000000 0.000000	
4 10 3 2.330000	0.790349 0.006228	0.375342 0.009836	0.031481 0.007117	0.000000 0.000000	0.000000 0.000000	0.000000 0.000000	
4 10 3 2.340000	0.786795 0.006079	0.380946 0.009572	0.032429 0.007312	0.000000 0.000000	0.000000 0.000000	0.000000 0.000000	
4 10 3 2.350000	0.780686 0.005920	0.390525 0.009235	0.034587 0.006440	0.000000 0.000000	0.000000 0.000000	0.000000 0.000000	
4 10 3 2.360000	0.774390 0.006337	0.400316 0.009820	0.032930 0.008831	0.000000 0.000000	0.000000 0.000000	0.000000 0.000000	
4 10 3 2.370000	0.764979 0.005490	0.414803 0.008398	0.041897 0.004814	0.001964 0.009819	0.000000 0.000000	0.000000 0.000000	
4 10 3 2.380000	0.761565 0.006122	0.420013 0.009323	0.042702 0.007824	0.001840 0.009202	0.000000 0.000000	0.000000 0.000000	
4 10 3 2.390000	0.754186 0.004251	0.431201 0.006413	0.038214 0.008794	0.000000 0.000000	0.000000 0.000000	0.000000 0.000000	
4 10 3 2.400000	0.747304 0.006626	0.441530 0.009899	0.045278 0.004177	0.000000 0.000000	0.000000 0.000000	0.000000 0.000000	
4 10 3 2.410000	0.737137 0.006705	0.456624 0.009889	0.046442 0.001593	0.000000 0.000000	0.000000 0.000000	0.000000 0.000000	
4 10 3 2.420000	0.728375 0.005987	0.469466 0.008737	0.043731 0.005967	0.000000 0.000000	0.000000 0.000000	0.000000 0.000000	
4 10 3 2.430000	0.721702 0.006911	0.479139 0.009977	0.051525 0.005194	0.000000 0.000000	0.000000 0.000000	0.000000 0.000000	
4 10 3 2.440000	0.709797 0.006907	0.496182 0.009814	0.051057 0.008045	0.000000 0.000000	0.000000 0.000000	0.000000 0.000000	
4 10 3 2.450000	0.703626 0.004036	0.504909 0.005681	0.054294 0.009576	0.001954 0.009770	0.000000 0.000000	0.000000 0.000000	
4 10 3 2.460000	0.691872 0.007192	0.521307 0.009944	0.056232 0.007989	0.000000 0.000000	0.000000 0.000000	0.000000 0.000000	
4 10 3 2.470000	0.683936 0.005188	0.532228 0.007092	0.059844 0.003509	0.001971 0.009854	0.000000 0.000000	0.000000 0.000000	
4 10 3 2.480000	0.676103 0.007061	0.542878 0.009545	0.061169 0.004324	0.003879 0.009788	0.000000 0.000000	0.000000 0.000000	
4 10 3 2.490000	0.660441 0.006060	0.563814 0.008013	0.064934 0.005700	0.000000 0.000000	0.000000 0.000000	0.000000 0.000000	
4 10 3 2.500000	0.645712 0.006318	0.583050 0.008157	0.069503 0.002330	0.000000 0.000000	0.000000 0.000000	0.000000 0.000000	
