4 32 3 0.400000	1.000000 0.000000	0.000000 0.000000	0.000000 0.000000	0.000000 0.000000	0.000000 0.000000	0.000000 0.000000	0.000000 0.000000	0.000000 0.000000	0.000000 0.000000	0.000000 0.000000	0.000000 0.000000	
4 32 3 0.410000	1.000000 0.000000	0.000000 0.000000	0.000000 0.000000	0.000000 0.000000	0.000000 0.000000	0.000000 0.000000	0.000000 0.000000	0.000000 0.000000	0.000000 0.000000	0.000000 0.000000	0.000000 0.000000	
4 32 3 0.420000	1.000000 0.000000	0.000000 0.000000	0.000000 0.000000	0.000000 0.000000	0.000000 0.000000	0.000000 0.000000	0.000000 0.000000	0.000000 0.000000	0.000000 0.000000	0.000000 0.000000	0.000000 0.000000	
4 32 3 0.430000	1.000000 0.000000	0.000000 0.000000	0.000000 0.000000	0.000000 0.000000	0.000000 0.000000	0.000000 0.000000	0.000000 0.000000	0.000000 0.000000	0.000000 0.000000	0.000000 0.000000	0.000000 0.000000	
4 32 3 0.440000	1.000000 0.000000	0.000000 0.000000	0.000000 0.000000	0.000000 0.000000	0.000000 0.000000	0.000000 0.000000	0.000000 0.000000	0.000000 0.000000	0.000000 0.000000	0.000000 0.000000	0.000000 0.000000	
4 32 3 0.450000	1.000000 0.000000	0.000000 0.000000	0.000000 0.000000	0.000000 0.000000	0.000000 0.000000	0.000000 0.000000	0.000000 0.000000	0.000000 0.000000	0.000000 0.000000	0.000000 0.000000	0.000000 0.000000	
4 32 3 0.460000	1.000000 0.000000	0.000000 0.000000	0.000000 0.000000	0.000000 0.000000	0.000000 0.000000	0.000000 0.000000	0.000000 0.000000	0.000000 0.000000	0.000000 0.000000	0.000000 0.000000	0.000000 0.000000	
4 32 3 0.470000	1.000000 0.000000	0.000000 0.000000	0.000000 0.000000	0.000000 0.000000	0.000000 0.000000	0.000000 0.000000	0.000000 0.000000	0.000000 0.000000	0.000000 0.000000	0.000000 0.000000	0.000000 0.000000	
4 32 3 0.480000	1.000000 0.000000	0.000000 0.000000	0.000000 0.000000	0.000000 0.000000	0.000000 0.000000	0.000000 0.000000	0.000000 0.000000	0.000000 0.000000	0.000000 0.000000	0.000000 0.000000	0.000000 0.000000	
4 32 3 0.490000	1.000000 0.000001	0.000000 0.000000	0.000000 0.000000	0.000000 0.000000	0.000000 0.000000	0.000000 0.000000	0.000000 0.000000	0.000000 0.000000	0.000000 0.000000	0.000000 0.000000	0.000000 0.000000	
4 32 3 0.500000	1.000000 0.000000	0.000000 0.000000	0.000000 0.000000	0.000000 0.000000	0.000000 0.000000	0.000000 0.000000	0.000000 0.000000	0.000000 0.000000	0.000000 0.000000	0.000000 0.000000	0.000000 0.000000	
4 32 3 0.510000	0.999998 0.000007	0.000000 0.000000	0.000000 0.000000	0.000000 0.000000	0.000000 0.000000	0.000000 0.000000	0.000000 0.000000	0.000000 0.000000	0.000000 0.000000	0.000000 0.000000	0.000000 0.000000	
4 32 3 0.520000	1.000000 0.000001	0.000000 0.000000	0.000000 0.000000	0.000000 0.000000	0.000000 0.000000	0.000000 0.000000	0.000000 0.000000	0.000000 0.000000	0.000000 0.000000	0.000000 0.000000	0.000000 0.000000	
4 32 3 0.530000	0.999999 0.000003	0.000000 0.000000	0.000000 0.000000	0.000000 0.000000	0.000000 0.000000	0.000000 0.000000	0.000000 0.000000	0.000000 0.000000	0.000000 0.000000	0.000000 0.000000	0.000000 0.000000	
4 32 3 0.540000	0.999999 0.000003	0.000000 0.000000	0.000000 0.000000	0.000000 0.000000	0.000000 0.000000	0.000000 0.000000	0.000000 0.000000	0.000000 0.000000	0.000000 0.000000	0.000000 0.000000	0.000000 0.000000	
4 32 3 0.550000	0.999998 0.000001	0.000000 0.000000	0.000000 0.000000	0.000000 0.000000	0.000000 0.000000	0.000000 0.000000	0.000000 0.000000	0.000000 0.000000	0.000000 0.000000	0.000000 0.000000	0.000000 0.000000	
4 32 3 0.560000	0.999998 0.000001	0.000000 0.000000	0.000000 0.000000	0.000000 0.000000	0.000000 0.000000	0.000000 0.000000	0.000000 0.000000	0.000000 0.000000	0.000000 0.000000	0.000000 0.000000	0.000000 0.000000	
4 32 3 0.570000	0.999998 0.000003	0.000000 0.000000	0.000000 0.000000	0.000000 0.000000	0.000000 0.000000	0.000000 0.000000	0.000000 0.000000	0.000000 0.000000	0.000000 0.000000	0.000000 0.000000	0.000000 0.000000	
4 32 3 0.580000	0.999997 0.000007	0.000000 0.000000	0.000000 0.000000	0.000000 0.000000	0.000000 0.000000	0.000000 0.000000	0.000000 0.000000	0.000000 0.000000	0.000000 0.000000	0.000000 0.000000	0.000000 0.000000	
4 32 3 0.590000	0.999995 0.000020	0.000000 0.000000	0.000000 0.000000	0.000000 0.000000	0.000000 0.000000	0.000000 0.000000	0.000000 0.000000	0.000000 0.000000	0.000000 0.000000	0.000000 0.000000	0.000000 0.000000	
4 32 3 0.600000	0.999996 0.000007	0.000000 0.000000	0.000000 0.000000	0.000000 0.000000	0.000000 0.000000	0.000000 0.000000	0.000000 0.000000	0.000000 0.000000	0.000000 0.000000	0.000000 0.000000	0.000000 0.000000	
4 32 3 0.610000	0.999988 0.000021	0.000000 0.000000	0.000000 0.000000	0.000000 0.000000	0.000000 0.000000	0.000000 0.000000	0.000000 0.000000	0.000000 0.000000	0.000000 0.000000	0.000000 0.000000	0.000000 0.000000	
4 32 3 0.620000	0.999993 0.000006	0.000000 0.000000	0.000000 0.000000	0.000000 0.000000	0.000000 0.000000	0.000000 0.000000	0.000000 0.000000	0.000000 0.000000	0.000000 0.000000	0.000000 0.000000	0.000000 0.000000	
4 32 3 0.630000	0.999991 0.000009	0.000000 0.000000	0.000000 0.000000	0.000000 0.000000	0.000000 0.000000	0.000000 0.000000	0.000000 0.000000	0.000000 0.000000	0.000000 0.000000	0.000000 0.000000	0.000000 0.000000	
4 32 3 0.640000	0.999990 0.000007	0.000000 0.000000	0.000000 0.000000	0.000000 0.000000	0.000000 0.000000	0.000000 0.000000	0.000000 0.000000	0.000000 0.000000	0.000000 0.000000	0.000000 0.000000	0.000000 0.000000	
4 32 3 0.650000	0.999983 0.000013	0.000000 0.000000	0.000000 0.000000	0.000000 0.000000	0.000000 0.000000	0.000000 0.000000	0.000000 0.000000	0.000000 0.000000	0.000000 0.000000	0.000000 0.000000	0.000000 0.000000	
4 32 3 0.660000	0.999974 0.000046	0.000000 0.000000	0.000000 0.000000	0.000000 0.000000	0.000000 0.000000	0.000000 0.000000	0.000000 0.000000	0.000000 0.000000	0.000000 0.000000	0.000000 0.000000	0.000000 0.000000	
4 32 3 0.670000	0.999983 0.000011	0.000000 0.000000	0.000000 0.000000	0.000000 0.000000	0.000000 0.000000	0.000000 0.000000	0.000000 0.000000	0.000000 0.000000	0.000000 0.000000	0.000000 0.000000	0.000000 0.000000	
4 32 3 0.680000	0.999973 0.000017	0.000000 0.000000	0.000000 0.000000	0.000000 0.000000	0.000000 0.000000	0.000000 0.000000	0.000000 0.000000	0.000000 0.000000	0.000000 0.000000	0.000000 0.000000	0.000000 0.000000	
4 32 3 0.690000	0.999975 0.000011	0.000000 0.000000	0.000000 0.000000	0.000000 0.000000	0.000000 0.000000	0.000000 0.000000	0.000000 0.000000	0.000000 0.000000	0.000000 0.000000	0.000000 0.000000	0.000000 0.000000	
4 32 3 0.700000	0.999967 0.000021	0.000000 0.000000	0.000000 0.000000	0.000000 0.000000	0.000000 0.000000	0.000000 0.000000	0.000000 0.000000	0.000000 0.000000	0.000000 0.000000	0.000000 0.000000	0.000000 0.000000	
4 32 3 0.710000	0.999959 0.000019	0.000000 0.000000	0.000000 0.000000	0.000000 0.000000	0.000000 0.000000	0.000000 0.000000	0.000000 0.000000	0.000000 0.000000	0.000000 0.000000	0.000000 0.000000	0.000000 0.000000	
4 32 3 0.720000	0.999959 0.000019	0.000000 0.000000	0.000000 0.000000	0.000000 0.000000	0.000000 0.000000	0.000000 0.000000	0.000000 0.000000	0.000000 0.000000	0.000000 0.000000	0.000000 0.000000	0.000000 0.000000	
4 32 3 0.730000	0.999954 0.000034	0.000000 0.000000	0.000000 0.000000	0.000000 0.000000	0.000000 0.000000	0.000000 0.000000	0.000000 0.000000	0.000000 0.000000	0.000000 0.000000	0.000000 0.000000	0.000000 0.000000	
4 32 3 0.740000	0.999945 0.000020	0.000000 0.000000	0.000000 0.000000	0.000000 0.000000	0.000000 0.000000	0.000000 0.000000	0.000000 0.000000	0.000000 0.000000	0.000000 0.000000	0.000000 0.000000	0.000000 0.000000	
4 32 3 0.750000	0.999931 0.000040	0.000000 0.000000	0.000000 0.000000	0.000000 0.000000	0.000000 0.000000	0.000000 0.000000	0.000000 0.000000	0.000000 0.000000	0.000000 0.000000	0.000000 0.000000	0.000000 0.000000	
4 32 3 0.760000	0.999925 0.000027	0.000000 0.000000	0.000000 0.000000	0.000000 0.000000	0.000000 0.000000	0.000000 0.000000	0.000000 0.000000	0.000000 0.000000	0.000000 0.000000	0.000000 0.000000	0.000000 0.000000	
4 32 3 0.770000	0.999900 0.000034	0.000000 0.000000	0.000000 0.000000	0.000000 0.000000	0.000000 0.000000	0.000000 0.000000	0.000000 0.000000	0.000000 0.000000	0.000000 0.000000	0.000000 0.000000	0.000000 0.000000	
4 32 3 0.780000	0.999847 0.000300	0.000000 0.000000	0.000000 0.000000	0.000000 0.000000	0.000000 0.000000	0.000000 0.000000	0.000000 0.000000	0.000000 0.000000	0.000000 0.000000	0.000000 0.000000	0.000000 0.000000	
4 32 3 0.790000	0.999877 0.000019	0.000000 0.000000	0.000000 0.000000	0.000000 0.000000	0.000000 0.000000	0.000000 0.000000	0.000000 0.000000	0.000000 0.000000	0.000000 0.000000	0.000000 0.000000	0.000000 0.000000	
4 32 3 0.800000	0.999876 0.000046	0.000000 0.000000	0.000000 0.000000	0.000000 0.000000	0.000000 0.000000	0.000000 0.000000	0.000000 0.000000	0.000000 0.000000	0.000000 0.000000	0.000000 0.000000	0.000000 0.000000	
4 32 3 0.810000	0.999831 0.000073	0.000000 0.000000	0.000000 0.000000	0.000000 0.000000	0.000000 0.000000	0.000000 0.000000	0.000000 0.000000	0.000000 0.000000	0.000000 0.000000	0.000000 0.000000	0.000000 0.000000	
4 32 3 0.820000	0.999839 0.000040	0.000000 0.000000	0.000000 0.000000	0.000000 0.000000	0.000000 0.000000	0.000000 0.000000	0.000000 0.000000	0.000000 0.000000	0.000000 0.000000	0.000000 0.000000	0.000000 0.000000	
4 32 3 0.830000	0.999801 0.000034	0.000000 0.000000	0.000000 0.000000	0.000000 0.000000	0.000000 0.000000	0.000000 0.000000	0.000000 0.000000	0.000000 0.000000	0.000000 0.000000	0.000000 0.000000	0.000000 0.000000	
4 32 3 0.840000	0.999793 0.000074	0.000000 0.000000	0.000000 0.000000	0.000000 0.000000	0.000000 0.000000	0.000000 0.000000	0.000000 0.000000	0.000000 0.000000	0.000000 0.000000	0.000000 0.000000	0.000000 0.000000	
4 32 3 0.850000	0.999755 0.000029	0.000000 0.000000	0.000000 0.000000	0.000000 0.000000	0.000000 0.000000	0.000000 0.000000	0.000000 0.000000	0.000000 0.000000	0.000000 0.000000	0.000000 0.000000	0.000000 0.000000	
4 32 3 0.860000	0.999730 0.000072	0.000000 0.000000	0.000000 0.000000	0.000000 0.000000	0.000000 0.000000	0.000000 0.000000	0.000000 0.000000	0.000000 0.000000	0.000000 0.000000	0.000000 0.000000	0.000000 0.000000	
4 32 3 0.870000	0.999692 0.000057	0.000000 0.000000	0.000000 0.000000	0.000000 0.000000	0.000000 0.000000	0.000000 0.000000	0.000000 0.000000	0.000000 0.000000	0.000000 0.000000	0.000000 0.000000	0.000000 0.000000	
4 32 3 0.880000	0.999667 0.000062	0.000000 0.000000	0.000000 0.000000	0.000000 0.000000	0.000000 0.000000	0.000000 0.000000	0.000000 0.000000	0.000000 0.000000	0.000000 0.000000	0.000000 0.000000	0.000000 0.000000	
4 32 3 0.890000	0.999598 0.000053	0.000000 0.000000	0.000000 0.000000	0.000000 0.000000	0.000000 0.000000	0.000000 0.000000	0.000000 0.000000	0.000000 0.000000	0.000000 0.000000	0.000000 0.000000	0.000000 0.000000	
4 32 3 0.900000	0.999565 0.000050	0.000000 0.000000	0.000000 0.000000	0.000000 0.000000	0.000000 0.000000	0.000000 0.000000	0.000000 0.000000	0.000000 0.000000	0.000000 0.000000	0.000000 0.000000	0.000000 0.000000	
4 32 3 0.910000	0.999558 0.000033	0.000000 0.000000	0.000000 0.000000	0.000000 0.000000	0.000000 0.000000	0.000000 0.000000	0.000000 0.000000	0.000000 0.000000	0.000000 0.000000	0.000000 0.000000	0.000000 0.000000	
4 32 3 0.920000	0.999484 0.000039	0.000000 0.000000	0.000000 0.000000	0.000000 0.000000	0.000000 0.000000	0.000000 0.000000	0.000000 0.000000	0.000000 0.000000	0.000000 0.000000	0.000000 0.000000	0.000000 0.000000	
4 32 3 0.930000	0.999438 0.000051	0.000000 0.000000	0.000000 0.000000	0.000000 0.000000	0.000000 0.000000	0.000000 0.000000	0.000000 0.000000	0.000000 0.000000	0.000000 0.000000	0.000000 0.000000	0.000000 0.000000	
4 32 3 0.940000	0.999404 0.000034	0.000000 0.000000	0.000000 0.000000	0.000000 0.000000	0.000000 0.000000	0.000000 0.000000	0.000000 0.000000	0.000000 0.000000	0.000000 0.000000	0.000000 0.000000	0.000000 0.000000	
4 32 3 0.950000	0.999352 0.000036	0.000000 0.000000	0.000000 0.000000	0.000000 0.000000	0.000000 0.000000	0.000000 0.000000	0.000000 0.000000	0.000000 0.000000	0.000000 0.000000	0.000000 0.000000	0.000000 0.000000	
4 32 3 0.960000	0.999258 0.000066	0.000000 0.000000	0.000000 0.000000	0.000000 0.000000	0.000000 0.000000	0.000000 0.000000	0.000000 0.000000	0.000000 0.000000	0.000000 0.000000	0.000000 0.000000	0.000000 0.000000	
4 32 3 0.970000	0.999195 0.000039	0.000000 0.000000	0.000000 0.000000	0.000000 0.000000	0.000000 0.000000	0.000000 0.000000	0.000000 0.000000	0.000000 0.000000	0.000000 0.000000	0.000000 0.000000	0.000000 0.000000	
4 32 3 0.980000	0.999103 0.000021	0.000000 0.000000	0.000000 0.000000	0.000000 0.000000	0.000000 0.000000	0.000000 0.000000	0.000000 0.000000	0.000000 0.000000	0.000000 0.000000	0.000000 0.000000	0.000000 0.000000	
4 32 3 0.990000	0.999074 0.000127	0.000000 0.000000	0.000000 0.000000	0.000000 0.000000	0.000000 0.000000	0.000000 0.000000	0.000000 0.000000	0.000000 0.000000	0.000000 0.000000	0.000000 0.000000	0.000000 0.000000	
4 32 3 1.000000	0.998926 0.000069	0.000000 0.000000	0.000000 0.000000	0.000000 0.000000	0.000000 0.000000	0.000000 0.000000	0.000000 0.000000	0.000000 0.000000	0.000000 0.000000	0.000000 0.000000	0.000000 0.000000	
4 32 3 1.010000	0.998885 0.000094	0.000000 0.000000	0.000000 0.000000	0.000000 0.000000	0.000000 0.000000	0.000000 0.000000	0.000000 0.000000	0.000000 0.000000	0.000000 0.000000	0.000000 0.000000	0.000000 0.000000	
4 32 3 1.020000	0.998740 0.000083	0.000000 0.000000	0.000000 0.000000	0.000000 0.000000	0.000000 0.000000	0.000000 0.000000	0.000000 0.000000	0.000000 0.000000	0.000000 0.000000	0.000000 0.000000	0.000000 0.000000	
4 32 3 1.030000	0.998680 0.000170	0.000000 0.000000	0.000000 0.000000	0.000000 0.000000	0.000000 0.000000	0.000000 0.000000	0.000000 0.000000	0.000000 0.000000	0.000000 0.000000	0.000000 0.000000	0.000000 0.000000	
4 32 3 1.040000	0.998550 0.000019	0.000000 0.000000	0.000000 0.000000	0.000000 0.000000	0.000000 0.000000	0.000000 0.000000	0.000000 0.000000	0.000000 0.000000	0.000000 0.000000	0.000000 0.000000	0.000000 0.000000	
4 32 3 1.050000	0.998462 0.000043	0.000000 0.000000	0.000000 0.000000	0.000000 0.000000	0.000000 0.000000	0.000000 0.000000	0.000000 0.000000	0.000000 0.000000	0.000000 0.000000	0.000000 0.000000	0.000000 0.000000	
4 32 3 1.060000	0.998384 0.000049	0.000000 0.000000	0.000000 0.000000	0.000000 0.000000	0.000000 0.000000	0.000000 0.000000	0.000000 0.000000	0.000000 0.000000	0.000000 0.000000	0.000000 0.000000	0.000000 0.000000	
4 32 3 1.070000	0.998294 0.000152	0.000000 0.000000	0.000000 0.000000	0.000000 0.000000	0.000000 0.000000	0.000000 0.000000	0.000000 0.000000	0.000000 0.000000	0.000000 0.000000	0.000000 0.000000	0.000000 0.000000	
4 32 3 1.080000	0.998158 0.000142	0.000000 0.000000	0.000000 0.000000	0.000000 0.000000	0.000000 0.000000	0.000000 0.000000	0.000000 0.000000	0.000000 0.000000	0.000000 0.000000	0.000000 0.000000	0.000000 0.000000	
4 32 3 1.090000	0.997937 0.000112	0.000000 0.000000	0.000000 0.000000	0.000000 0.000000	0.000000 0.000000	0.000000 0.000000	0.000000 0.000000	0.000000 0.000000	0.000000 0.000000	0.000000 0.000000	0.000000 0.000000	
4 32 3 1.100000	0.997805 0.000134	0.000000 0.000000	0.000000 0.000000	0.000000 0.000000	0.000000 0.000000	0.000000 0.000000	0.000000 0.000000	0.000000 0.000000	0.000000 0.000000	0.000000 0.000000	0.000000 0.000000	
4 32 3 1.110000	0.997728 0.000082	0.000000 0.000000	0.000000 0.000000	0.000000 0.000000	0.000000 0.000000	0.000000 0.000000	0.000000 0.000000	0.000000 0.000000	0.000000 0.000000	0.000000 0.000000	0.000000 0.000000	
4 32 3 1.120000	0.997509 0.000182	0.000000 0.000000	0.000000 0.000000	0.000000 0.000000	0.000000 0.000000	0.000000 0.000000	0.000000 0.000000	0.000000 0.000000	0.000000 0.000000	0.000000 0.000000	0.000000 0.000000	
4 32 3 1.130000	0.997422 0.000074	0.000000 0.000000	0.000000 0.000000	0.000000 0.000000	0.000000 0.000000	0.000000 0.000000	0.000000 0.000000	0.000000 0.000000	0.000000 0.000000	0.000000 0.000000	0.000000 0.000000	
4 32 3 1.140000	0.996672 0.001709	0.000000 0.000000	0.000000 0.000000	0.000000 0.000000	0.000000 0.000000	0.000000 0.000000	0.000000 0.000000	0.000000 0.000000	0.000000 0.000000	0.000000 0.000000	0.000000 0.000000	
4 32 3 1.150000	0.996996 0.000136	0.000000 0.000000	0.000000 0.000000	0.000000 0.000000	0.000000 0.000000	0.000000 0.000000	0.000000 0.000000	0.000000 0.000000	0.000000 0.000000	0.000000 0.000000	0.000000 0.000000	
4 32 3 1.160000	0.996791 0.000031	0.000000 0.000000	0.000000 0.000000	0.000000 0.000000	0.000000 0.000000	0.000000 0.000000	0.000000 0.000000	0.000000 0.000000	0.000000 0.000000	0.000000 0.000000	0.000000 0.000000	
4 32 3 1.170000	0.996723 0.000150	0.000000 0.000000	0.000000 0.000000	0.000000 0.000000	0.000000 0.000000	0.000000 0.000000	0.000000 0.000000	0.000000 0.000000	0.000000 0.000000	0.000000 0.000000	0.000000 0.000000	
4 32 3 1.180000	0.996231 0.000114	0.000000 0.000000	0.000000 0.000000	0.000000 0.000000	0.000000 0.000000	0.000000 0.000000	0.000000 0.000000	0.000000 0.000000	0.000000 0.000000	0.000000 0.000000	0.000000 0.000000	
4 32 3 1.190000	0.996277 0.000044	0.000000 0.000000	0.000000 0.000000	0.000000 0.000000	0.000000 0.000000	0.000000 0.000000	0.000000 0.000000	0.000000 0.000000	0.000000 0.000000	0.000000 0.000000	0.000000 0.000000	
4 32 3 1.200000	0.995952 0.000096	0.000000 0.000000	0.000000 0.000000	0.000000 0.000000	0.000000 0.000000	0.000000 0.000000	0.000000 0.000000	0.000000 0.000000	0.000000 0.000000	0.000000 0.000000	0.000000 0.000000	
4 32 3 1.210000	0.995563 0.000431	0.000000 0.000000	0.000000 0.000000	0.000000 0.000000	0.000000 0.000000	0.000000 0.000000	0.000000 0.000000	0.000000 0.000000	0.000000 0.000000	0.000000 0.000000	0.000000 0.000000	
4 32 3 1.220000	0.995543 0.000200	0.000000 0.000000	0.000000 0.000000	0.000000 0.000000	0.000000 0.000000	0.000000 0.000000	0.000000 0.000000	0.000000 0.000000	0.000000 0.000000	0.000000 0.000000	0.000000 0.000000	
4 32 3 1.230000	0.995173 0.000098	0.000000 0.000000	0.000000 0.000000	0.000000 0.000000	0.000000 0.000000	0.000000 0.000000	0.000000 0.000000	0.000000 0.000000	0.000000 0.000000	0.000000 0.000000	0.000000 0.000000	
4 32 3 1.240000	0.994688 0.000582	0.010596 0.001158	0.000000 0.000000	0.000000 0.000000	0.000000 0.000000	0.000000 0.000000	0.000000 0.000000	0.000000 0.000000	0.000000 0.000000	0.000000 0.000000	0.000000 0.000000	
4 32 3 1.250000	0.994624 0.000074	0.010724 0.000148	0.000000 0.000000	0.000000 0.000000	0.000000 0.000000	0.000000 0.000000	0.000000 0.000000	0.000000 0.000000	0.000000 0.000000	0.000000 0.000000	0.000000 0.000000	
4 32 3 1.260000	0.994455 0.000176	0.011059 0.000350	0.000000 0.000000	0.000000 0.000000	0.000000 0.000000	0.000000 0.000000	0.000000 0.000000	0.000000 0.000000	0.000000 0.000000	0.000000 0.000000	0.000000 0.000000	
4 32 3 1.270000	0.993973 0.000116	0.012017 0.000230	0.000000 0.000000	0.000000 0.000000	0.000000 0.000000	0.000000 0.000000	0.000000 0.000000	0.000000 0.000000	0.000000 0.000000	0.000000 0.000000	0.000000 0.000000	
4 32 3 1.280000	0.993745 0.000133	0.012470 0.000264	0.000000 0.000000	0.000000 0.000000	0.000000 0.000000	0.000000 0.000000	0.000000 0.000000	0.000000 0.000000	0.000000 0.000000	0.000000 0.000000	0.000000 0.000000	
4 32 3 1.290000	0.993348 0.000106	0.013259 0.000210	0.000000 0.000000	0.000000 0.000000	0.000000 0.000000	0.000000 0.000000	0.000000 0.000000	0.000000 0.000000	0.000000 0.000000	0.000000 0.000000	0.000000 0.000000	
4 32 3 1.300000	0.992765 0.001048	0.014417 0.002081	0.000000 0.000000	0.000000 0.000000	0.000000 0.000000	0.000000 0.000000	0.000000 0.000000	0.000000 0.000000	0.000000 0.000000	0.000000 0.000000	0.000000 0.000000	
4 32 3 1.310000	0.992651 0.000326	0.014643 0.000647	0.000000 0.000000	0.000000 0.000000	0.000000 0.000000	0.000000 0.000000	0.000000 0.000000	0.000000 0.000000	0.000000 0.000000	0.000000 0.000000	0.000000 0.000000	
4 32 3 1.320000	0.992278 0.000329	0.015385 0.000653	0.000000 0.000000	0.000000 0.000000	0.000000 0.000000	0.000000 0.000000	0.000000 0.000000	0.000000 0.000000	0.000000 0.000000	0.000000 0.000000	0.000000 0.000000	
4 32 3 1.330000	0.991888 0.000256	0.016159 0.000508	0.000000 0.000000	0.000000 0.000000	0.000000 0.000000	0.000000 0.000000	0.000000 0.000000	0.000000 0.000000	0.000000 0.000000	0.000000 0.000000	0.000000 0.000000	
4 32 3 1.340000	0.991566 0.000089	0.016797 0.000176	0.000000 0.000000	0.000000 0.000000	0.000000 0.000000	0.000000 0.000000	0.000000 0.000000	0.000000 0.000000	0.000000 0.000000	0.000000 0.000000	0.000000 0.000000	
4 32 3 1.350000	0.991214 0.000237	0.017495 0.000471	0.000000 0.000000	0.000000 0.000000	0.000000 0.000000	0.000000 0.000000	0.000000 0.000000	0.000000 0.000000	0.000000 0.000000	0.000000 0.000000	0.000000 0.000000	
4 32 3 1.360000	0.990695 0.000132	0.018524 0.000261	0.000000 0.000000	0.000000 0.000000	0.000000 0.000000	0.000000 0.000000	0.000000 0.000000	0.000000 0.000000	0.000000 0.000000	0.000000 0.000000	0.000000 0.000000	
4 32 3 1.370000	0.990290 0.000162	0.019326 0.000320	0.000000 0.000000	0.000000 0.000000	0.000000 0.000000	0.000000 0.000000	0.000000 0.000000	0.000000 0.000000	0.000000 0.000000	0.000000 0.000000	0.000000 0.000000	
4 32 3 1.380000	0.989446 0.001339	0.020996 0.002649	0.000000 0.000000	0.000000 0.000000	0.000000 0.000000	0.000000 0.000000	0.000000 0.000000	0.000000 0.000000	0.000000 0.000000	0.000000 0.000000	0.000000 0.000000	
4 32 3 1.390000	0.989383 0.000209	0.021121 0.000413	0.000000 0.000000	0.000000 0.000000	0.000000 0.000000	0.000000 0.000000	0.000000 0.000000	0.000000 0.000000	0.000000 0.000000	0.000000 0.000000	0.000000 0.000000	
4 32 3 1.400000	0.988886 0.000212	0.022104 0.000419	0.002854 0.005339	0.000057 0.000170	0.000932 0.002795	0.001158 0.003170	0.001932 0.005795	0.003547 0.006589	0.001378 0.003214	0.000226 0.000678	0.004422 0.008928	
4 32 3 1.410000	0.988492 0.000026	0.022884 0.000051	0.003996 0.008615	0.000871 0.001490	0.000000 0.000000	0.000000 0.000000	0.001496 0.003365	0.004634 0.002667	0.005385 0.008666	0.002638 0.004498	0.002014 0.006041	
4 32 3 1.420000	0.987918 0.000273	0.024018 0.000540	0.000874 0.002621	0.004144 0.007726	0.000268 0.003980	0.000000 0.000000	-0.001801 0.007355	0.005193 0.008082	0.000699 0.001726	0.001324 0.002851	0.002644 0.006957	
4 32 3 1.430000	0.987370 0.000020	0.025100 0.000040	0.002225 0.004467	0.000000 0.000000	0.000239 0.000717	0.000000 0.000000	0.000614 0.001842	0.000000 0.000000	0.000000 0.000000	0.005725 0.001906	0.000736 0.002208	
4 32 3 1.440000	0.986652 0.000426	0.026518 0.000841	0.001559 0.004678	0.002648 0.005428	0.002184 0.006553	0.003089 0.009268	0.001464 0.004393	0.000339 0.001018	0.000089 0.000268	0.002584 0.005609	0.000000 0.000000	
4 32 3 1.450000	0.986230 0.000086	0.027350 0.000169	0.000896 0.002688	0.000521 0.001563	0.002760 0.004938	0.005100 0.004971	0.000000 0.000000	0.000000 0.000000	0.001329 0.002144	0.002260 0.005592	0.000739 0.002217	
4 32 3 1.460000	0.985658 0.000137	0.028479 0.000271	0.008104 0.006691	0.003979 0.004711	0.001226 0.003678	0.003773 0.007640	0.001628 0.003619	0.001297 0.003890	0.001753 0.002765	0.001297 0.003890	0.000456 0.001369	
4 32 3 1.470000	0.985090 0.000072	0.029598 0.000141	0.004348 0.003671	0.000618 0.001854	0.002507 0.003791	0.003132 0.008979	0.001618 0.004854	0.000000 0.000000	0.002335 0.005229	0.004223 0.003671	0.002960 0.007775	
4 32 3 1.480000	0.984358 0.000295	0.031040 0.000580	0.000000 0.000000	0.001915 0.000205	0.004540 0.005830	0.000000 0.000000	0.000674 0.002021	0.000855 0.002566	0.001934 0.004906	0.001010 0.003031	0.002434 0.004646	
4 32 3 1.490000	0.983771 0.000176	0.032195 0.000346	0.002758 0.007281	0.003062 0.009185	0.002945 0.003088	0.000000 0.000000	0.002945 0.004529	0.000000 0.000000	0.001114 0.002406	0.004008 0.006906	0.002695 0.001412	
4 32 3 1.500000	0.981452 0.004512	0.036747 0.008850	0.002967 0.005501	0.002467 0.007151	0.002488 0.004751	0.003747 0.005687	0.000000 0.000000	0.002209 0.006626	0.000000 0.000000	0.002038 0.003838	0.002709 0.008126	
4 32 3 1.510000	0.982459 0.000432	0.034774 0.000849	0.002707 0.005551	0.002981 0.008944	0.002668 0.006301	0.004649 0.003651	0.000231 0.000694	0.004832 0.008569	0.000106 0.000319	0.001957 0.004801	0.000000 0.000000	
4 32 3 1.520000	0.981931 0.000484	0.035812 0.000950	0.003781 0.006553	0.006812 0.003261	0.001031 0.003092	0.000812 0.000925	0.000222 0.000666	0.003187 0.004011	0.000465 0.000842	0.002003 0.003467	0.001753 0.002717	
4 32 3 1.530000	0.980972 0.000446	0.037694 0.000876	0.000000 0.000000	0.001987 0.005371	0.001082 0.003247	0.000290 0.000871	0.002290 0.006871	0.003194 0.004468	0.002207 0.006622	0.003362 0.005840	0.005069 0.004468	
4 32 3 1.540000	0.979841 0.001406	0.039911 0.002755	0.003436 0.006157	0.000384 0.001152	0.004061 0.008407	0.000483 0.001048	0.000509 0.001527	0.001724 0.005173	0.000000 0.000000	0.000427 0.001282	0.003108 0.004902	
4 32 3 1.550000	0.979230 0.000608	0.041108 0.001191	0.003746 0.009336	0.000134 0.000401	0.001737 0.005211	0.005474 0.008586	0.002134 0.006401	0.003237 0.009711	0.000000 0.000000	0.002246 0.004086	0.000112 0.000336	
4 32 3 1.560000	0.978754 0.000126	0.042041 0.000246	0.000375 0.001124	0.001354 0.002940	0.003166 0.002566	0.000792 0.001440	0.000062 0.000186	0.000000 0.000000	0.000604 0.001499	0.000000 0.000000	0.001230 0.003690	
4 32 3 1.570000	0.977909 0.000207	0.043693 0.000406	0.002719 0.008156	0.001881 0.003781	0.003021 0.009062	0.005943 0.005581	0.000000 0.000000	0.002052 0.006156	0.003266 0.006862	0.002089 0.003906	0.000746 0.002237	
4 32 3 1.580000	0.977142 0.000147	0.045193 0.000288	0.001095 0.002684	0.001245 0.003734	0.003195 0.009584	0.001357 0.002609	0.001718 0.004571	0.003024 0.009071	0.000820 0.003359	0.000718 0.004263	0.002549 0.007646	
4 32 3 1.590000	0.976213 0.000371	0.047008 0.000725	0.000000 0.000000	0.003758 0.005497	0.000155 0.005153	0.002228 0.006685	0.001831 0.006128	0.000644 0.001932	0.002497 0.008628	0.000405 0.001903	0.001372 0.004253	
4 32 3 1.600000	0.975422 0.000126	0.048552 0.000247	0.000557 0.001671	0.000707 0.002121	0.000670 0.002009	0.004352 0.005212	0.002650 0.007950	0.000000 0.000000	0.000557 0.001671	0.001107 0.003321	0.002215 0.003696	
4 32 3 1.610000	0.974369 0.000188	0.050606 0.000367	0.001968 0.003081	0.002623 0.005456	0.002418 0.008722	0.001415 0.005332	0.001941 0.005823	0.000194 0.000581	0.000000 0.000000	0.001960 0.005230	0.001440 0.004320	
4 32 3 1.620000	0.973731 0.000363	0.051849 0.000708	0.001643 0.003193	0.002099 0.003383	0.003270 0.008118	0.001064 0.003193	0.000703 0.002110	0.001660 0.003610	0.002895 0.007743	0.003081 0.009243	0.002349 0.004492	
4 32 3 1.630000	0.972565 0.000482	0.054118 0.000938	0.003293 0.007216	0.003463 0.007350	0.001980 0.005850	0.002262 0.006787	0.004493 0.006884	0.000575 0.001725	0.004963 0.009787	0.002463 0.004350	0.002493 0.002812	
4 32 3 1.640000	0.971616 0.000425	0.055961 0.000826	0.003111 0.008156	0.001025 0.003075	0.002556 0.005775	0.000687 0.001854	0.001631 0.004893	0.000000 0.000000	0.002918 0.006300	0.001118 0.003354	0.004243 0.007181	
4 32 3 1.650000	0.969901 0.002264	0.059291 0.004390	0.001118 0.005094	0.005118 0.009099	-0.000665 0.001995	0.002460 0.007380	0.002835 0.008505	0.002960 0.008880	0.002332 0.005349	-0.001757 0.004995	-0.000132 0.005094	
4 32 3 1.660000	0.969509 0.000197	0.060052 0.000383	0.000000 0.000000	0.002131 0.003575	0.001192 0.003575	0.002047 0.004442	0.002252 0.006755	0.006343 0.005062	-0.000933 0.002800	0.002189 0.006567	0.005864 0.007000	
4 32 3 1.670000	0.968576 0.000509	0.061860 0.000986	0.001330 0.000518	0.001808 0.007100	0.004443 0.002764	0.000659 0.001976	0.001156 0.003467	0.006110 0.004494	0.001367 0.004101	0.000581 0.002041	0.003135 0.004194	
4 32 3 1.680000	0.967496 0.000095	0.063952 0.000184	0.002489 0.003516	0.000971 0.001740	0.002605 0.007816	0.003271 0.008532	0.000000 0.000000	0.000584 0.001751	0.002138 0.005532	0.001772 0.005316	0.001592 0.003626	
4 32 3 1.690000	0.966530 0.000164	0.065821 0.000317	0.000631 0.001894	0.002689 0.004273	0.003493 0.005644	0.001417 0.004786	0.000835 0.002023	0.002446 0.005148	-0.001172 0.003517	0.004071 0.006852	0.002328 0.006983	
4 32 3 1.700000	0.965222 0.000336	0.068346 0.000649	0.004141 0.007939	0.000860 0.002851	0.002736 0.008208	0.003473 0.007054	0.001105 0.003315	0.001096 0.003289	0.002126 0.006493	0.000000 0.000000	0.001657 0.004971	
4 32 3 1.710000	0.963965 0.000958	0.070770 0.001848	0.005346 0.008426	0.004395 0.009777	0.000587 0.001611	0.002675 0.008024	0.002662 0.007986	0.000000 0.000000	0.003359 0.008801	0.002809 0.008426	0.000000 0.000000	
4 32 3 1.720000	0.962848 0.000316	0.072924 0.000609	0.001311 0.003934	0.001065 0.004246	0.001909 0.004686	0.004219 0.000936	0.001955 0.005865	-0.001714 0.005141	0.002499 0.007363	0.001005 0.003015	0.001436 0.004309	
4 32 3 1.730000	0.961808 0.000314	0.074925 0.000603	0.000886 0.001859	0.004307 0.007623	0.006675 0.009522	0.000432 0.001295	0.000289 0.000866	0.001584 0.004752	0.000316 0.000948	0.003158 0.008948	0.001492 0.004477	
4 32 3 1.740000	0.960594 0.000309	0.077259 0.000593	0.004309 0.006238	0.001133 0.003398	0.001207 0.002098	0.004669 0.007611	0.001851 0.002998	0.002399 0.007198	0.000276 0.005031	0.000397 0.003845	0.003046 0.003580	
4 32 3 1.750000	0.959082 0.000702	0.080162 0.001346	0.009366 0.006340	0.000337 0.003101	0.001639 0.003670	0.005687 0.009274	0.001746 0.005237	0.001027 0.003081	0.000292 0.000609	0.002804 0.005645	0.001909 0.005368	
4 32 3 1.760000	0.957937 0.000610	0.082357 0.001168	0.000494 0.000891	0.004431 0.007057	0.002019 0.006057	0.000311 0.000932	-0.000346 0.001037	0.004581 0.009807	0.000016 0.000048	0.005651 0.005850	-0.000345 0.001034	
4 32 3 1.770000	0.956533 0.000318	0.085046 0.000608	0.001828 0.005485	0.002078 0.006235	0.000876 0.002628	0.001626 0.004878	0.001467 0.003649	0.000501 0.001503	0.002217 0.003378	0.005046 0.004913	0.001579 0.002860	
4 32 3 1.780000	0.955305 0.000524	0.087393 0.001000	0.003898 0.009087	0.000822 0.007750	0.002614 0.004233	0.002237 0.006712	0.000072 0.000108	0.000994 0.002983	0.000453 0.001358	0.002523 0.005858	0.003322 0.009733	
4 32 3 1.790000	0.953824 0.000589	0.090221 0.001124	0.000603 0.001808	0.001190 0.003571	0.000000 0.000000	0.000000 0.000000	0.004246 0.007314	0.001715 0.005145	0.002253 0.006759	0.002853 0.008559	0.003714 0.005883	
4 32 3 1.800000	0.952218 0.000241	0.093281 0.000458	0.003046 0.009793	0.000000 0.000000	0.000997 0.002731	0.004254 0.006707	0.000884 0.007190	0.005626 0.008831	0.000944 0.002252	0.002021 0.006064	0.001518 0.004359	
4 32 3 1.810000	0.950851 0.000232	0.095883 0.000442	0.001856 0.005568	0.006871 0.003254	0.001046 0.004302	0.000731 0.002193	0.001825 0.005474	0.002031 0.006093	0.003240 0.009720	-0.000119 0.000357	0.001090 0.003270	
4 32 3 1.820000	0.949544 0.000711	0.098366 0.001351	0.002709 0.004820	-0.000253 0.005032	0.003471 0.008850	0.001553 0.004659	0.000000 0.000000	0.003036 0.009108	0.002074 0.004980	0.003128 0.009383	0.003042 0.009126	
4 32 3 1.830000	0.947806 0.000246	0.101663 0.000466	0.002688 0.005302	-0.000602 0.001806	0.004358 0.006883	0.002233 0.006698	0.001129 0.004995	0.002182 0.003315	0.003471 0.006981	0.001107 0.003320	0.000794 0.002383	
4 32 3 1.840000	0.946266 0.000392	0.104580 0.000742	0.003074 0.004668	0.002286 0.006857	0.000446 0.001339	0.001349 0.002799	0.005062 0.006222	0.001328 0.003983	0.004013 0.007982	0.004713 0.006701	0.000000 0.000000	
4 32 3 1.850000	0.944728 0.000357	0.107490 0.000675	0.004958 0.001388	0.002241 0.004482	0.001605 0.004816	0.001383 0.004149	0.000119 0.000357	0.000302 0.000907	0.003676 0.008240	0.001204 0.003613	0.003066 0.006069	
4 32 3 1.860000	0.942927 0.000417	0.110889 0.000786	0.006759 0.009412	0.003740 0.008322	0.001055 0.003165	0.000000 0.000000	0.001200 0.003260	0.000381 0.001142	0.000000 0.000000	0.002550 0.006964	0.001450 0.004349	
4 32 3 1.870000	0.941204 0.000803	0.114135 0.001512	0.006198 0.009662	0.000524 0.001573	0.002816 0.008448	0.003948 0.004588	0.000932 0.002797	0.006573 0.009537	0.000000 0.000000	0.002537 0.007610	0.010260 0.008350	
4 32 3 1.880000	0.939106 0.000564	0.118080 0.001059	0.004872 0.007816	0.001443 0.004328	0.000000 0.000000	0.003404 0.007753	0.000000 0.000000	0.000256 0.000767	0.002384 0.007153	0.001132 0.003395	-0.000436 0.001308	
4 32 3 1.890000	0.937703 0.000384	0.120713 0.000721	0.005932 0.009300	0.000000 0.000000	0.002975 0.004916	0.002614 0.007841	0.001242 0.003727	0.001285 0.003854	0.002346 0.005010	0.002543 0.004260	0.003725 0.006727	
4 32 3 1.900000	0.935640 0.000397	0.124578 0.000744	0.011633 0.003378	0.000436 0.001307	0.002159 0.006477	0.001757 0.005140	0.004735 0.007732	0.003582 0.008580	0.000000 0.000000	0.000000 0.000000	0.000627 0.001882	
4 32 3 1.910000	0.933955 0.000324	0.127728 0.000604	0.001623 0.002541	0.003029 0.008772	0.001052 0.003157	0.000736 0.002207	0.002395 0.009072	0.003150 0.005275	0.002720 0.005157	0.002174 0.006522	0.001210 0.003629	
4 32 3 1.920000	0.931959 0.000413	0.131453 0.000769	0.006926 0.002657	0.002428 0.007283	0.002351 0.007052	0.003064 0.009192	0.000000 0.000000	0.001293 0.003880	0.000000 0.000000	0.003456 0.007316	0.002078 0.004882	
4 32 3 1.930000	0.930072 0.000096	0.134966 0.000179	0.006128 0.005664	0.000790 0.001857	0.002288 0.006864	0.003493 0.005462	0.001445 0.004336	0.000210 0.000631	0.002721 0.008180	0.002687 0.008076	0.003273 0.009818	
4 32 3 1.940000	0.928112 0.001061	0.138608 0.001970	0.003019 0.008989	0.003831 0.005989	-0.000576 0.001231	0.000000 0.000000	0.000000 0.000000	0.002351 0.004067	0.000987 0.005423	-0.000228 0.000683	0.000496 0.001489	
4 32 3 1.950000	0.925831 0.000061	0.142837 0.000112	0.005704 0.004559	0.000504 0.001513	0.000214 0.000641	0.001532 0.002369	0.000000 0.000000	0.002353 0.007058	0.002242 0.004619	0.000000 0.000000	0.007114 0.006937	
4 32 3 1.960000	0.923625 0.000379	0.146917 0.000701	0.007846 0.006012	0.000000 0.000000	0.008882 0.003808	0.002009 0.006028	-0.000572 0.001310	0.001189 0.003566	0.001660 0.004979	0.000160 0.000479	0.000000 0.000000	
4 32 3 1.970000	0.921897 0.000623	0.150106 0.001148	0.006719 0.002428	0.004517 0.007895	0.003892 0.006243	0.000198 0.004017	0.005816 0.009743	0.001203 0.003608	0.003528 0.009317	0.005727 0.008761	0.000000 0.000000	
4 32 3 1.980000	0.919579 0.000552	0.154374 0.001016	0.001504 0.003676	0.000000 0.000000	0.002817 0.002473	0.000000 0.000000	0.002475 0.007424	0.000877 0.002023	0.002521 0.004587	0.001436 0.004308	0.003189 0.009567	
4 32 3 1.990000	0.917069 0.000422	0.158985 0.000773	0.001197 0.001596	0.001314 0.003943	0.002691 0.004747	0.004780 0.008315	0.003938 0.007205	0.000000 0.000000	0.000000 0.000000	0.004429 0.007485	0.000126 0.000378	
4 32 3 2.000000	0.914994 0.000851	0.162786 0.001557	0.004466 0.009142	0.000000 0.000000	0.000681 0.002043	0.003634 0.008182	0.002612 0.007837	-0.000082 0.000246	0.004273 0.001670	0.001264 0.002474	0.000612 0.001835	
4 32 3 2.010000	0.912389 0.000277	0.167546 0.000505	0.003801 0.008774	0.004954 0.008324	0.003473 0.006427	0.001677 0.004069	0.000865 0.002596	0.002519 0.005030	0.002361 0.007084	0.002688 0.002149	0.000000 0.000000	
4 32 3 2.020000	0.909951 0.000254	0.171989 0.000462	0.010523 0.007900	0.004361 0.009122	0.000000 0.000000	0.000000 0.000000	0.002669 0.005335	0.002606 0.005100	0.000812 0.002435	0.001620 0.004860	0.002991 0.008973	
4 32 3 2.030000	0.907540 0.000111	0.176371 0.000202	0.008445 0.008730	0.001255 0.003764	0.004439 0.009226	0.002710 0.004678	0.001575 0.004211	0.003586 0.007582	0.000000 0.000000	0.000000 0.000000	0.001112 0.002928	
4 32 3 2.040000	0.905084 0.000463	0.180823 0.000839	0.004810 0.007377	0.004572 0.007038	0.002126 0.006377	0.002784 0.005351	0.002914 0.006077	0.003481 0.006360	0.002643 0.007928	0.000814 0.001277	-0.000010 0.002051	
4 32 3 2.050000	0.902489 0.000299	0.185513 0.000540	0.009021 0.009220	0.000000 0.000000	-0.000092 0.000276	0.000000 0.000000	0.003583 0.008437	0.004037 0.006582	0.000000 0.000000	0.000709 0.002128	0.000000 0.000000	
4 32 3 2.060000	0.899672 0.000281	0.190591 0.000506	0.010491 0.004202	0.003190 0.004858	0.004545 0.009568	0.002386 0.004242	0.000000 0.000000	0.000000 0.000000	0.000000 0.000000	0.000444 0.001332	0.000000 0.000000	
4 32 3 2.070000	0.897030 0.000091	0.195338 0.000164	0.011286 0.008730	0.000000 0.000000	0.000965 0.002895	0.003884 0.004566	0.000035 0.000106	0.004498 0.009785	0.002162 0.006486	0.000914 0.002510	0.000817 0.005737	
4 32 3 2.080000	0.894256 0.000714	0.200306 0.001277	0.010874 0.005611	0.004661 0.007576	0.002223 0.006670	0.002191 0.004760	0.008553 0.008748	0.001506 0.004519	0.001864 0.005591	0.003310 0.006332	0.000000 0.000000	
4 32 3 2.090000	0.891340 0.000515	0.205513 0.000918	0.010227 0.005613	0.006334 0.009372	0.000017 0.000052	0.003440 0.007016	0.000000 0.000000	0.000741 0.002222	0.000416 0.001248	0.002557 0.007671	0.001787 0.005520	
4 32 3 2.100000	0.888539 0.000476	0.210498 0.000846	0.012857 0.006519	0.000524 0.001573	0.002894 0.006555	0.001448 0.002802	0.002119 0.004460	0.000569 0.001708	0.002664 0.006027	0.003876 0.005854	0.002074 0.006222	
4 32 3 2.110000	0.885306 0.000144	0.216234 0.000255	0.012720 0.009616	0.003029 0.007304	0.001739 0.003611	0.002337 0.004962	0.003681 0.006596	0.002163 0.004765	0.000000 0.000000	0.000000 0.000000	0.000000 0.000000	
4 32 3 2.120000	0.882147 0.000385	0.221816 0.000679	0.014397 0.004690	0.002873 0.008620	0.001174 0.003009	0.002947 0.008413	0.001682 0.005045	0.003236 0.009709	0.001724 0.005560	0.000252 0.000755	0.002075 0.003438	
4 32 3 2.130000	0.879147 0.000951	0.227100 0.001673	0.013971 0.009565	0.000764 0.002293	0.003015 0.008272	0.000000 0.000000	0.000000 0.000000	0.003052 0.005109	0.001653 0.004959	0.000389 0.001167	0.000000 0.000000	
4 32 3 2.140000	0.875424 0.000902	0.233632 0.001579	0.019432 0.006629	0.003568 0.007039	0.003731 0.007983	0.003650 0.007277	0.002905 0.004372	0.000553 0.001660	-0.000268 0.000803	0.001391 0.004173	0.000000 0.000000	
4 32 3 2.150000	0.872097 0.000555	0.239447 0.000968	0.008619 0.001873	0.000471 0.001414	0.001026 0.003077	0.003906 0.006810	0.002444 0.007331	0.000216 0.000647	0.004084 0.008043	0.000594 0.001781	0.001771 0.005314	
4 32 3 2.160000	0.868830 0.000404	0.245135 0.000702	0.014520 0.009239	0.000792 0.001602	0.001843 0.003593	0.004708 0.009941	0.002436 0.007309	0.001678 0.005034	0.001078 0.003234	0.002972 0.008917	0.001365 0.004377	
4 32 3 2.170000	0.865363 0.000390	0.251147 0.000675	0.013905 0.006800	0.003421 0.007170	0.003129 0.008622	-0.000194 0.000582	0.001742 0.005227	0.002183 0.004944	0.001560 0.004680	0.000094 0.000283	0.003748 0.009981	
4 32 3 2.180000	0.861758 0.000552	0.257373 0.000951	0.015280 0.006632	0.004899 0.002731	0.000000 0.000000	0.000502 0.001507	0.000358 0.001075	0.002698 0.008093	0.004344 0.003862	0.002397 0.007192	0.001615 0.004844	
4 32 3 2.190000	0.857750 0.000702	0.264264 0.001205	0.021172 0.006504	0.000630 0.001889	0.001173 0.002592	0.002412 0.005871	0.000953 0.001749	0.004419 0.007266	0.000544 0.001633	0.000231 0.000693	0.001916 0.005748	
4 32 3 2.200000	0.854480 0.000591	0.269864 0.001010	0.017670 0.006144	0.002837 0.008510	0.002639 0.007916	0.002314 0.006943	0.002353 0.007058	0.002587 0.005567	0.000000 0.000000	0.000000 0.000000	0.000000 0.000000	
4 32 3 2.210000	0.850134 0.000498	0.277273 0.000847	0.021835 0.003425	0.004375 0.007874	0.001186 0.003965	0.001212 0.003637	0.001352 0.004056	0.006129 0.001521	0.001122 0.002822	0.003249 0.009747	0.000983 0.002948	
4 32 3 2.220000	0.846155 0.000038	0.284022 0.000064	0.021441 0.007554	-0.000658 0.001975	0.002493 0.007480	0.001082 0.003246	0.000584 0.001752	0.000937 0.002812	0.003411 0.006877	0.000141 0.000424	0.002917 0.008751	
4 32 3 2.230000	0.842072 0.000206	0.290914 0.000347	0.026581 0.001485	0.000000 0.000000	0.002603 0.007808	0.000000 0.000000	0.002056 0.006169	0.005391 0.009506	0.002306 0.006919	0.005532 0.009490	0.002935 0.006704	
4 32 3 2.240000	0.837800 0.000643	0.298092 0.001078	0.023592 0.008564	0.001499 0.003310	0.004173 0.006943	0.000000 0.000000	0.000939 0.002817	0.000151 0.000452	0.006180 0.009839	0.002754 0.008262	0.001603 0.004810	
4 32 3 2.250000	0.833183 0.000450	0.305806 0.000750	0.021637 0.004987	0.000000 0.000000	0.003603 0.007779	0.000000 0.000000	0.000109 0.000328	0.002935 0.008806	0.002149 0.006446	0.000274 0.000821	0.003070 0.007542	
4 32 3 2.260000	0.828587 0.000110	0.313443 0.000183	0.023958 0.008277	0.002840 0.007454	0.001127 0.003219	0.003178 0.009310	0.000626 0.001879	0.000191 0.000574	0.002996 0.007252	0.005118 0.007741	0.000000 0.000000	
4 32 3 2.270000	0.823663 0.000927	0.321579 0.001526	0.024068 0.003588	0.008304 0.007683	0.002312 0.006936	0.001573 0.002389	0.000000 0.000000	0.003120 0.009360	0.002529 0.007588	0.000000 0.000000	0.000707 0.002120	
4 32 3 2.280000	0.818998 0.000842	0.329243 0.001379	0.024386 0.005125	0.004558 0.006945	0.003949 0.007205	0.002376 0.007127	0.001244 0.005437	-0.000440 0.001321	0.000000 0.000000	0.000685 0.002054	0.000892 0.002677	
4 32 3 2.290000	0.814241 0.000479	0.337011 0.000779	0.024128 0.009347	0.000811 0.002433	0.002956 0.008869	0.001792 0.002739	0.000532 0.001597	0.001807 0.005421	0.001811 0.002532	0.000000 0.000000	0.004021 0.009205	
4 32 3 2.300000	0.808912 0.001706	0.345660 0.002760	0.022796 0.009428	0.003018 0.009053	0.000000 0.000000	0.002802 0.008405	0.007069 0.004210	0.001713 0.005139	0.005879 0.004175	0.000152 0.000457	0.000000 0.000000	
4 32 3 2.310000	0.803786 0.000218	0.353928 0.000350	0.031964 0.007231	0.003006 0.005061	0.000000 0.000000	0.005112 0.009694	0.001569 0.002202	0.000056 0.000168	0.000225 0.000674	0.000211 0.000634	0.002053 0.003324	
4 32 3 2.320000	0.798065 0.000433	0.363092 0.000690	0.031929 0.008451	0.002482 0.004425	0.000557 0.001671	0.001107 0.003320	0.003406 0.006629	0.000000 0.000000	0.001986 0.007884	0.001185 0.002857	0.001547 0.004642	
4 32 3 2.330000	0.792303 0.000718	0.372255 0.001137	0.032297 0.008922	0.005445 0.006004	0.000000 0.000000	0.000264 0.000793	0.000597 0.001792	0.000496 0.001488	0.001766 0.005298	0.002797 0.008392	0.000091 0.000273	
4 32 3 2.340000	0.786450 0.000717	0.381497 0.001128	0.032232 0.005148	0.003974 0.008228	0.002702 0.005137	0.003601 0.005976	0.002138 0.006414	0.003325 0.009976	0.003148 0.008349	0.004844 0.009778	0.001219 0.003658	
4 32 3 2.350000	0.779978 0.000713	0.391633 0.001113	0.037108 0.008936	0.007319 0.003958	0.000000 0.000000	0.007565 0.007566	0.002860 0.007424	0.001087 0.003260	0.000836 0.002508	0.002174 0.006523	0.001668 0.004084	
4 32 3 2.360000	0.773956 0.000488	0.400991 0.000755	0.032697 0.007897	0.011670 0.006623	0.002912 0.008736	0.001130 0.003389	0.001053 0.003159	0.001746 0.005238	0.002809 0.003370	0.001816 0.005448	0.000108 0.000323	
4 32 3 2.370000	0.766850 0.001246	0.411941 0.001911	0.040441 0.004817	0.001596 0.005459	0.001165 0.003495	0.001571 0.004149	0.003798 0.008377	0.002824 0.008472	0.000049 0.000191	0.001586 0.004758	0.002471 0.007414	
4 32 3 2.380000	0.760864 0.000990	0.421085 0.001507	0.044113 0.005947	0.007227 0.009647	0.001829 0.004140	0.005024 0.008861	0.002764 0.006274	0.003824 0.007306	0.005551 0.008255	0.000944 0.002833	0.000760 0.002279	
4 32 3 2.390000	0.753750 0.000992	0.431861 0.001496	0.039940 0.008927	0.003624 0.006174	0.007143 0.008849	0.000000 0.000000	0.000000 0.000000	0.003088 0.009263	0.000000 0.000000	0.004105 0.008642	0.004078 0.007796	
4 32 3 2.400000	0.745895 0.000677	0.443640 0.001009	0.041812 0.005290	0.003324 0.009971	0.002861 0.004338	0.000991 0.002973	0.002425 0.004079	0.000000 0.000000	0.002079 0.006238	0.003317 0.009951	0.000000 0.000000	
4 32 3 2.410000	0.738574 0.000421	0.454508 0.000621	0.043649 0.009297	0.006541 0.006232	0.000000 0.000000	0.000838 0.002515	0.002581 0.006960	0.002266 0.004945	0.003667 0.009727	0.002159 0.003975	0.004464 0.004907	
4 32 3 2.420000	0.730572 0.000904	0.466264 0.001321	0.042539 0.004509	0.000000 0.000000	0.001210 0.003629	0.002975 0.006497	0.002613 0.006354	0.005007 0.008311	0.000000 0.000000	0.003118 0.009354	0.000000 0.000000	
4 32 3 2.430000	0.721900 0.002106	0.478859 0.003042	0.054282 0.008341	0.009533 0.007305	0.003308 0.009923	-0.000053 0.000160	0.001505 0.004515	0.003455 0.006965	0.004011 0.004762	0.002205 0.006541	0.000945 0.002834	
4 32 3 2.440000	0.711577 0.000555	0.493658 0.000790	0.054437 0.009754	0.008578 0.006782	0.002356 0.004293	0.006928 0.005390	0.000619 0.001857	0.000000 0.000000	0.006114 0.007102	0.002787 0.005184	0.000889 0.002667	
4 32 3 2.450000	0.703130 0.001116	0.505607 0.001569	0.056111 0.008637	0.006184 0.005371	0.002071 0.006213	0.003090 0.005218	0.000651 0.001952	0.003077 0.009209	0.000207 0.000821	0.001984 0.005952	0.003837 0.009200	
4 32 3 2.460000	0.693171 0.002655	0.519513 0.003680	0.056065 0.001774	0.005444 0.009533	0.002143 0.003639	0.004176 0.009814	0.003103 0.007306	0.000000 0.000000	0.000000 0.000000	0.000000 0.000000	0.000917 0.002751	
4 32 3 2.470000	0.682566 0.001777	0.534103 0.002426	0.056588 0.007594	0.008931 0.006719	0.003128 0.009385	0.000754 0.002771	0.002191 0.003942	0.001187 0.003560	0.003422 0.006543	0.006111 0.009512	0.003722 0.001217	
4 32 3 2.480000	0.670810 0.001368	0.550014 0.001836	0.063833 0.009232	0.011779 0.009538	0.000850 0.001776	0.002081 0.004550	0.002609 0.007827	0.002337 0.007011	-0.000133 0.000398	0.000699 0.002097	0.003041 0.009122	
4 32 3 2.490000	0.658648 0.001124	0.566183 0.001481	0.063637 0.009118	0.011314 0.005769	0.001980 0.001355	0.002481 0.007442	0.000328 0.000985	0.002270 0.006810	0.001376 0.004127	-0.000075 0.000225	0.001842 0.005526	
4 32 3 2.500000	0.646491 0.000962	0.582049 0.001243	0.066715 0.001368	0.012023 0.009628	0.002807 0.002788	0.000505 0.001515	0.001450 0.002799	0.000607 0.001822	0.000386 0.001346	0.002191 0.005297	0.001239 0.003718	
