4 48 2 0.400000	1.000000 0.000000	0.000000 0.000000	0.000000 0.000000	0.000000 0.000000	0.000000 0.000000	0.000000 0.000000	0.000000 0.000000	0.000000 0.000000	0.000000 0.000000	0.000000 0.000000	0.000000 0.000000	
4 48 2 0.410000	1.000000 0.000000	0.000000 0.000000	0.000000 0.000000	0.000000 0.000000	0.000000 0.000000	0.000000 0.000000	0.000000 0.000000	0.000000 0.000000	0.000000 0.000000	0.000000 0.000000	0.000000 0.000000	
4 48 2 0.420000	1.000000 0.000000	0.000000 0.000000	0.000000 0.000000	0.000000 0.000000	0.000000 0.000000	0.000000 0.000000	0.000000 0.000000	0.000000 0.000000	0.000000 0.000000	0.000000 0.000000	0.000000 0.000000	
4 48 2 0.430000	1.000000 0.000000	0.000000 0.000000	0.000000 0.000000	0.000000 0.000000	0.000000 0.000000	0.000000 0.000000	0.000000 0.000000	0.000000 0.000000	0.000000 0.000000	0.000000 0.000000	0.000000 0.000000	
4 48 2 0.440000	1.000000 0.000000	0.000000 0.000000	0.000000 0.000000	0.000000 0.000000	0.000000 0.000000	0.000000 0.000000	0.000000 0.000000	0.000000 0.000000	0.000000 0.000000	0.000000 0.000000	0.000000 0.000000	
4 48 2 0.450000	1.000000 0.000000	0.000000 0.000000	0.000000 0.000000	0.000000 0.000000	0.000000 0.000000	0.000000 0.000000	0.000000 0.000000	0.000000 0.000000	0.000000 0.000000	0.000000 0.000000	0.000000 0.000000	
4 48 2 0.460000	1.000000 0.000000	0.000000 0.000000	0.000000 0.000000	0.000000 0.000000	0.000000 0.000000	0.000000 0.000000	0.000000 0.000000	0.000000 0.000000	0.000000 0.000000	0.000000 0.000000	0.000000 0.000000	
4 48 2 0.470000	1.000000 0.000000	0.000000 0.000000	0.000000 0.000000	0.000000 0.000000	0.000000 0.000000	0.000000 0.000000	0.000000 0.000000	0.000000 0.000000	0.000000 0.000000	0.000000 0.000000	0.000000 0.000000	
4 48 2 0.480000	1.000000 0.000000	0.000000 0.000000	0.000000 0.000000	0.000000 0.000000	0.000000 0.000000	0.000000 0.000000	0.000000 0.000000	0.000000 0.000000	0.000000 0.000000	0.000000 0.000000	0.000000 0.000000	
4 48 2 0.490000	1.000000 0.000000	0.000000 0.000000	0.000000 0.000000	0.000000 0.000000	0.000000 0.000000	0.000000 0.000000	0.000000 0.000000	0.000000 0.000000	0.000000 0.000000	0.000000 0.000000	0.000000 0.000000	
4 48 2 0.500000	1.000000 0.000000	0.000000 0.000000	0.000000 0.000000	0.000000 0.000000	0.000000 0.000000	0.000000 0.000000	0.000000 0.000000	0.000000 0.000000	0.000000 0.000000	0.000000 0.000000	0.000000 0.000000	
4 48 2 0.510000	1.000000 0.000001	0.000000 0.000000	0.000000 0.000000	0.000000 0.000000	0.000000 0.000000	0.000000 0.000000	0.000000 0.000000	0.000000 0.000000	0.000000 0.000000	0.000000 0.000000	0.000000 0.000000	
4 48 2 0.520000	1.000000 0.000000	0.000000 0.000000	0.000000 0.000000	0.000000 0.000000	0.000000 0.000000	0.000000 0.000000	0.000000 0.000000	0.000000 0.000000	0.000000 0.000000	0.000000 0.000000	0.000000 0.000000	
4 48 2 0.530000	1.000000 0.000001	0.000000 0.000000	0.000000 0.000000	0.000000 0.000000	0.000000 0.000000	0.000000 0.000000	0.000000 0.000000	0.000000 0.000000	0.000000 0.000000	0.000000 0.000000	0.000000 0.000000	
4 48 2 0.540000	0.999999 0.000002	0.000000 0.000000	0.000000 0.000000	0.000000 0.000000	0.000000 0.000000	0.000000 0.000000	0.000000 0.000000	0.000000 0.000000	0.000000 0.000000	0.000000 0.000000	0.000000 0.000000	
4 48 2 0.550000	0.999999 0.000000	0.000000 0.000000	0.000000 0.000000	0.000000 0.000000	0.000000 0.000000	0.000000 0.000000	0.000000 0.000000	0.000000 0.000000	0.000000 0.000000	0.000000 0.000000	0.000000 0.000000	
4 48 2 0.560000	0.999998 0.000000	0.000000 0.000000	0.000000 0.000000	0.000000 0.000000	0.000000 0.000000	0.000000 0.000000	0.000000 0.000000	0.000000 0.000000	0.000000 0.000000	0.000000 0.000000	0.000000 0.000000	
4 48 2 0.570000	0.999998 0.000001	0.000000 0.000000	0.000000 0.000000	0.000000 0.000000	0.000000 0.000000	0.000000 0.000000	0.000000 0.000000	0.000000 0.000000	0.000000 0.000000	0.000000 0.000000	0.000000 0.000000	
4 48 2 0.580000	0.999997 0.000001	0.000000 0.000000	0.000000 0.000000	0.000000 0.000000	0.000000 0.000000	0.000000 0.000000	0.000000 0.000000	0.000000 0.000000	0.000000 0.000000	0.000000 0.000000	0.000000 0.000000	
4 48 2 0.590000	0.999998 0.000002	0.000000 0.000000	0.000000 0.000000	0.000000 0.000000	0.000000 0.000000	0.000000 0.000000	0.000000 0.000000	0.000000 0.000000	0.000000 0.000000	0.000000 0.000000	0.000000 0.000000	
4 48 2 0.600000	0.999996 0.000003	0.000000 0.000000	0.000000 0.000000	0.000000 0.000000	0.000000 0.000000	0.000000 0.000000	0.000000 0.000000	0.000000 0.000000	0.000000 0.000000	0.000000 0.000000	0.000000 0.000000	
4 48 2 0.610000	0.999996 0.000002	0.000000 0.000000	0.000000 0.000000	0.000000 0.000000	0.000000 0.000000	0.000000 0.000000	0.000000 0.000000	0.000000 0.000000	0.000000 0.000000	0.000000 0.000000	0.000000 0.000000	
4 48 2 0.620000	0.999995 0.000003	0.000000 0.000000	0.000000 0.000000	0.000000 0.000000	0.000000 0.000000	0.000000 0.000000	0.000000 0.000000	0.000000 0.000000	0.000000 0.000000	0.000000 0.000000	0.000000 0.000000	
4 48 2 0.630000	0.999994 0.000004	0.000000 0.000000	0.000000 0.000000	0.000000 0.000000	0.000000 0.000000	0.000000 0.000000	0.000000 0.000000	0.000000 0.000000	0.000000 0.000000	0.000000 0.000000	0.000000 0.000000	
4 48 2 0.640000	0.999993 0.000003	0.000000 0.000000	0.000000 0.000000	0.000000 0.000000	0.000000 0.000000	0.000000 0.000000	0.000000 0.000000	0.000000 0.000000	0.000000 0.000000	0.000000 0.000000	0.000000 0.000000	
4 48 2 0.650000	0.999991 0.000002	0.000000 0.000000	0.000000 0.000000	0.000000 0.000000	0.000000 0.000000	0.000000 0.000000	0.000000 0.000000	0.000000 0.000000	0.000000 0.000000	0.000000 0.000000	0.000000 0.000000	
4 48 2 0.660000	0.999990 0.000002	0.000000 0.000000	0.000000 0.000000	0.000000 0.000000	0.000000 0.000000	0.000000 0.000000	0.000000 0.000000	0.000000 0.000000	0.000000 0.000000	0.000000 0.000000	0.000000 0.000000	
4 48 2 0.670000	0.999988 0.000002	0.000000 0.000000	0.000000 0.000000	0.000000 0.000000	0.000000 0.000000	0.000000 0.000000	0.000000 0.000000	0.000000 0.000000	0.000000 0.000000	0.000000 0.000000	0.000000 0.000000	
4 48 2 0.680000	0.999986 0.000002	0.000000 0.000000	0.000000 0.000000	0.000000 0.000000	0.000000 0.000000	0.000000 0.000000	0.000000 0.000000	0.000000 0.000000	0.000000 0.000000	0.000000 0.000000	0.000000 0.000000	
4 48 2 0.690000	0.999980 0.000006	0.000000 0.000000	0.000000 0.000000	0.000000 0.000000	0.000000 0.000000	0.000000 0.000000	0.000000 0.000000	0.000000 0.000000	0.000000 0.000000	0.000000 0.000000	0.000000 0.000000	
4 48 2 0.700000	0.999976 0.000006	0.000000 0.000000	0.000000 0.000000	0.000000 0.000000	0.000000 0.000000	0.000000 0.000000	0.000000 0.000000	0.000000 0.000000	0.000000 0.000000	0.000000 0.000000	0.000000 0.000000	
4 48 2 0.710000	0.999973 0.000008	0.000000 0.000000	0.000000 0.000000	0.000000 0.000000	0.000000 0.000000	0.000000 0.000000	0.000000 0.000000	0.000000 0.000000	0.000000 0.000000	0.000000 0.000000	0.000000 0.000000	
4 48 2 0.720000	0.999968 0.000002	0.000000 0.000000	0.000000 0.000000	0.000000 0.000000	0.000000 0.000000	0.000000 0.000000	0.000000 0.000000	0.000000 0.000000	0.000000 0.000000	0.000000 0.000000	0.000000 0.000000	
4 48 2 0.730000	0.999968 0.000008	0.000000 0.000000	0.000000 0.000000	0.000000 0.000000	0.000000 0.000000	0.000000 0.000000	0.000000 0.000000	0.000000 0.000000	0.000000 0.000000	0.000000 0.000000	0.000000 0.000000	
4 48 2 0.740000	0.999961 0.000007	0.000000 0.000000	0.000000 0.000000	0.000000 0.000000	0.000000 0.000000	0.000000 0.000000	0.000000 0.000000	0.000000 0.000000	0.000000 0.000000	0.000000 0.000000	0.000000 0.000000	
4 48 2 0.750000	0.999957 0.000009	0.000000 0.000000	0.000000 0.000000	0.000000 0.000000	0.000000 0.000000	0.000000 0.000000	0.000000 0.000000	0.000000 0.000000	0.000000 0.000000	0.000000 0.000000	0.000000 0.000000	
4 48 2 0.760000	0.999946 0.000006	0.000109 0.000012	0.000075 0.000113	0.000071 0.000112	0.000109 0.000012	0.000071 0.000112	0.000109 0.000012	0.000109 0.000012	0.000109 0.000012	0.000109 0.000012	0.000071 0.000113	
4 48 2 0.770000	0.999945 0.000011	0.000078 0.000121	0.000078 0.000121	0.000040 0.000121	0.000078 0.000121	0.000078 0.000121	0.000078 0.000121	0.000078 0.000121	0.000078 0.000121	0.000078 0.000121	0.000078 0.000121	
4 48 2 0.780000	0.999928 0.000018	0.000143 0.000035	0.000049 0.000147	0.000102 0.000159	0.000143 0.000035	0.000143 0.000035	0.000094 0.000159	0.000094 0.000159	0.000143 0.000035	0.000102 0.000159	0.000143 0.000035	
4 48 2 0.790000	0.999920 0.000010	0.000159 0.000020	0.000159 0.000020	0.000159 0.000020	0.000159 0.000020	0.000106 0.000170	0.000106 0.000170	0.000050 0.000150	0.000159 0.000020	0.000159 0.000020	0.000159 0.000020	
4 48 2 0.800000	0.999904 0.000017	0.000192 0.000033	0.000132 0.000212	0.000131 0.000212	0.000132 0.000212	0.000192 0.000033	0.000061 0.000184	0.000132 0.000212	0.000061 0.000184	0.000131 0.000212	0.000192 0.000033	
4 48 2 0.810000	0.999900 0.000021	0.000200 0.000043	0.000124 0.000187	0.000076 0.000228	0.000200 0.000043	0.000200 0.000043	0.000200 0.000043	0.000200 0.000043	0.000200 0.000043	0.000076 0.000228	0.000138 0.000228	
4 48 2 0.820000	0.999882 0.000006	0.000235 0.000012	0.000156 0.000240	0.000235 0.000012	0.000235 0.000012	0.000235 0.000012	0.000235 0.000012	0.000159 0.000240	0.000159 0.000240	0.000156 0.000240	0.000080 0.000240	
4 48 2 0.830000	0.999873 0.000023	0.000255 0.000047	0.000171 0.000280	0.000083 0.000250	0.000171 0.000280	0.000093 0.000280	0.000177 0.000280	0.000161 0.000250	0.000171 0.000280	0.000255 0.000047	0.000161 0.000250	
4 48 2 0.840000	0.999856 0.000002	0.000287 0.000004	0.000287 0.000004	0.000096 0.000289	0.000192 0.000289	0.000095 0.000286	0.000095 0.000286	0.000287 0.000004	0.000096 0.000289	0.000287 0.000004	0.000191 0.000286	
4 48 2 0.850000	0.999837 0.000031	0.000325 0.000063	0.000325 0.000063	0.000224 0.000367	0.000203 0.000305	0.000325 0.000063	0.000203 0.000305	0.000101 0.000304	0.000101 0.000304	0.000325 0.000063	0.000203 0.000305	
4 48 2 0.860000	0.999815 0.000019	0.000371 0.000038	0.000242 0.000377	0.000371 0.000038	0.000126 0.000377	0.000242 0.000377	0.000126 0.000377	0.000254 0.000387	0.000242 0.000377	0.000254 0.000387	0.000129 0.000387	
4 48 2 0.870000	0.999794 0.000003	0.000413 0.000005	0.000138 0.000415	0.000413 0.000005	0.000413 0.000005	0.000275 0.000415	0.000413 0.000005	0.000276 0.000415	0.000413 0.000005	0.000275 0.000414	0.000137 0.000410	
4 48 2 0.880000	0.999776 0.000011	0.000448 0.000021	0.000448 0.000021	0.000448 0.000021	0.000150 0.000449	0.000448 0.000021	0.000448 0.000021	0.000298 0.000458	0.000295 0.000449	0.000295 0.000449	0.000298 0.000458	
4 48 2 0.890000	0.999750 0.000032	0.000500 0.000064	0.000154 0.000463	0.000346 0.000527	0.000176 0.000527	0.000324 0.000510	0.000170 0.000510	0.000176 0.000527	0.000500 0.000064	0.000330 0.000527	0.000000 0.000000	
4 48 2 0.900000	0.999718 0.000013	0.000564 0.000026	0.000191 0.000573	0.000191 0.000573	0.000564 0.000026	0.000191 0.000573	0.000182 0.000547	0.000000 0.000000	0.000000 0.000000	0.000190 0.000571	0.000373 0.000571	
4 48 2 0.910000	0.999695 0.000027	0.000610 0.000054	0.000416 0.000635	0.000205 0.000614	0.000250 0.000635	0.000416 0.000635	0.000398 0.000614	0.000083 0.000135	0.000610 0.000054	0.000443 0.000521	0.000000 0.000000	
4 48 2 0.920000	0.999663 0.000002	0.000675 0.000004	0.000508 0.000504	0.000175 0.000004	0.000283 0.000677	0.000341 0.000498	0.000450 0.000677	0.000508 0.000504	0.000225 0.000674	0.000675 0.000004	0.000450 0.000677	
4 48 2 0.930000	0.999630 0.000021	0.000741 0.000043	0.000407 0.000520	0.000494 0.000762	0.000320 0.000740	0.000407 0.000480	0.000574 0.000477	0.000574 0.000477	0.000320 0.000740	0.000574 0.000543	0.000247 0.000740	
4 48 2 0.940000	0.999594 0.000031	0.000813 0.000061	0.000813 0.000061	0.000270 0.000810	0.000531 0.000810	0.000646 0.000535	0.000543 0.000845	0.000813 0.000061	0.000385 0.000810	0.000646 0.000465	0.000646 0.000561	
4 48 2 0.950000	0.999568 0.000005	0.000865 0.000009	0.000289 0.000867	0.000123 0.000368	0.000575 0.000867	0.000000 0.000000	0.000412 0.000867	0.000365 0.000009	0.000865 0.000009	0.000242 0.000368	0.000122 0.000367	
4 48 2 0.960000	0.999515 0.000026	0.000969 0.000053	0.000304 0.000473	0.000314 0.000941	0.000312 0.000494	0.000304 0.000473	0.000000 0.000000	0.000147 0.000441	0.000638 0.000973	0.000312 0.000494	0.000312 0.000494	
4 48 2 0.970000	0.999462 0.000055	0.001075 0.000111	0.000045 0.000136	0.000045 0.000136	0.000908 0.000572	0.000400 0.000636	0.000567 0.001064	0.000220 0.000525	0.000212 0.000636	0.000175 0.000525	0.000355 0.001064	
4 48 2 0.980000	0.999417 0.000058	0.001166 0.000116	0.000630 0.001164	0.000666 0.000116	0.000203 0.000609	0.000758 0.001164	0.000666 0.000116	0.000630 0.001225	0.000591 0.001164	0.000666 0.000884	0.000499 0.000561	
4 48 2 0.990000	0.999384 0.000007	0.001231 0.000014	0.000653 0.001223	0.000652 0.001234	0.000652 0.001223	0.000245 0.000734	0.000323 0.000734	0.000245 0.000734	0.000245 0.000736	0.000485 0.001223	0.000074 0.000223	
4 48 2 1.000000	0.999324 0.000036	0.001351 0.000072	0.000583 0.000875	0.000559 0.001303	0.000851 0.000929	0.000726 0.001303	0.000559 0.001374	0.000559 0.001375	0.000000 0.000000	0.000559 0.000874	0.000125 0.000374	
4 48 2 1.010000	0.999257 0.000012	0.001485 0.000024	0.000329 0.000987	0.001152 0.000515	0.000656 0.000996	0.000656 0.001496	0.000157 0.000472	0.000329 0.000987	0.000157 0.000472	0.000489 0.000972	0.000329 0.000987	
4 48 2 1.020000	0.999186 0.000010	0.001628 0.000020	0.000546 0.001637	0.000961 0.001487	0.000749 0.001130	0.000249 0.000617	0.000795 0.001020	0.000000 0.000000	0.000795 0.000993	0.000212 0.000637	0.000043 0.000130	
4 48 2 1.030000	0.999132 0.000014	0.001736 0.000029	0.001069 0.000529	0.000661 0.001231	0.000492 0.000753	0.000410 0.001231	0.000403 0.000529	0.001236 0.001007	0.000492 0.001224	0.000328 0.000731	0.000492 0.001224	
4 48 2 1.040000	0.999067 0.000030	0.001865 0.000060	0.000422 0.000890	0.000292 0.000875	0.001032 0.001454	0.000902 0.001375	0.000000 0.000000	0.000922 0.001390	0.000463 0.001390	0.001198 0.001546	0.001365 0.000954	
4 48 2 1.050000	0.998998 0.000025	0.002003 0.000050	0.001336 0.000550	0.000662 0.001472	0.001165 0.001972	0.000341 0.001022	0.000157 0.000472	0.000672 0.002015	0.000172 0.000515	0.001165 0.002022	0.001013 0.001522	
4 48 2 1.060000	0.998924 0.000034	0.002151 0.000068	0.001317 0.001068	0.000608 0.001628	0.000775 0.001628	0.000252 0.000628	0.000585 0.001628	0.001484 0.001432	0.000941 0.001696	0.000441 0.000696	0.000209 0.000628	
4 48 2 1.070000	0.998842 0.000028	0.002315 0.000056	0.000376 0.000786	0.000448 0.001343	0.000700 0.001815	0.000105 0.000315	0.000595 0.001786	0.001200 0.001815	0.000719 0.001815	0.002148 0.000556	0.000886 0.001343	
4 48 2 1.080000	0.998752 0.000029	0.002495 0.000059	0.000000 0.000000	0.000655 0.001964	0.000488 0.001464	0.001340 0.002498	0.001507 0.002498	0.000666 0.001998	0.000488 0.001464	0.000840 0.001998	0.000341 0.001023	
4 48 2 1.090000	0.998661 0.000009	0.002676 0.000018	0.000781 0.002168	0.000285 0.000686	0.001285 0.002168	0.001451 0.002686	0.000676 0.001018	0.000781 0.001174	0.000000 0.000000	0.001114 0.002168	0.000618 0.001686	
4 48 2 1.100000	0.998554 0.000064	0.002890 0.000127	0.000000 0.000000	0.000961 0.002883	0.001724 0.002426	0.001724 0.000627	0.000000 0.000000	0.000610 0.001830	0.000614 0.001383	0.001224 0.001426	0.001114 0.001958	
4 48 2 1.110000	0.998473 0.000068	0.003052 0.000136	0.000826 0.002478	0.000871 0.002614	0.000531 0.001478	0.000038 0.000114	0.000705 0.002114	0.000000 0.000000	0.000000 0.000000	0.000326 0.000978	0.000681 0.001065	
4 48 2 1.120000	0.998370 0.000072	0.003257 0.000143	0.001141 0.002703	0.000475 0.000721	0.000074 0.000221	0.001641 0.003203	0.001475 0.002221	0.000423 0.000518	0.000423 0.000482	0.002423 0.002143	0.000522 0.001221	
4 48 2 1.130000	0.998238 0.000101	0.003521 0.000202	0.001521 0.000970	0.000889 0.001599	0.002855 0.000828	0.000132 0.000397	0.000556 0.001068	0.000000 0.000000	0.000856 0.002568	0.001722 0.002599	0.000000 0.000000	
4 48 2 1.140000	0.998159 0.000021	0.003680 0.000041	0.001234 0.003702	0.001346 0.002973	0.000901 0.002702	0.000954 0.002202	0.000000 0.000000	0.000220 0.000661	0.001288 0.002702	0.001013 0.002014	0.000892 0.002675	
4 48 2 1.150000	0.998032 0.000032	0.003933 0.000064	0.000656 0.001967	0.001610 0.002928	0.001110 0.002928	0.001143 0.003428	0.001123 0.002967	0.000801 0.002403	0.000298 0.000467	0.000457 0.000903	0.000000 0.000000	
4 48 2 1.160000	0.997888 0.000011	0.004219 0.000022	0.000816 0.002231	0.001719 0.001508	0.001309 0.003209	0.000809 0.002217	0.002052 0.002978	0.000406 0.001217	0.000649 0.001731	0.000147 0.000231	0.000886 0.002022	
4 48 2 1.170000	0.997780 0.000045	0.004435 0.000089	0.000000 0.000000	0.000464 0.001392	0.000631 0.001892	0.000994 0.002981	0.000644 0.001933	0.002769 0.002089	0.001124 0.001981	0.000805 0.001481	0.002102 0.002589	
4 48 2 1.180000	0.997638 0.000049	0.004717 0.000097	0.001217 0.001597	0.000466 0.001242	0.000414 0.001242	0.001137 0.002754	0.001665 0.002754	0.000000 0.000000	0.000751 0.002254	0.001384 0.003097	0.000966 0.001742	
4 48 2 1.190000	0.997516 0.000013	0.004963 0.000026	0.000639 0.000971	0.001473 0.002472	0.000157 0.000472	0.000157 0.000472	0.001629 0.000475	0.001472 0.003946	0.000982 0.002946	0.001796 0.002026	0.001314 0.002471	
4 48 2 1.200000	0.997345 0.000046	0.005303 0.000092	0.001262 0.003786	0.000684 0.001786	0.001184 0.003265	0.002970 0.001571	0.000088 0.000265	0.002470 0.000521	0.000588 0.001765	0.000952 0.002857	0.000000 0.000000	
4 48 2 1.210000	0.997192 0.000035	0.005608 0.000070	0.002774 0.001531	0.000690 0.002071	0.000203 0.000610	0.000404 0.000641	0.000214 0.000641	0.001251 0.003641	0.002608 0.002430	0.001071 0.003071	0.002561 0.004610	
4 48 2 1.220000	0.997029 0.000069	0.005933 0.000138	0.000666 0.001999	0.000454 0.001361	0.001620 0.003999	0.000000 0.000000	0.002146 0.005499	0.000646 0.001939	0.001453 0.003999	0.001767 0.004439	0.001479 0.003999	
4 48 2 1.230000	0.996835 0.000067	0.006320 0.000134	0.000269 0.000807	0.001884 0.003759	0.000602 0.001807	0.001384 0.002759	0.000798 0.002393	0.001298 0.003893	0.001522 0.004259	0.000920 0.002759	0.002355 0.004807	
4 48 2 1.240000	0.996675 0.000072	0.006640 0.000144	0.000848 0.002544	0.000744 0.001687	0.000125 0.000188	0.001306 0.002356	0.001973 0.002002	0.000896 0.002687	0.000848 0.002544	0.000062 0.000187	0.000000 0.000000	
4 48 2 1.250000	0.996458 0.000041	0.007071 0.000082	0.001405 0.002582	0.000000 0.000000	0.002405 0.002944	0.000896 0.002081	0.001396 0.003581	0.001544 0.004525	0.001194 0.003581	0.001694 0.005081	0.000369 0.001107	
4 48 2 1.260000	0.996325 0.000087	0.007336 0.000173	0.000000 0.000000	0.002503 0.004673	0.001145 0.003434	0.001416 0.002314	0.002025 0.004314	0.001416 0.003934	0.000525 0.001314	0.002669 0.001380	0.000000 0.000000	
4 48 2 1.270000	0.996119 0.000135	0.007748 0.000269	0.002914 0.004297	0.000680 0.001905	0.002036 0.003702	0.000514 0.001136	0.000514 0.001136	0.001212 0.003636	0.001202 0.001905	0.000514 0.000905	0.002748 0.000269	
4 48 2 1.280000	0.995903 0.000060	0.008177 0.000120	0.001786 0.003119	0.001597 0.003672	0.001804 0.003672	0.000080 0.000239	0.000873 0.002619	0.003343 0.002120	0.002637 0.004739	0.000413 0.001239	0.000597 0.001672	
4 48 2 1.290000	0.995724 0.000073	0.008534 0.000145	0.003491 0.005989	0.002868 0.005505	0.000828 0.002485	0.001163 0.003489	0.000876 0.002629	0.001034 0.000995	0.001543 0.004629	0.002205 0.004129	0.001043 0.003129	
4 48 2 1.300000	0.995418 0.000128	0.009144 0.000254	0.000592 0.001266	0.003477 0.006746	0.000552 0.001655	0.002977 0.003611	0.001089 0.003266	0.002810 0.001111	0.001222 0.003011	0.001926 0.003511	0.000973 0.002766	
4 48 2 1.310000	0.995191 0.000049	0.009595 0.000097	0.001216 0.002110	0.001558 0.003039	0.000203 0.000610	0.000378 0.001135	0.002761 0.000571	0.000383 0.001039	0.000712 0.002135	0.000346 0.001039	0.001045 0.003135	
4 48 2 1.320000	0.994988 0.000078	0.009999 0.000156	0.003832 0.007344	0.003665 0.002097	0.002332 0.005597	0.000527 0.001012	0.001161 0.001914	0.002190 0.006570	0.001504 0.004512	0.001527 0.002570	0.001004 0.003012	
4 48 2 1.330000	0.994769 0.000099	0.010436 0.000196	0.001351 0.004054	0.000000 0.000000	0.000000 0.000000	0.000299 0.000896	0.000000 0.000000	0.004084 0.007896	0.001751 0.004857	0.000637 0.001554	0.001483 0.004054	
4 48 2 1.340000	0.994496 0.000077	0.010979 0.000153	0.001328 0.002568	0.000138 0.000415	0.002812 0.001385	0.001484 0.004453	0.002623 0.003953	0.001356 0.004068	0.002289 0.004453	0.001818 0.005453	0.000189 0.000568	
4 48 2 1.350000	0.994242 0.000039	0.011482 0.000077	0.001146 0.002508	0.002672 0.006008	0.003149 0.003923	0.000477 0.001430	0.003813 0.006430	0.000503 0.001508	0.000838 0.001508	0.000000 0.000000	0.000000 0.000000	
4 48 2 1.360000	0.993974 0.000075	0.012016 0.000149	0.001702 0.004012	0.001671 0.005012	0.001198 0.003593	0.000000 0.000000	0.001815 0.005444	0.000652 0.001012	0.001179 0.002093	0.000837 0.002512	0.001985 0.003944	
4 48 2 1.370000	0.993700 0.000107	0.012561 0.000213	0.000646 0.001939	0.001581 0.003151	0.002550 0.007651	0.001363 0.003439	0.000480 0.001439	0.000414 0.001092	0.001081 0.002651	0.000000 0.000000	0.001510 0.003592	
4 48 2 1.380000	0.993411 0.000151	0.013134 0.000301	0.001134 0.000301	0.001407 0.004222	0.002321 0.003722	0.002488 0.006241	0.004134 0.006519	0.001301 0.002281	0.001968 0.003219	0.000741 0.002222	0.002147 0.006440	
4 48 2 1.390000	0.993072 0.000072	0.013808 0.000142	0.001974 0.001931	0.000912 0.002737	0.002808 0.005569	0.001460 0.004380	0.000681 0.001306	0.000000 0.000000	0.002681 0.007237	0.001769 0.005306	0.003181 0.005806	
4 48 2 1.400000	0.992825 0.000064	0.014299 0.000126	0.003799 0.005626	0.001466 0.000626	0.000785 0.002356	0.000104 0.000312	0.000862 0.001356	0.000695 0.001730	0.000743 0.002230	0.001633 0.002456	0.000000 0.000000	
4 48 2 1.410000	0.992500 0.000059	0.014944 0.000117	0.001312 0.002512	0.000965 0.002895	0.002132 0.006395	0.000000 0.000000	0.001132 0.003395	0.000000 0.000000	0.003777 0.006589	0.005110 0.001411	0.001312 0.003012	
4 48 2 1.420000	0.992147 0.000073	0.015644 0.000146	0.003288 0.005213	0.006644 0.003416	0.002622 0.005713	0.000856 0.002568	0.004122 0.006213	0.000071 0.000213	0.002073 0.005068	0.004644 0.004562	0.000238 0.000713	
4 48 2 1.430000	0.991791 0.000147	0.016351 0.000292	0.001337 0.004010	0.000000 0.000000	0.002685 0.004185	0.002779 0.005010	0.000743 0.001718	0.000000 0.000000	0.003612 0.006326	0.002503 0.007510	0.003073 0.009218	
4 48 2 1.440000	0.991541 0.000055	0.016845 0.000109	0.000000 0.000000	0.000298 0.000894	0.001214 0.001857	0.001381 0.003857	0.000000 0.000000	0.000095 0.000285	0.001928 0.005785	0.003512 0.003572	0.002012 0.002463	
4 48 2 1.450000	0.991095 0.000107	0.017731 0.000212	0.000282 0.000846	0.001615 0.004846	0.001115 0.003346	0.001853 0.003714	0.000827 0.001846	0.000238 0.000714	0.001687 0.003714	0.000405 0.001214	0.003687 0.007714	
4 48 2 1.460000	0.990777 0.000095	0.018362 0.000187	0.000917 0.002750	0.004862 0.004460	0.000000 0.000000	0.000083 0.000250	0.002049 0.003898	0.001133 0.003398	0.000083 0.000250	0.002750 0.008250	0.003195 0.003960	
4 48 2 1.470000	0.990414 0.000067	0.019079 0.000134	0.003079 0.006931	0.000694 0.002081	0.003579 0.004634	0.002742 0.005646	0.001031 0.002081	0.000694 0.002081	0.000194 0.000581	0.002242 0.005581	0.001742 0.003081	
4 48 2 1.480000	0.989979 0.000119	0.019941 0.000236	0.000805 0.002415	0.000750 0.001837	0.000750 0.001415	0.001803 0.003573	0.000779 0.002337	0.002663 0.004415	0.000946 0.002837	0.000472 0.001415	0.000612 0.001837	
4 48 2 1.490000	0.989569 0.000055	0.020753 0.000109	0.000977 0.002930	0.000504 0.001513	0.000188 0.002040	0.002836 0.002070	0.000230 0.000835	0.002836 0.004391	0.001004 0.003013	0.002586 0.001359	0.001716 0.008123	
4 48 2 1.500000	0.989151 0.000072	0.021581 0.000142	0.000000 0.000000	0.000695 0.002085	0.001383 0.004150	0.005414 0.009078	0.001383 0.004150	0.000503 0.001508	0.000000 0.000000	0.001248 0.002078	0.003050 0.009150	
4 48 2 1.510000	0.988770 0.000032	0.022335 0.000064	0.000000 0.000000	0.001314 0.003125	0.001542 0.004625	0.000000 0.000000	0.004390 0.003995	0.002792 0.008375	0.003487 0.006317	0.002418 0.004505	0.004423 0.007709	
4 48 2 1.520000	0.988350 0.000023	0.023164 0.000045	0.004164 0.006043	0.002438 0.004635	0.002271 0.003635	0.000000 0.000000	0.002119 0.005178	0.000104 0.000178	0.001105 0.002680	0.001226 0.003678	0.001378 0.004135	
4 48 2 1.530000	0.987820 0.000003	0.024211 0.000006	0.003236 0.009709	0.005045 0.008000	0.004045 0.003506	0.000570 0.001709	0.000000 0.000000	0.003878 0.006506	0.002711 0.004500	0.001641 0.003709	0.000403 0.001209	
4 48 2 1.540000	0.987387 0.000142	0.025068 0.000280	0.001206 0.003619	0.000467 0.001401	0.001100 0.001682	0.001194 0.002901	0.002434 0.004682	0.000394 0.001182	0.003361 0.005401	0.001800 0.005401	0.002528 0.005401	
4 48 2 1.550000	0.986908 0.000024	0.026013 0.000046	0.005791 0.008711	0.000000 0.000000	-0.000561 0.001684	0.000717 0.002150	0.000565 0.001694	-0.000601 0.001804	0.003519 0.005528	0.002615 0.005483	0.002726 0.004194	
4 48 2 1.560000	0.986482 0.000060	0.026853 0.000117	0.005686 0.008617	0.000768 0.002303	0.002213 0.004835	0.002307 0.006920	0.002241 0.004420	0.001112 0.003335	0.003585 0.008920	0.000000 0.000000	0.001408 0.003803	
4 48 2 1.570000	0.986005 0.000116	0.027793 0.000229	0.001087 0.003479	0.004115 0.007870	0.000913 0.001870	0.002226 0.004641	0.002512 0.007535	0.002210 0.009249	0.001670 0.004619	0.001457 0.004370	0.000623 0.001870	
4 48 2 1.580000	0.985634 0.000107	0.028525 0.000211	0.001041 0.003123	0.000208 0.000623	0.002680 0.008039	0.000000 0.000000	0.002012 0.005623	0.005692 0.004211	0.000000 0.000000	0.001846 0.005539	0.002041 0.006123	
4 48 2 1.590000	0.984963 0.000031	0.029848 0.000060	0.006348 0.004727	0.000000 0.000000	0.002562 0.007727	0.001847 0.005540	0.001438 0.004313	0.001681 0.006819	0.004237 0.001379	0.001744 0.003206	0.000557 0.004379	
4 48 2 1.600000	0.984475 0.000092	0.030809 0.000182	0.002959 0.002748	0.003518 0.005182	0.000272 0.000817	0.000000 0.000000	0.001106 0.003317	0.002461 0.004315	-0.000428 0.001283	0.001821 0.005830	0.003211 0.006317	
4 48 2 1.610000	0.983878 0.000132	0.031983 0.000259	0.001958 0.005874	0.004483 0.006690	0.002705 0.004143	0.001661 0.002776	0.000933 0.002800	0.002328 0.003776	0.002569 0.007707	0.001314 0.003943	0.004717 0.009443	
4 48 2 1.620000	0.983320 0.000186	0.033082 0.000366	0.001571 0.003289	0.002997 0.007956	0.000000 0.000000	0.002830 0.005201	0.003319 0.006034	0.005138 0.002800	0.002015 0.008800	0.002571 0.006089	0.005208 0.009701	
4 48 2 1.630000	0.982800 0.000009	0.034104 0.000017	0.002238 0.004446	0.003794 0.009613	-0.000077 0.000231	0.000310 0.000929	0.000000 0.000000	0.001566 0.003763	0.002978 0.008935	0.002405 0.008011	-0.000688 0.002065	
4 48 2 1.640000	0.982202 0.000307	0.035279 0.000602	0.001935 0.005806	0.001988 0.005964	0.001624 0.003567	0.004958 0.009306	0.003779 0.003740	0.000602 0.001806	0.002124 0.004567	0.003590 0.007306	0.002935 0.008806	
4 48 2 1.650000	0.981626 0.000176	0.036410 0.000345	0.000862 0.006488	-0.000396 0.001187	0.000123 0.000370	0.002283 0.005647	0.000450 0.008277	0.003355 0.003765	-0.000262 0.000785	0.000016 0.000048	-0.002595 0.007785	
4 48 2 1.660000	0.981016 0.000210	0.037607 0.000412	0.002720 0.005374	0.000000 0.000000	0.000000 0.000000	0.000000 0.000000	0.002262 0.006786	0.000000 0.000000	0.001458 0.004374	0.000720 0.001374	0.000000 0.000000	
4 48 2 1.670000	0.980383 0.000087	0.038848 0.000170	0.004737 0.008310	0.001293 0.005687	0.001852 0.005556	0.000185 0.000556	0.002879 0.006413	-0.000704 0.002111	0.002138 0.006413	0.000000 0.000000	0.002552 0.008163	
4 48 2 1.680000	0.979786 0.000046	0.040019 0.000090	0.003963 0.005923	0.001408 0.004919	0.002810 0.007046	0.001724 0.004713	0.001460 0.004379	0.002517 0.007551	0.000098 0.000294	0.000000 0.000000	0.000487 0.001461	
