4 24 10 0.400000	0.999980 0.000059	0.000000 0.000000	0.000000 0.000000	0.000000 0.000000	0.000000 0.000000	0.000000 0.000000	0.000000 0.000000	0.000000 0.000000	0.000000 0.000000	0.000000 0.000000	0.000000 0.000000	
4 24 10 0.410000	0.999998 0.000008	0.000000 0.000000	0.000000 0.000000	0.000000 0.000000	0.000000 0.000000	0.000000 0.000000	0.000000 0.000000	0.000000 0.000000	0.000000 0.000000	0.000000 0.000000	0.000000 0.000000	
4 24 10 0.420000	0.999629 0.001211	0.000000 0.000000	0.000000 0.000000	0.000000 0.000000	0.000000 0.000000	0.000000 0.000000	0.000000 0.000000	0.000000 0.000000	0.000000 0.000000	0.000000 0.000000	0.000000 0.000000	
4 24 10 0.430000	0.998613 0.004376	0.000000 0.000000	0.000000 0.000000	0.000000 0.000000	0.000000 0.000000	0.000000 0.000000	0.000000 0.000000	0.000000 0.000000	0.000000 0.000000	0.000000 0.000000	0.000000 0.000000	
4 24 10 0.440000	0.999999 0.000005	0.000000 0.000000	0.000000 0.000000	0.000000 0.000000	0.000000 0.000000	0.000000 0.000000	0.000000 0.000000	0.000000 0.000000	0.000000 0.000000	0.000000 0.000000	0.000000 0.000000	
4 24 10 0.450000	0.999444 0.002596	0.000000 0.000000	0.000000 0.000000	0.000000 0.000000	0.000000 0.000000	0.000000 0.000000	0.000000 0.000000	0.000000 0.000000	0.000000 0.000000	0.000000 0.000000	0.000000 0.000000	
4 24 10 0.460000	0.999665 0.001676	0.000000 0.000000	0.000000 0.000000	0.000000 0.000000	0.000000 0.000000	0.000000 0.000000	0.000000 0.000000	0.000000 0.000000	0.000000 0.000000	0.000000 0.000000	0.000000 0.000000	
4 24 10 0.470000	0.999305 0.003142	0.000000 0.000000	0.000000 0.000000	0.000000 0.000000	0.000000 0.000000	0.000000 0.000000	0.000000 0.000000	0.000000 0.000000	0.000000 0.000000	0.000000 0.000000	0.000000 0.000000	
4 24 10 0.480000	0.999928 0.000133	0.000000 0.000000	0.000000 0.000000	0.000000 0.000000	0.000000 0.000000	0.000000 0.000000	0.000000 0.000000	0.000000 0.000000	0.000000 0.000000	0.000000 0.000000	0.000000 0.000000	
4 24 10 0.490000	0.998192 0.004624	0.000000 0.000000	0.000000 0.000000	0.000000 0.000000	0.000000 0.000000	0.000000 0.000000	0.000000 0.000000	0.000000 0.000000	0.000000 0.000000	0.000000 0.000000	0.000000 0.000000	
4 24 10 0.500000	0.999176 0.003908	0.000000 0.000000	0.000000 0.000000	0.000000 0.000000	0.000000 0.000000	0.000000 0.000000	0.000000 0.000000	0.000000 0.000000	0.000000 0.000000	0.000000 0.000000	0.000000 0.000000	
4 24 10 0.510000	0.998904 0.003759	0.000000 0.000000	0.000000 0.000000	0.000000 0.000000	0.000000 0.000000	0.000000 0.000000	0.000000 0.000000	0.000000 0.000000	0.000000 0.000000	0.000000 0.000000	0.000000 0.000000	
4 24 10 0.520000	0.998761 0.004947	0.000000 0.000000	0.000000 0.000000	0.000000 0.000000	0.000000 0.000000	0.000000 0.000000	0.000000 0.000000	0.000000 0.000000	0.000000 0.000000	0.000000 0.000000	0.000000 0.000000	
4 24 10 0.530000	0.998970 0.004671	0.000000 0.000000	0.000000 0.000000	0.000000 0.000000	0.000000 0.000000	0.000000 0.000000	0.000000 0.000000	0.000000 0.000000	0.000000 0.000000	0.000000 0.000000	0.000000 0.000000	
4 24 10 0.540000	0.998072 0.004359	0.000000 0.000000	0.000000 0.000000	0.000000 0.000000	0.000000 0.000000	0.000000 0.000000	0.000000 0.000000	0.000000 0.000000	0.000000 0.000000	0.000000 0.000000	0.000000 0.000000	
4 24 10 0.550000	0.999112 0.004419	0.000000 0.000000	0.000000 0.000000	0.000000 0.000000	0.000000 0.000000	0.000000 0.000000	0.000000 0.000000	0.000000 0.000000	0.000000 0.000000	0.000000 0.000000	0.000000 0.000000	
4 24 10 0.560000	0.999006 0.004882	0.000000 0.000000	0.000000 0.000000	0.000000 0.000000	0.000000 0.000000	0.000000 0.000000	0.000000 0.000000	0.000000 0.000000	0.000000 0.000000	0.000000 0.000000	0.000000 0.000000	
4 24 10 0.570000	0.999651 0.000662	0.000000 0.000000	0.000000 0.000000	0.000000 0.000000	0.000000 0.000000	0.000000 0.000000	0.000000 0.000000	0.000000 0.000000	0.000000 0.000000	0.000000 0.000000	0.000000 0.000000	
4 24 10 0.580000	0.999031 0.004805	0.000000 0.000000	0.000000 0.000000	0.000000 0.000000	0.000000 0.000000	0.000000 0.000000	0.000000 0.000000	0.000000 0.000000	0.000000 0.000000	0.000000 0.000000	0.000000 0.000000	
4 24 10 0.590000	0.998949 0.002227	0.000000 0.000000	0.000000 0.000000	0.000000 0.000000	0.000000 0.000000	0.000000 0.000000	0.000000 0.000000	0.000000 0.000000	0.000000 0.000000	0.000000 0.000000	0.000000 0.000000	
4 24 10 0.600000	0.999561 0.001030	0.000000 0.000000	0.000000 0.000000	0.000000 0.000000	0.000000 0.000000	0.000000 0.000000	0.000000 0.000000	0.000000 0.000000	0.000000 0.000000	0.000000 0.000000	0.000000 0.000000	
4 24 10 0.610000	0.999309 0.002395	0.000000 0.000000	0.000000 0.000000	0.000000 0.000000	0.000000 0.000000	0.000000 0.000000	0.000000 0.000000	0.000000 0.000000	0.000000 0.000000	0.000000 0.000000	0.000000 0.000000	
4 24 10 0.620000	0.999023 0.002838	0.000000 0.000000	0.000000 0.000000	0.000000 0.000000	0.000000 0.000000	0.000000 0.000000	0.000000 0.000000	0.000000 0.000000	0.000000 0.000000	0.000000 0.000000	0.000000 0.000000	
4 24 10 0.630000	0.998976 0.004655	0.000000 0.000000	0.000000 0.000000	0.000000 0.000000	0.000000 0.000000	0.000000 0.000000	0.000000 0.000000	0.000000 0.000000	0.000000 0.000000	0.000000 0.000000	0.000000 0.000000	
4 24 10 0.640000	0.998980 0.002858	0.000000 0.000000	0.000000 0.000000	0.000000 0.000000	0.000000 0.000000	0.000000 0.000000	0.000000 0.000000	0.000000 0.000000	0.000000 0.000000	0.000000 0.000000	0.000000 0.000000	
4 24 10 0.650000	0.999764 0.000808	0.000000 0.000000	0.000000 0.000000	0.000000 0.000000	0.000000 0.000000	0.000000 0.000000	0.000000 0.000000	0.000000 0.000000	0.000000 0.000000	0.000000 0.000000	0.000000 0.000000	
4 24 10 0.660000	0.997989 0.001834	0.000000 0.000000	0.000000 0.000000	0.000000 0.000000	0.000000 0.000000	0.000000 0.000000	0.000000 0.000000	0.000000 0.000000	0.000000 0.000000	0.000000 0.000000	0.000000 0.000000	
4 24 10 0.670000	0.999824 0.000218	0.000000 0.000000	0.000000 0.000000	0.000000 0.000000	0.000000 0.000000	0.000000 0.000000	0.000000 0.000000	0.000000 0.000000	0.000000 0.000000	0.000000 0.000000	0.000000 0.000000	
4 24 10 0.680000	0.998924 0.004482	0.000000 0.000000	0.000000 0.000000	0.000000 0.000000	0.000000 0.000000	0.000000 0.000000	0.000000 0.000000	0.000000 0.000000	0.000000 0.000000	0.000000 0.000000	0.000000 0.000000	
4 24 10 0.690000	0.998659 0.004619	0.000000 0.000000	0.000000 0.000000	0.000000 0.000000	0.000000 0.000000	0.000000 0.000000	0.000000 0.000000	0.000000 0.000000	0.000000 0.000000	0.000000 0.000000	0.000000 0.000000	
4 24 10 0.700000	0.997047 0.004519	0.000000 0.000000	0.000000 0.000000	0.000000 0.000000	0.000000 0.000000	0.000000 0.000000	0.000000 0.000000	0.000000 0.000000	0.000000 0.000000	0.000000 0.000000	0.000000 0.000000	
4 24 10 0.710000	0.999800 0.000268	0.000000 0.000000	0.000000 0.000000	0.000000 0.000000	0.000000 0.000000	0.000000 0.000000	0.000000 0.000000	0.000000 0.000000	0.000000 0.000000	0.000000 0.000000	0.000000 0.000000	
4 24 10 0.720000	0.998277 0.004582	0.000000 0.000000	0.000000 0.000000	0.000000 0.000000	0.000000 0.000000	0.000000 0.000000	0.000000 0.000000	0.000000 0.000000	0.000000 0.000000	0.000000 0.000000	0.000000 0.000000	
4 24 10 0.730000	0.997156 0.002193	0.000000 0.000000	0.000000 0.000000	0.000000 0.000000	0.000000 0.000000	0.000000 0.000000	0.000000 0.000000	0.000000 0.000000	0.000000 0.000000	0.000000 0.000000	0.000000 0.000000	
4 24 10 0.740000	0.997829 0.003917	0.000000 0.000000	0.000000 0.000000	0.000000 0.000000	0.000000 0.000000	0.000000 0.000000	0.000000 0.000000	0.000000 0.000000	0.000000 0.000000	0.000000 0.000000	0.000000 0.000000	
4 24 10 0.750000	0.998102 0.004622	0.000000 0.000000	0.000000 0.000000	0.000000 0.000000	0.000000 0.000000	0.000000 0.000000	0.000000 0.000000	0.000000 0.000000	0.000000 0.000000	0.000000 0.000000	0.000000 0.000000	
4 24 10 0.760000	0.992018 0.004700	0.015897 0.009327	0.000000 0.000000	0.000000 0.000000	0.000000 0.000000	0.000000 0.000000	0.000000 0.000000	0.000000 0.000000	0.000000 0.000000	0.000000 0.000000	0.000000 0.000000	
4 24 10 0.770000	0.997276 0.002074	0.000000 0.000000	0.000000 0.000000	0.000000 0.000000	0.000000 0.000000	0.000000 0.000000	0.000000 0.000000	0.000000 0.000000	0.000000 0.000000	0.000000 0.000000	0.000000 0.000000	
4 24 10 0.780000	0.998609 0.002267	0.000000 0.000000	0.000000 0.000000	0.000000 0.000000	0.000000 0.000000	0.000000 0.000000	0.000000 0.000000	0.000000 0.000000	0.000000 0.000000	0.000000 0.000000	0.000000 0.000000	
4 24 10 0.790000	0.997799 0.004417	0.000000 0.000000	0.000000 0.000000	0.000000 0.000000	0.000000 0.000000	0.000000 0.000000	0.000000 0.000000	0.000000 0.000000	0.000000 0.000000	0.000000 0.000000	0.000000 0.000000	
4 24 10 0.800000	0.998430 0.000203	0.000000 0.000000	0.000000 0.000000	0.000000 0.000000	0.000000 0.000000	0.000000 0.000000	0.000000 0.000000	0.000000 0.000000	0.000000 0.000000	0.000000 0.000000	0.000000 0.000000	
4 24 10 0.810000	0.997106 0.003088	0.000000 0.000000	0.000000 0.000000	0.000000 0.000000	0.000000 0.000000	0.000000 0.000000	0.000000 0.000000	0.000000 0.000000	0.000000 0.000000	0.000000 0.000000	0.000000 0.000000	
4 24 10 0.820000	0.997520 0.004061	0.000000 0.000000	0.000000 0.000000	0.000000 0.000000	0.000000 0.000000	0.000000 0.000000	0.000000 0.000000	0.000000 0.000000	0.000000 0.000000	0.000000 0.000000	0.000000 0.000000	
4 24 10 0.830000	0.998937 0.000409	0.000000 0.000000	0.000000 0.000000	0.000000 0.000000	0.000000 0.000000	0.000000 0.000000	0.000000 0.000000	0.000000 0.000000	0.000000 0.000000	0.000000 0.000000	0.000000 0.000000	
4 24 10 0.840000	0.989334 0.004959	0.021214 0.009804	0.000000 0.000000	0.000000 0.000000	0.000000 0.000000	0.000000 0.000000	0.000000 0.000000	0.000000 0.000000	0.000000 0.000000	0.000000 0.000000	0.000000 0.000000	
4 24 10 0.850000	0.998285 0.001863	0.000000 0.000000	0.000000 0.000000	0.000000 0.000000	0.000000 0.000000	0.000000 0.000000	0.000000 0.000000	0.000000 0.000000	0.000000 0.000000	0.000000 0.000000	0.000000 0.000000	
4 24 10 0.860000	0.996427 0.002326	0.000000 0.000000	0.000000 0.000000	0.000000 0.000000	0.000000 0.000000	0.000000 0.000000	0.000000 0.000000	0.000000 0.000000	0.000000 0.000000	0.000000 0.000000	0.000000 0.000000	
4 24 10 0.870000	0.992757 0.003610	0.014431 0.007171	0.000000 0.000000	0.000000 0.000000	0.000000 0.000000	0.000000 0.000000	0.000000 0.000000	0.000000 0.000000	0.000000 0.000000	0.000000 0.000000	0.000000 0.000000	
4 24 10 0.880000	0.996809 0.000112	0.000000 0.000000	0.000000 0.000000	0.000000 0.000000	0.000000 0.000000	0.000000 0.000000	0.000000 0.000000	0.000000 0.000000	0.000000 0.000000	0.000000 0.000000	0.000000 0.000000	
4 24 10 0.890000	0.986813 0.003711	0.026198 0.007328	0.000000 0.000000	0.000000 0.000000	0.000000 0.000000	0.000000 0.000000	0.000000 0.000000	0.000000 0.000000	0.000000 0.000000	0.000000 0.000000	0.000000 0.000000	
4 24 10 0.900000	0.996698 0.002445	0.000000 0.000000	0.000000 0.000000	0.000000 0.000000	0.000000 0.000000	0.000000 0.000000	0.000000 0.000000	0.000000 0.000000	0.000000 0.000000	0.000000 0.000000	0.000000 0.000000	
4 24 10 0.910000	0.998289 0.000556	0.000000 0.000000	0.000000 0.000000	0.000000 0.000000	0.000000 0.000000	0.000000 0.000000	0.000000 0.000000	0.000000 0.000000	0.000000 0.000000	0.000000 0.000000	0.000000 0.000000	
4 24 10 0.920000	0.996977 0.003129	0.000000 0.000000	0.000000 0.000000	0.000000 0.000000	0.000000 0.000000	0.000000 0.000000	0.000000 0.000000	0.000000 0.000000	0.000000 0.000000	0.000000 0.000000	0.000000 0.000000	
4 24 10 0.930000	0.997536 0.001533	0.000000 0.000000	0.000000 0.000000	0.000000 0.000000	0.000000 0.000000	0.000000 0.000000	0.000000 0.000000	0.000000 0.000000	0.000000 0.000000	0.000000 0.000000	0.000000 0.000000	
4 24 10 0.940000	0.991199 0.004961	0.017520 0.009833	0.000000 0.000000	0.000000 0.000000	0.000000 0.000000	0.000000 0.000000	0.000000 0.000000	0.000000 0.000000	0.000000 0.000000	0.000000 0.000000	0.000000 0.000000	
4 24 10 0.950000	0.995941 0.000852	0.000000 0.000000	0.000000 0.000000	0.000000 0.000000	0.000000 0.000000	0.000000 0.000000	0.000000 0.000000	0.000000 0.000000	0.000000 0.000000	0.000000 0.000000	0.000000 0.000000	
4 24 10 0.960000	0.997150 0.000554	0.000000 0.000000	0.000000 0.000000	0.000000 0.000000	0.000000 0.000000	0.000000 0.000000	0.000000 0.000000	0.000000 0.000000	0.000000 0.000000	0.000000 0.000000	0.000000 0.000000	
4 24 10 0.970000	0.996478 0.002123	0.000000 0.000000	0.000000 0.000000	0.000000 0.000000	0.000000 0.000000	0.000000 0.000000	0.000000 0.000000	0.000000 0.000000	0.000000 0.000000	0.000000 0.000000	0.000000 0.000000	
4 24 10 0.980000	0.996306 0.001721	0.000000 0.000000	0.000000 0.000000	0.000000 0.000000	0.000000 0.000000	0.000000 0.000000	0.000000 0.000000	0.000000 0.000000	0.000000 0.000000	0.000000 0.000000	0.000000 0.000000	
4 24 10 0.990000	0.974111 0.003055	0.051106 0.005949	0.000000 0.000000	0.000000 0.000000	0.000000 0.000000	0.000000 0.000000	0.000000 0.000000	0.000000 0.000000	0.000000 0.000000	0.000000 0.000000	0.000000 0.000000	
4 24 10 1.000000	0.990136 0.004919	0.019625 0.009734	0.000000 0.000000	0.000000 0.000000	0.000000 0.000000	0.000000 0.000000	0.000000 0.000000	0.000000 0.000000	0.000000 0.000000	0.000000 0.000000	0.000000 0.000000	
4 24 10 1.010000	0.986733 0.003575	0.026356 0.007051	0.000000 0.000000	0.000000 0.000000	0.000000 0.000000	0.000000 0.000000	0.000000 0.000000	0.000000 0.000000	0.000000 0.000000	0.000000 0.000000	0.000000 0.000000	
4 24 10 1.020000	0.992583 0.001586	0.014779 0.003149	0.000000 0.000000	0.000000 0.000000	0.000000 0.000000	0.000000 0.000000	0.000000 0.000000	0.000000 0.000000	0.000000 0.000000	0.000000 0.000000	0.000000 0.000000	
4 24 10 1.030000	0.987654 0.004757	0.024537 0.009400	0.000000 0.000000	0.000000 0.000000	0.000000 0.000000	0.000000 0.000000	0.000000 0.000000	0.000000 0.000000	0.000000 0.000000	0.000000 0.000000	0.000000 0.000000	
4 24 10 1.040000	0.990718 0.004932	0.018475 0.009775	0.000000 0.000000	0.000000 0.000000	0.000000 0.000000	0.000000 0.000000	0.000000 0.000000	0.000000 0.000000	0.000000 0.000000	0.000000 0.000000	0.000000 0.000000	
4 24 10 1.050000	0.992313 0.004689	0.015311 0.009298	0.000000 0.000000	0.000000 0.000000	0.000000 0.000000	0.000000 0.000000	0.000000 0.000000	0.000000 0.000000	0.000000 0.000000	0.000000 0.000000	0.000000 0.000000	
4 24 10 1.060000	0.986603 0.002607	0.026613 0.005144	0.000000 0.000000	0.000000 0.000000	0.000000 0.000000	0.000000 0.000000	0.000000 0.000000	0.000000 0.000000	0.000000 0.000000	0.000000 0.000000	0.000000 0.000000	
4 24 10 1.070000	0.993367 0.001118	0.013222 0.002221	0.000000 0.000000	0.000000 0.000000	0.000000 0.000000	0.000000 0.000000	0.000000 0.000000	0.000000 0.000000	0.000000 0.000000	0.000000 0.000000	0.000000 0.000000	
4 24 10 1.080000	0.992676 0.002116	0.014594 0.004200	0.000972 0.002915	0.000978 0.002934	0.000000 0.000000	0.000000 0.000000	0.000561 0.001684	0.000000 0.000000	0.000777 0.002330	0.000512 0.001537	0.001712 0.003084	
4 24 10 1.090000	0.989512 0.004134	0.020862 0.008176	0.001076 0.003229	0.000000 0.000000	0.000000 0.000000	0.000000 0.000000	0.000000 0.000000	0.000501 0.001502	0.000000 0.000000	0.000000 0.000000	0.000000 0.000000	
4 24 10 1.100000	0.990824 0.003732	0.018264 0.007391	0.000000 0.000000	0.000895 0.002685	0.000000 0.000000	0.000000 0.000000	0.000000 0.000000	0.000000 0.000000	0.000595 0.001786	0.000000 0.000000	0.000123 0.000368	
4 24 10 1.110000	0.983421 0.004936	0.032880 0.009705	0.002989 0.005072	0.000000 0.000000	0.001048 0.003145	0.001385 0.004156	0.000000 0.000000	0.000000 0.000000	0.000743 0.002229	0.000710 0.002130	0.000000 0.000000	
4 24 10 1.120000	0.988251 0.002420	0.023360 0.004785	0.000000 0.000000	0.000000 0.000000	0.000301 0.000903	0.000000 0.000000	0.000000 0.000000	0.000000 0.000000	0.000000 0.000000	0.000000 0.000000	0.000000 0.000000	
4 24 10 1.130000	0.987860 0.004919	0.024128 0.009714	0.000000 0.000000	0.000000 0.000000	0.000458 0.001373	0.000000 0.000000	0.000000 0.000000	0.000000 0.000000	0.000000 0.000000	0.000000 0.000000	0.000000 0.000000	
4 24 10 1.140000	0.987933 0.004455	0.023985 0.008796	0.001999 0.005996	0.000854 0.001587	0.000000 0.000000	0.000000 0.000000	0.000953 0.001594	0.001163 0.003489	0.000000 0.000000	0.000000 0.000000	0.000000 0.000000	
4 24 10 1.150000	0.986753 0.004828	0.026315 0.009525	0.000000 0.000000	0.000000 0.000000	0.000469 0.001406	0.000000 0.000000	0.000000 0.000000	0.000473 0.001418	0.000000 0.000000	0.000000 0.000000	0.000652 0.001956	
4 24 10 1.160000	0.985216 0.004551	0.029347 0.008967	0.000000 0.000000	0.000000 0.000000	0.000996 0.002987	0.000000 0.000000	0.000000 0.000000	0.000996 0.002987	0.000000 0.000000	0.000000 0.000000	0.000000 0.000000	
4 24 10 1.170000	0.984824 0.003611	0.030119 0.007108	0.002134 0.003602	0.000000 0.000000	0.000000 0.000000	0.000000 0.000000	0.000000 0.000000	0.000449 0.001346	0.000000 0.000000	0.000000 0.000000	0.000392 0.001177	
4 24 10 1.180000	0.984742 0.004403	0.030279 0.008669	0.001957 0.003814	0.000676 0.002028	0.000000 0.000000	0.000570 0.001710	0.000000 0.000000	0.000000 0.000000	0.000000 0.000000	0.000000 0.000000	0.000000 0.000000	
4 24 10 1.190000	0.984183 0.004803	0.031379 0.009448	0.000000 0.000000	0.000000 0.000000	0.000000 0.000000	0.000000 0.000000	0.000000 0.000000	0.000000 0.000000	0.000000 0.000000	0.000000 0.000000	0.000000 0.000000	
4 24 10 1.200000	0.979687 0.005096	0.040207 0.009978	0.005727 0.003208	0.002120 0.006360	0.002723 0.006287	0.000523 0.001570	0.002180 0.006540	0.001917 0.005751	0.002794 0.006457	0.001909 0.005726	0.000000 0.000000	
4 24 10 1.210000	0.980001 0.004614	0.039595 0.009042	0.002982 0.006552	0.000000 0.000000	0.000000 0.000000	0.000000 0.000000	0.000000 0.000000	0.001253 0.003760	0.001680 0.005041	0.001051 0.003152	0.000000 0.000000	
4 24 10 1.220000	0.974038 0.004804	0.051246 0.009358	0.002574 0.005036	0.001543 0.003252	0.002571 0.005549	0.002305 0.006916	0.002460 0.004748	0.002302 0.006906	0.000000 0.000000	0.002783 0.008348	0.001485 0.003604	
4 24 10 1.230000	0.973463 0.004672	0.052365 0.009100	0.002661 0.005300	0.001258 0.003774	0.000000 0.000000	0.000856 0.002567	0.004441 0.002535	0.000913 0.002049	0.000000 0.000000	0.000000 0.000000	0.000000 0.000000	
4 24 10 1.240000	0.977944 0.004283	0.043621 0.008381	0.002371 0.004254	0.000000 0.000000	0.000868 0.002605	0.002977 0.005536	0.000000 0.000000	0.000000 0.000000	0.000210 0.000630	0.000000 0.000000	0.000000 0.000000	
4 24 10 1.250000	0.969513 0.004987	0.060041 0.009667	0.002848 0.006528	0.004222 0.009155	0.001779 0.004164	0.001982 0.004909	0.002168 0.003971	0.000000 0.000000	0.000000 0.000000	0.003637 0.007265	0.001069 0.003206	
4 24 10 1.260000	0.969444 0.004705	0.060173 0.009129	0.004170 0.007687	0.002841 0.006616	0.001775 0.003437	0.000000 0.000000	0.000000 0.000000	0.003827 0.008461	0.001164 0.003491	0.000000 0.000000	0.000000 0.000000	
4 24 10 1.270000	0.974813 0.003593	0.049737 0.007003	0.003686 0.003820	0.000690 0.002069	0.000795 0.002386	0.000000 0.000000	0.000000 0.000000	0.001432 0.002709	0.001581 0.002822	0.000000 0.000000	0.000924 0.002773	
4 24 10 1.280000	0.968703 0.001713	0.061614 0.003318	0.004870 0.008347	0.004010 0.004214	0.005256 0.007032	0.001396 0.004189	0.001390 0.004170	0.000000 0.000000	0.004423 0.007111	0.001112 0.003337	0.000803 0.002408	
4 24 10 1.290000	0.969165 0.004637	0.060716 0.008991	0.004921 0.004892	0.001259 0.003777	0.003040 0.005261	0.001946 0.003689	0.000000 0.000000	0.000960 0.002880	0.002904 0.004963	0.000606 0.001818	0.000000 0.000000	
4 24 10 1.300000	0.968226 0.004231	0.062535 0.008193	0.001652 0.002791	0.001850 0.003326	0.000000 0.000000	0.001325 0.003976	0.000000 0.000000	0.001105 0.003314	0.000719 0.002156	0.000000 0.000000	0.000000 0.000000	
4 24 10 1.310000	0.968564 0.004611	0.061881 0.008934	0.003034 0.006051	0.000000 0.000000	0.002912 0.007052	0.000000 0.000000	0.001572 0.004715	0.000000 0.000000	0.001432 0.002322	0.001864 0.005592	0.002110 0.004162	
4 24 10 1.320000	0.967265 0.004725	0.064395 0.009138	0.004739 0.006021	0.000000 0.000000	0.001807 0.002907	0.001006 0.003019	0.001486 0.004458	0.001264 0.003792	0.000960 0.002880	0.000932 0.002797	0.000000 0.000000	
4 24 10 1.330000	0.956916 0.005204	0.084307 0.009956	0.006750 0.005994	0.001702 0.003795	0.004170 0.006263	0.001032 0.003097	0.002983 0.004792	0.001796 0.005389	0.000000 0.000000	0.001973 0.003630	0.000000 0.000000	
4 24 10 1.340000	0.963406 0.004587	0.071845 0.008839	0.001712 0.003757	0.000000 0.000000	0.000556 0.001224	0.000000 0.000000	0.000000 0.000000	0.001379 0.004138	0.000000 0.000000	0.000000 0.000000	0.000719 0.002156	
4 24 10 1.350000	0.002358 0.001232	0.999994 0.000005	0.113513 0.009439	0.016939 0.008606	0.002911 0.006116	0.001569 0.003881	0.002018 0.003974	0.002913 0.004442	0.002451 0.007354	0.001016 0.003048	-0.000327 0.000980	
4 24 10 1.360000	0.003786 0.001603	0.999985 0.000013	0.109059 0.004789	0.015871 0.005624	0.003904 0.006815	0.000381 0.001144	0.000892 0.002675	0.001444 0.002211	0.002185 0.004712	0.000664 0.002075	0.001910 0.005731	
4 24 10 1.370000	0.002915 0.003322	0.999990 0.000020	0.111255 0.009893	0.016625 0.009147	0.000579 0.001738	0.003632 0.006939	0.002184 0.004978	0.002431 0.007293	0.001566 0.003609	0.003917 0.006103	-0.000249 0.000748	
4 24 10 1.380000	0.003775 0.000698	0.999986 0.000005	0.112866 0.008493	0.011508 0.002526	0.002888 0.005624	0.001154 0.003461	0.001964 0.005892	0.002389 0.007167	0.001349 0.002921	0.002553 0.005544	0.003895 0.006081	
4 24 10 1.390000	0.003645 0.002585	0.999986 0.000020	0.102732 0.007573	0.009615 0.005273	0.001167 0.004440	0.000000 0.000000	0.000296 0.001312	0.000668 0.001012	0.002090 0.006270	0.002402 0.003882	0.000000 0.000000	
4 24 10 1.400000	0.002801 0.001002	0.999992 0.000006	0.111612 0.008614	0.013765 0.003467	0.004626 0.005281	0.001251 0.003764	0.002017 0.001357	0.002238 0.005177	0.001223 0.003670	0.000000 0.000000	0.002735 0.006034	
4 24 10 1.410000	0.003396 0.001603	0.999988 0.000011	0.105220 0.008467	0.012025 0.005422	0.003835 0.009983	0.003420 0.005266	0.001711 0.005132	0.001987 0.005960	0.001260 0.003779	0.004031 0.005874	0.001074 0.001932	
4 24 10 1.420000	0.002250 0.001101	0.999995 0.000005	0.106754 0.008702	0.015272 0.006943	0.001602 0.004807	0.005272 0.006663	0.003239 0.009716	0.001538 0.002036	-0.000591 0.006758	0.001541 0.004624	0.001234 0.003701	
4 24 10 1.430000	0.002815 0.002105	0.999991 0.000013	0.102732 0.005402	0.017065 0.005790	0.000997 0.002440	0.000000 0.000000	0.000883 0.002650	0.001765 0.003746	0.001243 0.002622	0.001196 0.005266	0.001869 0.005606	
4 24 10 1.440000	0.002911 0.001923	0.999991 0.000012	0.101071 0.006214	0.008818 0.009443	0.000060 0.000181	0.000706 0.002684	0.001819 0.005457	0.000367 0.000551	0.003171 0.007483	0.001942 0.005827	0.001474 0.002958	
4 24 10 1.450000	0.002475 0.002057	0.999993 0.000010	0.101012 0.005270	0.015641 0.002507	0.000000 0.000000	0.000091 0.000272	0.000000 0.000000	0.006012 0.004164	0.002588 0.004154	0.004068 0.006383	0.000000 0.000000	
4 24 10 1.460000	0.003087 0.001638	0.999990 0.000009	0.096749 0.009435	0.011471 0.006815	0.000640 0.001792	0.001230 0.003691	0.002311 0.006932	-0.000372 0.001115	-0.000348 0.001031	0.002939 0.005912	0.001456 0.006814	
4 24 10 1.470000	0.002762 0.000306	0.999992 0.000002	0.099900 0.005556	0.009215 0.008610	0.002194 0.004991	0.000692 0.002075	-0.000024 0.002276	-0.000095 0.000285	0.001476 0.003187	0.000000 0.000000	0.002393 0.006797	
4 24 10 1.480000	0.002368 0.001158	0.999994 0.000005	0.095587 0.002950	0.009716 0.004668	0.002552 0.006438	0.002330 0.005164	0.004384 0.006604	0.000000 0.000000	0.003719 0.008381	0.000530 0.001590	0.000738 0.002214	
4 24 10 1.490000	0.002832 0.003238	0.999990 0.000016	0.095916 0.005849	0.005360 0.005836	0.003421 0.006944	0.000823 0.003318	0.000643 0.001110	0.001477 0.002222	-0.001857 0.005572	0.005453 0.009428	0.004718 0.007499	
4 24 10 1.500000	0.003252 0.002885	0.999988 0.000019	0.094062 0.001680	0.004340 0.005006	0.000178 0.000533	0.001377 0.008042	0.003415 0.008588	0.003141 0.009422	0.002581 0.004450	0.004621 0.009441	0.002860 0.008324	
4 24 10 1.510000	0.003187 0.001822	0.999989 0.000012	0.092088 0.006494	0.008971 0.002317	0.000426 0.001278	0.004128 0.006661	0.004866 0.007965	0.000611 0.001833	0.002529 0.007587	0.000082 0.001957	-0.000064 0.000191	
4 24 10 1.520000	0.001885 0.000962	0.999996 0.000004	0.093561 0.004862	0.010398 0.002266	0.001525 0.002634	0.000616 0.001847	0.000692 0.001943	0.002774 0.003337	0.002267 0.004998	0.000577 0.001731	0.002328 0.005181	
4 24 10 1.530000	0.001881 0.001333	0.999996 0.000005	0.093329 0.006324	0.010343 0.002638	0.000793 0.002379	0.002243 0.005157	0.002246 0.005554	0.001286 0.002424	0.001086 0.003257	0.001229 0.003688	0.000350 0.001049	
4 24 10 1.540000	0.002486 0.000592	0.999994 0.000003	0.087957 0.006113	0.009068 0.001529	0.001431 0.004162	0.001384 0.003604	-0.000187 0.000562	0.000121 0.000363	0.001248 0.003745	0.002679 0.001575	0.003605 0.006527	
4 24 10 1.550000	0.002747 0.000602	0.999992 0.000003	0.098492 0.005613	0.009974 0.005391	0.002671 0.006492	0.004605 0.008269	0.001757 0.005272	0.002402 0.003939	0.001645 0.001844	0.004795 0.005461	0.002409 0.001138	
4 24 10 1.560000	0.002647 0.000285	0.999993 0.000002	0.089054 0.004248	0.008750 0.004403	0.000000 0.000000	0.002249 0.006759	0.000590 0.001771	0.003172 0.007255	0.000643 0.002532	0.001574 0.003801	0.001016 0.003049	
4 24 10 1.570000	0.002117 0.000708	0.999995 0.000003	0.081940 0.006664	0.005458 0.007225	0.002497 0.004160	0.000276 0.000827	0.001016 0.003049	0.002590 0.007219	0.004441 0.008327	0.000000 0.000000	0.002960 0.007216	
4 24 10 1.580000	0.002524 0.001839	0.999993 0.000010	0.087956 0.009261	0.009962 0.002601	0.004883 0.009376	0.001882 0.005645	0.000985 0.002219	0.000000 0.000000	0.000748 0.001876	0.001757 0.003384	0.000625 0.001876	
4 24 10 1.590000	0.002435 0.000778	0.999994 0.000004	0.084716 0.008058	0.009685 0.001483	0.003608 0.009346	0.000245 0.000735	-0.000620 0.001860	0.004255 0.008329	0.000738 0.002214	0.001169 0.002399	0.000000 0.000000	
4 24 10 1.600000	0.002826 0.001482	0.999992 0.000008	0.086473 0.003426	0.007769 0.001474	0.000598 0.001795	0.002795 0.008385	0.000853 0.002558	0.002338 0.005730	0.000737 0.002211	0.001079 0.003237	0.000000 0.000000	
4 24 10 1.610000	0.002432 0.000724	0.999994 0.000004	0.089253 0.003888	0.009086 0.008435	0.001725 0.003821	0.002979 0.006443	0.001541 0.004624	0.002675 0.004558	0.000965 0.005131	0.001016 0.003048	0.001272 0.002959	
4 24 10 1.620000	0.001873 0.001751	0.999996 0.000007	0.081663 0.008894	0.012589 0.008335	0.003423 0.005832	0.000000 0.000000	0.002222 0.006665	0.002406 0.005275	0.000277 0.000831	0.001295 0.003886	0.001388 0.003610	
4 24 10 1.630000	0.002159 0.002768	0.999994 0.000012	0.085272 0.005005	0.003607 0.006932	0.000000 0.000000	0.006198 0.009729	0.006938 0.001938	0.000555 0.001666	0.000648 0.001944	0.001757 0.005272	0.001759 0.005277	
4 24 10 1.640000	0.002287 0.001714	0.999994 0.000008	0.081059 0.009868	0.008629 0.003548	0.001018 0.003053	0.002172 0.004442	0.002294 0.003527	0.001385 0.002220	0.000800 0.002409	0.000878 0.002635	0.000458 0.001382	
4 24 10 1.650000	0.002238 0.001077	0.999995 0.000005	0.082958 0.008335	0.010057 0.008522	0.002343 0.005738	0.003088 0.005382	0.000952 0.001474	0.001755 0.002826	0.000785 0.002354	0.002662 0.004494	0.000387 0.001161	
4 24 10 1.660000	0.002239 0.001610	0.999995 0.000007	0.079007 0.009350	0.004686 0.004808	0.003291 0.007658	0.000433 0.000658	0.001088 0.002992	0.003732 0.007221	0.001861 0.008486	0.001846 0.005884	0.001599 0.004632	
4 24 10 1.670000	0.002623 0.001390	0.999993 0.000008	0.076567 0.003832	0.005900 0.009161	0.000773 0.001655	0.002637 0.007911	0.002620 0.007859	0.000237 0.000711	0.002927 0.005266	0.000000 0.000000	0.000461 0.001383	
4 24 10 1.680000	0.002212 0.001290	0.999995 0.000006	0.083112 0.000832	0.005581 0.004631	0.000830 0.002491	0.000000 0.000000	0.002036 0.006107	0.000000 0.000000	0.000586 0.001757	0.000307 0.000922	0.000000 0.000000	
4 24 10 1.690000	0.001945 0.000718	0.999996 0.000003	0.082095 0.004071	0.002898 0.007865	0.003239 0.005553	0.002867 0.007219	0.001018 0.003053	0.001172 0.003516	0.000000 0.000000	0.004842 0.007503	0.000801 0.002402	
4 24 10 1.700000	0.003615 0.001988	0.999986 0.000015	0.084955 0.005190	0.006128 0.003226	0.000000 0.000000	0.005141 0.003879	0.002343 0.007030	0.004716 0.008048	0.000000 0.000000	0.000147 0.000441	0.000826 0.002478	
4 24 10 1.710000	0.002231 0.001859	0.999994 0.000008	0.077031 0.008057	0.008791 0.006104	0.002498 0.007493	0.002498 0.007493	0.002404 0.004436	0.000368 0.001104	0.000000 0.000000	0.003516 0.009438	0.003143 0.006659	
4 24 10 1.720000	0.000924 0.000715	0.999999 0.000001	0.084814 0.002779	0.009351 0.009443	0.001203 0.003609	0.002221 0.004165	0.000000 0.000000	0.001666 0.002500	0.000000 0.000000	0.004536 0.009443	0.001574 0.004721	
4 24 10 1.730000	0.002340 0.001136	0.999994 0.000006	0.080735 0.006950	0.010642 0.004723	0.000644 0.001102	0.003513 0.005277	0.002772 0.006106	0.000369 0.001108	0.001480 0.004440	0.004809 0.005555	0.002218 0.004996	
4 24 10 1.740000	0.002588 0.001475	0.999993 0.000007	0.077076 0.003054	0.008234 0.007081	0.002727 0.004434	0.001542 0.004627	0.003008 0.009025	0.003838 0.007073	0.002897 0.005275	0.000000 0.000000	0.000552 0.001657	
4 24 10 1.750000	0.003159 0.001900	0.999989 0.000011	0.079526 0.002503	0.009341 0.006675	0.001841 0.004155	0.000000 0.000000	0.002591 0.007774	0.002962 0.008885	0.002582 0.004170	0.002217 0.006651	0.000647 0.001940	
4 24 10 1.760000	0.002307 0.001358	0.999994 0.000006	0.073923 0.005006	0.005239 0.007871	0.002072 0.004438	0.000647 0.001942	0.000000 0.000000	0.000000 0.000000	0.001497 0.004325	0.004184 0.007992	0.000623 0.001783	
4 24 10 1.770000	0.002792 0.001584	0.999992 0.000009	0.076658 0.009588	0.009251 0.004301	0.001529 0.003695	0.000551 0.001654	0.003328 0.005543	0.002169 0.006532	0.002152 0.001380	0.002649 0.005922	0.000414 0.001242	
4 24 10 1.780000	0.001495 0.000499	0.999998 0.000002	0.072868 0.009723	0.005184 0.008609	0.001665 0.003887	0.002592 0.007776	0.002222 0.006665	0.000000 0.000000	0.001665 0.003331	0.003146 0.001390	0.002221 0.004441	
4 24 10 1.790000	0.002670 0.001397	0.999993 0.000007	0.074128 0.009163	0.003573 0.005274	0.005542 0.006385	0.000000 0.000000	0.002902 0.005100	0.001293 0.003878	-0.000001 0.000004	0.003314 0.002270	0.000341 0.001594	
4 24 10 1.800000	0.002422 0.001415	0.999994 0.000007	0.073883 0.007077	0.004531 0.004312	0.004469 0.006114	0.000000 0.000000	0.001231 0.003694	0.000416 0.001247	0.000000 0.000000	0.000229 0.000688	0.000045 0.000136	
4 24 10 1.810000	0.002094 0.000707	0.999996 0.000003	0.064440 0.006389	0.007156 0.005929	-0.000187 0.000561	0.003145 0.005920	0.000923 0.003706	0.002775 0.009447	0.000000 0.000000	0.000339 0.001016	0.003854 0.005743	
4 24 10 1.820000	0.002103 0.002214	0.999995 0.000009	0.071245 0.005565	0.004254 0.006656	0.001989 0.005968	0.000924 0.001940	0.000924 0.002967	0.001708 0.003884	0.003702 0.007634	0.000678 0.002033	0.001850 0.005551	
4 24 10 1.830000	0.002563 0.001598	0.999993 0.000008	0.074468 0.009730	0.004716 0.008140	0.002341 0.007415	-0.000806 0.001212	0.005888 0.005841	0.000675 0.004637	0.000246 0.000738	0.004561 0.003605	0.001601 0.004992	
4 24 10 1.840000	0.002083 0.001369	0.999995 0.000005	0.072680 0.007227	0.002218 0.004160	0.003329 0.006104	0.001851 0.005554	0.000000 0.000000	0.002866 0.004715	0.000462 0.001387	0.003329 0.005827	0.004811 0.009715	
4 24 10 1.850000	0.002142 0.001674	0.999995 0.000007	0.070421 0.003774	0.005254 0.005441	0.001965 0.004721	0.000202 0.001608	0.002960 0.004721	0.001108 0.003325	0.003175 0.009226	0.000000 0.000000	0.002083 0.004103	
4 24 10 1.860000	0.002537 0.001319	0.999993 0.000007	0.069715 0.005554	0.004715 0.006113	0.001569 0.006938	0.004256 0.007494	0.002682 0.005829	-0.000005 0.003884	-0.000835 0.002504	0.001845 0.002224	0.006660 0.009446	
4 24 10 1.870000	0.002251 0.000720	0.999995 0.000003	0.066516 0.006584	0.001425 0.003287	0.005096 0.004934	0.001404 0.002552	0.000000 0.000000	0.001755 0.003605	0.002111 0.004670	0.002553 0.007660	0.000092 0.000275	
4 24 10 1.880000	0.002391 0.003734	0.999991 0.000022	0.069343 0.001645	0.006473 0.005300	0.000085 0.000255	0.000641 0.001922	0.000000 0.000000	0.000740 0.002220	0.000833 0.002499	0.000000 0.000000	0.001666 0.004999	
4 24 10 1.890000	0.002987 0.000832	0.999991 0.000005	0.067769 0.009443	0.003324 0.007217	0.004810 0.007215	0.000000 0.000000	0.005178 0.008325	0.002217 0.003880	0.004528 0.005838	0.003605 0.008877	0.000090 0.000271	
4 24 10 1.900000	0.001224 0.001610	0.999998 0.000004	0.066665 0.008237	0.002868 0.004533	0.000895 0.001851	0.000000 0.000000	0.003703 0.006110	0.003146 0.002588	0.003763 0.004911	0.000770 0.002310	0.003332 0.007218	
4 24 10 1.910000	0.002098 0.001678	0.999995 0.000008	0.065597 0.009168	0.004378 0.006938	0.000000 0.000000	0.002402 0.009020	0.002557 0.006663	0.001249 0.003748	0.006184 0.009859	-0.000140 0.000420	0.001662 0.005284	
4 24 10 1.920000	0.002759 0.002124	0.999992 0.000011	0.067954 0.007776	0.008695 0.002491	-0.000124 0.000372	0.001755 0.005265	0.001570 0.004249	0.004220 0.002603	-0.001791 0.005372	-0.000873 0.003706	0.001998 0.004617	
4 24 10 1.930000	0.002311 0.002611	0.999994 0.000012	0.069006 0.007033	0.004994 0.007605	0.002498 0.005369	0.000736 0.002209	0.002711 0.004431	0.004037 0.004264	0.004134 0.006758	0.000000 0.000000	0.000889 0.002693	
4 24 10 1.940000	0.002395 0.001075	0.999994 0.000005	0.060364 0.005088	0.003636 0.002498	0.002158 0.006475	0.001047 0.003142	0.000000 0.000000	0.000000 0.000000	0.003482 0.003706	0.002714 0.008142	-0.000155 0.000466	
4 24 10 1.950000	0.001376 0.001067	0.999998 0.000003	0.064165 0.008336	0.010461 0.004720	0.001017 0.002777	0.000462 0.001387	0.000000 0.000000	0.000091 0.000274	0.003887 0.006388	0.002407 0.007221	0.002314 0.006943	
4 24 10 1.960000	0.003313 0.002987	0.999988 0.000020	0.069617 0.003036	0.005913 0.003036	0.003137 0.007199	0.003228 0.006409	0.000000 0.000000	0.002766 0.006934	0.000182 0.000545	0.000000 0.000000	0.005173 0.003619	
4 24 10 1.970000	0.001809 0.001501	0.999996 0.000005	0.063793 0.004726	0.000000 0.000000	0.002776 0.007221	0.000924 0.001666	0.005461 0.008333	0.002128 0.004995	0.003239 0.004994	0.002127 0.004717	0.000000 0.000000	
4 24 10 1.980000	0.001860 0.001262	0.999996 0.000005	0.065274 0.001946	0.004163 0.007498	0.001293 0.006949	0.001107 0.005002	0.003608 0.007216	0.003332 0.007221	0.000000 0.000000	0.000832 0.005835	0.004165 0.007776	
4 24 10 1.990000	0.001895 0.000971	0.999996 0.000004	0.063885 0.004726	0.003192 0.006105	0.000477 0.001248	0.001063 0.003188	0.000000 0.000000	0.004164 0.009809	0.003468 0.006393	0.003917 0.007031	0.001064 0.003191	
4 24 10 2.000000	0.002043 0.000990	0.999996 0.000004	0.064453 0.008417	0.006027 0.007065	0.001189 0.003567	0.002510 0.005906	0.000000 0.000000	0.000986 0.002959	0.004535 0.006942	0.000739 0.002218	0.000290 0.000869	
4 24 10 2.010000	0.002969 0.000851	0.999991 0.000005	0.062121 0.004717	0.005921 0.009438	0.000183 0.000550	0.001017 0.003050	0.002402 0.004438	0.003883 0.009989	0.000000 0.000000	0.001848 0.005545	0.002217 0.003883	
4 24 10 2.020000	0.001596 0.001805	0.999997 0.000006	0.059904 0.009164	0.004812 0.006941	0.003238 0.006661	0.002405 0.007216	0.002127 0.004716	0.003701 0.008053	0.003978 0.006386	0.002406 0.007219	0.001481 0.004444	
4 24 10 2.030000	0.002018 0.002354	0.999995 0.000011	0.066569 0.009351	0.005149 0.004918	0.003915 0.007765	0.000335 0.001934	0.002253 0.006758	0.001759 0.005276	0.001200 0.003599	0.000185 0.000554	0.002962 0.008887	
4 24 10 2.040000	0.002886 0.002915	0.999990 0.000017	0.057398 0.008624	0.002676 0.006659	0.004064 0.004449	0.002589 0.005548	0.003694 0.004440	0.001012 0.003036	0.000646 0.001937	0.001567 0.003609	0.002312 0.004993	
4 24 10 2.050000	0.002004 0.001510	0.999996 0.000006	0.063236 0.007843	0.002089 0.003027	0.000845 0.002536	0.000543 0.001630	0.000000 0.000000	0.001193 0.002059	0.000000 0.000000	0.003573 0.002033	0.000000 0.000000	
4 24 10 2.060000	0.002069 0.001849	0.999995 0.000008	0.060366 0.007776	0.004903 0.006381	0.003332 0.009996	0.001477 0.003324	0.002684 0.008052	0.000000 0.000000	0.001570 0.003610	0.001754 0.003341	0.002499 0.007496	
4 24 10 2.070000	0.002195 0.000863	0.999995 0.000004	0.053977 0.005282	0.002958 0.003052	0.002032 0.004170	0.000831 0.002219	0.003515 0.009159	0.002498 0.007218	0.002868 0.007218	0.001107 0.001941	0.001107 0.003052	
4 24 10 2.080000	0.001643 0.000117	0.999997 0.000000	0.054627 0.007500	0.002498 0.004164	0.001851 0.005553	0.001295 0.003886	0.000000 0.000000	0.001295 0.003886	0.001202 0.003053	0.000000 0.000000	0.000554 0.000831	
4 24 10 2.090000	0.002028 0.001831	0.999995 0.000007	0.058946 0.006766	0.004069 0.002869	0.000306 0.000919	0.000582 0.003427	-0.001175 0.003056	0.000121 0.000364	0.001446 0.008882	0.000057 0.003890	0.001540 0.002499	
4 24 10 2.100000	0.001658 0.001016	0.999997 0.000003	0.053546 0.005554	0.004874 0.005002	0.001141 0.001943	0.000523 0.001569	0.001109 0.001942	0.001233 0.003238	0.002220 0.003517	0.001203 0.003608	0.000586 0.001758	
4 24 10 2.110000	0.002270 0.001389	0.999994 0.000007	0.059717 0.008561	0.005678 0.005562	0.000036 0.000108	0.001108 0.003324	0.000200 0.000599	0.001096 0.003268	0.001745 0.005234	0.000000 0.000000	0.000000 0.000000	
4 24 10 2.120000	0.001608 0.001325	0.999997 0.000004	0.058469 0.004860	0.002035 0.004304	0.004814 0.008425	-0.000140 0.000419	0.002544 0.004994	0.002937 0.006734	0.005277 0.008331	0.000862 0.005366	0.001450 0.004350	
4 24 10 2.130000	0.001445 0.002224	0.999997 0.000007	0.060182 0.006951	0.002127 0.006382	0.003701 0.003606	0.001944 0.005831	0.001387 0.003049	0.002960 0.005827	0.000000 0.000000	0.003331 0.006104	0.001389 0.004167	
4 24 10 2.140000	0.002007 0.001920	0.999995 0.000008	0.057588 0.007781	0.004347 0.004992	0.000736 0.006662	0.003240 0.009721	-0.000373 0.001120	0.000367 0.000555	0.003329 0.006940	0.001201 0.003602	-0.002041 0.006662	
4 24 10 2.150000	0.001617 0.000456	0.999997 0.000001	0.054226 0.008610	0.006602 0.003148	0.002190 0.005460	0.001172 0.003517	0.000000 0.000000	0.002776 0.006387	0.000000 0.000000	0.000000 0.000000	0.004011 0.009163	
4 24 10 2.160000	0.002117 0.001560	0.999995 0.000007	0.056986 0.009854	0.006060 0.007499	0.004347 0.003335	0.003285 0.006524	0.002074 0.003540	0.004964 0.004767	0.000647 0.001942	0.004069 0.004538	0.000647 0.001941	
4 24 10 2.170000	0.001628 0.001550	0.999997 0.000005	0.058886 0.004536	0.002469 0.007406	0.001849 0.004442	0.000030 0.000091	0.000956 0.002868	-0.000927 0.002686	0.000553 0.002032	0.002868 0.008605	0.003024 0.005183	
4 24 10 2.180000	0.002226 0.001872	0.999994 0.000008	0.055180 0.007230	0.000920 0.008604	0.000092 0.000277	0.002405 0.005832	0.002313 0.006938	0.002127 0.004993	0.000924 0.002771	0.001386 0.007506	0.000272 0.003881	
4 24 10 2.190000	0.001760 0.002015	0.999996 0.000008	0.054224 0.001196	0.001015 0.001665	0.002623 0.004166	0.000000 0.000000	0.002684 0.004814	0.000891 0.004159	0.000059 0.000176	0.002036 0.005832	-0.000126 0.000379	
4 24 10 2.200000	0.001461 0.000993	0.999998 0.000003	0.062066 0.007685	0.002252 0.005647	0.000000 0.000000	0.004504 0.004534	0.005399 0.008421	0.000987 0.002962	0.000185 0.000554	0.004319 0.001392	0.000000 0.000000	
4 24 10 2.210000	0.002017 0.001445	0.999995 0.000007	0.055952 0.003142	0.002311 0.005176	0.000953 0.002584	0.002745 0.006294	0.000000 0.000000	-0.000188 0.000564	0.001940 0.005655	0.004379 0.006664	0.003546 0.007312	
4 24 10 2.220000	0.002115 0.002396	0.999994 0.000012	0.060550 0.008901	0.000365 0.000554	0.001477 0.004431	0.003050 0.006387	0.000000 0.000000	0.001759 0.005276	0.002494 0.002500	0.000740 0.004445	0.002680 0.005264	
4 24 10 2.230000	0.001949 0.000891	0.999996 0.000003	0.056292 0.004630	0.005891 0.004352	0.001694 0.005278	0.000091 0.000273	0.001449 0.004347	0.002559 0.004257	0.003732 0.008699	0.002374 0.004162	0.003115 0.004813	
4 24 10 2.240000	0.001907 0.000583	0.999996 0.000002	0.053756 0.005999	0.004164 0.007273	0.003617 0.005999	0.000164 0.004058	0.000000 0.000000	0.003221 0.009662	0.000879 0.002636	0.000416 0.001247	0.002265 0.003971	
4 24 10 2.250000	0.001979 0.001220	0.999996 0.000005	0.053931 0.007224	0.004394 0.005699	0.000601 0.001804	0.000000 0.000000	0.002268 0.006804	0.002743 0.004993	0.000740 0.002220	0.002590 0.004576	0.003514 0.002779	
4 24 10 2.260000	0.001427 0.001517	0.999998 0.000005	0.061232 0.005371	0.002467 0.005735	0.000123 0.000369	-0.000156 0.000468	0.000802 0.002406	0.001512 0.002870	0.002714 0.004353	0.003485 0.005276	0.000709 0.002499	
4 24 10 2.270000	0.002412 0.002540	0.999993 0.000014	0.054299 0.004998	0.002030 0.006804	0.001974 0.005922	0.000000 0.000000	0.000647 0.001942	0.001584 0.004304	0.000555 0.001665	0.000995 0.002984	0.001106 0.003318	
4 24 10 2.280000	0.002020 0.001468	0.999996 0.000006	0.055551 0.004589	0.004301 0.009579	0.000306 0.001846	0.004070 0.003467	0.001355 0.002493	0.001294 0.002215	0.000879 0.002638	0.002727 0.003883	0.000000 0.000000	
4 24 10 2.290000	0.002094 0.001659	0.999995 0.000006	0.047804 0.008421	0.000828 0.003888	0.000800 0.002400	0.002497 0.008803	0.003668 0.002221	0.003701 0.006110	0.002189 0.006290	0.001172 0.003517	0.003053 0.009160	
4 24 10 2.300000	0.002345 0.002489	0.999993 0.000011	0.054067 0.005549	0.001475 0.003622	0.000761 0.002854	0.000830 0.004160	0.001078 0.003233	0.002129 0.006388	0.001571 0.004714	0.000000 0.000000	0.002100 0.002851	
4 24 10 2.310000	0.002207 0.000392	0.999995 0.000002	0.052865 0.005557	0.004378 0.004999	0.000214 0.000643	0.001972 0.003884	0.002622 0.007866	0.000000 0.000000	0.000000 0.000000	-0.000063 0.000189	0.002560 0.007679	
4 24 10 2.320000	0.002507 0.002909	0.999992 0.000016	0.050177 0.007210	0.006751 0.009432	0.001202 0.001943	0.000642 0.001665	0.000000 0.000000	-0.001389 0.004168	0.003239 0.006110	0.003974 0.009987	-0.000556 0.001668	
4 24 10 2.330000	0.001862 0.000491	0.999996 0.000002	0.049071 0.008472	0.003839 0.003887	0.001217 0.004492	-0.000186 0.000558	0.000924 0.002773	0.001990 0.005969	0.000000 0.000000	0.002544 0.004719	-0.000094 0.000281	
4 24 10 2.340000	0.002315 0.004585	0.999991 0.000024	0.050917 0.006368	0.007028 0.003632	0.001011 0.003032	0.004159 0.008333	0.000825 0.002476	0.003148 0.009444	0.000926 0.002778	0.001751 0.003889	0.001758 0.003889	
4 24 10 2.350000	0.001745 0.000834	0.999997 0.000003	0.056046 0.003147	0.003639 0.007128	0.000894 0.002681	0.001696 0.002867	0.004010 0.008424	0.000864 0.002591	0.000000 0.000000	0.001233 0.003699	0.000000 0.000000	
4 24 10 2.360000	0.002027 0.000972	0.999996 0.000004	0.055736 0.002867	0.002434 0.002133	0.000000 0.000000	0.002066 0.006198	-0.000096 0.000463	-0.000435 0.004811	0.001539 0.002963	0.001666 0.004998	0.003545 0.008885	
4 24 10 2.370000	0.001749 0.001055	0.999997 0.000004	0.049117 0.009447	0.002267 0.004165	0.000045 0.004584	0.000738 0.002497	0.000678 0.002034	0.002914 0.007078	0.003052 0.005559	0.001525 0.004303	0.000000 0.000000	
4 24 10 2.380000	0.001263 0.000904	0.999998 0.000002	0.046295 0.005558	0.000648 0.001944	0.002684 0.006386	0.000647 0.001942	0.000000 0.000000	0.000000 0.000000	0.002407 0.007222	0.000648 0.001944	0.000555 0.001664	
4 24 10 2.390000	0.002483 0.003430	0.999992 0.000019	0.051288 0.004461	0.002684 0.006943	0.001288 0.002218	0.006566 0.007516	0.000739 0.001941	0.002586 0.004980	0.000369 0.001107	0.001844 0.001405	0.001475 0.004425	
4 24 10 2.400000	0.002133 0.000937	0.999995 0.000004	0.047588 0.006668	0.003978 0.008329	0.002495 0.003613	0.000184 0.000551	0.002680 0.002496	0.000368 0.001104	0.000184 0.000553	0.003146 0.005551	0.000737 0.001107	
4 24 10 2.410000	0.002151 0.000415	0.999995 0.000002	0.048267 0.000743	0.003884 0.004906	0.001233 0.003700	0.001725 0.003977	0.000338 0.001015	0.002868 0.006107	0.000000 0.000000	0.002526 0.004908	0.001295 0.003884	
4 24 10 2.420000	0.001131 0.001320	0.999998 0.000003	0.048471 0.007917	0.001110 0.002777	0.000000 0.000000	0.000601 0.001802	-0.001327 0.003982	0.001464 0.004120	-0.000463 0.001389	0.000000 0.000000	0.002753 0.005135	
4 24 10 2.430000	0.001931 0.000384	0.999996 0.000001	0.048144 0.008334	0.003052 0.007499	0.001017 0.003052	0.001203 0.003608	0.000000 0.000000	0.003038 0.004580	0.002142 0.004070	-0.000265 0.004397	0.000968 0.007499	
4 24 10 2.440000	0.001935 0.001023	0.999996 0.000004	0.049209 0.006802	0.003113 0.004772	0.001108 0.003050	0.001944 0.005832	0.003052 0.001944	0.002776 0.008328	0.000648 0.001943	0.000228 0.000411	0.001107 0.003148	
4 24 10 2.450000	0.001560 0.001760	0.999997 0.000005	0.053053 0.002403	0.002898 0.007495	0.004597 0.007125	0.000000 0.000000	0.000000 0.000000	0.000000 0.000000	0.000000 0.000000	0.001017 0.002407	0.002900 0.004629	
4 24 10 2.460000	0.000944 0.000776	0.999999 0.000002	0.050555 0.009721	0.002036 0.003054	0.001759 0.005277	0.001389 0.004166	0.002129 0.003335	0.005832 0.002498	0.002592 0.007777	0.000833 0.002499	0.001944 0.005555	
4 24 10 2.470000	0.002121 0.002195	0.999995 0.000009	0.045643 0.008051	0.003698 0.004991	0.003051 0.007490	0.003884 0.007782	0.001200 0.002490	0.001016 0.002221	0.003328 0.005546	0.004347 0.006657	0.001758 0.005273	
4 24 10 2.480000	0.002104 0.000787	0.999995 0.000003	0.041384 0.008054	0.002650 0.002501	0.000954 0.004536	0.000000 0.000000	-0.000158 0.000831	0.000738 0.002404	0.000552 0.002405	0.001787 0.003516	-0.000001 0.000003	
4 24 10 2.490000	0.001947 0.001451	0.999996 0.000006	0.048700 0.007867	0.005953 0.008237	0.001965 0.004998	0.000461 0.001382	0.000962 0.002887	0.000000 0.000000	0.000492 0.003936	0.000722 0.002165	0.001088 0.000941	
4 24 10 2.500000	0.002027 0.000242	0.999996 0.000001	0.048620 0.007103	0.005225 0.004007	0.001073 0.003218	0.001414 0.004242	0.001044 0.003131	-0.000155 0.000466	0.000590 0.003223	0.001294 0.003409	0.004177 0.008052	
