3 10 10 0.400000	0.998410 0.004248	0.000000 0.000000	0.000000 0.000000	0.000000 0.000000	0.000000 0.000000	0.000000 0.000000	
3 10 10 0.410000	0.998999 0.005003	0.000000 0.000000	0.000000 0.000000	0.000000 0.000000	0.000000 0.000000	0.000000 0.000000	
3 10 10 0.420000	0.999517 0.001026	0.000000 0.000000	0.000000 0.000000	0.000000 0.000000	0.000000 0.000000	0.000000 0.000000	
3 10 10 0.430000	0.999646 0.001654	0.000000 0.000000	0.000000 0.000000	0.000000 0.000000	0.000000 0.000000	0.000000 0.000000	
3 10 10 0.440000	0.998696 0.004437	0.000000 0.000000	0.000000 0.000000	0.000000 0.000000	0.000000 0.000000	0.000000 0.000000	
3 10 10 0.450000	0.998540 0.004977	0.000000 0.000000	0.000000 0.000000	0.000000 0.000000	0.000000 0.000000	0.000000 0.000000	
3 10 10 0.460000	0.999882 0.000590	0.000000 0.000000	0.000000 0.000000	0.000000 0.000000	0.000000 0.000000	0.000000 0.000000	
3 10 10 0.470000	0.998155 0.004199	0.000000 0.000000	0.000000 0.000000	0.000000 0.000000	0.000000 0.000000	0.000000 0.000000	
3 10 10 0.480000	0.998829 0.004691	0.000000 0.000000	0.000000 0.000000	0.000000 0.000000	0.000000 0.000000	0.000000 0.000000	
3 10 10 0.490000	0.999724 0.001379	0.000000 0.000000	0.000000 0.000000	0.000000 0.000000	0.000000 0.000000	0.000000 0.000000	
3 10 10 0.500000	0.998735 0.004942	0.000000 0.000000	0.000000 0.000000	0.000000 0.000000	0.000000 0.000000	0.000000 0.000000	
3 10 10 0.510000	0.998971 0.004943	0.000000 0.000000	0.000000 0.000000	0.000000 0.000000	0.000000 0.000000	0.000000 0.000000	
3 10 10 0.520000	0.999300 0.000943	0.000000 0.000000	0.000000 0.000000	0.000000 0.000000	0.000000 0.000000	0.000000 0.000000	
3 10 10 0.530000	0.999405 0.002299	0.000000 0.000000	0.000000 0.000000	0.000000 0.000000	0.000000 0.000000	0.000000 0.000000	
3 10 10 0.540000	0.999490 0.000738	0.000000 0.000000	0.000000 0.000000	0.000000 0.000000	0.000000 0.000000	0.000000 0.000000	
3 10 10 0.550000	0.998453 0.003770	0.000000 0.000000	0.000000 0.000000	0.000000 0.000000	0.000000 0.000000	0.000000 0.000000	
3 10 10 0.560000	0.998007 0.004509	0.000000 0.000000	0.000000 0.000000	0.000000 0.000000	0.000000 0.000000	0.000000 0.000000	
3 10 10 0.570000	0.999270 0.002970	0.000000 0.000000	0.000000 0.000000	0.000000 0.000000	0.000000 0.000000	0.000000 0.000000	
3 10 10 0.580000	0.998834 0.004835	0.000000 0.000000	0.000000 0.000000	0.000000 0.000000	0.000000 0.000000	0.000000 0.000000	
3 10 10 0.590000	0.997396 0.004240	0.000000 0.000000	0.000000 0.000000	0.000000 0.000000	0.000000 0.000000	0.000000 0.000000	
3 10 10 0.600000	0.998444 0.004894	0.000000 0.000000	0.000000 0.000000	0.000000 0.000000	0.000000 0.000000	0.000000 0.000000	
3 10 10 0.610000	0.998685 0.003509	0.000000 0.000000	0.000000 0.000000	0.000000 0.000000	0.000000 0.000000	0.000000 0.000000	
3 10 10 0.620000	0.998262 0.004848	0.000000 0.000000	0.000000 0.000000	0.000000 0.000000	0.000000 0.000000	0.000000 0.000000	
3 10 10 0.630000	0.998225 0.004589	0.000000 0.000000	0.000000 0.000000	0.000000 0.000000	0.000000 0.000000	0.000000 0.000000	
3 10 10 0.640000	0.998518 0.004074	0.000000 0.000000	0.000000 0.000000	0.000000 0.000000	0.000000 0.000000	0.000000 0.000000	
3 10 10 0.650000	0.998869 0.001573	0.000000 0.000000	0.000000 0.000000	0.000000 0.000000	0.000000 0.000000	0.000000 0.000000	
3 10 10 0.660000	0.998419 0.004801	0.000000 0.000000	0.000000 0.000000	0.000000 0.000000	0.000000 0.000000	0.000000 0.000000	
3 10 10 0.670000	0.997496 0.004480	0.000000 0.000000	0.000000 0.000000	0.000000 0.000000	0.000000 0.000000	0.000000 0.000000	
3 10 10 0.680000	0.997351 0.002012	0.000000 0.000000	0.000000 0.000000	0.000000 0.000000	0.000000 0.000000	0.000000 0.000000	
3 10 10 0.690000	0.996666 0.002237	0.000000 0.000000	0.000000 0.000000	0.000000 0.000000	0.000000 0.000000	0.000000 0.000000	
3 10 10 0.700000	0.997757 0.003731	0.000000 0.000000	0.000000 0.000000	0.000000 0.000000	0.000000 0.000000	0.000000 0.000000	
3 10 10 0.710000	0.997173 0.004236	0.000000 0.000000	0.000000 0.000000	0.000000 0.000000	0.000000 0.000000	0.000000 0.000000	
3 10 10 0.720000	0.996643 0.002157	0.000000 0.000000	0.000000 0.000000	0.000000 0.000000	0.000000 0.000000	0.000000 0.000000	
3 10 10 0.730000	0.997334 0.001777	0.000000 0.000000	0.000000 0.000000	0.000000 0.000000	0.000000 0.000000	0.000000 0.000000	
3 10 10 0.740000	0.995715 0.001849	0.000000 0.000000	0.000000 0.000000	0.000000 0.000000	0.000000 0.000000	0.000000 0.000000	
3 10 10 0.750000	0.996764 0.003872	0.000000 0.000000	0.000000 0.000000	0.000000 0.000000	0.000000 0.000000	0.000000 0.000000	
3 10 10 0.760000	0.994636 0.000682	0.010699 0.001357	0.000000 0.000000	0.000000 0.000000	0.000000 0.000000	0.000000 0.000000	
3 10 10 0.770000	0.995764 0.001168	0.000000 0.000000	0.000000 0.000000	0.000000 0.000000	0.000000 0.000000	0.000000 0.000000	
3 10 10 0.780000	0.995664 0.001239	0.000000 0.000000	0.000000 0.000000	0.000000 0.000000	0.000000 0.000000	0.000000 0.000000	
3 10 10 0.790000	0.992768 0.004973	0.014408 0.009868	0.000000 0.000000	0.000000 0.000000	0.000000 0.000000	0.000000 0.000000	
3 10 10 0.800000	0.994174 0.001533	0.011619 0.003049	0.000000 0.000000	0.000000 0.000000	0.000000 0.000000	0.000000 0.000000	
3 10 10 0.810000	0.992686 0.004923	0.014573 0.009769	0.000000 0.000000	0.000000 0.000000	0.000000 0.000000	0.000000 0.000000	
3 10 10 0.820000	0.991336 0.004936	0.017250 0.009783	0.000000 0.000000	0.000000 0.000000	0.000000 0.000000	0.000000 0.000000	
3 10 10 0.830000	0.991324 0.004905	0.017272 0.009730	0.000000 0.000000	0.000000 0.000000	0.000000 0.000000	0.000000 0.000000	
3 10 10 0.840000	0.989872 0.004987	0.020150 0.009871	0.000000 0.000000	0.000000 0.000000	0.000000 0.000000	0.000000 0.000000	
3 10 10 0.850000	0.985239 0.003822	0.029303 0.007527	0.000000 0.000000	0.000000 0.000000	0.000000 0.000000	0.000000 0.000000	
3 10 10 0.860000	0.986847 0.004485	0.026131 0.008859	0.000000 0.000000	0.000000 0.000000	0.000000 0.000000	0.000000 0.000000	
3 10 10 0.870000	0.985165 0.004545	0.029448 0.008952	0.000000 0.000000	0.000000 0.000000	0.000000 0.000000	0.000000 0.000000	
3 10 10 0.880000	0.985945 0.004978	0.027908 0.009807	0.000000 0.000000	0.000000 0.000000	0.000000 0.000000	0.000000 0.000000	
3 10 10 0.890000	0.984918 0.001370	0.029936 0.002699	0.000000 0.000000	0.000000 0.000000	0.001983 0.009913	0.000000 0.000000	
3 10 10 0.900000	0.984008 0.005011	0.031725 0.009863	0.000000 0.000000	0.000000 0.000000	0.000000 0.000000	0.000000 0.000000	
3 10 10 0.910000	0.982226 0.004979	0.035228 0.009792	0.000000 0.000000	0.000000 0.000000	0.000000 0.000000	0.000000 0.000000	
3 10 10 0.920000	0.979857 0.003934	0.039877 0.007711	0.000000 0.000000	0.000000 0.000000	0.000000 0.000000	0.000000 0.000000	
3 10 10 0.930000	0.975237 0.004875	0.048910 0.009503	0.000000 0.000000	0.000000 0.000000	0.000000 0.000000	0.000000 0.000000	
3 10 10 0.940000	0.978431 0.005105	0.042671 0.009984	0.000000 0.000000	0.000000 0.000000	0.000000 0.000000	0.000000 0.000000	
3 10 10 0.950000	0.975736 0.005000	0.047935 0.009761	0.000000 0.000000	0.000000 0.000000	0.000000 0.000000	0.000000 0.000000	
3 10 10 0.960000	0.973946 0.005047	0.051426 0.009832	0.000000 0.000000	0.000000 0.000000	0.000000 0.000000	0.000000 0.000000	
3 10 10 0.970000	0.969833 0.004858	0.059420 0.009427	0.000000 0.000000	0.000000 0.000000	0.000000 0.000000	0.000000 0.000000	
3 10 10 0.980000	0.966809 0.002541	0.065280 0.004913	0.000000 0.000000	0.000000 0.000000	0.000000 0.000000	0.000000 0.000000	
3 10 10 0.990000	0.968830 0.005103	0.061365 0.009884	0.000000 0.000000	0.000000 0.000000	0.000000 0.000000	0.000000 0.000000	
3 10 10 1.000000	0.962594 0.005142	0.073409 0.009891	0.000000 0.000000	0.000000 0.000000	0.000000 0.000000	0.000000 0.000000	
3 10 10 1.010000	0.961643 0.003729	0.075239 0.007169	0.000000 0.000000	0.000000 0.000000	0.000000 0.000000	0.000000 0.000000	
3 10 10 1.020000	0.956162 0.005212	0.085752 0.009960	0.000000 0.000000	0.000000 0.000000	0.000000 0.000000	0.000000 0.000000	
3 10 10 1.030000	0.951700 0.004994	0.094263 0.009509	0.000000 0.000000	0.000000 0.000000	0.000000 0.000000	0.000000 0.000000	
3 10 10 1.040000	0.951348 0.005226	0.094934 0.009945	0.000000 0.000000	0.000000 0.000000	0.000000 0.000000	0.000000 0.000000	
3 10 10 1.050000	0.944405 0.005276	0.108095 0.009967	0.000000 0.000000	0.000000 0.000000	0.000000 0.000000	0.000000 0.000000	
3 10 10 1.060000	0.940413 0.005260	0.115619 0.009895	0.000000 0.000000	0.000000 0.000000	0.000000 0.000000	0.000000 0.000000	
3 10 10 1.070000	0.936809 0.004828	0.122387 0.009045	0.001997 0.009984	0.000000 0.000000	0.000000 0.000000	0.000000 0.000000	
3 10 10 1.080000	0.932197 0.002196	0.131007 0.004094	0.000000 0.000000	0.000000 0.000000	0.000000 0.000000	0.000000 0.000000	
3 10 10 1.090000	0.063440 0.009433	0.995963 0.001222	0.159656 0.003047	0.030195 0.007561	0.000000 0.000000	0.000000 0.000000	
3 10 10 1.100000	0.063143 0.003760	0.996011 0.000475	0.159849 0.008299	0.028426 0.009927	0.000000 0.000000	0.000000 0.000000	
3 10 10 1.110000	0.056886 0.007182	0.996757 0.000826	0.154232 0.009741	0.024773 0.008687	0.000000 0.000000	0.000000 0.000000	
3 10 10 1.120000	0.057688 0.009588	0.996660 0.001098	0.146075 0.009928	0.023006 0.009128	0.000000 0.000000	0.000000 0.000000	
3 10 10 1.130000	0.058769 0.006314	0.996541 0.000755	0.152624 0.009808	0.022211 0.005689	0.000000 0.000000	0.000000 0.000000	
3 10 10 1.140000	0.052940 0.007426	0.997192 0.000790	0.146423 0.004263	0.021890 0.009956	0.000000 0.000000	0.000000 0.000000	
3 10 10 1.150000	0.053257 0.008810	0.997155 0.000934	0.139426 0.009459	0.020982 0.007444	0.000000 0.000000	0.000000 0.000000	
3 10 10 1.160000	0.050064 0.007065	0.997487 0.000705	0.139508 0.009548	0.019168 0.006592	0.000000 0.000000	0.000000 0.000000	
3 10 10 1.170000	0.054915 0.008603	0.996974 0.000944	0.133123 0.009185	0.017919 0.004097	0.000000 0.000000	0.000000 0.000000	
3 10 10 1.180000	0.047505 0.009561	0.997732 0.000936	0.133435 0.004581	0.016679 0.009582	0.000000 0.000000	0.000000 0.000000	
3 10 10 1.190000	0.049849 0.005219	0.997512 0.000530	0.130252 0.009795	0.018380 0.003821	0.000000 0.000000	0.000000 0.000000	
3 10 10 1.200000	0.048597 0.009130	0.997628 0.000876	0.131159 0.009839	0.018367 0.004992	0.000000 0.000000	0.000000 0.000000	
3 10 10 1.210000	0.052258 0.009158	0.997259 0.000984	0.128306 0.008044	0.014142 0.006352	0.000000 0.000000	0.000000 0.000000	
3 10 10 1.220000	0.049793 0.009708	0.997509 0.000977	0.127663 0.009091	0.014450 0.006533	0.000000 0.000000	0.000000 0.000000	
3 10 10 1.230000	0.047019 0.005060	0.997784 0.000478	0.125059 0.007762	0.013960 0.004486	0.000000 0.000000	0.000000 0.000000	
3 10 10 1.240000	0.046295 0.007829	0.997850 0.000732	0.120938 0.005206	0.014475 0.005432	0.000000 0.000000	0.000000 0.000000	
3 10 10 1.250000	0.045301 0.008061	0.997939 0.000747	0.121128 0.007410	0.012645 0.004584	0.000000 0.000000	0.000000 0.000000	
3 10 10 1.260000	0.042542 0.009289	0.998177 0.000789	0.119677 0.009122	0.019897 0.007767	0.000000 0.000000	0.000000 0.000000	
3 10 10 1.270000	0.044046 0.009985	0.998045 0.000918	0.115878 0.006219	0.013753 0.008607	0.000000 0.000000	0.000000 0.000000	
3 10 10 1.280000	0.042888 0.004085	0.998159 0.000351	0.116869 0.007883	0.013453 0.006267	0.000000 0.000000	0.000000 0.000000	
3 10 10 1.290000	0.045299 0.003538	0.997946 0.000323	0.112698 0.008454	0.014150 0.005652	0.000000 0.000000	0.000000 0.000000	
3 10 10 1.300000	0.041781 0.007205	0.998247 0.000597	0.106494 0.004508	0.012420 0.007287	0.000000 0.000000	0.000000 0.000000	
3 10 10 1.310000	0.043565 0.009529	0.998088 0.000817	0.110871 0.006200	0.013138 0.007106	0.000000 0.000000	0.000000 0.000000	
3 10 10 1.320000	0.044365 0.002662	0.998031 0.000234	0.109433 0.006525	0.011196 0.002153	0.000000 0.000000	0.000000 0.000000	
3 10 10 1.330000	0.042673 0.003223	0.998178 0.000276	0.107518 0.007072	0.011791 0.002843	0.000000 0.000000	0.000000 0.000000	
3 10 10 1.340000	0.041998 0.004378	0.998234 0.000362	0.109003 0.004857	0.011263 0.002198	0.000000 0.000000	0.000000 0.000000	
3 10 10 1.350000	0.042432 0.001804	0.998199 0.000152	0.105927 0.001568	0.010958 0.002524	0.000000 0.000000	0.000000 0.000000	
3 10 10 1.360000	0.043007 0.008139	0.998139 0.000705	0.103755 0.005323	0.003977 0.009992	0.000000 0.000000	0.000000 0.000000	
3 10 10 1.370000	0.040887 0.007849	0.998320 0.000644	0.103624 0.009526	0.000000 0.000000	0.000000 0.000000	0.000000 0.000000	
3 10 10 1.380000	0.044679 0.009842	0.997991 0.000865	0.101622 0.007239	0.001976 0.009879	0.000000 0.000000	0.000000 0.000000	
3 10 10 1.390000	0.042563 0.004288	0.998186 0.000360	0.100715 0.006676	0.001997 0.009984	0.000000 0.000000	0.000000 0.000000	
3 10 10 1.400000	0.040313 0.006864	0.998369 0.000568	0.099348 0.009264	0.001947 0.009734	0.000000 0.000000	0.000000 0.000000	
3 10 10 1.410000	0.040637 0.006052	0.998345 0.000497	0.099059 0.009498	0.002000 0.009999	0.000000 0.000000	0.000000 0.000000	
3 10 10 1.420000	0.041754 0.003674	0.998255 0.000305	0.098201 0.009652	0.000000 0.000000	0.000000 0.000000	0.000000 0.000000	
3 10 10 1.430000	0.040233 0.006203	0.998377 0.000504	0.095422 0.002697	0.001999 0.009996	0.000000 0.000000	0.000000 0.000000	
3 10 10 1.440000	0.041101 0.006403	0.998304 0.000549	0.095627 0.007520	0.000000 0.000000	0.000000 0.000000	0.000000 0.000000	
3 10 10 1.450000	0.040024 0.005955	0.998393 0.000474	0.094139 0.003916	0.001992 0.009961	0.000000 0.000000	0.000000 0.000000	
3 10 10 1.460000	0.042006 0.005315	0.998232 0.000438	0.093376 0.009735	0.000000 0.000000	0.000000 0.000000	0.000000 0.000000	
3 10 10 1.470000	0.037955 0.008725	0.998551 0.000644	0.097079 0.008081	0.000000 0.000000	0.000000 0.000000	0.000000 0.000000	
3 10 10 1.480000	0.034753 0.007689	0.998784 0.000545	0.097244 0.008744	0.000000 0.000000	0.000000 0.000000	0.000000 0.000000	
3 10 10 1.490000	0.037884 0.009912	0.998553 0.000723	0.088451 0.009017	0.000000 0.000000	0.000000 0.000000	0.000000 0.000000	
3 10 10 1.500000	0.039219 0.002676	0.998461 0.000208	0.089352 0.007331	0.001838 0.009191	0.000000 0.000000	0.000000 0.000000	
3 10 10 1.510000	0.037831 0.007038	0.998562 0.000537	0.090680 0.008625	0.000000 0.000000	0.000000 0.000000	0.000000 0.000000	
3 10 10 1.520000	0.040313 0.006211	0.998370 0.000512	0.086222 0.009814	0.000000 0.000000	0.000000 0.000000	0.000000 0.000000	
3 10 10 1.530000	0.037369 0.009996	0.998590 0.000707	0.086311 0.004847	0.000000 0.000000	0.000000 0.000000	0.000000 0.000000	
3 10 10 1.540000	0.038767 0.008248	0.998486 0.000648	0.089571 0.004795	0.000000 0.000000	0.000000 0.000000	0.000000 0.000000	
3 10 10 1.550000	0.039984 0.004483	0.998399 0.000360	0.084295 0.009392	0.001999 0.009996	0.000000 0.000000	0.000000 0.000000	
3 10 10 1.560000	0.041618 0.007149	0.998262 0.000579	0.084308 0.003559	0.000000 0.000000	0.000000 0.000000	0.000000 0.000000	
3 10 10 1.570000	0.036136 0.008497	0.998679 0.000628	0.083123 0.007830	0.000000 0.000000	0.000000 0.000000	0.000000 0.000000	
3 10 10 1.580000	0.040299 0.006289	0.998370 0.000506	0.087005 0.009935	0.000000 0.000000	0.000000 0.000000	0.000000 0.000000	
3 10 10 1.590000	0.038550 0.009421	0.998504 0.000703	0.080805 0.009081	0.000000 0.000000	0.000000 0.000000	0.000000 0.000000	
3 10 10 1.600000	0.039426 0.009605	0.998433 0.000747	0.083746 0.009475	0.000000 0.000000	0.000000 0.000000	0.000000 0.000000	
3 10 10 1.610000	0.037551 0.009413	0.998577 0.000701	0.081311 0.008879	0.000000 0.000000	0.000000 0.000000	0.000000 0.000000	
3 10 10 1.620000	0.036584 0.004434	0.998659 0.000323	0.080391 0.009855	0.000000 0.000000	0.000000 0.000000	0.000000 0.000000	
3 10 10 1.630000	0.037075 0.005071	0.998621 0.000371	0.080919 0.005067	0.001998 0.009988	0.000000 0.000000	0.000000 0.000000	
3 10 10 1.640000	0.039187 0.009768	0.998452 0.000797	0.075102 0.009674	0.000000 0.000000	0.000000 0.000000	0.000000 0.000000	
3 10 10 1.650000	0.040054 0.008111	0.998386 0.000660	0.079323 0.007246	0.000000 0.000000	0.000000 0.000000	0.000000 0.000000	
3 10 10 1.660000	0.036694 0.008283	0.998643 0.000613	0.080089 0.008971	0.000000 0.000000	0.000000 0.000000	0.000000 0.000000	
3 10 10 1.670000	0.034348 0.005235	0.998816 0.000359	0.075546 0.008937	0.000000 0.000000	0.000000 0.000000	0.000000 0.000000	
3 10 10 1.680000	0.038809 0.009152	0.998482 0.000697	0.080853 0.009699	0.000000 0.000000	0.000000 0.000000	0.000000 0.000000	
3 10 10 1.690000	0.037879 0.008899	0.998551 0.000657	0.074500 0.005411	0.000000 0.000000	0.000000 0.000000	0.000000 0.000000	
3 10 10 1.700000	0.036343 0.001740	0.998679 0.000126	0.077570 0.008986	0.000000 0.000000	0.000000 0.000000	0.000000 0.000000	
3 10 10 1.710000	0.034434 0.008267	0.998804 0.000558	0.074056 0.004334	0.000000 0.000000	0.000000 0.000000	0.000000 0.000000	
3 10 10 1.720000	0.035690 0.009502	0.998715 0.000655	0.073371 0.007652	0.001956 0.009781	0.000000 0.000000	0.000000 0.000000	
3 10 10 1.730000	0.035915 0.003621	0.998708 0.000257	0.069964 0.009833	0.000000 0.000000	0.000000 0.000000	0.000000 0.000000	
3 10 10 1.740000	0.036425 0.007861	0.998666 0.000575	0.072941 0.006791	0.000000 0.000000	0.000000 0.000000	0.000000 0.000000	
3 10 10 1.750000	0.034986 0.004580	0.998773 0.000318	0.074111 0.004420	0.001983 0.009915	0.000000 0.000000	0.000000 0.000000	
3 10 10 1.760000	0.036973 0.007036	0.998627 0.000506	0.072108 0.009164	0.000000 0.000000	0.000000 0.000000	0.000000 0.000000	
3 10 10 1.770000	0.035605 0.009862	0.998720 0.000723	0.071258 0.007542	0.000000 0.000000	0.000000 0.000000	0.000000 0.000000	
3 10 10 1.780000	0.035515 0.006364	0.998733 0.000469	0.073874 0.006928	0.001973 0.009866	0.000000 0.000000	0.000000 0.000000	
3 10 10 1.790000	0.035143 0.009111	0.998756 0.000643	0.067876 0.009191	0.000000 0.000000	0.000000 0.000000	0.000000 0.000000	
3 10 10 1.800000	0.035583 0.008952	0.998722 0.000597	0.066693 0.005054	0.000000 0.000000	0.000000 0.000000	0.000000 0.000000	
3 10 10 1.810000	0.035876 0.009415	0.998700 0.000711	0.068135 0.009313	0.000000 0.000000	0.000000 0.000000	0.000000 0.000000	
3 10 10 1.820000	0.038393 0.006285	0.998521 0.000493	0.066304 0.008712	0.000000 0.000000	0.000000 0.000000	0.000000 0.000000	
3 10 10 1.830000	0.034841 0.009460	0.998768 0.000671	0.067636 0.008433	0.000000 0.000000	0.000000 0.000000	0.000000 0.000000	
3 10 10 1.840000	0.036414 0.008625	0.998662 0.000649	0.065189 0.009437	0.000000 0.000000	0.000000 0.000000	0.000000 0.000000	
3 10 10 1.850000	0.037112 0.007031	0.998615 0.000514	0.065740 0.009289	0.000000 0.000000	0.000000 0.000000	0.000000 0.000000	
3 10 10 1.860000	0.035209 0.008131	0.998752 0.000581	0.060220 0.007516	0.000000 0.000000	0.000000 0.000000	0.000000 0.000000	
3 10 10 1.870000	0.034776 0.009130	0.998780 0.000657	0.066401 0.006651	0.000000 0.000000	0.000000 0.000000	0.000000 0.000000	
3 10 10 1.880000	0.035817 0.008706	0.998708 0.000639	0.068989 0.009710	0.000000 0.000000	0.000000 0.000000	0.000000 0.000000	
3 10 10 1.890000	0.035819 0.005934	0.998712 0.000416	0.067739 0.009909	0.000000 0.000000	0.000000 0.000000	0.000000 0.000000	
3 10 10 1.900000	0.035064 0.003707	0.998769 0.000259	0.065638 0.009625	0.000000 0.000000	0.000000 0.000000	0.000000 0.000000	
3 10 10 1.910000	0.032519 0.009619	0.998929 0.000653	0.067056 0.008378	0.000000 0.000000	0.000000 0.000000	0.000000 0.000000	
3 10 10 1.920000	0.032823 0.006735	0.998917 0.000440	0.064003 0.009299	0.001997 0.009985	0.000000 0.000000	0.000000 0.000000	
3 10 10 1.930000	0.035145 0.005647	0.998760 0.000397	0.067458 0.009709	0.000000 0.000000	0.000000 0.000000	0.000000 0.000000	
3 10 10 1.940000	0.036265 0.008968	0.998673 0.000641	0.063205 0.006864	0.000000 0.000000	0.000000 0.000000	0.000000 0.000000	
3 10 10 1.950000	0.036253 0.007138	0.998677 0.000518	0.061973 0.009089	0.001944 0.009721	0.000000 0.000000	0.000000 0.000000	
3 10 10 1.960000	0.035932 0.009302	0.998696 0.000657	0.066708 0.009353	0.000000 0.000000	0.000000 0.000000	0.000000 0.000000	
3 10 10 1.970000	0.038539 0.009939	0.998503 0.000744	0.062157 0.006614	0.000000 0.000000	0.000000 0.000000	0.000000 0.000000	
3 10 10 1.980000	0.034531 0.007594	0.998801 0.000507	0.061037 0.009375	0.000000 0.000000	0.000000 0.000000	0.000000 0.000000	
3 10 10 1.990000	0.039876 0.009248	0.998399 0.000744	0.058268 0.009119	0.000000 0.000000	0.000000 0.000000	0.000000 0.000000	
3 10 10 2.000000	0.037154 0.009773	0.998605 0.000728	0.058369 0.002295	0.000000 0.000000	0.000000 0.000000	0.000000 0.000000	
3 10 10 2.010000	0.031590 0.002399	0.999001 0.000151	0.057155 0.007734	0.000000 0.000000	0.000000 0.000000	0.000000 0.000000	
3 10 10 2.020000	0.036175 0.007007	0.998686 0.000511	0.060871 0.005964	0.000000 0.000000	0.000000 0.000000	0.000000 0.000000	
3 10 10 2.030000	0.033790 0.004532	0.998856 0.000307	0.057999 0.008358	0.000000 0.000000	0.000000 0.000000	0.000000 0.000000	
3 10 10 2.040000	0.035132 0.006671	0.998758 0.000475	0.062044 0.009942	0.000000 0.000000	0.000000 0.000000	0.000000 0.000000	
3 10 10 2.050000	0.032159 0.008811	0.998954 0.000588	0.056984 0.009121	0.000000 0.000000	0.000000 0.000000	0.000000 0.000000	
3 10 10 2.060000	0.029902 0.009655	0.999095 0.000562	0.059356 0.008559	0.000000 0.000000	0.000000 0.000000	0.000000 0.000000	
3 10 10 2.070000	0.034661 0.008358	0.998790 0.000592	0.059450 0.005919	0.000000 0.000000	0.000000 0.000000	0.000000 0.000000	
3 10 10 2.080000	0.036500 0.008091	0.998660 0.000606	0.056046 0.008454	0.000000 0.000000	0.000000 0.000000	0.000000 0.000000	
3 10 10 2.090000	0.034699 0.007216	0.998789 0.000486	0.054552 0.009417	0.000000 0.000000	0.000000 0.000000	0.000000 0.000000	
3 10 10 2.100000	0.035569 0.007424	0.998727 0.000519	0.055654 0.009442	0.001905 0.009523	0.000000 0.000000	0.000000 0.000000	
3 10 10 2.110000	0.031530 0.008535	0.998996 0.000535	0.058255 0.009268	0.000000 0.000000	0.000000 0.000000	0.000000 0.000000	
3 10 10 2.120000	0.033262 0.008395	0.998885 0.000545	0.057334 0.009241	0.001944 0.009719	0.000000 0.000000	0.000000 0.000000	
3 10 10 2.130000	0.036272 0.007624	0.998678 0.000541	0.060022 0.009911	0.000000 0.000000	0.000000 0.000000	0.000000 0.000000	
3 10 10 2.140000	0.030462 0.006615	0.999064 0.000394	0.054975 0.005965	0.000000 0.000000	0.000000 0.000000	0.000000 0.000000	
3 10 10 2.150000	0.031463 0.006984	0.999003 0.000417	0.058392 0.008144	0.000000 0.000000	0.000000 0.000000	0.000000 0.000000	
3 10 10 2.160000	0.031850 0.005059	0.998983 0.000321	0.057692 0.009520	0.000000 0.000000	0.000000 0.000000	0.000000 0.000000	
3 10 10 2.170000	0.031628 0.008062	0.998992 0.000521	0.053883 0.008022	0.000000 0.000000	0.000000 0.000000	0.000000 0.000000	
3 10 10 2.180000	0.031753 0.009414	0.998976 0.000612	0.053175 0.008950	0.000000 0.000000	0.000000 0.000000	0.000000 0.000000	
3 10 10 2.190000	0.031315 0.009354	0.999004 0.000574	0.053128 0.008377	0.000000 0.000000	0.000000 0.000000	0.000000 0.000000	
3 10 10 2.200000	0.033848 0.005018	0.998850 0.000340	0.052831 0.008266	0.000000 0.000000	0.000000 0.000000	0.000000 0.000000	
3 10 10 2.210000	0.033428 0.009790	0.998866 0.000682	0.058552 0.008278	0.000000 0.000000	0.000000 0.000000	0.000000 0.000000	
3 10 10 2.220000	0.035589 0.009675	0.998722 0.000705	0.054505 0.008292	0.001882 0.009409	0.000000 0.000000	0.000000 0.000000	
3 10 10 2.230000	0.028348 0.009515	0.999186 0.000524	0.052544 0.005237	0.000000 0.000000	0.000000 0.000000	0.000000 0.000000	
3 10 10 2.240000	0.034202 0.009869	0.998819 0.000657	0.051755 0.009881	0.000000 0.000000	0.000000 0.000000	0.000000 0.000000	
3 10 10 2.250000	0.033732 0.009984	0.998851 0.000675	0.051383 0.009147	0.000000 0.000000	0.000000 0.000000	0.000000 0.000000	
3 10 10 2.260000	0.034290 0.009938	0.998811 0.000649	0.051018 0.008523	0.001910 0.009549	0.000000 0.000000	0.000000 0.000000	
3 10 10 2.270000	0.032973 0.009934	0.998898 0.000646	0.053898 0.009801	0.000000 0.000000	0.000000 0.000000	0.000000 0.000000	
3 10 10 2.280000	0.029705 0.005458	0.999114 0.000327	0.048858 0.009644	0.000000 0.000000	0.000000 0.000000	0.000000 0.000000	
3 10 10 2.290000	0.033486 0.006303	0.998874 0.000426	0.048381 0.009039	0.000000 0.000000	0.000000 0.000000	0.000000 0.000000	
3 10 10 2.300000	0.031410 0.009487	0.999000 0.000596	0.049269 0.009435	0.000000 0.000000	0.000000 0.000000	0.000000 0.000000	
3 10 10 2.310000	0.032517 0.006770	0.998936 0.000456	0.051462 0.009946	0.000000 0.000000	0.000000 0.000000	0.000000 0.000000	
3 10 10 2.320000	0.034152 0.009050	0.998821 0.000605	0.049403 0.009626	0.000000 0.000000	0.000000 0.000000	0.000000 0.000000	
3 10 10 2.330000	0.037204 0.006718	0.998611 0.000498	0.052791 0.008179	0.000000 0.000000	0.000000 0.000000	0.000000 0.000000	
3 10 10 2.340000	0.034996 0.007572	0.998766 0.000539	0.053128 0.008259	0.000000 0.000000	0.000000 0.000000	0.000000 0.000000	
3 10 10 2.350000	0.035165 0.005046	0.998760 0.000360	0.050063 0.009590	0.000000 0.000000	0.000000 0.000000	0.000000 0.000000	
3 10 10 2.360000	0.034560 0.009614	0.998790 0.000661	0.051546 0.008779	0.000000 0.000000	0.000000 0.000000	0.000000 0.000000	
3 10 10 2.370000	0.030925 0.009934	0.999030 0.000604	0.048906 0.007614	0.001956 0.009781	0.000000 0.000000	0.000000 0.000000	
3 10 10 2.380000	0.034050 0.008538	0.998830 0.000588	0.048275 0.009607	0.000000 0.000000	0.000000 0.000000	0.000000 0.000000	
3 10 10 2.390000	0.033905 0.008845	0.998840 0.000612	0.050192 0.009246	0.000000 0.000000	0.000000 0.000000	0.000000 0.000000	
3 10 10 2.400000	0.033235 0.009942	0.998882 0.000642	0.047586 0.006344	0.000000 0.000000	0.000000 0.000000	0.000000 0.000000	
3 10 10 2.410000	0.034039 0.004840	0.998838 0.000322	0.050570 0.009869	0.000000 0.000000	0.000000 0.000000	0.000000 0.000000	
3 10 10 2.420000	0.029999 0.005679	0.999096 0.000350	0.048907 0.009433	0.000000 0.000000	0.000000 0.000000	0.000000 0.000000	
3 10 10 2.430000	0.034232 0.007798	0.998821 0.000532	0.049951 0.008935	0.000000 0.000000	0.000000 0.000000	0.000000 0.000000	
3 10 10 2.440000	0.034127 0.009146	0.998822 0.000600	0.046975 0.004324	0.000000 0.000000	0.000000 0.000000	0.000000 0.000000	
3 10 10 2.450000	0.034876 0.009750	0.998771 0.000709	0.047454 0.008660	0.000000 0.000000	0.000000 0.000000	0.000000 0.000000	
3 10 10 2.460000	0.031508 0.008799	0.998995 0.000535	0.048227 0.009779	0.000000 0.000000	0.000000 0.000000	0.000000 0.000000	
3 10 10 2.470000	0.035165 0.009070	0.998750 0.000636	0.044879 0.007809	0.000000 0.000000	0.000000 0.000000	0.000000 0.000000	
3 10 10 2.480000	0.031006 0.003016	0.999037 0.000189	0.046057 0.009447	0.000000 0.000000	0.000000 0.000000	0.000000 0.000000	
3 10 10 2.490000	0.033155 0.006326	0.998895 0.000430	0.044828 0.008802	0.000000 0.000000	0.000000 0.000000	0.000000 0.000000	
3 10 10 2.500000	0.032604 0.008985	0.998928 0.000584	0.048047 0.008649	0.000000 0.000000	0.000000 0.000000	0.000000 0.000000	
