3 100 5 0.400000	0.999288 0.001157	0.000000 0.000000	0.000000 0.000000	0.000000 0.000000	0.000000 0.000000	0.000000 0.000000	0.000000 0.000000	0.000000 0.000000	0.000000 0.000000	0.000000 0.000000	0.000000 0.000000	
3 100 5 0.410000	0.999278 0.003109	0.000000 0.000000	0.000000 0.000000	0.000000 0.000000	0.000000 0.000000	0.000000 0.000000	0.000000 0.000000	0.000000 0.000000	0.000000 0.000000	0.000000 0.000000	0.000000 0.000000	
3 100 5 0.420000	0.999848 0.000369	0.000000 0.000000	0.000000 0.000000	0.000000 0.000000	0.000000 0.000000	0.000000 0.000000	0.000000 0.000000	0.000000 0.000000	0.000000 0.000000	0.000000 0.000000	0.000000 0.000000	
3 100 5 0.430000	0.999000 0.004977	0.000000 0.000000	0.000000 0.000000	0.000000 0.000000	0.000000 0.000000	0.000000 0.000000	0.000000 0.000000	0.000000 0.000000	0.000000 0.000000	0.000000 0.000000	0.000000 0.000000	
3 100 5 0.440000	0.999212 0.003556	0.000000 0.000000	0.000000 0.000000	0.000000 0.000000	0.000000 0.000000	0.000000 0.000000	0.000000 0.000000	0.000000 0.000000	0.000000 0.000000	0.000000 0.000000	0.000000 0.000000	
3 100 5 0.450000	0.999820 0.000457	0.000000 0.000000	0.000000 0.000000	0.000000 0.000000	0.000000 0.000000	0.000000 0.000000	0.000000 0.000000	0.000000 0.000000	0.000000 0.000000	0.000000 0.000000	0.000000 0.000000	
3 100 5 0.460000	0.998182 0.003372	0.000000 0.000000	0.000000 0.000000	0.000000 0.000000	0.000000 0.000000	0.000000 0.000000	0.000000 0.000000	0.000000 0.000000	0.000000 0.000000	0.000000 0.000000	0.000000 0.000000	
3 100 5 0.470000	0.998066 0.004363	0.000000 0.000000	0.000000 0.000000	0.000000 0.000000	0.000000 0.000000	0.000000 0.000000	0.000000 0.000000	0.000000 0.000000	0.000000 0.000000	0.000000 0.000000	0.000000 0.000000	
3 100 5 0.480000	0.999613 0.000985	0.000000 0.000000	0.000000 0.000000	0.000000 0.000000	0.000000 0.000000	0.000000 0.000000	0.000000 0.000000	0.000000 0.000000	0.000000 0.000000	0.000000 0.000000	0.000000 0.000000	
3 100 5 0.490000	0.999915 0.000159	0.000000 0.000000	0.000000 0.000000	0.000000 0.000000	0.000000 0.000000	0.000000 0.000000	0.000000 0.000000	0.000000 0.000000	0.000000 0.000000	0.000000 0.000000	0.000000 0.000000	
3 100 5 0.500000	0.999070 0.004079	0.000000 0.000000	0.000000 0.000000	0.000000 0.000000	0.000000 0.000000	0.000000 0.000000	0.000000 0.000000	0.000000 0.000000	0.000000 0.000000	0.000000 0.000000	0.000000 0.000000	
3 100 5 0.510000	0.999264 0.003131	0.000000 0.000000	0.000000 0.000000	0.000000 0.000000	0.000000 0.000000	0.000000 0.000000	0.000000 0.000000	0.000000 0.000000	0.000000 0.000000	0.000000 0.000000	0.000000 0.000000	
3 100 5 0.520000	0.998542 0.003618	0.000000 0.000000	0.000000 0.000000	0.000000 0.000000	0.000000 0.000000	0.000000 0.000000	0.000000 0.000000	0.000000 0.000000	0.000000 0.000000	0.000000 0.000000	0.000000 0.000000	
3 100 5 0.530000	0.998470 0.003969	0.000000 0.000000	0.000000 0.000000	0.000000 0.000000	0.000000 0.000000	0.000000 0.000000	0.000000 0.000000	0.000000 0.000000	0.000000 0.000000	0.000000 0.000000	0.000000 0.000000	
3 100 5 0.540000	0.999340 0.000564	0.000000 0.000000	0.000000 0.000000	0.000000 0.000000	0.000000 0.000000	0.000000 0.000000	0.000000 0.000000	0.000000 0.000000	0.000000 0.000000	0.000000 0.000000	0.000000 0.000000	
3 100 5 0.550000	0.999020 0.002200	0.000000 0.000000	0.000000 0.000000	0.000000 0.000000	0.000000 0.000000	0.000000 0.000000	0.000000 0.000000	0.000000 0.000000	0.000000 0.000000	0.000000 0.000000	0.000000 0.000000	
3 100 5 0.560000	0.998561 0.004549	0.000000 0.000000	0.000000 0.000000	0.000000 0.000000	0.000000 0.000000	0.000000 0.000000	0.000000 0.000000	0.000000 0.000000	0.000000 0.000000	0.000000 0.000000	0.000000 0.000000	
3 100 5 0.570000	0.998798 0.004288	0.000000 0.000000	0.000000 0.000000	0.000000 0.000000	0.000000 0.000000	0.000000 0.000000	0.000000 0.000000	0.000000 0.000000	0.000000 0.000000	0.000000 0.000000	0.000000 0.000000	
3 100 5 0.580000	0.999484 0.001326	0.000000 0.000000	0.000000 0.000000	0.000000 0.000000	0.000000 0.000000	0.000000 0.000000	0.000000 0.000000	0.000000 0.000000	0.000000 0.000000	0.000000 0.000000	0.000000 0.000000	
3 100 5 0.590000	0.998407 0.003864	0.000000 0.000000	0.000000 0.000000	0.000000 0.000000	0.000000 0.000000	0.000000 0.000000	0.000000 0.000000	0.000000 0.000000	0.000000 0.000000	0.000000 0.000000	0.000000 0.000000	
3 100 5 0.600000	0.998335 0.004141	0.000000 0.000000	0.000000 0.000000	0.000000 0.000000	0.000000 0.000000	0.000000 0.000000	0.000000 0.000000	0.000000 0.000000	0.000000 0.000000	0.000000 0.000000	0.000000 0.000000	
3 100 5 0.610000	0.998362 0.003019	0.000000 0.000000	0.000000 0.000000	0.000000 0.000000	0.000000 0.000000	0.000000 0.000000	0.000000 0.000000	0.000000 0.000000	0.000000 0.000000	0.000000 0.000000	0.000000 0.000000	
3 100 5 0.620000	0.997746 0.001457	0.000000 0.000000	0.000000 0.000000	0.000000 0.000000	0.000000 0.000000	0.000000 0.000000	0.000000 0.000000	0.000000 0.000000	0.000000 0.000000	0.000000 0.000000	0.000000 0.000000	
3 100 5 0.630000	0.998792 0.003754	0.000000 0.000000	0.000000 0.000000	0.000000 0.000000	0.000000 0.000000	0.000000 0.000000	0.000000 0.000000	0.000000 0.000000	0.000000 0.000000	0.000000 0.000000	0.000000 0.000000	
3 100 5 0.640000	0.997132 0.004464	0.000000 0.000000	0.000000 0.000000	0.000000 0.000000	0.000000 0.000000	0.000000 0.000000	0.000000 0.000000	0.000000 0.000000	0.000000 0.000000	0.000000 0.000000	0.000000 0.000000	
3 100 5 0.650000	0.999076 0.001531	0.000000 0.000000	0.000000 0.000000	0.000000 0.000000	0.000000 0.000000	0.000000 0.000000	0.000000 0.000000	0.000000 0.000000	0.000000 0.000000	0.000000 0.000000	0.000000 0.000000	
3 100 5 0.660000	0.998565 0.004344	0.000000 0.000000	0.000000 0.000000	0.000000 0.000000	0.000000 0.000000	0.000000 0.000000	0.000000 0.000000	0.000000 0.000000	0.000000 0.000000	0.000000 0.000000	0.000000 0.000000	
3 100 5 0.670000	0.996512 0.003164	0.000000 0.000000	0.000000 0.000000	0.000000 0.000000	0.000000 0.000000	0.000000 0.000000	0.000000 0.000000	0.000000 0.000000	0.000000 0.000000	0.000000 0.000000	0.000000 0.000000	
3 100 5 0.680000	0.998097 0.004196	0.000000 0.000000	0.000000 0.000000	0.000000 0.000000	0.000000 0.000000	0.000000 0.000000	0.000000 0.000000	0.000000 0.000000	0.000000 0.000000	0.000000 0.000000	0.000000 0.000000	
3 100 5 0.690000	0.998098 0.003184	0.000000 0.000000	0.000000 0.000000	0.000000 0.000000	0.000000 0.000000	0.000000 0.000000	0.000000 0.000000	0.000000 0.000000	0.000000 0.000000	0.000000 0.000000	0.000000 0.000000	
3 100 5 0.700000	0.997223 0.003206	0.000000 0.000000	0.000000 0.000000	0.000000 0.000000	0.000000 0.000000	0.000000 0.000000	0.000000 0.000000	0.000000 0.000000	0.000000 0.000000	0.000000 0.000000	0.000000 0.000000	
3 100 5 0.710000	0.998202 0.002453	0.000000 0.000000	0.000000 0.000000	0.000000 0.000000	0.000000 0.000000	0.000000 0.000000	0.000000 0.000000	0.000000 0.000000	0.000000 0.000000	0.000000 0.000000	0.000000 0.000000	
3 100 5 0.720000	0.998228 0.001152	0.000000 0.000000	0.000000 0.000000	0.000000 0.000000	0.000000 0.000000	0.000000 0.000000	0.000000 0.000000	0.000000 0.000000	0.000000 0.000000	0.000000 0.000000	0.000000 0.000000	
3 100 5 0.730000	0.997886 0.003520	0.000000 0.000000	0.000000 0.000000	0.000000 0.000000	0.000000 0.000000	0.000000 0.000000	0.000000 0.000000	0.000000 0.000000	0.000000 0.000000	0.000000 0.000000	0.000000 0.000000	
3 100 5 0.740000	0.997047 0.003227	0.000000 0.000000	0.000000 0.000000	0.000000 0.000000	0.000000 0.000000	0.000000 0.000000	0.000000 0.000000	0.000000 0.000000	0.000000 0.000000	0.000000 0.000000	0.000000 0.000000	
3 100 5 0.750000	0.996881 0.003140	0.000000 0.000000	0.000000 0.000000	0.000000 0.000000	0.000000 0.000000	0.000000 0.000000	0.000000 0.000000	0.000000 0.000000	0.000000 0.000000	0.000000 0.000000	0.000000 0.000000	
3 100 5 0.760000	0.997362 0.002418	0.000000 0.000000	0.000000 0.000000	0.000000 0.000000	0.000000 0.000000	0.000000 0.000000	0.000000 0.000000	0.000000 0.000000	0.000000 0.000000	0.000000 0.000000	0.000000 0.000000	
3 100 5 0.770000	0.996823 0.004662	0.006341 0.009282	0.000166 0.000830	0.000948 0.003769	0.000353 0.001763	0.000292 0.001131	0.000000 0.000000	0.000796 0.003503	0.000392 0.001314	0.000163 0.000814	0.000000 0.000000	
3 100 5 0.780000	0.996807 0.002457	0.006376 0.004895	0.000979 0.002516	0.000292 0.001462	0.000223 0.001115	0.000000 0.000000	0.000000 0.000000	0.000505 0.002523	0.000285 0.001427	0.000000 0.000000	0.000109 0.000544	
3 100 5 0.790000	0.996414 0.001766	0.007159 0.003518	0.000000 0.000000	0.000000 0.000000	0.000000 0.000000	0.000000 0.000000	0.000208 0.001038	0.000000 0.000000	0.000000 0.000000	0.000111 0.000556	0.000000 0.000000	
3 100 5 0.800000	0.995728 0.002727	0.008524 0.005427	0.000636 0.001700	0.000000 0.000000	0.000272 0.001361	0.000000 0.000000	0.000452 0.001722	0.000371 0.001856	0.000000 0.000000	0.000000 0.000000	0.000338 0.001688	
3 100 5 0.810000	0.995426 0.002560	0.009126 0.005097	0.000503 0.002516	0.000594 0.001191	0.000296 0.001480	0.000386 0.001929	0.000574 0.002869	0.000000 0.000000	0.000000 0.000000	0.000000 0.000000	0.000000 0.000000	
3 100 5 0.820000	0.994990 0.004922	0.009991 0.009785	0.000587 0.002934	0.000988 0.004629	0.000659 0.003295	0.000516 0.002581	0.000692 0.003462	0.000659 0.003295	0.000000 0.000000	0.001177 0.002240	0.000000 0.000000	
3 100 5 0.830000	0.994687 0.004361	0.010595 0.008669	0.000693 0.003181	0.001151 0.004032	0.001090 0.005448	0.001067 0.005337	0.000334 0.001671	0.000601 0.003004	0.000290 0.001448	0.000354 0.001768	0.000401 0.002004	
3 100 5 0.840000	0.994551 0.003568	0.010867 0.007092	0.000357 0.001785	0.000589 0.002945	0.000262 0.001309	0.000085 0.000427	0.000000 0.000000	0.000303 0.001517	0.000000 0.000000	0.000000 0.000000	0.000033 0.000166	
3 100 5 0.850000	0.993100 0.004409	0.013749 0.008754	0.000803 0.002906	0.000243 0.001214	0.000000 0.000000	0.000176 0.000879	0.000471 0.002357	0.000358 0.001417	0.000449 0.002246	0.000690 0.003448	0.000000 0.000000	
3 100 5 0.860000	0.992282 0.004894	0.015373 0.009713	0.000431 0.002156	0.001066 0.002930	0.000515 0.001511	0.000595 0.001523	0.000000 0.000000	0.001054 0.005268	0.001054 0.005268	0.000347 0.001736	0.000000 0.000000	
3 100 5 0.870000	0.993183 0.004416	0.013585 0.008763	0.001035 0.002723	0.000779 0.002403	0.000159 0.000794	0.000000 0.000000	0.000000 0.000000	0.000901 0.003486	0.000127 0.000633	0.000000 0.000000	0.000206 0.001029	
3 100 5 0.880000	0.991900 0.003261	0.016134 0.006470	0.000777 0.003886	0.000441 0.002204	0.000000 0.000000	0.000573 0.002867	0.001149 0.002487	0.000298 0.001490	0.000075 0.000374	0.000000 0.000000	0.001020 0.003195	
3 100 5 0.890000	0.992471 0.004517	0.014999 0.008954	0.000485 0.002426	0.000596 0.001546	0.000594 0.001801	0.000738 0.002958	0.000605 0.003027	0.000531 0.001429	0.000781 0.003907	0.000300 0.000990	0.000810 0.002472	
3 100 5 0.900000	0.989334 0.003697	0.021217 0.007313	0.003150 0.009320	0.000586 0.002932	0.001944 0.004704	0.001099 0.003999	0.000167 0.000836	0.000154 0.000770	0.000776 0.002199	0.001170 0.003046	0.000000 0.000000	
3 100 5 0.910000	0.989054 0.004981	0.021769 0.009851	0.002545 0.003916	0.001193 0.003708	0.000992 0.002762	0.000795 0.003976	0.001206 0.006029	0.001355 0.006773	0.001438 0.005053	0.000000 0.000000	0.000000 0.000000	
3 100 5 0.920000	0.990605 0.004926	0.018697 0.009746	0.002116 0.007166	0.000684 0.002547	0.000752 0.003761	0.002287 0.007052	0.000000 0.000000	0.001323 0.003263	0.000588 0.002096	0.001171 0.004594	0.000231 0.001153	
3 100 5 0.930000	0.989767 0.004849	0.020359 0.009586	0.001060 0.004795	0.000432 0.002160	0.000467 0.001688	0.000987 0.002687	0.001220 0.003684	0.001120 0.005601	0.000980 0.004898	0.000351 0.000783	0.001439 0.007196	
3 100 5 0.940000	0.989496 0.003001	0.020896 0.005933	0.000208 0.000578	0.001421 0.003737	0.001306 0.003327	0.000735 0.002487	0.000808 0.002130	0.000000 0.000000	0.000495 0.001912	0.000059 0.000294	0.000134 0.000668	
3 100 5 0.950000	0.988342 0.003673	0.023178 0.007256	0.001690 0.005512	0.001577 0.003462	0.000471 0.002356	0.000521 0.001523	0.000850 0.004252	0.000707 0.002432	0.000000 0.000000	0.000000 0.000000	0.001293 0.003672	
3 100 5 0.960000	0.987454 0.004015	0.024931 0.007923	0.001549 0.002856	0.000622 0.003108	0.000952 0.002408	0.001212 0.002344	0.000243 0.001215	0.001269 0.002673	0.000337 0.001138	0.000542 0.002711	0.000000 0.000000	
3 100 5 0.970000	0.986158 0.004522	0.027490 0.008914	0.002428 0.005278	0.001151 0.003507	0.001721 0.003447	0.000000 0.000000	0.000000 0.000000	0.001169 0.003091	0.000000 0.000000	0.001108 0.002821	0.000922 0.001841	
3 100 5 0.980000	0.985025 0.004429	0.029723 0.008722	0.002096 0.003824	0.001645 0.004899	0.001995 0.003477	0.000388 0.001939	0.002506 0.004965	0.000493 0.002464	0.000940 0.002958	0.001285 0.003763	0.001778 0.003961	
3 100 5 0.990000	0.979993 0.004818	0.039611 0.009446	0.007009 0.009649	0.004943 0.009036	0.003845 0.008871	0.004374 0.007801	0.001660 0.003822	0.003522 0.006659	0.003557 0.006258	0.003200 0.008042	0.003502 0.009997	
3 100 5 1.000000	0.983623 0.003833	0.032485 0.007535	0.002419 0.006372	0.001869 0.003696	0.000916 0.002875	0.001375 0.003769	0.000000 0.000000	0.000486 0.002430	0.001120 0.004096	0.000610 0.002736	0.000617 0.001667	
3 100 5 1.010000	0.982777 0.004902	0.034147 0.009624	0.002155 0.004052	0.001168 0.005838	0.000215 0.001077	0.001618 0.004971	0.000877 0.002743	0.001171 0.003517	0.000000 0.000000	0.000773 0.003867	0.001426 0.005804	
3 100 5 1.020000	0.979497 0.004064	0.040583 0.007965	0.001666 0.003622	0.002754 0.005985	0.001498 0.005038	0.000988 0.003490	0.000580 0.002367	0.002546 0.007548	0.001349 0.002990	0.000530 0.001823	0.002159 0.004142	
3 100 5 1.030000	0.977409 0.003121	0.044670 0.006098	0.001369 0.002902	0.004212 0.008018	0.002599 0.005525	0.002455 0.006675	0.002132 0.004918	0.000225 0.001127	0.000716 0.002082	0.000863 0.004314	0.000784 0.003920	
3 100 5 1.040000	0.977789 0.004522	0.043925 0.008845	0.002475 0.006942	0.002041 0.005919	0.000976 0.002832	0.003974 0.004910	0.000792 0.003962	0.002465 0.004587	0.000398 0.001992	0.001071 0.003604	0.001846 0.003968	
3 100 5 1.050000	0.974804 0.005020	0.049754 0.009788	0.006716 0.003667	0.001228 0.004088	0.003602 0.002313	0.000685 0.003427	0.003935 0.006342	0.001829 0.004259	0.002159 0.005576	0.002340 0.008030	0.000000 0.000000	
3 100 5 1.060000	0.976472 0.004694	0.046499 0.009157	0.002525 0.005041	0.001281 0.002508	0.000922 0.004541	0.000670 0.002441	0.000903 0.004517	0.001028 0.005141	0.001058 0.005291	0.000673 0.002007	0.000965 0.004608	
3 100 5 1.070000	0.975176 0.005025	0.049029 0.009787	0.004159 0.008170	0.000914 0.004572	0.000938 0.002407	0.000832 0.002540	0.000429 0.002147	0.000000 0.000000	0.000497 0.002485	0.001328 0.003622	0.001128 0.005639	
3 100 5 1.080000	0.973848 0.004435	0.051617 0.008626	0.002080 0.008991	0.001056 0.003798	0.001054 0.005271	0.000887 0.004433	0.000883 0.002166	0.000802 0.004011	0.001469 0.005688	0.000000 0.000000	0.000587 0.002281	
3 100 5 1.090000	0.971855 0.004232	0.055496 0.008218	0.001842 0.004196	0.001135 0.004449	0.001773 0.006651	0.000874 0.004371	0.001044 0.003850	0.002056 0.005729	0.000854 0.003052	0.000783 0.003914	0.000420 0.001071	
3 100 5 1.100000	0.968591 0.004578	0.061830 0.008867	0.002309 0.006142	0.002490 0.005520	0.002578 0.005366	0.001328 0.002592	0.000724 0.003620	0.000755 0.003773	0.001180 0.003172	0.001573 0.004903	0.000132 0.000659	
3 100 5 1.110000	0.967826 0.005117	0.063307 0.009900	0.004166 0.005912	0.000671 0.003354	0.000972 0.003338	0.001334 0.002922	0.001410 0.004761	0.001300 0.003038	0.001565 0.007823	0.001104 0.003915	0.001535 0.003908	
3 100 5 1.120000	0.965961 0.004212	0.066917 0.008133	0.006441 0.009958	0.001081 0.003075	0.001380 0.002399	0.002169 0.007749	0.000177 0.000885	0.000889 0.004444	0.001344 0.006719	0.001001 0.005005	0.001556 0.006616	
3 100 5 1.130000	0.963856 0.004847	0.070979 0.009340	0.003874 0.006757	0.001743 0.004327	0.001592 0.004425	0.002045 0.005710	0.001805 0.005772	0.001118 0.004437	0.000000 0.000000	0.001289 0.005952	0.000603 0.002479	
3 100 5 1.140000	0.962631 0.004502	0.073338 0.008659	0.003949 0.008545	0.001575 0.004393	0.002278 0.005175	0.001726 0.004515	0.001557 0.004126	0.000801 0.003263	0.001077 0.003594	0.000822 0.002501	0.000643 0.003214	
3 100 5 1.150000	0.960055 0.004668	0.078290 0.008957	0.006106 0.005382	0.001442 0.004836	0.001935 0.006307	0.000000 0.000000	0.000274 0.001372	0.000714 0.002608	0.000734 0.003669	0.000765 0.003825	0.000985 0.002583	
3 100 5 1.160000	0.957842 0.004420	0.082536 0.008462	0.003459 0.005744	0.000882 0.001984	0.000584 0.002464	0.002258 0.008661	0.000000 0.000000	0.000764 0.002187	0.000830 0.002765	0.001892 0.005445	0.001355 0.006033	
3 100 5 1.170000	0.955591 0.004708	0.086843 0.008989	0.006397 0.004011	0.001253 0.003868	0.001883 0.005141	0.000861 0.001657	0.000404 0.001503	0.001596 0.005374	0.000302 0.000983	0.002163 0.004936	0.000633 0.001901	
3 100 5 1.180000	0.953395 0.003418	0.091037 0.006513	0.007084 0.009462	0.000801 0.002092	0.001668 0.003810	0.001554 0.004772	0.001315 0.003970	0.002594 0.005490	0.001262 0.005544	0.002101 0.004323	0.000490 0.002393	
3 100 5 1.190000	0.949190 0.004362	0.099035 0.008277	0.007604 0.009971	0.001520 0.004799	0.000000 0.000000	0.001092 0.005461	0.002050 0.005325	0.001383 0.003993	0.000391 0.001956	0.002999 0.008116	0.001993 0.004675	
3 100 5 1.200000	0.947857 0.004087	0.101565 0.007741	0.006324 0.003325	0.002262 0.001995	0.002031 0.004363	0.001542 0.002587	0.001539 0.003545	0.000212 0.001062	0.000000 0.000000	0.000404 0.002022	0.002172 0.005225	
3 100 5 1.210000	0.943286 0.005053	0.110206 0.009534	0.008018 0.005068	0.001948 0.004646	0.001705 0.005469	0.002475 0.005671	0.003596 0.006170	0.002575 0.006809	0.001117 0.002945	0.001480 0.004852	0.003195 0.006309	
3 100 5 1.220000	0.941324 0.004434	0.113907 0.008340	0.009241 0.009750	0.003155 0.007941	0.001093 0.003454	0.001158 0.003360	0.000173 0.000866	0.001477 0.003165	0.001327 0.006637	0.001022 0.002781	0.002165 0.008219	
