3 10 100 0.400000	0.995862 0.001737	0.000000 0.000000	0.000000 0.000000	0.000000 0.000000	0.000000 0.000000	0.000000 0.000000	
3 10 100 0.410000	0.997844 0.004774	0.000000 0.000000	0.000000 0.000000	0.000000 0.000000	0.000000 0.000000	0.000000 0.000000	
3 10 100 0.420000	0.996880 0.003320	0.000000 0.000000	0.000000 0.000000	0.000000 0.000000	0.000000 0.000000	0.000000 0.000000	
3 10 100 0.430000	0.996922 0.004479	0.000000 0.000000	0.000000 0.000000	0.000000 0.000000	0.000000 0.000000	0.000000 0.000000	
3 10 100 0.440000	0.997574 0.004347	0.000000 0.000000	0.000000 0.000000	0.000000 0.000000	0.000000 0.000000	0.000000 0.000000	
3 10 100 0.450000	0.997935 0.004089	0.000000 0.000000	0.000000 0.000000	0.000000 0.000000	0.000000 0.000000	0.000000 0.000000	
3 10 100 0.460000	0.997495 0.004462	0.000000 0.000000	0.000000 0.000000	0.000000 0.000000	0.000000 0.000000	0.000000 0.000000	
3 10 100 0.470000	0.996871 0.004434	0.000000 0.000000	0.000000 0.000000	0.000000 0.000000	0.000000 0.000000	0.000000 0.000000	
3 10 100 0.480000	0.997078 0.004572	0.000000 0.000000	0.000000 0.000000	0.000000 0.000000	0.000000 0.000000	0.000000 0.000000	
3 10 100 0.490000	0.998841 0.004907	0.000000 0.000000	0.000000 0.000000	0.000000 0.000000	0.000000 0.000000	0.000000 0.000000	
3 10 100 0.500000	0.998547 0.004602	0.000000 0.000000	0.000000 0.000000	0.000000 0.000000	0.000000 0.000000	0.000000 0.000000	
3 10 100 0.510000	0.036096 0.009946	0.998683 0.000739	0.065666 0.008194	0.000000 0.000000	0.000000 0.000000	0.000000 0.000000	
3 10 100 0.520000	0.033125 0.004823	0.998900 0.000326	0.058904 0.009973	0.000000 0.000000	0.000000 0.000000	0.000000 0.000000	
3 10 100 0.530000	0.032604 0.009363	0.998923 0.000630	0.052885 0.009387	0.000000 0.000000	0.000000 0.000000	0.000000 0.000000	
3 10 100 0.540000	0.032692 0.007169	0.998925 0.000456	0.054829 0.009644	0.000000 0.000000	0.000000 0.000000	0.000000 0.000000	
3 10 100 0.550000	0.032613 0.009492	0.998924 0.000585	0.052419 0.009922	0.000000 0.000000	0.000000 0.000000	0.000000 0.000000	
3 10 100 0.560000	0.033161 0.007988	0.998893 0.000542	0.046506 0.008768	0.000000 0.000000	0.000000 0.000000	0.000000 0.000000	
3 10 100 0.570000	0.032242 0.008791	0.998950 0.000574	0.041733 0.008909	0.000000 0.000000	0.000000 0.000000	0.000000 0.000000	
3 10 100 0.580000	0.033627 0.008744	0.998856 0.000592	0.045633 0.009228	0.000000 0.000000	0.000000 0.000000	0.000000 0.000000	
3 10 100 0.590000	0.031461 0.008124	0.999000 0.000514	0.044303 0.009907	0.000000 0.000000	0.000000 0.000000	0.000000 0.000000	
3 10 100 0.600000	0.031741 0.009805	0.998978 0.000627	0.041564 0.009954	0.000000 0.000000	0.000000 0.000000	0.000000 0.000000	
3 10 100 0.610000	0.033663 0.008572	0.998858 0.000585	0.039981 0.008985	0.000000 0.000000	0.000000 0.000000	0.000000 0.000000	
3 10 100 0.620000	0.030272 0.002543	0.999083 0.000151	0.042738 0.009002	0.000000 0.000000	0.000000 0.000000	0.000000 0.000000	
3 10 100 0.630000	0.032488 0.009703	0.998934 0.000638	0.037857 0.009048	0.000000 0.000000	0.000000 0.000000	0.000000 0.000000	
3 10 100 0.640000	0.030024 0.007781	0.999092 0.000461	0.035360 0.009217	0.000000 0.000000	0.000000 0.000000	0.000000 0.000000	
3 10 100 0.650000	0.034266 0.008670	0.998813 0.000595	0.031990 0.009557	0.000000 0.000000	0.000000 0.000000	0.000000 0.000000	
3 10 100 0.660000	0.029981 0.007991	0.999087 0.000468	0.036633 0.009709	0.000000 0.000000	0.000000 0.000000	0.000000 0.000000	
3 10 100 0.670000	0.033743 0.007389	0.998853 0.000508	0.031409 0.009567	0.000000 0.000000	0.000000 0.000000	0.000000 0.000000	
3 10 100 0.680000	0.029594 0.006830	0.999118 0.000414	0.035845 0.007776	0.000000 0.000000	0.000000 0.000000	0.000000 0.000000	
3 10 100 0.690000	0.023721 0.009515	0.999423 0.000444	0.030444 0.008420	0.000000 0.000000	0.000000 0.000000	0.000000 0.000000	
3 10 100 0.700000	0.032932 0.009397	0.998903 0.000642	0.031034 0.008665	0.000000 0.000000	0.000000 0.000000	0.000000 0.000000	
3 10 100 0.710000	0.030719 0.007791	0.999049 0.000487	0.030194 0.008850	0.000000 0.000000	0.000000 0.000000	0.000000 0.000000	
3 10 100 0.720000	0.031753 0.007948	0.998981 0.000505	0.031412 0.009391	0.000000 0.000000	0.000000 0.000000	0.000000 0.000000	
3 10 100 0.730000	0.026492 0.008428	0.999291 0.000441	0.025335 0.009879	0.000000 0.000000	0.000000 0.000000	0.000000 0.000000	
3 10 100 0.740000	0.031929 0.007613	0.998973 0.000510	0.028631 0.009733	0.000000 0.000000	0.000000 0.000000	0.000000 0.000000	
3 10 100 0.750000	0.031781 0.009528	0.998978 0.000631	0.024949 0.007386	0.000000 0.000000	0.000000 0.000000	0.000000 0.000000	
3 10 100 0.760000	0.028805 0.008796	0.999161 0.000491	0.027425 0.007590	0.000000 0.000000	0.000000 0.000000	0.000000 0.000000	
3 10 100 0.770000	0.029923 0.009929	0.999089 0.000626	0.023286 0.008044	0.000000 0.000000	0.000000 0.000000	0.000000 0.000000	
3 10 100 0.780000	0.032152 0.006761	0.998959 0.000448	0.026425 0.007615	0.000000 0.000000	0.000000 0.000000	0.000000 0.000000	
3 10 100 0.790000	0.030222 0.007772	0.999076 0.000479	0.024338 0.008934	0.000000 0.000000	0.000000 0.000000	0.000000 0.000000	
3 10 100 0.800000	0.029698 0.008076	0.999110 0.000470	0.021467 0.009702	0.000000 0.000000	0.000000 0.000000	0.000000 0.000000	
3 10 100 0.810000	0.032528 0.007186	0.998933 0.000471	0.024413 0.008994	0.000000 0.000000	0.000000 0.000000	0.000000 0.000000	
3 10 100 0.820000	0.031204 0.008212	0.999019 0.000522	0.023396 0.004084	0.000000 0.000000	0.000000 0.000000	0.000000 0.000000	
3 10 100 0.830000	0.028783 0.009188	0.999157 0.000547	0.021679 0.006496	0.000000 0.000000	0.000000 0.000000	0.000000 0.000000	
3 10 100 0.840000	0.026181 0.008596	0.999304 0.000455	0.019372 0.005809	0.000000 0.000000	0.000000 0.000000	0.000000 0.000000	
3 10 100 0.850000	0.028817 0.008705	0.999156 0.000511	0.019741 0.007381	0.000000 0.000000	0.000000 0.000000	0.000000 0.000000	
3 10 100 0.860000	0.029173 0.006335	0.999145 0.000372	0.021816 0.008295	0.000000 0.000000	0.000000 0.000000	0.000000 0.000000	
3 10 100 0.870000	0.029589 0.009841	0.999111 0.000577	0.020118 0.007367	0.000000 0.000000	0.000000 0.000000	0.000000 0.000000	
3 10 100 0.880000	0.036092 0.006402	0.998693 0.000458	0.019084 0.007473	0.000000 0.000000	0.000000 0.000000	0.000000 0.000000	
3 10 100 0.890000	0.029339 0.008766	0.999131 0.000526	0.017466 0.006840	0.000000 0.000000	0.000000 0.000000	0.000000 0.000000	
3 10 100 0.900000	0.027756 0.009843	0.999217 0.000563	0.016273 0.009367	0.000000 0.000000	0.000000 0.000000	0.000000 0.000000	
3 10 100 0.910000	0.029052 0.006960	0.999151 0.000406	0.017575 0.007746	0.000000 0.000000	0.000000 0.000000	0.000000 0.000000	
3 10 100 0.920000	0.029306 0.008256	0.999134 0.000471	0.018564 0.008737	0.000000 0.000000	0.000000 0.000000	0.000000 0.000000	
3 10 100 0.930000	0.029951 0.006235	0.999097 0.000375	0.017368 0.006533	0.000000 0.000000	0.000000 0.000000	0.000000 0.000000	
3 10 100 0.940000	0.027444 0.008419	0.999235 0.000458	0.017417 0.005991	0.000000 0.000000	0.000000 0.000000	0.000000 0.000000	
3 10 100 0.950000	0.034642 0.009821	0.998782 0.000664	0.016119 0.006999	0.000000 0.000000	0.000000 0.000000	0.000000 0.000000	
3 10 100 0.960000	0.029718 0.009331	0.999106 0.000555	0.012643 0.004258	0.000000 0.000000	0.000000 0.000000	0.000000 0.000000	
3 10 100 0.970000	0.028535 0.009114	0.999175 0.000491	0.013950 0.003594	0.000000 0.000000	0.000000 0.000000	0.000000 0.000000	
3 10 100 0.980000	0.029229 0.007636	0.999139 0.000458	0.015581 0.002952	0.000000 0.000000	0.000000 0.000000	0.000000 0.000000	
3 10 100 0.990000	0.031765 0.009386	0.998981 0.000595	0.016231 0.004668	0.000000 0.000000	0.000000 0.000000	0.000000 0.000000	
3 10 100 1.000000	0.029375 0.008510	0.999129 0.000492	0.016366 0.006191	0.000000 0.000000	0.000000 0.000000	0.000000 0.000000	
3 10 100 1.010000	0.028906 0.009331	0.999151 0.000548	0.012587 0.006442	0.000000 0.000000	0.000000 0.000000	0.000000 0.000000	
3 10 100 1.020000	0.021661 0.005765	0.999527 0.000250	0.015169 0.006209	0.000000 0.000000	0.000000 0.000000	0.000000 0.000000	
3 10 100 1.030000	0.028100 0.006058	0.999205 0.000338	0.015625 0.008013	0.000000 0.000000	0.000000 0.000000	0.000000 0.000000	
3 10 100 1.040000	0.034154 0.009195	0.998822 0.000664	0.012764 0.001988	0.000000 0.000000	0.000000 0.000000	0.000000 0.000000	
3 10 100 1.050000	0.027762 0.007811	0.999222 0.000436	0.014784 0.009961	0.000000 0.000000	0.000000 0.000000	0.000000 0.000000	
3 10 100 1.060000	0.028194 0.006113	0.999200 0.000357	0.012450 0.002891	0.000000 0.000000	0.000000 0.000000	0.000000 0.000000	
3 10 100 1.070000	0.028392 0.009971	0.999177 0.000575	0.014880 0.005992	0.000000 0.000000	0.000000 0.000000	0.000000 0.000000	
3 10 100 1.080000	0.029238 0.005029	0.999142 0.000293	0.012939 0.006021	0.000000 0.000000	0.000000 0.000000	0.000000 0.000000	
3 10 100 1.090000	0.027469 0.009417	0.999232 0.000526	0.013667 0.004271	0.000000 0.000000	0.000000 0.000000	0.000000 0.000000	
3 10 100 1.100000	0.031596 0.009928	0.998986 0.000641	0.013936 0.005847	0.000000 0.000000	0.000000 0.000000	0.000000 0.000000	
3 10 100 1.110000	0.035509 0.005266	0.998736 0.000374	0.013407 0.005491	0.000000 0.000000	0.000000 0.000000	0.000000 0.000000	
3 10 100 1.120000	0.028351 0.007586	0.999189 0.000434	0.015783 0.009882	0.000000 0.000000	0.000000 0.000000	0.000000 0.000000	
3 10 100 1.130000	0.024992 0.004251	0.999373 0.000215	0.013361 0.005791	0.000000 0.000000	0.000000 0.000000	0.000000 0.000000	
3 10 100 1.140000	0.028863 0.007091	0.999160 0.000425	0.011134 0.002726	0.000000 0.000000	0.000000 0.000000	0.000000 0.000000	
3 10 100 1.150000	0.028685 0.005237	0.999173 0.000302	0.013526 0.007781	0.000000 0.000000	0.000000 0.000000	0.000000 0.000000	
3 10 100 1.160000	0.029744 0.009166	0.999106 0.000537	0.011578 0.002788	0.000000 0.000000	0.000000 0.000000	0.000000 0.000000	
3 10 100 1.170000	0.026947 0.009505	0.999262 0.000550	0.013367 0.003263	0.000000 0.000000	0.000000 0.000000	0.000000 0.000000	
3 10 100 1.180000	0.027616 0.004702	0.999234 0.000255	0.014124 0.006824	0.000000 0.000000	0.000000 0.000000	0.000000 0.000000	
3 10 100 1.190000	0.029510 0.002923	0.999128 0.000172	0.012731 0.003683	0.000000 0.000000	0.000000 0.000000	0.000000 0.000000	
3 10 100 1.200000	0.026262 0.009948	0.999293 0.000512	0.012551 0.004080	0.000000 0.000000	0.000000 0.000000	0.000000 0.000000	
3 10 100 1.210000	0.029922 0.004442	0.999102 0.000269	0.011193 0.002891	0.000000 0.000000	0.000000 0.000000	0.000000 0.000000	
3 10 100 1.220000	0.029555 0.005627	0.999122 0.000323	0.011699 0.002320	0.000000 0.000000	0.000000 0.000000	0.000000 0.000000	
3 10 100 1.230000	0.028721 0.008659	0.999166 0.000515	0.012299 0.004303	0.000000 0.000000	0.000000 0.000000	0.000000 0.000000	
3 10 100 1.240000	0.029222 0.005056	0.999143 0.000295	0.014711 0.006889	0.000000 0.000000	0.000000 0.000000	0.000000 0.000000	
3 10 100 1.250000	0.026977 0.006936	0.999266 0.000379	0.013380 0.007344	0.000000 0.000000	0.000000 0.000000	0.000000 0.000000	
3 10 100 1.260000	0.029169 0.009524	0.999133 0.000560	0.016399 0.007506	0.000000 0.000000	0.000000 0.000000	0.000000 0.000000	
3 10 100 1.270000	0.027968 0.008003	0.999210 0.000437	0.011055 0.001480	0.000000 0.000000	0.000000 0.000000	0.000000 0.000000	
3 10 100 1.280000	0.021764 0.004775	0.999523 0.000203	0.001859 0.009297	0.000000 0.000000	0.000000 0.000000	0.000000 0.000000	
3 10 100 1.290000	0.027171 0.005397	0.999258 0.000294	0.012054 0.004848	0.000000 0.000000	0.000000 0.000000	0.000000 0.000000	
3 10 100 1.300000	0.027823 0.004879	0.999222 0.000274	0.011255 0.003039	0.000000 0.000000	0.000000 0.000000	0.000000 0.000000	
3 10 100 1.310000	0.029086 0.005234	0.999150 0.000299	0.010338 0.000686	0.000000 0.000000	0.000000 0.000000	0.000000 0.000000	
3 10 100 1.320000	0.029016 0.002330	0.999157 0.000135	0.010625 0.001295	0.000000 0.000000	0.000000 0.000000	0.000000 0.000000	
3 10 100 1.330000	0.028870 0.007438	0.999160 0.000421	0.001974 0.009872	0.000000 0.000000	0.000000 0.000000	0.000000 0.000000	
3 10 100 1.340000	0.027566 0.006337	0.999235 0.000353	0.001996 0.009979	0.000000 0.000000	0.000000 0.000000	0.000000 0.000000	
3 10 100 1.350000	0.031597 0.009488	0.998992 0.000600	0.001945 0.009725	0.000000 0.000000	0.000000 0.000000	0.000000 0.000000	
3 10 100 1.360000	0.028550 0.005744	0.999180 0.000326	0.011692 0.003827	0.000000 0.000000	0.000000 0.000000	0.000000 0.000000	
3 10 100 1.370000	0.028849 0.009340	0.999158 0.000556	0.000000 0.000000	0.000000 0.000000	0.000000 0.000000	0.000000 0.000000	
3 10 100 1.380000	0.029286 0.009547	0.999128 0.000581	0.000000 0.000000	0.000000 0.000000	0.000000 0.000000	0.000000 0.000000	
3 10 100 1.390000	0.028878 0.003312	0.999164 0.000191	0.001996 0.009980	0.000000 0.000000	0.000000 0.000000	0.000000 0.000000	
3 10 100 1.400000	0.024423 0.007419	0.999396 0.000341	0.012275 0.002508	0.000000 0.000000	0.000000 0.000000	0.000000 0.000000	
3 10 100 1.410000	0.028179 0.008173	0.999198 0.000442	0.001949 0.009744	0.000000 0.000000	0.000000 0.000000	0.000000 0.000000	
3 10 100 1.420000	0.030141 0.009902	0.999077 0.000609	0.000000 0.000000	0.000000 0.000000	0.000000 0.000000	0.000000 0.000000	
3 10 100 1.430000	0.028984 0.004124	0.999158 0.000241	0.001989 0.009944	0.000000 0.000000	0.000000 0.000000	0.000000 0.000000	
3 10 100 1.440000	0.027735 0.009827	0.999217 0.000556	0.000000 0.000000	0.000000 0.000000	0.000000 0.000000	0.000000 0.000000	
3 10 100 1.450000	0.030819 0.009644	0.999041 0.000592	0.000000 0.000000	0.000000 0.000000	0.000000 0.000000	0.000000 0.000000	
3 10 100 1.460000	0.029958 0.004696	0.999099 0.000283	0.000000 0.000000	0.000000 0.000000	0.000000 0.000000	0.000000 0.000000	
3 10 100 1.470000	0.027731 0.001970	0.999231 0.000110	0.000000 0.000000	0.000000 0.000000	0.000000 0.000000	0.000000 0.000000	
3 10 100 1.480000	0.029395 0.007307	0.999129 0.000427	0.001958 0.009791	0.000000 0.000000	0.000000 0.000000	0.000000 0.000000	
3 10 100 1.490000	0.031129 0.008683	0.999017 0.000560	0.000000 0.000000	0.000000 0.000000	0.000000 0.000000	0.000000 0.000000	
3 10 100 1.500000	0.028780 0.006657	0.999167 0.000385	0.001979 0.009895	0.000000 0.000000	0.000000 0.000000	0.000000 0.000000	
3 10 100 1.510000	0.030107 0.008428	0.999085 0.000508	0.001931 0.009656	0.000000 0.000000	0.000000 0.000000	0.000000 0.000000	
3 10 100 1.520000	0.031722 0.009498	0.998979 0.000598	0.000000 0.000000	0.000000 0.000000	0.000000 0.000000	0.000000 0.000000	
3 10 100 1.530000	0.030231 0.003948	0.999084 0.000239	0.003971 0.009983	0.000000 0.000000	0.000000 0.000000	0.000000 0.000000	
3 10 100 1.540000	0.026281 0.006150	0.999302 0.000330	0.001937 0.009686	0.000000 0.000000	0.000000 0.000000	0.000000 0.000000	
3 10 100 1.550000	0.027539 0.008510	0.999232 0.000462	0.000000 0.000000	0.000000 0.000000	0.000000 0.000000	0.000000 0.000000	
3 10 100 1.560000	0.030021 0.004221	0.999096 0.000250	0.000000 0.000000	0.000000 0.000000	0.000000 0.000000	0.000000 0.000000	
3 10 100 1.570000	0.028227 0.008424	0.999196 0.000471	0.000000 0.000000	0.000000 0.000000	0.000000 0.000000	0.000000 0.000000	
3 10 100 1.580000	0.026891 0.008228	0.999270 0.000439	0.000000 0.000000	0.000000 0.000000	0.000000 0.000000	0.000000 0.000000	
3 10 100 1.590000	0.032273 0.009060	0.998947 0.000558	0.001807 0.009036	0.000000 0.000000	0.000000 0.000000	0.000000 0.000000	
3 10 100 1.600000	0.027682 0.007247	0.999228 0.000398	0.000000 0.000000	0.000000 0.000000	0.000000 0.000000	0.000000 0.000000	
3 10 100 1.610000	0.030194 0.009636	0.999075 0.000604	0.000000 0.000000	0.000000 0.000000	0.000000 0.000000	0.000000 0.000000	
3 10 100 1.620000	0.027658 0.009172	0.999226 0.000515	0.000000 0.000000	0.000000 0.000000	0.000000 0.000000	0.000000 0.000000	
3 10 100 1.630000	0.027692 0.009436	0.999220 0.000513	0.000000 0.000000	0.000000 0.000000	0.000000 0.000000	0.000000 0.000000	
3 10 100 1.640000	0.032293 0.008532	0.998946 0.000540	0.000000 0.000000	0.000000 0.000000	0.000000 0.000000	0.000000 0.000000	
3 10 100 1.650000	0.031836 0.009119	0.998974 0.000572	0.000000 0.000000	0.000000 0.000000	0.000000 0.000000	0.000000 0.000000	
3 10 100 1.660000	0.029151 0.009858	0.999139 0.000582	0.001913 0.009564	0.000000 0.000000	0.000000 0.000000	0.000000 0.000000	
3 10 100 1.670000	0.028615 0.009219	0.999170 0.000554	0.000000 0.000000	0.000000 0.000000	0.000000 0.000000	0.000000 0.000000	
3 10 100 1.680000	0.028514 0.009076	0.999169 0.000506	0.000000 0.000000	0.000000 0.000000	0.000000 0.000000	0.000000 0.000000	
3 10 100 1.690000	0.033965 0.009388	0.998836 0.000654	0.000000 0.000000	0.000000 0.000000	0.000000 0.000000	0.000000 0.000000	
3 10 100 1.700000	0.030257 0.008641	0.999071 0.000532	0.000000 0.000000	0.000000 0.000000	0.000000 0.000000	0.000000 0.000000	
3 10 100 1.710000	0.032409 0.008739	0.998938 0.000552	0.001987 0.009936	0.000000 0.000000	0.000000 0.000000	0.000000 0.000000	
3 10 100 1.720000	0.026293 0.008403	0.999293 0.000453	0.000000 0.000000	0.000000 0.000000	0.000000 0.000000	0.000000 0.000000	
3 10 100 1.730000	0.029966 0.008867	0.999091 0.000507	0.000000 0.000000	0.000000 0.000000	0.000000 0.000000	0.000000 0.000000	
3 10 100 1.740000	0.027481 0.004074	0.999243 0.000223	0.000000 0.000000	0.000000 0.000000	0.000000 0.000000	0.000000 0.000000	
3 10 100 1.750000	0.029899 0.008737	0.999093 0.000522	0.000000 0.000000	0.000000 0.000000	0.000000 0.000000	0.000000 0.000000	
3 10 100 1.760000	0.027733 0.009810	0.999218 0.000566	0.000000 0.000000	0.000000 0.000000	0.000000 0.000000	0.000000 0.000000	
3 10 100 1.770000	0.029486 0.007918	0.999123 0.000483	0.000000 0.000000	0.000000 0.000000	0.000000 0.000000	0.000000 0.000000	
3 10 100 1.780000	0.028662 0.009217	0.999167 0.000505	0.000000 0.000000	0.000000 0.000000	0.000000 0.000000	0.000000 0.000000	
3 10 100 1.790000	0.024235 0.008205	0.999403 0.000417	0.000000 0.000000	0.000000 0.000000	0.000000 0.000000	0.000000 0.000000	
3 10 100 1.800000	0.030455 0.002961	0.999071 0.000179	0.000000 0.000000	0.000000 0.000000	0.000000 0.000000	0.000000 0.000000	
3 10 100 1.810000	0.023708 0.009640	0.999425 0.000425	0.000000 0.000000	0.000000 0.000000	0.000000 0.000000	0.000000 0.000000	
3 10 100 1.820000	0.025566 0.006374	0.999341 0.000320	0.000000 0.000000	0.000000 0.000000	0.000000 0.000000	0.000000 0.000000	
3 10 100 1.830000	0.022484 0.009522	0.999481 0.000424	0.000000 0.000000	0.000000 0.000000	0.000000 0.000000	0.000000 0.000000	
3 10 100 1.840000	0.024823 0.004802	0.999380 0.000232	0.000000 0.000000	0.000000 0.000000	0.000000 0.000000	0.000000 0.000000	
3 10 100 1.850000	0.034612 0.009236	0.998793 0.000637	0.000000 0.000000	0.000000 0.000000	0.000000 0.000000	0.000000 0.000000	
3 10 100 1.860000	0.027636 0.008320	0.999228 0.000459	0.000000 0.000000	0.000000 0.000000	0.000000 0.000000	0.000000 0.000000	
3 10 100 1.870000	0.026649 0.005611	0.999285 0.000295	0.000000 0.000000	0.000000 0.000000	0.000000 0.000000	0.000000 0.000000	
3 10 100 1.880000	0.027260 0.007498	0.999251 0.000413	0.000000 0.000000	0.000000 0.000000	0.000000 0.000000	0.000000 0.000000	
3 10 100 1.890000	0.025712 0.008875	0.999325 0.000451	0.000000 0.000000	0.000000 0.000000	0.000000 0.000000	0.000000 0.000000	
3 10 100 1.900000	0.030995 0.009180	0.999028 0.000608	0.000000 0.000000	0.000000 0.000000	0.000000 0.000000	0.000000 0.000000	
3 10 100 1.910000	0.033647 0.007845	0.998860 0.000544	0.000000 0.000000	0.000000 0.000000	0.000000 0.000000	0.000000 0.000000	
3 10 100 1.920000	0.028682 0.009372	0.999168 0.000535	0.000000 0.000000	0.000000 0.000000	0.000000 0.000000	0.000000 0.000000	
3 10 100 1.930000	0.027478 0.009109	0.999231 0.000511	0.000000 0.000000	0.000000 0.000000	0.000000 0.000000	0.000000 0.000000	
3 10 100 1.940000	0.028295 0.009986	0.999182 0.000585	0.000000 0.000000	0.000000 0.000000	0.000000 0.000000	0.000000 0.000000	
3 10 100 1.950000	0.021524 0.008900	0.999526 0.000378	0.000000 0.000000	0.000000 0.000000	0.000000 0.000000	0.000000 0.000000	
3 10 100 1.960000	0.024040 0.005555	0.999417 0.000268	0.000000 0.000000	0.000000 0.000000	0.000000 0.000000	0.000000 0.000000	
3 10 100 1.970000	0.029760 0.007290	0.999107 0.000416	0.000000 0.000000	0.000000 0.000000	0.000000 0.000000	0.000000 0.000000	
3 10 100 1.980000	0.029947 0.008242	0.999094 0.000523	0.000000 0.000000	0.000000 0.000000	0.000000 0.000000	0.000000 0.000000	
3 10 100 1.990000	0.027179 0.008929	0.999251 0.000507	0.000000 0.000000	0.000000 0.000000	0.000000 0.000000	0.000000 0.000000	
3 10 100 2.000000	0.026867 0.008999	0.999269 0.000486	0.000000 0.000000	0.000000 0.000000	0.000000 0.000000	0.000000 0.000000	
3 10 100 2.010000	0.029785 0.008404	0.999103 0.000488	0.000000 0.000000	0.000000 0.000000	0.000000 0.000000	0.000000 0.000000	
3 10 100 2.020000	0.030884 0.008943	0.999038 0.000551	0.001914 0.009570	0.000000 0.000000	0.000000 0.000000	0.000000 0.000000	
3 10 100 2.030000	0.031715 0.007596	0.998987 0.000490	0.000000 0.000000	0.000000 0.000000	0.000000 0.000000	0.000000 0.000000	
3 10 100 2.040000	0.026713 0.008952	0.999273 0.000473	0.000000 0.000000	0.000000 0.000000	0.000000 0.000000	0.000000 0.000000	
3 10 100 2.050000	0.024507 0.002518	0.999399 0.000124	0.000000 0.000000	0.000000 0.000000	0.000000 0.000000	0.000000 0.000000	
3 10 100 2.060000	0.024008 0.006940	0.999416 0.000333	0.000000 0.000000	0.000000 0.000000	0.000000 0.000000	0.000000 0.000000	
3 10 100 2.070000	0.023585 0.009271	0.999433 0.000448	0.000000 0.000000	0.000000 0.000000	0.000000 0.000000	0.000000 0.000000	
3 10 100 2.080000	0.019100 0.009767	0.999622 0.000415	0.000000 0.000000	0.000000 0.000000	0.000000 0.000000	0.000000 0.000000	
3 10 100 2.090000	0.029567 0.008457	0.999116 0.000493	0.000000 0.000000	0.000000 0.000000	0.000000 0.000000	0.000000 0.000000	
3 10 100 2.100000	0.028452 0.009006	0.999180 0.000520	0.000000 0.000000	0.000000 0.000000	0.000000 0.000000	0.000000 0.000000	
3 10 100 2.110000	0.025777 0.005866	0.999329 0.000297	0.000000 0.000000	0.000000 0.000000	0.000000 0.000000	0.000000 0.000000	
3 10 100 2.120000	0.029424 0.009653	0.999122 0.000550	0.000000 0.000000	0.000000 0.000000	0.000000 0.000000	0.000000 0.000000	
3 10 100 2.130000	0.026664 0.009167	0.999280 0.000481	0.000000 0.000000	0.000000 0.000000	0.000000 0.000000	0.000000 0.000000	
3 10 100 2.140000	0.027318 0.007675	0.999247 0.000413	0.000000 0.000000	0.000000 0.000000	0.000000 0.000000	0.000000 0.000000	
3 10 100 2.150000	0.030842 0.007601	0.999039 0.000466	0.000000 0.000000	0.000000 0.000000	0.000000 0.000000	0.000000 0.000000	
3 10 100 2.160000	0.029658 0.009315	0.999110 0.000557	0.000000 0.000000	0.000000 0.000000	0.000000 0.000000	0.000000 0.000000	
3 10 100 2.170000	0.030637 0.009697	0.999048 0.000556	0.000000 0.000000	0.000000 0.000000	0.000000 0.000000	0.000000 0.000000	
3 10 100 2.180000	0.031481 0.009280	0.998996 0.000592	0.000000 0.000000	0.000000 0.000000	0.000000 0.000000	0.000000 0.000000	
3 10 100 2.190000	0.030158 0.009105	0.999081 0.000546	0.000000 0.000000	0.000000 0.000000	0.000000 0.000000	0.000000 0.000000	
3 10 100 2.200000	0.031044 0.008670	0.999024 0.000522	0.000000 0.000000	0.000000 0.000000	0.000000 0.000000	0.000000 0.000000	
3 10 100 2.210000	0.026564 0.008427	0.999287 0.000461	0.000000 0.000000	0.000000 0.000000	0.000000 0.000000	0.000000 0.000000	
3 10 100 2.220000	0.025371 0.008600	0.999348 0.000426	0.000000 0.000000	0.000000 0.000000	0.000000 0.000000	0.000000 0.000000	
3 10 100 2.230000	0.028202 0.009055	0.999192 0.000531	0.000000 0.000000	0.000000 0.000000	0.000000 0.000000	0.000000 0.000000	
3 10 100 2.240000	0.028068 0.009774	0.999200 0.000568	0.000000 0.000000	0.000000 0.000000	0.000000 0.000000	0.000000 0.000000	
3 10 100 2.250000	0.030420 0.007390	0.999066 0.000442	0.000000 0.000000	0.000000 0.000000	0.000000 0.000000	0.000000 0.000000	
3 10 100 2.260000	0.025914 0.009525	0.999314 0.000501	0.000000 0.000000	0.000000 0.000000	0.000000 0.000000	0.000000 0.000000	
3 10 100 2.270000	0.027711 0.007701	0.999222 0.000421	0.000000 0.000000	0.000000 0.000000	0.000000 0.000000	0.000000 0.000000	
3 10 100 2.280000	0.029182 0.008523	0.999137 0.000481	0.000000 0.000000	0.000000 0.000000	0.000000 0.000000	0.000000 0.000000	
3 10 100 2.290000	0.027531 0.009324	0.999228 0.000506	0.001771 0.008857	0.000000 0.000000	0.000000 0.000000	0.000000 0.000000	
3 10 100 2.300000	0.021994 0.009038	0.999506 0.000399	0.000000 0.000000	0.000000 0.000000	0.000000 0.000000	0.000000 0.000000	
3 10 100 2.310000	0.027895 0.005427	0.999219 0.000309	0.000000 0.000000	0.000000 0.000000	0.000000 0.000000	0.000000 0.000000	
3 10 100 2.320000	0.028952 0.009166	0.999148 0.000530	0.000000 0.000000	0.000000 0.000000	0.000000 0.000000	0.000000 0.000000	
3 10 100 2.330000	0.029365 0.008741	0.999127 0.000530	0.000000 0.000000	0.000000 0.000000	0.000000 0.000000	0.000000 0.000000	
3 10 100 2.340000	0.030927 0.008077	0.999035 0.000526	0.000000 0.000000	0.000000 0.000000	0.000000 0.000000	0.000000 0.000000	
3 10 100 2.350000	0.032552 0.008203	0.998932 0.000508	0.000000 0.000000	0.000000 0.000000	0.000000 0.000000	0.000000 0.000000	
3 10 100 2.360000	0.028199 0.007969	0.999197 0.000443	0.000000 0.000000	0.000000 0.000000	0.000000 0.000000	0.000000 0.000000	
3 10 100 2.370000	0.032724 0.008370	0.998919 0.000551	0.000000 0.000000	0.000000 0.000000	0.000000 0.000000	0.000000 0.000000	
3 10 100 2.380000	0.020528 0.009458	0.999567 0.000425	0.000000 0.000000	0.000000 0.000000	0.000000 0.000000	0.000000 0.000000	
3 10 100 2.390000	0.029694 0.006558	0.999113 0.000378	0.000000 0.000000	0.000000 0.000000	0.000000 0.000000	0.000000 0.000000	
3 10 100 2.400000	0.028339 0.009131	0.999186 0.000522	0.000000 0.000000	0.000000 0.000000	0.000000 0.000000	0.000000 0.000000	
3 10 100 2.410000	0.023644 0.009537	0.999424 0.000445	0.000000 0.000000	0.000000 0.000000	0.000000 0.000000	0.000000 0.000000	
3 10 100 2.420000	0.028157 0.007052	0.999201 0.000379	0.000000 0.000000	0.000000 0.000000	0.000000 0.000000	0.000000 0.000000	
3 10 100 2.430000	0.027830 0.004949	0.999221 0.000273	0.000000 0.000000	0.000000 0.000000	0.000000 0.000000	0.000000 0.000000	
3 10 100 2.440000	0.026695 0.009024	0.999278 0.000482	0.000000 0.000000	0.000000 0.000000	0.000000 0.000000	0.000000 0.000000	
3 10 100 2.450000	0.027672 0.009600	0.999221 0.000575	0.000000 0.000000	0.000000 0.000000	0.000000 0.000000	0.000000 0.000000	
3 10 100 2.460000	0.028921 0.007319	0.999157 0.000429	0.000000 0.000000	0.000000 0.000000	0.000000 0.000000	0.000000 0.000000	
3 10 100 2.470000	0.029090 0.008041	0.999143 0.000475	0.000000 0.000000	0.000000 0.000000	0.000000 0.000000	0.000000 0.000000	
3 10 100 2.480000	0.023886 0.008366	0.999418 0.000400	0.000000 0.000000	0.000000 0.000000	0.000000 0.000000	0.000000 0.000000	
3 10 100 2.490000	0.025079 0.009531	0.999356 0.000471	0.000000 0.000000	0.000000 0.000000	0.000000 0.000000	0.000000 0.000000	
3 10 100 2.500000	0.023215 0.009880	0.999447 0.000442	0.000000 0.000000	0.000000 0.000000	0.000000 0.000000	0.000000 0.000000	
