3 10 2 0.400000	1.000000 0.000000	0.000000 0.000000	0.000000 0.000000	0.000000 0.000000	0.000000 0.000000	0.000000 0.000000	
3 10 2 0.410000	1.000000 0.000000	0.000000 0.000000	0.000000 0.000000	0.000000 0.000000	0.000000 0.000000	0.000000 0.000000	
3 10 2 0.420000	1.000000 0.000000	0.000000 0.000000	0.000000 0.000000	0.000000 0.000000	0.000000 0.000000	0.000000 0.000000	
3 10 2 0.430000	1.000000 0.000000	0.000000 0.000000	0.000000 0.000000	0.000000 0.000000	0.000000 0.000000	0.000000 0.000000	
3 10 2 0.440000	1.000000 0.000000	0.000000 0.000000	0.000000 0.000000	0.000000 0.000000	0.000000 0.000000	0.000000 0.000000	
3 10 2 0.450000	1.000000 0.000000	0.000000 0.000000	0.000000 0.000000	0.000000 0.000000	0.000000 0.000000	0.000000 0.000000	
3 10 2 0.460000	1.000000 0.000000	0.000000 0.000000	0.000000 0.000000	0.000000 0.000000	0.000000 0.000000	0.000000 0.000000	
3 10 2 0.470000	1.000000 0.000000	0.000000 0.000000	0.000000 0.000000	0.000000 0.000000	0.000000 0.000000	0.000000 0.000000	
3 10 2 0.480000	1.000000 0.000000	0.000000 0.000000	0.000000 0.000000	0.000000 0.000000	0.000000 0.000000	0.000000 0.000000	
3 10 2 0.490000	1.000000 0.000000	0.000000 0.000000	0.000000 0.000000	0.000000 0.000000	0.000000 0.000000	0.000000 0.000000	
3 10 2 0.500000	1.000000 0.000000	0.000000 0.000000	0.000000 0.000000	0.000000 0.000000	0.000000 0.000000	0.000000 0.000000	
3 10 2 0.510000	1.000000 0.000000	0.000000 0.000000	0.000000 0.000000	0.000000 0.000000	0.000000 0.000000	0.000000 0.000000	
3 10 2 0.520000	1.000000 0.000000	0.000000 0.000000	0.000000 0.000000	0.000000 0.000000	0.000000 0.000000	0.000000 0.000000	
3 10 2 0.530000	1.000000 0.000000	0.000000 0.000000	0.000000 0.000000	0.000000 0.000000	0.000000 0.000000	0.000000 0.000000	
3 10 2 0.540000	1.000000 0.000000	0.000000 0.000000	0.000000 0.000000	0.000000 0.000000	0.000000 0.000000	0.000000 0.000000	
3 10 2 0.550000	1.000000 0.000000	0.000000 0.000000	0.000000 0.000000	0.000000 0.000000	0.000000 0.000000	0.000000 0.000000	
3 10 2 0.560000	1.000000 0.000000	0.000000 0.000000	0.000000 0.000000	0.000000 0.000000	0.000000 0.000000	0.000000 0.000000	
3 10 2 0.570000	1.000000 0.000000	0.000000 0.000000	0.000000 0.000000	0.000000 0.000000	0.000000 0.000000	0.000000 0.000000	
3 10 2 0.580000	1.000000 0.000000	0.000000 0.000000	0.000000 0.000000	0.000000 0.000000	0.000000 0.000000	0.000000 0.000000	
3 10 2 0.590000	1.000000 0.000000	0.000000 0.000000	0.000000 0.000000	0.000000 0.000000	0.000000 0.000000	0.000000 0.000000	
3 10 2 0.600000	0.999600 0.002000	0.000000 0.000000	0.000000 0.000000	0.000000 0.000000	0.000000 0.000000	0.000000 0.000000	
3 10 2 0.610000	1.000000 0.000000	0.000000 0.000000	0.000000 0.000000	0.000000 0.000000	0.000000 0.000000	0.000000 0.000000	
3 10 2 0.620000	1.000000 0.000000	0.000000 0.000000	0.000000 0.000000	0.000000 0.000000	0.000000 0.000000	0.000000 0.000000	
3 10 2 0.630000	1.000000 0.000000	0.000000 0.000000	0.000000 0.000000	0.000000 0.000000	0.000000 0.000000	0.000000 0.000000	
3 10 2 0.640000	1.000000 0.000000	0.000000 0.000000	0.000000 0.000000	0.000000 0.000000	0.000000 0.000000	0.000000 0.000000	
3 10 2 0.650000	0.999600 0.002000	0.000000 0.000000	0.000000 0.000000	0.000000 0.000000	0.000000 0.000000	0.000000 0.000000	
3 10 2 0.660000	0.999600 0.002000	0.000000 0.000000	0.000000 0.000000	0.000000 0.000000	0.000000 0.000000	0.000000 0.000000	
3 10 2 0.670000	0.999600 0.002000	0.000000 0.000000	0.000000 0.000000	0.000000 0.000000	0.000000 0.000000	0.000000 0.000000	
3 10 2 0.680000	0.999600 0.002000	0.000000 0.000000	0.000000 0.000000	0.000000 0.000000	0.000000 0.000000	0.000000 0.000000	
3 10 2 0.690000	0.999600 0.002000	0.000000 0.000000	0.000000 0.000000	0.000000 0.000000	0.000000 0.000000	0.000000 0.000000	
3 10 2 0.700000	1.000000 0.000000	0.000000 0.000000	0.000000 0.000000	0.000000 0.000000	0.000000 0.000000	0.000000 0.000000	
3 10 2 0.710000	1.000000 0.000000	0.000000 0.000000	0.000000 0.000000	0.000000 0.000000	0.000000 0.000000	0.000000 0.000000	
3 10 2 0.720000	0.999600 0.002000	0.000000 0.000000	0.000000 0.000000	0.000000 0.000000	0.000000 0.000000	0.000000 0.000000	
3 10 2 0.730000	0.999200 0.002000	0.000000 0.000000	0.000000 0.000000	0.000000 0.000000	0.000000 0.000000	0.000000 0.000000	
3 10 2 0.740000	0.999200 0.002000	0.000000 0.000000	0.000000 0.000000	0.000000 0.000000	0.000000 0.000000	0.000000 0.000000	
3 10 2 0.750000	0.998800 0.004000	0.000000 0.000000	0.000000 0.000000	0.000000 0.000000	0.000000 0.000000	0.000000 0.000000	
3 10 2 0.760000	0.999200 0.004000	0.000000 0.000000	0.000000 0.000000	0.000000 0.000000	0.000000 0.000000	0.000000 0.000000	
3 10 2 0.770000	0.999600 0.002000	0.000000 0.000000	0.000000 0.000000	0.000000 0.000000	0.000000 0.000000	0.000000 0.000000	
3 10 2 0.780000	0.999600 0.002000	0.000000 0.000000	0.000000 0.000000	0.000000 0.000000	0.000000 0.000000	0.000000 0.000000	
3 10 2 0.790000	0.999600 0.002000	0.000000 0.000000	0.000000 0.000000	0.000000 0.000000	0.000000 0.000000	0.000000 0.000000	
3 10 2 0.800000	0.998800 0.004000	0.000000 0.000000	0.000000 0.000000	0.000000 0.000000	0.000000 0.000000	0.000000 0.000000	
3 10 2 0.810000	0.998400 0.004000	0.000000 0.000000	0.000000 0.000000	0.000000 0.000000	0.000000 0.000000	0.000000 0.000000	
3 10 2 0.820000	0.998800 0.004000	0.000000 0.000000	0.000000 0.000000	0.000000 0.000000	0.000000 0.000000	0.000000 0.000000	
3 10 2 0.830000	0.998800 0.004000	0.000000 0.000000	0.000000 0.000000	0.000000 0.000000	0.000000 0.000000	0.000000 0.000000	
3 10 2 0.840000	0.999200 0.002000	0.000000 0.000000	0.000000 0.000000	0.000000 0.000000	0.000000 0.000000	0.000000 0.000000	
3 10 2 0.850000	0.998400 0.004000	0.000000 0.000000	0.000000 0.000000	0.000000 0.000000	0.000000 0.000000	0.000000 0.000000	
3 10 2 0.860000	0.998800 0.004000	0.000000 0.000000	0.000000 0.000000	0.000000 0.000000	0.000000 0.000000	0.000000 0.000000	
3 10 2 0.870000	0.998000 0.004000	0.000000 0.000000	0.000000 0.000000	0.000000 0.000000	0.000000 0.000000	0.000000 0.000000	
3 10 2 0.880000	0.998400 0.002000	0.000000 0.000000	0.000000 0.000000	0.000000 0.000000	0.000000 0.000000	0.000000 0.000000	
3 10 2 0.890000	0.997600 0.003000	0.000000 0.000000	0.000000 0.000000	0.000000 0.000000	0.000000 0.000000	0.000000 0.000000	
3 10 2 0.900000	0.997600 0.004000	0.000000 0.000000	0.000000 0.000000	0.000000 0.000000	0.000000 0.000000	0.000000 0.000000	
3 10 2 0.910000	0.998000 0.004000	0.000000 0.000000	0.000000 0.000000	0.000000 0.000000	0.000000 0.000000	0.000000 0.000000	
3 10 2 0.920000	0.997200 0.004000	0.000000 0.000000	0.000000 0.000000	0.000000 0.000000	0.000000 0.000000	0.000000 0.000000	
3 10 2 0.930000	0.996200 0.003000	0.000000 0.000000	0.000000 0.000000	0.000000 0.000000	0.000000 0.000000	0.000000 0.000000	
3 10 2 0.940000	0.998000 0.004000	0.000000 0.000000	0.000000 0.000000	0.000000 0.000000	0.000000 0.000000	0.000000 0.000000	
3 10 2 0.950000	0.997600 0.004000	0.000000 0.000000	0.000000 0.000000	0.000000 0.000000	0.000000 0.000000	0.000000 0.000000	
3 10 2 0.960000	0.996240 0.004000	0.000000 0.000000	0.000000 0.000000	0.000000 0.000000	0.000000 0.000000	0.000000 0.000000	
3 10 2 0.970000	0.996400 0.004000	0.000000 0.000000	0.000000 0.000000	0.000000 0.000000	0.000000 0.000000	0.000000 0.000000	
3 10 2 0.980000	0.995800 0.001667	0.000000 0.000000	0.000000 0.000000	0.000000 0.000000	0.000000 0.000000	0.000000 0.000000	
3 10 2 0.990000	0.995600 0.001000	0.000000 0.000000	0.000000 0.000000	0.000000 0.000000	0.000000 0.000000	0.000000 0.000000	
3 10 2 1.000000	0.994178 0.001333	0.011610 0.002651	0.000000 0.000000	0.000000 0.000000	0.000000 0.000000	0.000000 0.000000	
3 10 2 1.010000	0.993371 0.004000	0.013211 0.007941	0.000000 0.000000	0.000000 0.000000	0.000000 0.000000	0.000000 0.000000	
3 10 2 1.020000	0.993657 0.002857	0.012644 0.005675	0.000000 0.000000	0.000000 0.000000	0.000000 0.000000	0.000000 0.000000	
3 10 2 1.030000	0.992800 0.004667	0.014345 0.009256	0.000000 0.000000	0.000000 0.000000	0.000000 0.000000	0.000000 0.000000	
3 10 2 1.040000	0.993333 0.002667	0.013288 0.005298	0.000000 0.000000	0.000000 0.000000	0.000000 0.000000	0.000000 0.000000	
3 10 2 1.050000	0.992300 0.004500	0.015338 0.008926	0.000000 0.000000	0.000000 0.000000	0.000000 0.000000	0.000000 0.000000	
3 10 2 1.060000	0.991267 0.001333	0.017390 0.002644	0.000000 0.000000	0.000000 0.000000	0.000000 0.000000	0.000000 0.000000	
3 10 2 1.070000	0.992100 0.004500	0.015735 0.008921	0.000000 0.000000	0.000000 0.000000	0.000000 0.000000	0.000000 0.000000	
3 10 2 1.080000	0.991200 0.004000	0.017521 0.007928	0.001450 0.007252	0.000000 0.000000	0.001709 0.008546	0.000000 0.000000	
3 10 2 1.090000	0.991086 0.004571	0.017746 0.009051	0.000000 0.000000	0.000000 0.000000	0.000000 0.000000	0.000000 0.000000	
3 10 2 1.100000	0.988600 0.004000	0.022668 0.007912	0.000000 0.000000	0.000000 0.000000	0.000000 0.000000	0.000000 0.000000	
3 10 2 1.110000	0.990700 0.005000	0.018511 0.009910	0.000000 0.000000	0.000000 0.000000	0.000000 0.000000	0.000000 0.000000	
3 10 2 1.120000	0.990267 0.004667	0.019369 0.009249	0.000000 0.000000	0.000000 0.000000	0.000000 0.000000	0.000000 0.000000	
3 10 2 1.130000	0.987800 0.004000	0.024249 0.007904	0.000000 0.000000	0.000000 0.000000	0.000000 0.000000	0.000000 0.000000	
3 10 2 1.140000	0.987333 0.004667	0.025169 0.009215	0.000000 0.000000	0.000000 0.000000	0.000000 0.000000	0.000000 0.000000	
3 10 2 1.150000	0.986800 0.003000	0.026225 0.005919	0.000000 0.000000	0.000000 0.000000	0.000000 0.000000	0.000000 0.000000	
3 10 2 1.160000	0.987000 0.004500	0.025828 0.008881	0.000000 0.000000	0.000000 0.000000	0.000000 0.000000	0.000000 0.000000	
3 10 2 1.170000	0.986160 0.003000	0.027487 0.005917	0.000000 0.000000	0.001887 0.009435	0.000000 0.000000	0.000000 0.000000	
3 10 2 1.180000	0.985920 0.004800	0.027959 0.009458	0.000000 0.000000	0.000000 0.000000	0.000000 0.000000	0.000000 0.000000	
3 10 2 1.190000	0.985120 0.003800	0.029537 0.007485	0.000000 0.000000	0.000000 0.000000	0.000000 0.000000	0.000000 0.000000	
3 10 2 1.200000	0.981164 0.002909	0.037316 0.005707	0.000000 0.000000	0.000000 0.000000	0.000000 0.000000	0.000000 0.000000	
3 10 2 1.210000	0.982667 0.002000	0.034366 0.003929	0.000000 0.000000	0.000000 0.000000	0.000211 0.001056	0.000000 0.000000	
3 10 2 1.220000	0.983029 0.004000	0.033653 0.007863	0.001371 0.006855	0.000000 0.000000	0.000000 0.000000	0.000000 0.000000	
3 10 2 1.230000	0.980571 0.003143	0.038478 0.006166	0.000000 0.000000	0.001764 0.008818	0.000000 0.000000	0.000000 0.000000	
3 10 2 1.240000	0.978229 0.004857	0.043066 0.009508	0.000000 0.000000	0.000000 0.000000	0.000000 0.000000	0.000000 0.000000	
3 10 2 1.250000	0.979600 0.001000	0.040384 0.001960	0.000000 0.000000	0.000000 0.000000	0.000000 0.000000	0.000000 0.000000	
3 10 2 1.260000	0.977567 0.003000	0.044362 0.005865	0.000000 0.000000	0.000000 0.000000	0.000000 0.000000	0.000000 0.000000	
3 10 2 1.270000	0.977156 0.005111	0.045163 0.009985	0.001922 0.009611	0.000000 0.000000	0.000000 0.000000	0.000000 0.000000	
3 10 2 1.280000	0.974933 0.002444	0.049504 0.004769	0.000000 0.000000	0.000000 0.000000	0.001965 0.009824	0.000000 0.000000	
3 10 2 1.290000	0.975323 0.004615	0.048742 0.008996	0.000000 0.000000	0.000000 0.000000	0.000000 0.000000	0.000000 0.000000	
3 10 2 1.300000	0.972582 0.005091	0.054080 0.009908	0.000000 0.000000	0.000000 0.000000	0.000000 0.000000	0.000000 0.000000	
3 10 2 1.310000	0.973233 0.004333	0.052814 0.008438	0.000000 0.000000	0.000000 0.000000	0.000000 0.000000	0.000000 0.000000	
3 10 2 1.320000	0.973600 0.005000	0.052099 0.009733	0.000000 0.000000	0.000000 0.000000	0.000000 0.000000	0.000000 0.000000	
3 10 2 1.330000	0.972933 0.003778	0.053399 0.007348	0.000000 0.000000	0.000000 0.000000	0.000000 0.000000	0.000000 0.000000	
3 10 2 1.340000	0.972743 0.004286	0.053769 0.008342	0.000000 0.000000	0.000000 0.000000	0.000000 0.000000	0.000000 0.000000	
3 10 2 1.350000	0.968580 0.004900	0.061848 0.009490	0.000000 0.000000	0.000000 0.000000	0.000000 0.000000	0.000000 0.000000	
3 10 2 1.360000	0.968000 0.004600	0.062972 0.008911	0.001848 0.009242	0.000000 0.000000	0.000000 0.000000	0.000000 0.000000	
3 10 2 1.370000	0.966431 0.004462	0.066009 0.008626	0.001576 0.007880	0.000000 0.000000	0.000000 0.000000	0.000000 0.000000	
3 10 2 1.380000	0.964533 0.004762	0.069672 0.009187	0.000000 0.000000	0.000000 0.000000	0.000000 0.000000	0.000000 0.000000	
3 10 2 1.390000	0.961722 0.004174	0.075088 0.008028	0.000000 0.000000	0.000000 0.000000	0.000000 0.000000	0.000000 0.000000	
3 10 2 1.400000	0.964600 0.004833	0.069544 0.009329	0.000000 0.000000	0.000000 0.000000	0.000000 0.000000	0.000000 0.000000	
3 10 2 1.410000	0.959569 0.004923	0.079224 0.009454	0.000000 0.000000	0.000000 0.000000	0.000000 0.000000	0.000000 0.000000	
3 10 2 1.420000	0.959200 0.005167	0.079931 0.009911	0.001439 0.007197	0.000000 0.000000	0.000000 0.000000	0.000000 0.000000	
3 10 2 1.430000	0.958957 0.005143	0.080398 0.009857	0.000000 0.000000	0.000000 0.000000	0.000000 0.000000	0.000000 0.000000	
3 10 2 1.440000	0.956360 0.003333	0.085374 0.006373	0.001943 0.009714	0.000000 0.000000	0.000000 0.000000	0.000000 0.000000	
3 10 2 1.450000	0.956489 0.003111	0.085127 0.005951	0.000000 0.000000	0.000000 0.000000	0.000000 0.000000	0.000000 0.000000	
3 10 2 1.460000	0.951352 0.004857	0.094926 0.009242	0.000000 0.000000	0.000000 0.000000	0.000000 0.000000	0.000000 0.000000	
3 10 2 1.470000	0.950444 0.004667	0.096652 0.008879	0.000000 0.000000	0.000000 0.000000	0.000000 0.000000	0.000000 0.000000	
3 10 2 1.480000	0.950624 0.005176	0.096312 0.009842	0.000000 0.000000	0.000000 0.000000	0.000000 0.000000	0.000000 0.000000	
3 10 2 1.490000	0.948650 0.004250	0.100061 0.008072	0.000000 0.000000	0.000000 0.000000	0.000000 0.000000	0.000000 0.000000	
3 10 2 1.500000	0.944829 0.003857	0.107297 0.007285	0.000000 0.000000	0.000000 0.000000	0.000000 0.000000	0.000000 0.000000	
3 10 2 1.510000	0.944067 0.003444	0.108736 0.006508	0.000000 0.000000	0.000000 0.000000	0.000000 0.000000	0.001915 0.009576	
3 10 2 1.520000	0.942019 0.004190	0.112598 0.007896	0.000000 0.000000	0.000000 0.000000	0.000000 0.000000	0.000000 0.000000	
3 10 2 1.530000	0.940378 0.003639	0.115688 0.006843	0.000000 0.000000	0.000000 0.000000	0.000000 0.000000	0.000000 0.000000	
3 10 2 1.540000	0.938591 0.003340	0.119044 0.006272	0.001958 0.009789	0.000000 0.000000	0.000000 0.000000	0.000000 0.000000	
3 10 2 1.550000	0.936589 0.002737	0.122799 0.005128	0.000000 0.000000	0.000000 0.000000	0.000000 0.000000	0.000000 0.000000	
3 10 2 1.560000	0.935375 0.004812	0.125071 0.009000	0.000000 0.000000	0.000000 0.000000	0.000000 0.000000	0.000000 0.000000	
3 10 2 1.570000	0.932196 0.004099	0.131009 0.007646	0.011459 0.003081	0.000000 0.000000	0.000000 0.000000	0.000000 0.000000	
3 10 2 1.580000	0.930262 0.004897	0.134610 0.009114	0.000000 0.000000	0.000000 0.000000	0.000000 0.000000	0.000000 0.000000	
3 10 2 1.590000	0.929213 0.003867	0.136561 0.007188	0.012134 0.003101	0.000000 0.000000	0.000000 0.000000	0.000000 0.000000	
3 10 2 1.600000	0.924884 0.004487	0.144587 0.008303	0.011112 0.003308	0.000000 0.000000	0.000000 0.000000	0.000000 0.000000	
3 10 2 1.610000	0.923242 0.003697	0.147622 0.006830	0.011670 0.004819	0.000000 0.000000	0.000000 0.000000	0.000000 0.000000	
3 10 2 1.620000	0.921631 0.003662	0.150595 0.006744	0.012857 0.007336	0.000000 0.000000	0.000000 0.000000	0.000000 0.000000	
3 10 2 1.630000	0.916127 0.004967	0.160708 0.009103	0.015151 0.009181	0.000000 0.000000	0.000000 0.000000	0.000000 0.000000	
3 10 2 1.640000	0.914959 0.003304	0.162848 0.006048	0.014191 0.007449	0.000000 0.000000	0.000000 0.000000	0.000000 0.000000	
3 10 2 1.650000	0.912356 0.005349	0.167603 0.009753	0.015269 0.005583	0.000000 0.000000	0.000000 0.000000	0.000000 0.000000	
3 10 2 1.660000	0.909270 0.005050	0.173224 0.009185	0.016421 0.007660	0.000000 0.000000	0.000000 0.000000	0.000000 0.000000	
3 10 2 1.670000	0.905698 0.005446	0.179707 0.009866	0.015608 0.009876	0.000000 0.000000	0.000000 0.000000	0.000000 0.000000	
3 10 2 1.680000	0.904816 0.005314	0.181304 0.009627	0.016473 0.008865	0.000000 0.000000	0.000000 0.000000	0.000000 0.000000	
3 10 2 1.690000	0.900773 0.005525	0.188605 0.009954	0.016540 0.009226	0.000000 0.000000	0.000000 0.000000	0.000000 0.000000	
3 10 2 1.700000	0.896906 0.005453	0.195556 0.009777	0.017568 0.006890	0.000000 0.000000	0.000000 0.000000	0.000000 0.000000	
3 10 2 1.710000	0.891506 0.004638	0.205214 0.008267	0.024384 0.006075	0.000000 0.000000	0.000000 0.000000	0.000000 0.000000	
3 10 2 1.720000	0.891524 0.005190	0.205182 0.009249	0.023140 0.008430	0.000000 0.000000	0.000000 0.000000	0.000000 0.000000	
3 10 2 1.730000	0.889408 0.005250	0.208950 0.009335	0.022108 0.008980	0.000000 0.000000	0.000000 0.000000	0.000000 0.000000	
3 10 2 1.740000	0.884572 0.005560	0.217527 0.009829	0.024013 0.008437	0.000000 0.000000	0.000000 0.000000	0.000000 0.000000	
3 10 2 1.750000	0.881354 0.004769	0.223213 0.008409	0.027236 0.009619	0.000000 0.000000	0.000000 0.000000	0.000000 0.000000	
3 10 2 1.760000	0.876539 0.005227	0.231676 0.009159	0.028303 0.009511	0.000000 0.000000	0.000000 0.000000	0.000000 0.000000	
3 10 2 1.770000	0.874135 0.004270	0.235886 0.007469	0.027366 0.009441	0.001966 0.009831	0.000000 0.000000	0.000000 0.000000	
3 10 2 1.780000	0.867240 0.005571	0.247890 0.009667	0.030987 0.007852	0.000000 0.000000	0.000000 0.000000	0.000000 0.000000	
3 10 2 1.790000	0.867300 0.004912	0.247787 0.008517	0.029675 0.009951	0.000000 0.000000	0.000000 0.000000	0.000000 0.000000	
3 10 2 1.800000	0.864068 0.004946	0.253382 0.008544	0.028848 0.007228	0.000000 0.000000	0.000000 0.000000	0.000000 0.000000	
3 10 2 1.810000	0.857970 0.005128	0.263883 0.008805	0.032195 0.009575	0.000000 0.000000	0.000000 0.000000	0.000000 0.000000	
3 10 2 1.820000	0.854218 0.004600	0.270308 0.007854	0.031601 0.009774	0.000000 0.000000	0.000000 0.000000	0.000000 0.000000	
3 10 2 1.830000	0.850663 0.005089	0.276368 0.008660	0.033420 0.005640	0.000000 0.000000	0.000000 0.000000	0.000000 0.000000	
3 10 2 1.840000	0.844502 0.005717	0.286813 0.009652	0.037590 0.007994	0.000000 0.000000	0.000000 0.000000	0.000000 0.000000	
3 10 2 1.850000	0.840835 0.005478	0.292994 0.009216	0.039956 0.009061	0.000000 0.000000	0.000000 0.000000	0.000000 0.000000	
3 10 2 1.860000	0.836505 0.005912	0.300254 0.009882	0.039769 0.009641	0.001808 0.009040	0.000000 0.000000	0.000000 0.000000	
3 10 2 1.870000	0.832913 0.005818	0.306251 0.009695	0.038808 0.009621	0.000000 0.000000	0.000000 0.000000	0.000000 0.000000	
3 10 2 1.880000	0.824787 0.004756	0.319723 0.007844	0.042531 0.009687	0.000000 0.000000	0.000000 0.000000	0.000000 0.000000	
3 10 2 1.890000	0.823672 0.006043	0.321559 0.009961	0.042000 0.008419	0.000000 0.000000	0.000000 0.000000	0.000000 0.000000	
3 10 2 1.900000	0.815191 0.005767	0.335459 0.009407	0.047294 0.006723	0.000000 0.000000	0.000000 0.000000	0.000000 0.000000	
3 10 2 1.910000	0.811558 0.004034	0.341372 0.006550	0.046513 0.009498	0.000000 0.000000	0.000000 0.000000	0.000000 0.000000	
3 10 2 1.920000	0.810040 0.004514	0.343833 0.007316	0.047925 0.008858	0.000000 0.000000	0.000000 0.000000	0.000000 0.000000	
3 10 2 1.930000	0.797806 0.005536	0.363501 0.008827	0.052227 0.007074	0.001981 0.009905	0.000000 0.000000	0.000000 0.000000	
3 10 2 1.940000	0.792396 0.004000	0.372106 0.006341	0.055536 0.007171	0.000000 0.000000	0.000000 0.000000	0.000000 0.000000	
3 10 2 1.950000	0.786740 0.004136	0.381038 0.006512	0.055962 0.002269	0.000000 0.000000	0.000000 0.000000	0.000000 0.000000	
3 10 2 1.960000	0.780851 0.003544	0.390270 0.005531	0.057524 0.002571	0.001926 0.009628	0.000000 0.000000	0.000000 0.000000	
3 10 2 1.970000	0.773713 0.002397	0.401368 0.003710	0.062212 0.002211	0.011164 0.002096	0.000000 0.000000	0.000000 0.000000	
3 10 2 1.980000	0.765957 0.006140	0.413306 0.009408	0.064362 0.003668	0.012227 0.005342	0.000000 0.000000	0.000000 0.000000	
3 10 2 1.990000	0.761160 0.006538	0.420630 0.009945	0.066610 0.006825	0.000000 0.000000	0.000000 0.000000	0.000000 0.000000	
3 10 2 2.000000	0.755312 0.006604	0.429498 0.009972	0.070070 0.006208	0.014853 0.005324	0.000000 0.000000	0.000000 0.000000	
3 10 2 2.010000	0.745661 0.005066	0.443987 0.007562	0.073750 0.003764	0.011874 0.003321	0.000000 0.000000	0.000000 0.000000	
3 10 2 2.020000	0.739019 0.006491	0.453846 0.009586	0.075711 0.002426	0.016637 0.008554	0.000000 0.000000	0.000000 0.000000	
3 10 2 2.030000	0.730889 0.006842	0.465792 0.009999	0.079866 0.005306	0.015802 0.007932	0.000000 0.000000	0.000000 0.000000	
3 10 2 2.040000	0.725330 0.006791	0.473891 0.009860	0.080357 0.008582	0.015022 0.006392	0.001972 0.009858	0.000000 0.000000	
3 10 2 2.050000	0.714842 0.006441	0.488995 0.009207	0.087075 0.005195	0.018144 0.002260	0.000000 0.000000	0.000000 0.000000	
3 10 2 2.060000	0.695928 0.006500	0.515678 0.009045	0.095107 0.009790	0.022736 0.007310	0.000000 0.000000	0.000000 0.000000	
3 10 2 2.070000	0.693468 0.006461	0.519096 0.008982	0.095659 0.007201	0.022183 0.006020	0.001993 0.009965	0.000000 0.000000	
3 10 2 2.080000	0.685151 0.007036	0.530561 0.009663	0.099371 0.006149	0.023300 0.002558	0.000000 0.000000	0.000000 0.000000	
3 10 2 2.090000	0.674165 0.006909	0.545496 0.009305	0.105245 0.008319	0.025199 0.002784	0.000000 0.000000	0.000000 0.000000	
3 10 2 2.100000	0.664057 0.004555	0.559026 0.006047	0.108701 0.005529	0.028158 0.005995	0.000000 0.000000	0.000000 0.000000	
3 10 2 2.110000	0.651087 0.007477	0.576078 0.009711	0.115790 0.005427	0.028239 0.005404	0.000000 0.000000	0.000000 0.000000	
3 10 2 2.120000	0.636894 0.006633	0.594359 0.008449	0.121420 0.005544	0.033565 0.005029	0.013755 0.007960	0.000000 0.000000	
3 10 2 2.130000	0.627141 0.007286	0.606688 0.009149	0.123971 0.005720	0.032042 0.005846	0.001995 0.009973	0.000000 0.000000	
3 10 2 2.140000	0.612724 0.007937	0.624561 0.009698	0.133024 0.007704	0.034992 0.005516	0.012046 0.005211	0.000000 0.000000	
3 10 2 2.150000	0.604854 0.007399	0.634143 0.008947	0.134983 0.008190	0.035773 0.003522	0.000000 0.000000	0.000000 0.000000	
3 10 2 2.160000	0.592327 0.006082	0.649143 0.007202	0.141133 0.007470	0.037359 0.006452	0.013059 0.009589	0.000000 0.000000	
3 10 2 2.170000	0.571068 0.007491	0.673872 0.008554	0.149413 0.004531	0.043456 0.008568	0.013881 0.006510	0.000000 0.000000	
3 10 2 2.180000	0.564017 0.007945	0.681877 0.008988	0.153102 0.004332	0.043860 0.006379	0.016870 0.004305	0.001998 0.009992	
3 10 2 2.190000	0.548676 0.008570	0.698945 0.009395	0.160246 0.007468	0.048760 0.008288	0.018504 0.007958	0.001974 0.009872	
3 10 2 2.200000	0.529903 0.006536	0.719197 0.006917	0.169335 0.002855	0.052275 0.005470	0.020789 0.002573	0.003984 0.009992	
3 10 2 2.210000	0.513042 0.004491	0.736785 0.004610	0.176515 0.007618	0.055612 0.001769	0.023197 0.003330	0.011549 0.002937	
3 10 2 2.220000	0.495673 0.009584	0.754296 0.009527	0.185702 0.005499	0.060825 0.006041	0.026553 0.007069	0.013729 0.006690	
3 10 2 2.230000	0.475278 0.009755	0.774101 0.009280	0.192911 0.002309	0.063581 0.002757	0.028185 0.004061	0.014871 0.004379	
3 10 2 2.240000	0.453681 0.009934	0.794155 0.009025	0.200257 0.006425	0.068320 0.003105	0.030869 0.006295	0.017911 0.007452	
3 10 2 2.250000	0.434883 0.009936	0.810861 0.008624	0.208506 0.007511	0.071809 0.006308	0.032073 0.003487	0.018715 0.005967	
3 10 2 2.260000	0.411421 0.009744	0.830714 0.008011	0.216403 0.004380	0.075531 0.002810	0.033823 0.003692	0.021343 0.005256	
3 10 2 2.270000	0.393303 0.009877	0.845297 0.007775	0.223204 0.008100	0.079114 0.006021	0.038240 0.004155	0.023026 0.005493	
3 10 2 2.280000	0.368787 0.009688	0.863984 0.007170	0.231904 0.006234	0.082851 0.006683	0.037878 0.008735	0.022626 0.008654	
3 10 2 2.290000	0.350905 0.009562	0.876852 0.006664	0.235659 0.004538	0.085119 0.001665	0.039756 0.003384	0.022692 0.002900	
3 10 2 2.300000	0.337144 0.009920	0.886322 0.006707	0.237635 0.003400	0.086311 0.003913	0.038708 0.003104	0.022159 0.005419	
3 10 2 2.310000	0.311903 0.009690	0.902705 0.006013	0.244614 0.005618	0.090116 0.004640	0.040330 0.003090	0.022326 0.002242	
3 10 2 2.320000	0.285672 0.009327	0.918379 0.005342	0.248352 0.005326	0.089324 0.004759	0.039520 0.005094	0.021763 0.004048	
3 10 2 2.330000	0.284575 0.009892	0.919000 0.005628	0.249188 0.002402	0.090169 0.004446	0.039821 0.003055	0.021912 0.003845	
3 10 2 2.340000	0.270737 0.009701	0.926688 0.005243	0.250259 0.004518	0.090641 0.001501	0.039252 0.005360	0.020977 0.003637	
3 10 2 2.350000	0.256064 0.009816	0.934418 0.005068	0.252056 0.008384	0.090533 0.008006	0.039827 0.009819	0.020079 0.009084	
3 10 2 2.360000	0.240319 0.009925	0.942232 0.004824	0.255600 0.008893	0.091746 0.003975	0.040787 0.006673	0.020063 0.009484	
3 10 2 2.370000	0.221631 0.008543	0.950867 0.003782	0.254489 0.007437	0.088094 0.009956	0.038196 0.008221	0.021846 0.006813	
3 10 2 2.380000	0.216315 0.009539	0.953198 0.004114	0.254813 0.005623	0.090236 0.006121	0.036950 0.006812	0.019640 0.006758	
3 10 2 2.390000	0.206177 0.009990	0.957478 0.004136	0.253668 0.001912	0.087610 0.006128	0.034576 0.007062	0.019123 0.008766	
3 10 2 2.400000	0.200685 0.009381	0.959709 0.003760	0.252890 0.009954	0.086734 0.009041	0.032642 0.003466	0.017715 0.004232	
3 10 2 2.410000	0.190310 0.009632	0.963765 0.003652	0.254534 0.003987	0.082062 0.005634	0.035272 0.005179	0.013976 0.003894	
3 10 2 2.420000	0.184823 0.009972	0.965826 0.003693	0.250874 0.003156	0.082714 0.008256	0.033311 0.007121	0.014975 0.005788	
3 10 2 2.430000	0.171872 0.009953	0.970437 0.003401	0.252839 0.008343	0.084259 0.002681	0.032113 0.004683	0.012984 0.003261	
3 10 2 2.440000	0.169877 0.001164	0.971142 0.000396	0.252190 0.009385	0.083805 0.009801	0.032332 0.004238	0.016255 0.009563	
3 10 2 2.450000	0.163748 0.007425	0.973177 0.002428	0.249651 0.007271	0.082256 0.002333	0.030797 0.005512	0.012355 0.004832	
3 10 2 2.460000	0.152118 0.008842	0.976850 0.002677	0.250101 0.005676	0.081474 0.008205	0.028414 0.005205	0.013786 0.009832	
3 10 2 2.470000	0.148531 0.009545	0.977925 0.002837	0.250543 0.005600	0.078768 0.004095	0.031186 0.002810	0.012717 0.005851	
3 10 2 2.480000	0.144568 0.004118	0.979098 0.001189	0.246636 0.003000	0.076847 0.002710	0.027875 0.003357	0.000000 0.000000	
3 10 2 2.490000	0.137790 0.008165	0.981005 0.002221	0.246188 0.004360	0.075466 0.009635	0.026910 0.002849	0.000000 0.000000	
3 10 2 2.500000	0.135200 0.004364	0.981718 0.001183	0.244233 0.001598	0.075455 0.001854	0.026323 0.001000	0.000000 0.000000	
