3 32 3 0.400000	1.000000 0.000000	0.000000 0.000000	0.000000 0.000000	0.000000 0.000000	0.000000 0.000000	0.000000 0.000000	0.000000 0.000000	0.000000 0.000000	0.000000 0.000000	0.000000 0.000000	0.000000 0.000000	
3 32 3 0.410000	1.000000 0.000000	0.000000 0.000000	0.000000 0.000000	0.000000 0.000000	0.000000 0.000000	0.000000 0.000000	0.000000 0.000000	0.000000 0.000000	0.000000 0.000000	0.000000 0.000000	0.000000 0.000000	
3 32 3 0.420000	1.000000 0.000000	0.000000 0.000000	0.000000 0.000000	0.000000 0.000000	0.000000 0.000000	0.000000 0.000000	0.000000 0.000000	0.000000 0.000000	0.000000 0.000000	0.000000 0.000000	0.000000 0.000000	
3 32 3 0.430000	1.000000 0.000000	0.000000 0.000000	0.000000 0.000000	0.000000 0.000000	0.000000 0.000000	0.000000 0.000000	0.000000 0.000000	0.000000 0.000000	0.000000 0.000000	0.000000 0.000000	0.000000 0.000000	
3 32 3 0.440000	1.000000 0.000000	0.000000 0.000000	0.000000 0.000000	0.000000 0.000000	0.000000 0.000000	0.000000 0.000000	0.000000 0.000000	0.000000 0.000000	0.000000 0.000000	0.000000 0.000000	0.000000 0.000000	
3 32 3 0.450000	1.000000 0.000000	0.000000 0.000000	0.000000 0.000000	0.000000 0.000000	0.000000 0.000000	0.000000 0.000000	0.000000 0.000000	0.000000 0.000000	0.000000 0.000000	0.000000 0.000000	0.000000 0.000000	
3 32 3 0.460000	0.999991 0.000046	0.000000 0.000000	0.000000 0.000000	0.000000 0.000000	0.000000 0.000000	0.000000 0.000000	0.000000 0.000000	0.000000 0.000000	0.000000 0.000000	0.000000 0.000000	0.000000 0.000000	
3 32 3 0.470000	0.999991 0.000046	0.000000 0.000000	0.000000 0.000000	0.000000 0.000000	0.000000 0.000000	0.000000 0.000000	0.000000 0.000000	0.000000 0.000000	0.000000 0.000000	0.000000 0.000000	0.000000 0.000000	
3 32 3 0.480000	1.000000 0.000000	0.000000 0.000000	0.000000 0.000000	0.000000 0.000000	0.000000 0.000000	0.000000 0.000000	0.000000 0.000000	0.000000 0.000000	0.000000 0.000000	0.000000 0.000000	0.000000 0.000000	
3 32 3 0.490000	1.000000 0.000000	0.000000 0.000000	0.000000 0.000000	0.000000 0.000000	0.000000 0.000000	0.000000 0.000000	0.000000 0.000000	0.000000 0.000000	0.000000 0.000000	0.000000 0.000000	0.000000 0.000000	
3 32 3 0.500000	0.999963 0.000092	0.000000 0.000000	0.000000 0.000000	0.000000 0.000000	0.000000 0.000000	0.000000 0.000000	0.000000 0.000000	0.000000 0.000000	0.000000 0.000000	0.000000 0.000000	0.000000 0.000000	
3 32 3 0.510000	0.999954 0.000092	0.000000 0.000000	0.000000 0.000000	0.000000 0.000000	0.000000 0.000000	0.000000 0.000000	0.000000 0.000000	0.000000 0.000000	0.000000 0.000000	0.000000 0.000000	0.000000 0.000000	
3 32 3 0.520000	0.999973 0.000046	0.000000 0.000000	0.000000 0.000000	0.000000 0.000000	0.000000 0.000000	0.000000 0.000000	0.000000 0.000000	0.000000 0.000000	0.000000 0.000000	0.000000 0.000000	0.000000 0.000000	
3 32 3 0.530000	0.999945 0.000092	0.000000 0.000000	0.000000 0.000000	0.000000 0.000000	0.000000 0.000000	0.000000 0.000000	0.000000 0.000000	0.000000 0.000000	0.000000 0.000000	0.000000 0.000000	0.000000 0.000000	
3 32 3 0.540000	0.999963 0.000046	0.000000 0.000000	0.000000 0.000000	0.000000 0.000000	0.000000 0.000000	0.000000 0.000000	0.000000 0.000000	0.000000 0.000000	0.000000 0.000000	0.000000 0.000000	0.000000 0.000000	
3 32 3 0.550000	0.999936 0.000092	0.000000 0.000000	0.000000 0.000000	0.000000 0.000000	0.000000 0.000000	0.000000 0.000000	0.000000 0.000000	0.000000 0.000000	0.000000 0.000000	0.000000 0.000000	0.000000 0.000000	
3 32 3 0.560000	0.999945 0.000137	0.000000 0.000000	0.000000 0.000000	0.000000 0.000000	0.000000 0.000000	0.000000 0.000000	0.000000 0.000000	0.000000 0.000000	0.000000 0.000000	0.000000 0.000000	0.000000 0.000000	
3 32 3 0.570000	0.999918 0.000137	0.000000 0.000000	0.000000 0.000000	0.000000 0.000000	0.000000 0.000000	0.000000 0.000000	0.000000 0.000000	0.000000 0.000000	0.000000 0.000000	0.000000 0.000000	0.000000 0.000000	
3 32 3 0.580000	0.999918 0.000137	0.000000 0.000000	0.000000 0.000000	0.000000 0.000000	0.000000 0.000000	0.000000 0.000000	0.000000 0.000000	0.000000 0.000000	0.000000 0.000000	0.000000 0.000000	0.000000 0.000000	
3 32 3 0.590000	0.999890 0.000183	0.000000 0.000000	0.000000 0.000000	0.000000 0.000000	0.000000 0.000000	0.000000 0.000000	0.000000 0.000000	0.000000 0.000000	0.000000 0.000000	0.000000 0.000000	0.000000 0.000000	
3 32 3 0.600000	0.999863 0.000183	0.000000 0.000000	0.000000 0.000000	0.000000 0.000000	0.000000 0.000000	0.000000 0.000000	0.000000 0.000000	0.000000 0.000000	0.000000 0.000000	0.000000 0.000000	0.000000 0.000000	
3 32 3 0.610000	0.999817 0.000137	0.000000 0.000000	0.000000 0.000000	0.000000 0.000000	0.000000 0.000000	0.000000 0.000000	0.000000 0.000000	0.000000 0.000000	0.000000 0.000000	0.000000 0.000000	0.000000 0.000000	
3 32 3 0.620000	0.999799 0.000275	0.000000 0.000000	0.000000 0.000000	0.000000 0.000000	0.000000 0.000000	0.000000 0.000000	0.000000 0.000000	0.000000 0.000000	0.000000 0.000000	0.000000 0.000000	0.000000 0.000000	
3 32 3 0.630000	0.999597 0.000915	0.000000 0.000000	0.000000 0.000000	0.000000 0.000000	0.000000 0.000000	0.000000 0.000000	0.000000 0.000000	0.000000 0.000000	0.000000 0.000000	0.000000 0.000000	0.000000 0.000000	
3 32 3 0.640000	0.999762 0.000412	0.000000 0.000000	0.000000 0.000000	0.000000 0.000000	0.000000 0.000000	0.000000 0.000000	0.000000 0.000000	0.000000 0.000000	0.000000 0.000000	0.000000 0.000000	0.000000 0.000000	
3 32 3 0.650000	0.999515 0.000824	0.000000 0.000000	0.000000 0.000000	0.000000 0.000000	0.000000 0.000000	0.000000 0.000000	0.000000 0.000000	0.000000 0.000000	0.000000 0.000000	0.000000 0.000000	0.000000 0.000000	
3 32 3 0.660000	0.999670 0.000229	0.000000 0.000000	0.000000 0.000000	0.000000 0.000000	0.000000 0.000000	0.000000 0.000000	0.000000 0.000000	0.000000 0.000000	0.000000 0.000000	0.000000 0.000000	0.000000 0.000000	
3 32 3 0.670000	0.999579 0.000275	0.000000 0.000000	0.000000 0.000000	0.000000 0.000000	0.000000 0.000000	0.000000 0.000000	0.000000 0.000000	0.000000 0.000000	0.000000 0.000000	0.000000 0.000000	0.000000 0.000000	
3 32 3 0.680000	0.999524 0.000320	0.000000 0.000000	0.000000 0.000000	0.000000 0.000000	0.000000 0.000000	0.000000 0.000000	0.000000 0.000000	0.000000 0.000000	0.000000 0.000000	0.000000 0.000000	0.000000 0.000000	
3 32 3 0.690000	0.999304 0.000824	0.000000 0.000000	0.000000 0.000000	0.000000 0.000000	0.000000 0.000000	0.000000 0.000000	0.000000 0.000000	0.000000 0.000000	0.000000 0.000000	0.000000 0.000000	0.000000 0.000000	
3 32 3 0.700000	0.999515 0.000366	0.000000 0.000000	0.000000 0.000000	0.000000 0.000000	0.000000 0.000000	0.000000 0.000000	0.000000 0.000000	0.000000 0.000000	0.000000 0.000000	0.000000 0.000000	0.000000 0.000000	
3 32 3 0.710000	0.999396 0.000229	0.000000 0.000000	0.000000 0.000000	0.000000 0.000000	0.000000 0.000000	0.000000 0.000000	0.000000 0.000000	0.000000 0.000000	0.000000 0.000000	0.000000 0.000000	0.000000 0.000000	
3 32 3 0.720000	0.999075 0.000320	0.000000 0.000000	0.000000 0.000000	0.000000 0.000000	0.000000 0.000000	0.000000 0.000000	0.000000 0.000000	0.000000 0.000000	0.000000 0.000000	0.000000 0.000000	0.000000 0.000000	
3 32 3 0.730000	0.999121 0.000641	0.000000 0.000000	0.000000 0.000000	0.000000 0.000000	0.000000 0.000000	0.000000 0.000000	0.000000 0.000000	0.000000 0.000000	0.000000 0.000000	0.000000 0.000000	0.000000 0.000000	
3 32 3 0.740000	0.999057 0.000458	0.000000 0.000000	0.000000 0.000000	0.000000 0.000000	0.000000 0.000000	0.000000 0.000000	0.000000 0.000000	0.000000 0.000000	0.000000 0.000000	0.000000 0.000000	0.000000 0.000000	
3 32 3 0.750000	0.998599 0.000549	0.000000 0.000000	0.000000 0.000000	0.000000 0.000000	0.000000 0.000000	0.000000 0.000000	0.000000 0.000000	0.000000 0.000000	0.000000 0.000000	0.000000 0.000000	0.000000 0.000000	
3 32 3 0.760000	0.998865 0.000824	0.000000 0.000000	0.000000 0.000000	0.000000 0.000000	0.000000 0.000000	0.000000 0.000000	0.000000 0.000000	0.000000 0.000000	0.000000 0.000000	0.000000 0.000000	0.000000 0.000000	
3 32 3 0.770000	0.997995 0.002516	0.000000 0.000000	0.000000 0.000000	0.000000 0.000000	0.000000 0.000000	0.000000 0.000000	0.000000 0.000000	0.000000 0.000000	0.000000 0.000000	0.000000 0.000000	0.000000 0.000000	
3 32 3 0.780000	0.998389 0.001876	0.000000 0.000000	0.000000 0.000000	0.000000 0.000000	0.000000 0.000000	0.000000 0.000000	0.000000 0.000000	0.000000 0.000000	0.000000 0.000000	0.000000 0.000000	0.000000 0.000000	
3 32 3 0.790000	0.998407 0.000778	0.000000 0.000000	0.000000 0.000000	0.000000 0.000000	0.000000 0.000000	0.000000 0.000000	0.000000 0.000000	0.000000 0.000000	0.000000 0.000000	0.000000 0.000000	0.000000 0.000000	
3 32 3 0.800000	0.998087 0.000732	0.000000 0.000000	0.000000 0.000000	0.000000 0.000000	0.000000 0.000000	0.000000 0.000000	0.000000 0.000000	0.000000 0.000000	0.000000 0.000000	0.000000 0.000000	0.000000 0.000000	
3 32 3 0.810000	0.998059 0.000824	0.000000 0.000000	0.000000 0.000000	0.000000 0.000000	0.000000 0.000000	0.000000 0.000000	0.000000 0.000000	0.000000 0.000000	0.000000 0.000000	0.000000 0.000000	0.000000 0.000000	
3 32 3 0.820000	0.997373 0.002609	0.000000 0.000000	0.000000 0.000000	0.000000 0.000000	0.000000 0.000000	0.000000 0.000000	0.000000 0.000000	0.000000 0.000000	0.000000 0.000000	0.000000 0.000000	0.000000 0.000000	
3 32 3 0.830000	0.997537 0.000320	0.000000 0.000000	0.000000 0.000000	0.000000 0.000000	0.000000 0.000000	0.000000 0.000000	0.000000 0.000000	0.000000 0.000000	0.000000 0.000000	0.000000 0.000000	0.000000 0.000000	
3 32 3 0.840000	0.997226 0.001099	0.000000 0.000000	0.000000 0.000000	0.000000 0.000000	0.000000 0.000000	0.000000 0.000000	0.000000 0.000000	0.000000 0.000000	0.000000 0.000000	0.000000 0.000000	0.000000 0.000000	
3 32 3 0.850000	0.997134 0.001007	0.000000 0.000000	0.000000 0.000000	0.000000 0.000000	0.000000 0.000000	0.000000 0.000000	0.000000 0.000000	0.000000 0.000000	0.000000 0.000000	0.000000 0.000000	0.000000 0.000000	
3 32 3 0.860000	0.997263 0.001007	0.000000 0.000000	0.000000 0.000000	0.000000 0.000000	0.000000 0.000000	0.000000 0.000000	0.000000 0.000000	0.000000 0.000000	0.000000 0.000000	0.000000 0.000000	0.000000 0.000000	
3 32 3 0.870000	0.996494 0.000595	0.000000 0.000000	0.000000 0.000000	0.000000 0.000000	0.000000 0.000000	0.000000 0.000000	0.000000 0.000000	0.000000 0.000000	0.000000 0.000000	0.000000 0.000000	0.000000 0.000000	
3 32 3 0.880000	0.996695 0.000687	0.000000 0.000000	0.000000 0.000000	0.000000 0.000000	0.000000 0.000000	0.000000 0.000000	0.000000 0.000000	0.000000 0.000000	0.000000 0.000000	0.000000 0.000000	0.000000 0.000000	
3 32 3 0.890000	0.996457 0.001556	0.000000 0.000000	0.000000 0.000000	0.000000 0.000000	0.000000 0.000000	0.000000 0.000000	0.000000 0.000000	0.000000 0.000000	0.000000 0.000000	0.000000 0.000000	0.000000 0.000000	
3 32 3 0.900000	0.995862 0.000687	0.000000 0.000000	0.000000 0.000000	0.000000 0.000000	0.000000 0.000000	0.000000 0.000000	0.000000 0.000000	0.000000 0.000000	0.000000 0.000000	0.000000 0.000000	0.000000 0.000000	
3 32 3 0.910000	0.995541 0.000984	0.000000 0.000000	0.000000 0.000000	0.000000 0.000000	0.000000 0.000000	0.000000 0.000000	0.000000 0.000000	0.000000 0.000000	0.000000 0.000000	0.000000 0.000000	0.000000 0.000000	
3 32 3 0.920000	0.995413 0.000709	0.000000 0.000000	0.000000 0.000000	0.000000 0.000000	0.000000 0.000000	0.000000 0.000000	0.000000 0.000000	0.000000 0.000000	0.000000 0.000000	0.000000 0.000000	0.000000 0.000000	
3 32 3 0.930000	0.994804 0.000308	0.010365 0.000612	0.000000 0.000000	0.000000 0.000000	0.000000 0.000000	0.000000 0.000000	0.000000 0.000000	0.000000 0.000000	0.000000 0.000000	0.000000 0.000000	0.000000 0.000000	
3 32 3 0.940000	0.994260 0.001076	0.011448 0.002139	0.000000 0.000000	0.000000 0.000000	0.000000 0.000000	0.000000 0.000000	0.000000 0.000000	0.000000 0.000000	0.000000 0.000000	0.000000 0.000000	0.000000 0.000000	
3 32 3 0.950000	0.993820 0.000732	0.012321 0.001455	0.000000 0.000000	0.000000 0.000000	0.000000 0.000000	0.000000 0.000000	0.000000 0.000000	0.000000 0.000000	0.000000 0.000000	0.000000 0.000000	0.000000 0.000000	
3 32 3 0.960000	0.993857 0.000961	0.012248 0.001911	0.000000 0.000000	0.000000 0.000000	0.000000 0.000000	0.000000 0.000000	0.000000 0.000000	0.000000 0.000000	0.000000 0.000000	0.000000 0.000000	0.000000 0.000000	
3 32 3 0.970000	0.992859 0.001556	0.014231 0.003090	0.000000 0.000000	0.000000 0.000000	0.000000 0.000000	0.000000 0.000000	0.000000 0.000000	0.000000 0.000000	0.000000 0.000000	0.000000 0.000000	0.000000 0.000000	
3 32 3 0.980000	0.992529 0.001694	0.014885 0.003361	0.000000 0.000000	0.000000 0.000000	0.000000 0.000000	0.000000 0.000000	0.000000 0.000000	0.000000 0.000000	0.000000 0.000000	0.000000 0.000000	0.000000 0.000000	
3 32 3 0.990000	0.992218 0.001877	0.015503 0.003723	0.000000 0.000000	0.000000 0.000000	0.000000 0.000000	0.000000 0.000000	0.000000 0.000000	0.000000 0.000000	0.000000 0.000000	0.000000 0.000000	0.000000 0.000000	
3 32 3 1.000000	0.991614 0.001694	0.016702 0.003359	0.000000 0.000000	0.000000 0.000000	0.000000 0.000000	0.000000 0.000000	0.000000 0.000000	0.000000 0.000000	0.000000 0.000000	0.000000 0.000000	0.000000 0.000000	
3 32 3 1.010000	0.991065 0.001327	0.017791 0.002632	0.000000 0.000000	0.000000 0.000000	0.000000 0.000000	0.000000 0.000000	0.000000 0.000000	0.000000 0.000000	0.000000 0.000000	0.000000 0.000000	0.000000 0.000000	
3 32 3 1.020000	0.990469 0.000755	0.018970 0.001496	0.000000 0.000000	0.000000 0.000000	0.000000 0.000000	0.000000 0.000000	0.000000 0.000000	0.000000 0.000000	0.000000 0.000000	0.000000 0.000000	0.000000 0.000000	
3 32 3 1.030000	0.989481 0.001556	0.020928 0.003080	0.000000 0.000000	0.000000 0.000000	0.000000 0.000000	0.000000 0.000000	0.000000 0.000000	0.000000 0.000000	0.000000 0.000000	0.000000 0.000000	0.000000 0.000000	
3 32 3 1.040000	0.988172 0.003433	0.023515 0.006783	0.000000 0.000000	0.000000 0.000000	0.000000 0.000000	0.000000 0.000000	0.000000 0.000000	0.000000 0.000000	0.000000 0.000000	0.000000 0.000000	0.000000 0.000000	
3 32 3 1.050000	0.988464 0.002060	0.022938 0.004072	0.000000 0.000000	0.000000 0.000000	0.000000 0.000000	0.000000 0.000000	0.000000 0.000000	0.000000 0.000000	0.000000 0.000000	0.000000 0.000000	0.000000 0.000000	
3 32 3 1.060000	0.988153 0.002609	0.023552 0.005158	0.000000 0.000000	0.000000 0.000000	0.000000 0.000000	0.000000 0.000000	0.000000 0.000000	0.000000 0.000000	0.000000 0.000000	0.000000 0.000000	0.000000 0.000000	
3 32 3 1.070000	0.986478 0.001236	0.026861 0.002438	0.000000 0.000000	0.000000 0.000000	0.000000 0.000000	0.000000 0.000000	0.000000 0.000000	0.000000 0.000000	0.000000 0.000000	0.000000 0.000000	0.000000 0.000000	
3 32 3 1.080000	0.985608 0.004485	0.028574 0.008838	0.000000 0.000000	0.000000 0.000000	0.000000 0.000000	0.000000 0.000000	0.000000 0.000000	0.000000 0.000000	0.000000 0.000000	0.000000 0.000000	0.000000 0.000000	
3 32 3 1.090000	0.985938 0.000687	0.027927 0.001354	0.000000 0.000000	0.000000 0.000000	0.000000 0.000000	0.000000 0.000000	0.000000 0.000000	0.000000 0.000000	0.000000 0.000000	0.000000 0.000000	0.000000 0.000000	
3 32 3 1.100000	0.984560 0.002220	0.030642 0.004371	0.000000 0.000000	0.000000 0.000000	0.000000 0.000000	0.000000 0.000000	0.000000 0.000000	0.000000 0.000000	0.000000 0.000000	0.000000 0.000000	0.000000 0.000000	
3 32 3 1.110000	0.983855 0.002540	0.032029 0.004998	0.000000 0.000000	0.000000 0.000000	0.000000 0.000000	0.000000 0.000000	0.000000 0.000000	0.000000 0.000000	0.000000 0.000000	0.000000 0.000000	0.000000 0.000000	
3 32 3 1.120000	0.983209 0.001396	0.033299 0.002745	0.000000 0.000000	0.000000 0.000000	0.000000 0.000000	0.000000 0.000000	0.000000 0.000000	0.000000 0.000000	0.000000 0.000000	0.000000 0.000000	0.000000 0.000000	
3 32 3 1.130000	0.980884 0.002472	0.037866 0.004848	0.000000 0.000000	0.000000 0.000000	0.000000 0.000000	0.000000 0.000000	0.000000 0.000000	0.000000 0.000000	0.000000 0.000000	0.000000 0.000000	0.000000 0.000000	
3 32 3 1.140000	0.980655 0.003456	0.038314 0.006778	0.000000 0.000000	0.000000 0.000000	0.000000 0.000000	0.000000 0.000000	0.000000 0.000000	0.000000 0.000000	0.000000 0.000000	0.000000 0.000000	0.000000 0.000000	
3 32 3 1.150000	0.979785 0.000824	0.040021 0.001614	0.000000 0.000000	0.000000 0.000000	0.000000 0.000000	0.000000 0.000000	0.000000 0.000000	0.000000 0.000000	0.000000 0.000000	0.000000 0.000000	0.000000 0.000000	
3 32 3 1.160000	0.978906 0.001716	0.041742 0.003360	0.000000 0.000000	0.000000 0.000000	0.000000 0.000000	0.000000 0.000000	0.000000 0.000000	0.000000 0.000000	0.000000 0.000000	0.000000 0.000000	0.000000 0.000000	
3 32 3 1.170000	0.977708 0.004803	0.044085 0.009383	0.000000 0.000000	0.000000 0.000000	0.000000 0.000000	0.000000 0.000000	0.000000 0.000000	0.000000 0.000000	0.000000 0.000000	0.000000 0.000000	0.000000 0.000000	
3 32 3 1.180000	0.976201 0.003227	0.047030 0.006298	0.000000 0.000000	0.000000 0.000000	0.000000 0.000000	0.000000 0.000000	0.000000 0.000000	0.000000 0.000000	0.000000 0.000000	0.000000 0.000000	0.000000 0.000000	
3 32 3 1.190000	0.974759 0.001408	0.049844 0.002746	0.000000 0.000000	0.000000 0.000000	0.000000 0.000000	0.000000 0.000000	0.000000 0.000000	0.000000 0.000000	0.000000 0.000000	0.000000 0.000000	0.000000 0.000000	
3 32 3 1.200000	0.973798 0.001144	0.051718 0.002229	0.000000 0.000000	0.000000 0.000000	0.000000 0.000000	0.000000 0.000000	0.000000 0.000000	0.000000 0.000000	0.000000 0.000000	0.000000 0.000000	0.000000 0.000000	
3 32 3 1.210000	0.973400 0.004441	0.052491 0.008644	0.001160 0.005802	0.000000 0.000000	0.001836 0.009182	0.000000 0.000000	0.000000 0.000000	0.000000 0.000000	0.000000 0.000000	0.000000 0.000000	0.000000 0.000000	
3 32 3 1.220000	0.971808 0.001161	0.055588 0.002257	0.000000 0.000000	0.000000 0.000000	0.000000 0.000000	0.000000 0.000000	0.000000 0.000000	0.000000 0.000000	0.000000 0.000000	0.000000 0.000000	0.000000 0.000000	
3 32 3 1.230000	0.969056 0.000985	0.060931 0.001909	0.000000 0.000000	0.000000 0.000000	0.001927 0.009633	0.000000 0.000000	0.000000 0.000000	0.000000 0.000000	0.000000 0.000000	0.000000 0.000000	0.000000 0.000000	
3 32 3 1.240000	0.968627 0.000870	0.061761 0.001685	0.000000 0.000000	0.000000 0.000000	0.000000 0.000000	0.000000 0.000000	0.000000 0.000000	0.000000 0.000000	0.000000 0.000000	0.000000 0.000000	0.000000 0.000000	
3 32 3 1.250000	0.967299 0.002042	0.064331 0.003950	0.000000 0.000000	0.000000 0.000000	0.000000 0.000000	0.000000 0.000000	0.000000 0.000000	0.000000 0.000000	0.001842 0.009211	0.000000 0.000000	0.000000 0.000000	
3 32 3 1.260000	0.964812 0.001510	0.069137 0.002913	0.000000 0.000000	0.000000 0.000000	0.001747 0.008737	0.000000 0.000000	0.000000 0.000000	0.000000 0.000000	0.000000 0.000000	0.000000 0.000000	0.000000 0.000000	
3 32 3 1.270000	0.963663 0.001510	0.071353 0.002910	0.000000 0.000000	0.000000 0.000000	0.000000 0.000000	0.000000 0.000000	0.000000 0.000000	0.001841 0.009205	0.000000 0.000000	0.000000 0.000000	0.000000 0.000000	
3 32 3 1.280000	0.961631 0.002227	0.075265 0.004283	0.000000 0.000000	0.000000 0.000000	0.000000 0.000000	0.000000 0.000000	0.000000 0.000000	0.000000 0.000000	0.000000 0.000000	0.000000 0.000000	0.000000 0.000000	
3 32 3 1.290000	0.959763 0.002823	0.078854 0.005418	0.000000 0.000000	0.000000 0.000000	0.001731 0.008655	0.000000 0.000000	0.000000 0.000000	0.000000 0.000000	0.000000 0.000000	0.000000 0.000000	0.000000 0.000000	
3 32 3 1.300000	0.958487 0.001953	0.081302 0.003745	0.000000 0.000000	0.000000 0.000000	0.000000 0.000000	0.000000 0.000000	0.000000 0.000000	0.000000 0.000000	0.000000 0.000000	0.000000 0.000000	0.000000 0.000000	
3 32 3 1.310000	0.956305 0.002655	0.085480 0.005075	0.000000 0.000000	0.000000 0.000000	0.000000 0.000000	0.000000 0.000000	0.000000 0.000000	0.000000 0.000000	0.000000 0.000000	0.000000 0.000000	0.000000 0.000000	
3 32 3 1.320000	0.953206 0.004429	0.091397 0.008444	0.001969 0.009843	0.000000 0.000000	0.000000 0.000000	0.000000 0.000000	0.000000 0.000000	0.000000 0.000000	0.000000 0.000000	0.000000 0.000000	0.000000 0.000000	
3 32 3 1.330000	0.951830 0.003125	0.094018 0.005949	0.000000 0.000000	0.000000 0.000000	0.000000 0.000000	0.000000 0.000000	0.000000 0.000000	0.000000 0.000000	0.000000 0.000000	0.000000 0.000000	0.000000 0.000000	
3 32 3 1.340000	0.949837 0.003133	0.097808 0.005953	0.001911 0.009557	0.000000 0.000000	0.001900 0.009501	0.000000 0.000000	0.000000 0.000000	0.000000 0.000000	0.001787 0.008935	0.000000 0.000000	0.000000 0.000000	
3 32 3 1.350000	0.947339 0.001024	0.102550 0.001940	0.000000 0.000000	0.000000 0.000000	0.000000 0.000000	0.000000 0.000000	0.000000 0.000000	0.000000 0.000000	0.000000 0.000000	0.000000 0.000000	0.000000 0.000000	
3 32 3 1.360000	0.945792 0.001517	0.105477 0.002870	0.001796 0.008979	0.000000 0.000000	0.000000 0.000000	0.000000 0.000000	0.000000 0.000000	0.000000 0.000000	0.000000 0.000000	0.000000 0.000000	0.000000 0.000000	
3 32 3 1.370000	0.943326 0.000961	0.110136 0.001813	0.000000 0.000000	0.000000 0.000000	0.000000 0.000000	0.000000 0.000000	0.000000 0.000000	0.000000 0.000000	0.000000 0.000000	0.000000 0.000000	0.000000 0.000000	
3 32 3 1.380000	0.940332 0.001391	0.115776 0.002616	0.000000 0.000000	0.000000 0.000000	0.000000 0.000000	0.000000 0.000000	0.000000 0.000000	0.000000 0.000000	0.000000 0.000000	0.000000 0.000000	0.000000 0.000000	
3 32 3 1.390000	0.938340 0.001909	0.119518 0.003582	0.000000 0.000000	0.000000 0.000000	0.000000 0.000000	0.000000 0.000000	0.000000 0.000000	0.000000 0.000000	0.000000 0.000000	0.000000 0.000000	0.000000 0.000000	
3 32 3 1.400000	0.935135 0.001671	0.125521 0.003125	0.000000 0.000000	0.000000 0.000000	0.000000 0.000000	0.000000 0.000000	0.000000 0.000000	0.000000 0.000000	0.000000 0.000000	0.000000 0.000000	0.000000 0.000000	
3 32 3 1.410000	0.932816 0.001081	0.129854 0.002017	0.000000 0.000000	0.000000 0.000000	0.000000 0.000000	0.000000 0.000000	0.000000 0.000000	0.000000 0.000000	0.000000 0.000000	0.000000 0.000000	0.000000 0.000000	
3 32 3 1.420000	0.929979 0.002461	0.135139 0.004577	0.000000 0.000000	0.000000 0.000000	0.000000 0.000000	0.000000 0.000000	0.000000 0.000000	0.000000 0.000000	0.001897 0.009486	0.000000 0.000000	0.000000 0.000000	
3 32 3 1.430000	0.926419 0.000481	0.141748 0.000892	0.010712 0.002889	0.000000 0.000000	0.000000 0.000000	0.000000 0.000000	0.000000 0.000000	0.000000 0.000000	0.000000 0.000000	0.000000 0.000000	0.000000 0.000000	
3 32 3 1.440000	0.923663 0.002825	0.146846 0.005215	0.000000 0.000000	0.000000 0.000000	0.000000 0.000000	0.000000 0.000000	0.000000 0.000000	0.000000 0.000000	0.000000 0.000000	0.000000 0.000000	0.000000 0.000000	
3 32 3 1.450000	0.920179 0.001582	0.153271 0.002912	0.012728 0.005454	0.000000 0.000000	0.000000 0.000000	0.000000 0.000000	0.000000 0.000000	0.000000 0.000000	0.000000 0.000000	0.000000 0.000000	0.000000 0.000000	
3 32 3 1.460000	0.916478 0.003473	0.160066 0.006366	0.014826 0.005773	0.000000 0.000000	0.000000 0.000000	0.000000 0.000000	0.000000 0.000000	0.000000 0.000000	0.000000 0.000000	0.000000 0.000000	0.001984 0.009922	
3 32 3 1.470000	0.912600 0.003393	0.167159 0.006194	0.013391 0.006374	0.000000 0.000000	0.000000 0.000000	0.000000 0.000000	0.000000 0.000000	0.000000 0.000000	0.000000 0.000000	0.000000 0.000000	0.000000 0.000000	
3 32 3 1.480000	0.909595 0.002220	0.172636 0.004038	0.015238 0.006623	0.000000 0.000000	0.000000 0.000000	0.000000 0.000000	0.000000 0.000000	0.000000 0.000000	0.000000 0.000000	0.000000 0.000000	0.000000 0.000000	
3 32 3 1.490000	0.906198 0.002077	0.178804 0.003765	0.016588 0.007996	0.000000 0.000000	0.000000 0.000000	0.000000 0.000000	0.000000 0.000000	0.000000 0.000000	0.000000 0.000000	0.000000 0.000000	0.000000 0.000000	
3 32 3 1.500000	0.902565 0.001021	0.185377 0.001843	0.017242 0.009299	0.000000 0.000000	0.000000 0.000000	0.000000 0.000000	0.000000 0.000000	0.000000 0.000000	0.000000 0.000000	0.000000 0.000000	0.000000 0.000000	
3 32 3 1.510000	0.898550 0.002224	0.192607 0.003996	0.016643 0.009321	0.000000 0.000000	0.000000 0.000000	0.000000 0.000000	0.000000 0.000000	0.000000 0.000000	0.000000 0.000000	0.000000 0.000000	0.000000 0.000000	
3 32 3 1.520000	0.893389 0.001390	0.201856 0.002482	0.019480 0.009046	0.000000 0.000000	0.000000 0.000000	0.000000 0.000000	0.000000 0.000000	0.000000 0.000000	0.000000 0.000000	0.000000 0.000000	0.000000 0.000000	
3 32 3 1.530000	0.889961 0.004643	0.207966 0.008260	0.020948 0.003797	0.000000 0.000000	0.000000 0.000000	0.000000 0.000000	0.000000 0.000000	0.000000 0.000000	0.001874 0.009369	0.000000 0.000000	0.000000 0.000000	
3 32 3 1.540000	0.884142 0.003290	0.218292 0.005819	0.023116 0.008803	0.000000 0.000000	0.000000 0.000000	0.000000 0.000000	0.000000 0.000000	0.000000 0.000000	0.000000 0.000000	0.000000 0.000000	0.000000 0.000000	
3 32 3 1.550000	0.881250 0.003852	0.223396 0.006794	0.021310 0.006840	0.001823 0.009114	0.000000 0.000000	0.000000 0.000000	0.000000 0.000000	0.000000 0.000000	0.000000 0.000000	0.000000 0.000000	0.000000 0.000000	
3 32 3 1.560000	0.874879 0.004311	0.234585 0.007542	0.025825 0.009735	0.000000 0.000000	0.000000 0.000000	0.000000 0.000000	0.000000 0.000000	0.000000 0.000000	0.000000 0.000000	0.000000 0.000000	0.000000 0.000000	
3 32 3 1.570000	0.870595 0.004152	0.242063 0.007229	0.025284 0.006042	0.000000 0.000000	0.000000 0.000000	0.000000 0.000000	0.000000 0.000000	0.000000 0.000000	0.000000 0.000000	0.000000 0.000000	0.000000 0.000000	
3 32 3 1.580000	0.864871 0.005219	0.251995 0.009025	0.027004 0.004919	0.000000 0.000000	0.000000 0.000000	0.000000 0.000000	0.000000 0.000000	0.000000 0.000000	0.000000 0.000000	0.000000 0.000000	0.000000 0.000000	
3 32 3 1.590000	0.858416 0.004252	0.263119 0.007299	0.027053 0.008243	0.000000 0.000000	0.000000 0.000000	0.000000 0.000000	0.000000 0.000000	0.000000 0.000000	0.000000 0.000000	0.000000 0.000000	0.000000 0.000000	
3 32 3 1.600000	0.852283 0.004169	0.273612 0.007108	0.034012 0.007292	0.000000 0.000000	0.000000 0.000000	0.000000 0.000000	0.000000 0.000000	0.000000 0.000000	0.000000 0.000000	0.000000 0.000000	0.000000 0.000000	
3 32 3 1.610000	0.846291 0.003800	0.283789 0.006431	0.034830 0.009814	0.000000 0.000000	0.000000 0.000000	0.000000 0.000000	0.000000 0.000000	0.000000 0.000000	0.000000 0.000000	0.000000 0.000000	0.000000 0.000000	
3 32 3 1.620000	0.839931 0.003516	0.294515 0.005907	0.036207 0.009616	0.000000 0.000000	0.000000 0.000000	0.000000 0.000000	0.000000 0.000000	0.000000 0.000000	0.000000 0.000000	0.000000 0.000000	0.000000 0.000000	
3 32 3 1.630000	0.833816 0.002755	0.304750 0.004594	0.039667 0.008125	0.000000 0.000000	0.000000 0.000000	0.000000 0.000000	0.000000 0.000000	0.000000 0.000000	0.000000 0.000000	0.000000 0.000000	0.000000 0.000000	
3 32 3 1.640000	0.826182 0.005714	0.317419 0.009450	0.039926 0.007876	0.000000 0.000000	0.000000 0.000000	0.000000 0.000000	0.000000 0.000000	0.000000 0.000000	0.000000 0.000000	0.000000 0.000000	0.000000 0.000000	
3 32 3 1.650000	0.817610 0.004016	0.331511 0.006568	0.047262 0.004966	0.001954 0.009772	0.000000 0.000000	0.000000 0.000000	0.000000 0.000000	0.000000 0.000000	0.000000 0.000000	0.000000 0.000000	0.000000 0.000000	
3 32 3 1.660000	0.808820 0.005987	0.345807 0.009677	0.045399 0.006282	0.000000 0.000000	0.000000 0.000000	0.000000 0.000000	0.000000 0.000000	0.000000 0.000000	0.000000 0.000000	0.000000 0.000000	0.000000 0.000000	
3 32 3 1.670000	0.801665 0.003590	0.357331 0.005756	0.051015 0.008225	0.000000 0.000000	0.000000 0.000000	0.000000 0.000000	0.000000 0.000000	0.001955 0.009777	0.000000 0.000000	0.001924 0.009620	0.000000 0.000000	
3 32 3 1.680000	0.790746 0.004941	0.374717 0.007816	0.053017 0.004359	0.001964 0.009820	0.000000 0.000000	0.000000 0.000000	0.000000 0.000000	0.000000 0.000000	0.000000 0.000000	0.000000 0.000000	0.000000 0.000000	
3 32 3 1.690000	0.783939 0.005651	0.385436 0.008863	0.052783 0.008224	0.001947 0.009735	0.000000 0.000000	0.000000 0.000000	0.000000 0.000000	0.000000 0.000000	0.000000 0.000000	0.000000 0.000000	0.000000 0.000000	
3 32 3 1.700000	0.770145 0.006129	0.406872 0.009447	0.058718 0.006030	0.016105 0.005013	0.000000 0.000000	0.000000 0.000000	0.000000 0.000000	0.000000 0.000000	0.000000 0.000000	0.000000 0.000000	0.000000 0.000000	
3 32 3 1.710000	0.759231 0.002387	0.423567 0.003626	0.061673 0.009104	0.013503 0.003723	0.001917 0.009586	0.000000 0.000000	0.000000 0.000000	0.000000 0.000000	0.000000 0.000000	0.000000 0.000000	0.000000 0.000000	
3 32 3 1.720000	0.745720 0.005068	0.443899 0.007562	0.070549 0.006687	0.013808 0.006419	0.000000 0.000000	0.000000 0.000000	0.000000 0.000000	0.000000 0.000000	0.000000 0.000000	0.000000 0.000000	0.000000 0.000000	
3 32 3 1.730000	0.733339 0.003876	0.462211 0.005688	0.074211 0.009768	0.016679 0.009672	0.000000 0.000000	0.000000 0.000000	0.000000 0.000000	0.000000 0.000000	0.000000 0.000000	0.000000 0.000000	0.000000 0.000000	
3 32 3 1.740000	0.717706 0.006707	0.484892 0.009622	0.081139 0.003055	0.021123 0.009401	0.000000 0.000000	0.000000 0.000000	0.000000 0.000000	0.000000 0.000000	0.000000 0.000000	0.000000 0.000000	0.000000 0.000000	
3 32 3 1.750000	0.703721 0.003666	0.504774 0.005160	0.087605 0.007451	0.017719 0.009528	0.000000 0.000000	0.000000 0.000000	0.000000 0.000000	0.000000 0.000000	0.000000 0.000000	0.000000 0.000000	0.000000 0.000000	
3 32 3 1.760000	0.681494 0.007244	0.535560 0.009881	0.099623 0.008654	0.022997 0.006118	0.000000 0.000000	0.000000 0.000000	0.000000 0.000000	0.000000 0.000000	0.000000 0.000000	0.000000 0.000000	0.000000 0.000000	
3 32 3 1.770000	0.660694 0.006622	0.563477 0.008754	0.107160 0.004614	0.027066 0.001308	0.001980 0.009898	0.000000 0.000000	0.000000 0.000000	0.000000 0.000000	0.000000 0.000000	0.000000 0.000000	0.000000 0.000000	
3 32 3 1.780000	0.635291 0.006530	0.596398 0.008300	0.115750 0.005703	0.031643 0.004566	0.001996 0.009980	0.000000 0.000000	0.000000 0.000000	0.000000 0.000000	0.000000 0.000000	0.000000 0.000000	0.000000 0.000000	
3 32 3 1.790000	0.603706 0.008230	0.635529 0.009936	0.130846 0.006734	0.037032 0.005477	0.013305 0.002457	0.000000 0.000000	0.000000 0.000000	0.000000 0.000000	0.000000 0.000000	0.000000 0.000000	0.000000 0.000000	
3 32 3 1.800000	0.564020 0.005418	0.681876 0.006113	0.148870 0.003363	0.042599 0.007242	0.019203 0.007870	0.000000 0.000000	0.000000 0.000000	0.000000 0.000000	0.000000 0.000000	0.000000 0.000000	0.000000 0.000000	
3 32 3 1.810000	0.501064 0.006885	0.748929 0.006915	0.176235 0.005321	0.059352 0.004080	0.026176 0.001979	0.012446 0.004070	0.000000 0.000000	0.000000 0.000000	0.000000 0.000000	0.000000 0.000000	0.000000 0.000000	
3 32 3 1.820000	0.152924 0.026986	0.976518 0.008235	0.285592 0.001513	0.123594 0.002344	0.070956 0.002774	0.048059 0.003615	0.035801 0.003200	0.028118 0.002706	0.023048 0.003959	0.019664 0.003663	0.016967 0.006140	
3 32 3 1.830000	0.053362 0.008933	0.997144 0.000959	0.279393 0.007652	0.111940 0.003229	0.056090 0.007884	0.032839 0.008013	0.021031 0.003618	0.013238 0.002894	0.000000 0.000000	0.000000 0.000000	0.000000 0.000000	
3 32 3 1.840000	0.040669 0.001305	0.998346 0.000106	0.274730 0.000854	0.104255 0.001417	0.050540 0.001438	0.028095 0.000883	0.016866 0.000821	0.010739 0.001163	0.000000 0.000000	0.000000 0.000000	0.000000 0.000000	
3 32 3 1.850000	0.034290 0.005000	0.998821 0.000349	0.268857 0.004070	0.099289 0.005485	0.046805 0.004571	0.023900 0.002110	0.013874 0.004450	0.001989 0.009945	0.000000 0.000000	0.000000 0.000000	0.000000 0.000000	
3 32 3 1.860000	0.028830 0.006117	0.999164 0.000349	0.263745 0.007454	0.092777 0.007547	0.042321 0.001632	0.022781 0.002893	0.012504 0.005814	0.000000 0.000000	0.000000 0.000000	0.000000 0.000000	0.000000 0.000000	
3 32 3 1.870000	0.027585 0.004468	0.999236 0.000244	0.259757 0.009463	0.089526 0.003976	0.039450 0.006200	0.019657 0.004219	0.000000 0.000000	0.000000 0.000000	0.000000 0.000000	0.000000 0.000000	0.000000 0.000000	
3 32 3 1.880000	0.025642 0.004819	0.999338 0.000253	0.255680 0.004989	0.087660 0.005293	0.037312 0.003203	0.017987 0.003849	0.001994 0.009969	0.000000 0.000000	0.000000 0.000000	0.000000 0.000000	0.000000 0.000000	
3 32 3 1.890000	0.024661 0.006748	0.999385 0.000316	0.254322 0.004432	0.084894 0.007767	0.035688 0.006629	0.015985 0.005778	0.000000 0.000000	0.000000 0.000000	0.000000 0.000000	0.000000 0.000000	0.000000 0.000000	
3 32 3 1.900000	0.024344 0.007894	0.999400 0.000374	0.250842 0.004433	0.078853 0.005077	0.033048 0.009605	0.016836 0.008154	0.000000 0.000000	0.000000 0.000000	0.000000 0.000000	0.000000 0.000000	0.000000 0.000000	
3 32 3 1.910000	0.021226 0.004600	0.999546 0.000194	0.250285 0.008740	0.078550 0.007827	0.028862 0.002951	0.014323 0.007475	0.000000 0.000000	0.000000 0.000000	0.000000 0.000000	0.000000 0.000000	0.000000 0.000000	
3 32 3 1.920000	0.021748 0.002377	0.999526 0.000104	0.243700 0.005060	0.077091 0.003147	0.030069 0.007360	0.012956 0.005148	0.000000 0.000000	0.000000 0.000000	0.000000 0.000000	0.000000 0.000000	0.000000 0.000000	
3 32 3 1.930000	0.019222 0.004494	0.999628 0.000167	0.240322 0.007123	0.072784 0.002922	0.026264 0.003127	0.011636 0.002569	0.000000 0.000000	0.000000 0.000000	0.000000 0.000000	0.000000 0.000000	0.000000 0.000000	
3 32 3 1.940000	0.019077 0.005613	0.999632 0.000218	0.237779 0.004245	0.069388 0.009435	0.027082 0.005344	0.011894 0.004444	0.000000 0.000000	0.000000 0.000000	0.000000 0.000000	0.000000 0.000000	0.000000 0.000000	
3 32 3 1.950000	0.018445 0.002651	0.999659 0.000099	0.234770 0.006773	0.071098 0.004233	0.025628 0.003385	0.011184 0.001591	0.000000 0.000000	0.000000 0.000000	0.000000 0.000000	0.000000 0.000000	0.000000 0.000000	
3 32 3 1.960000	0.019038 0.003195	0.999636 0.000122	0.232778 0.009028	0.070420 0.009671	0.024153 0.007205	0.000000 0.000000	0.000000 0.000000	0.000000 0.000000	0.000000 0.000000	0.000000 0.000000	0.000000 0.000000	
3 32 3 1.970000	0.018009 0.002238	0.999675 0.000082	0.232447 0.001946	0.065555 0.002085	0.022127 0.004701	0.000000 0.000000	0.000000 0.000000	0.000000 0.000000	0.000000 0.000000	0.000000 0.000000	0.000000 0.000000	
3 32 3 1.980000	0.016910 0.006373	0.999708 0.000218	0.226491 0.008343	0.063995 0.002274	0.021908 0.004408	0.000000 0.000000	0.000000 0.000000	0.000000 0.000000	0.000000 0.000000	0.000000 0.000000	0.000000 0.000000	
3 32 3 1.990000	0.016270 0.002794	0.999734 0.000089	0.226193 0.007023	0.062549 0.009099	0.021437 0.005960	0.000000 0.000000	0.000000 0.000000	0.000000 0.000000	0.000000 0.000000	0.000000 0.000000	0.000000 0.000000	
3 32 3 2.000000	0.017227 0.007226	0.999698 0.000249	0.222698 0.004368	0.060935 0.006286	0.020174 0.007893	0.000000 0.000000	0.000000 0.000000	0.000000 0.000000	0.000000 0.000000	0.000000 0.000000	0.000000 0.000000	
3 32 3 2.010000	0.015670 0.003231	0.999753 0.000101	0.222590 0.009476	0.061033 0.009819	0.020606 0.008262	0.000000 0.000000	0.000000 0.000000	0.000000 0.000000	0.000000 0.000000	0.000000 0.000000	0.000000 0.000000	
3 32 3 2.020000	0.015406 0.003455	0.999761 0.000111	0.218673 0.008907	0.057914 0.008402	0.021079 0.006657	0.000000 0.000000	0.000000 0.000000	0.000000 0.000000	0.000000 0.000000	0.000000 0.000000	0.000000 0.000000	
3 32 3 2.030000	0.013529 0.004823	0.999813 0.000130	0.218717 0.009275	0.062653 0.006575	0.018308 0.007985	0.000000 0.000000	0.000000 0.000000	0.000000 0.000000	0.000000 0.000000	0.000000 0.000000	0.000000 0.000000	
3 32 3 2.040000	0.015138 0.001184	0.999771 0.000036	0.215371 0.008054	0.054451 0.009776	0.019317 0.005055	0.000000 0.000000	0.000000 0.000000	0.000000 0.000000	0.000000 0.000000	0.000000 0.000000	0.000000 0.000000	
3 32 3 2.050000	0.016024 0.004395	0.999740 0.000133	0.212171 0.009887	0.054640 0.009764	0.015070 0.008768	0.000000 0.000000	0.000000 0.000000	0.000000 0.000000	0.000000 0.000000	0.000000 0.000000	0.000000 0.000000	
3 32 3 2.060000	0.013841 0.003047	0.999807 0.000085	0.208410 0.008591	0.055586 0.007996	0.016688 0.007053	0.000000 0.000000	0.000000 0.000000	0.000000 0.000000	0.000000 0.000000	0.000000 0.000000	0.000000 0.000000	
3 32 3 2.070000	0.013999 0.005268	0.999801 0.000142	0.214527 0.006711	0.055283 0.009706	0.015765 0.006609	0.000000 0.000000	0.000000 0.000000	0.000000 0.000000	0.001856 0.009278	0.000000 0.000000	0.000000 0.000000	
3 32 3 2.080000	0.015371 0.002897	0.999763 0.000088	0.204629 0.002483	0.049196 0.007394	0.018153 0.009800	0.000000 0.000000	0.000000 0.000000	0.000000 0.000000	0.000000 0.000000	0.000000 0.000000	0.000000 0.000000	
3 32 3 2.090000	0.014728 0.007450	0.999777 0.000237	0.205177 0.009380	0.050400 0.009979	0.017137 0.008881	0.000000 0.000000	0.000000 0.000000	0.000000 0.000000	0.000000 0.000000	0.000000 0.000000	0.000000 0.000000	
3 32 3 2.100000	0.014487 0.004506	0.999788 0.000128	0.199857 0.006833	0.052170 0.008047	0.011481 0.004573	0.000000 0.000000	0.000000 0.000000	0.000000 0.000000	0.000000 0.000000	0.000000 0.000000	0.000000 0.000000	
3 32 3 2.110000	0.012940 0.004812	0.999830 0.000131	0.203917 0.008761	0.048312 0.008714	0.013230 0.005568	0.000000 0.000000	0.000000 0.000000	0.000000 0.000000	0.000000 0.000000	0.000000 0.000000	0.000000 0.000000	
3 32 3 2.120000	0.012866 0.002387	0.999834 0.000061	0.202550 0.004536	0.047469 0.004278	0.013091 0.007775	0.000000 0.000000	0.000000 0.000000	0.000000 0.000000	0.000000 0.000000	0.000000 0.000000	0.000000 0.000000	
3 32 3 2.130000	0.012422 0.003855	0.999844 0.000094	0.201711 0.002215	0.046636 0.009678	0.014206 0.006360	0.000000 0.000000	0.000000 0.000000	0.000000 0.000000	0.000000 0.000000	0.000000 0.000000	0.000000 0.000000	
3 32 3 2.140000	0.012687 0.002325	0.999838 0.000059	0.198029 0.003629	0.047130 0.007981	0.012691 0.004671	0.000000 0.000000	0.000000 0.000000	0.000000 0.000000	0.000000 0.000000	0.000000 0.000000	0.000000 0.000000	
3 32 3 2.150000	0.012424 0.003883	0.999843 0.000095	0.199520 0.009465	0.042120 0.006537	0.013104 0.003548	0.000000 0.000000	0.000000 0.000000	0.000000 0.000000	0.001798 0.008992	0.000000 0.000000	0.000000 0.000000	
3 32 3 2.160000	0.012515 0.002283	0.999842 0.000056	0.195270 0.003157	0.044927 0.002510	0.012294 0.004531	0.000000 0.000000	0.000000 0.000000	0.000000 0.000000	0.000000 0.000000	0.000000 0.000000	0.000000 0.000000	
3 32 3 2.170000	0.012246 0.001268	0.999850 0.000031	0.192983 0.004006	0.044755 0.004367	0.010970 0.001174	0.000000 0.000000	0.000000 0.000000	0.000000 0.000000	0.000000 0.000000	0.000000 0.000000	0.000000 0.000000	
3 32 3 2.180000	0.012625 0.002095	0.999840 0.000052	0.193626 0.004779	0.042886 0.002976	0.011311 0.004545	0.000000 0.000000	0.000000 0.000000	0.000000 0.000000	0.000000 0.000000	0.000000 0.000000	0.000000 0.000000	
3 32 3 2.190000	0.012101 0.001500	0.999853 0.000036	0.189958 0.002611	0.043044 0.003954	0.010918 0.001630	0.000000 0.000000	0.000000 0.000000	0.000000 0.000000	0.000000 0.000000	0.000000 0.000000	0.000000 0.000000	
3 32 3 2.200000	0.012521 0.002928	0.999842 0.000074	0.190458 0.006981	0.042311 0.006254	0.012070 0.004928	0.000000 0.000000	0.000000 0.000000	0.000000 0.000000	0.000000 0.000000	0.000000 0.000000	0.000000 0.000000	
3 32 3 2.210000	0.012112 0.001353	0.999853 0.000033	0.188629 0.005699	0.041280 0.002921	0.010254 0.000904	0.000000 0.000000	0.000000 0.000000	0.000000 0.000000	0.000000 0.000000	0.000000 0.000000	0.000000 0.000000	
3 32 3 2.220000	0.012465 0.002404	0.999844 0.000060	0.184324 0.008898	0.041339 0.002536	0.000000 0.000000	0.000000 0.000000	0.000000 0.000000	0.000000 0.000000	0.000000 0.000000	0.000000 0.000000	0.000000 0.000000	
3 32 3 2.230000	0.011366 0.000417	0.999871 0.000009	0.186518 0.006223	0.040418 0.005896	0.000000 0.000000	0.000000 0.000000	0.000000 0.000000	0.000000 0.000000	0.000000 0.000000	0.000000 0.000000	0.000000 0.000000	
3 32 3 2.240000	0.011296 0.002466	0.999872 0.000056	0.185242 0.007520	0.039394 0.006111	0.001978 0.009890	0.000000 0.000000	0.000000 0.000000	0.000000 0.000000	0.000000 0.000000	0.000000 0.000000	0.000000 0.000000	
3 32 3 2.250000	0.011205 0.002713	0.999873 0.000062	0.183260 0.009559	0.038482 0.002488	0.001950 0.009751	0.000000 0.000000	0.000000 0.000000	0.000000 0.000000	0.000000 0.000000	0.000000 0.000000	0.000000 0.000000	
3 32 3 2.260000	0.011819 0.002404	0.999859 0.000057	0.180793 0.009110	0.037408 0.005159	0.001967 0.009833	0.000000 0.000000	0.000000 0.000000	0.000000 0.000000	0.000000 0.000000	0.000000 0.000000	0.000000 0.000000	
3 32 3 2.270000	0.010667 0.001723	0.999886 0.000038	0.179750 0.007281	0.036350 0.004621	0.000000 0.000000	0.000000 0.000000	0.000000 0.000000	0.000000 0.000000	0.000000 0.000000	0.000000 0.000000	0.000000 0.000000	
3 32 3 2.280000	0.011085 0.001431	0.999877 0.000032	0.179840 0.009550	0.038914 0.007707	0.000000 0.000000	0.000000 0.000000	0.000000 0.000000	0.000000 0.000000	0.000000 0.000000	0.000000 0.000000	0.000000 0.000000	
3 32 3 2.290000	0.011146 0.002178	0.999875 0.000049	0.176863 0.007820	0.037205 0.006663	0.000000 0.000000	0.000000 0.000000	0.000000 0.000000	0.000000 0.000000	0.000000 0.000000	0.000000 0.000000	0.000000 0.000000	
3 32 3 2.300000	0.011360 0.002105	0.999870 0.000047	0.178386 0.006245	0.037665 0.006770	0.000000 0.000000	0.000000 0.000000	0.000000 0.000000	0.000000 0.000000	0.000000 0.000000	0.000000 0.000000	0.000000 0.000000	
3 32 3 2.310000	0.012048 0.001611	0.999854 0.000038	0.174588 0.003179	0.033562 0.008482	0.000000 0.000000	0.000000 0.000000	0.000000 0.000000	0.000000 0.000000	0.000000 0.000000	0.000000 0.000000	0.000000 0.000000	
3 32 3 2.320000	0.010889 0.001926	0.999881 0.000043	0.171920 0.005075	0.034956 0.003487	0.001999 0.009993	0.000000 0.000000	0.000000 0.000000	0.000000 0.000000	0.000000 0.000000	0.000000 0.000000	0.000000 0.000000	
3 32 3 2.330000	0.011167 0.003222	0.999874 0.000075	0.173193 0.006714	0.035189 0.003490	0.000000 0.000000	0.000000 0.000000	0.000000 0.000000	0.000000 0.000000	0.000000 0.000000	0.000000 0.000000	0.000000 0.000000	
3 32 3 2.340000	0.010911 0.000821	0.999881 0.000018	0.172168 0.003219	0.033833 0.001693	0.001997 0.009985	0.000000 0.000000	0.000000 0.000000	0.000000 0.000000	0.000000 0.000000	0.000000 0.000000	0.000000 0.000000	
3 32 3 2.350000	0.010826 0.000873	0.999883 0.000019	0.172453 0.001777	0.032563 0.003348	0.000000 0.000000	0.000000 0.000000	0.000000 0.000000	0.000000 0.000000	0.000000 0.000000	0.000000 0.000000	0.000000 0.000000	
3 32 3 2.360000	0.010615 0.001452	0.999887 0.000031	0.169972 0.002849	0.033600 0.008219	0.000000 0.000000	0.000000 0.000000	0.000000 0.000000	0.000000 0.000000	0.000000 0.000000	0.000000 0.000000	0.000000 0.000000	
3 32 3 2.370000	0.010323 0.000561	0.999893 0.000012	0.167483 0.002028	0.032830 0.006965	0.000000 0.000000	0.000000 0.000000	0.000000 0.000000	0.000000 0.000000	0.000000 0.000000	0.000000 0.000000	0.000000 0.000000	
3 32 3 2.380000	0.010843 0.001715	0.999882 0.000037	0.170449 0.003940	0.033406 0.006021	0.000000 0.000000	0.000000 0.000000	0.000000 0.000000	0.000000 0.000000	0.000000 0.000000	0.000000 0.000000	0.000000 0.000000	
3 32 3 2.390000	0.010384 0.000798	0.999892 0.000017	0.167622 0.007914	0.030918 0.006635	0.000000 0.000000	0.000000 0.000000	0.000000 0.000000	0.000000 0.000000	0.000000 0.000000	0.000000 0.000000	0.000000 0.000000	
3 32 3 2.400000	0.010259 0.000911	0.999895 0.000019	0.166851 0.009693	0.030574 0.007698	0.000000 0.000000	0.000000 0.000000	0.000000 0.000000	0.000000 0.000000	0.000000 0.000000	0.000000 0.000000	0.000000 0.000000	
3 32 3 2.410000	0.010206 0.000333	0.999896 0.000007	0.165699 0.001150	0.030593 0.001400	0.000000 0.000000	0.000000 0.000000	0.000000 0.000000	0.000000 0.000000	0.000000 0.000000	0.000000 0.000000	0.000000 0.000000	
3 32 3 2.420000	0.010525 0.000744	0.999889 0.000016	0.163308 0.002695	0.031863 0.002975	0.000000 0.000000	0.000000 0.000000	0.000000 0.000000	0.000000 0.000000	0.000000 0.000000	0.000000 0.000000	0.000000 0.000000	
3 32 3 2.430000	0.010724 0.001698	0.999885 0.000037	0.164088 0.008318	0.030537 0.004080	0.000000 0.000000	0.000000 0.000000	0.000000 0.000000	0.000000 0.000000	0.000000 0.000000	0.000000 0.000000	0.000000 0.000000	
3 32 3 2.440000	0.000000 0.000000	0.999903 0.000005	0.162692 0.001125	0.029683 0.001696	0.000000 0.000000	0.000000 0.000000	0.000000 0.000000	0.000000 0.000000	0.000000 0.000000	0.000000 0.000000	0.000000 0.000000	
3 32 3 2.450000	0.000000 0.000000	0.999907 0.000021	0.160865 0.000774	0.029701 0.001796	0.000000 0.000000	0.000000 0.000000	0.000000 0.000000	0.000000 0.000000	0.000000 0.000000	0.000000 0.000000	0.000000 0.000000	
3 32 3 2.460000	0.011168 0.001739	0.999875 0.000039	0.161158 0.007227	0.029436 0.006671	0.000000 0.000000	0.000000 0.000000	0.000000 0.000000	0.000000 0.000000	0.000000 0.000000	0.000000 0.000000	0.000000 0.000000	
3 32 3 2.470000	0.000000 0.000000	0.999913 0.000020	0.161064 0.002790	0.028898 0.002124	0.000000 0.000000	0.000000 0.000000	0.000000 0.000000	0.000000 0.000000	0.000000 0.000000	0.000000 0.000000	0.000000 0.000000	
3 32 3 2.480000	0.000000 0.000000	0.999914 0.000024	0.161084 0.006940	0.028868 0.008714	0.000000 0.000000	0.000000 0.000000	0.000000 0.000000	0.000000 0.000000	0.000000 0.000000	0.000000 0.000000	0.000000 0.000000	
3 32 3 2.490000	0.000000 0.000000	0.999909 0.000024	0.157779 0.003271	0.027244 0.002036	0.000000 0.000000	0.000000 0.000000	0.000000 0.000000	0.000000 0.000000	0.000000 0.000000	0.000000 0.000000	0.000000 0.000000	
3 32 3 2.500000	0.000000 0.000000	0.999909 0.000025	0.155647 0.004666	0.029505 0.005233	0.000000 0.000000	0.000000 0.000000	0.000000 0.000000	0.000000 0.000000	0.000000 0.000000	0.000000 0.000000	0.000000 0.000000	
