3 64 100 0.400000	0.000000 0.000000	0.999985 0.000046	0.092241 0.004670	0.010288 0.003364	0.000000 0.000000	0.000000 0.000000	0.000000 0.000000	0.000000 0.000000	0.000000 0.000000	0.000000 0.000000	0.000000 0.000000	
3 64 100 0.410000	0.997579 0.004939	0.000000 0.000000	0.000000 0.000000	0.000000 0.000000	0.000000 0.000000	0.000000 0.000000	0.000000 0.000000	0.000000 0.000000	0.000000 0.000000	0.000000 0.000000	0.000000 0.000000	
3 64 100 0.420000	0.998299 0.004755	0.000000 0.000000	0.000000 0.000000	0.000000 0.000000	0.000000 0.000000	0.000000 0.000000	0.000000 0.000000	0.000000 0.000000	0.000000 0.000000	0.000000 0.000000	0.000000 0.000000	
3 64 100 0.430000	0.000000 0.000000	0.999988 0.000025	0.089326 0.009889	0.012884 0.002894	0.000000 0.000000	0.000000 0.000000	0.000000 0.000000	0.000000 0.000000	0.000000 0.000000	0.000000 0.000000	0.000000 0.000000	
3 64 100 0.440000	0.000000 0.000000	0.999994 0.000010	0.086627 0.009765	0.000000 0.000000	0.000000 0.000000	0.000000 0.000000	0.000000 0.000000	0.000000 0.000000	0.000000 0.000000	0.000000 0.000000	0.000000 0.000000	
3 64 100 0.450000	0.997755 0.004375	0.000000 0.000000	0.000000 0.000000	0.000000 0.000000	0.000000 0.000000	0.000000 0.000000	0.000000 0.000000	0.000000 0.000000	0.000000 0.000000	0.000000 0.000000	0.000000 0.000000	
3 64 100 0.460000	0.998069 0.005015	0.003854 0.009998	0.001577 0.005602	0.000881 0.002653	0.000960 0.001727	0.000499 0.000608	0.000993 0.003786	0.000627 0.002158	0.000066 0.000332	0.000494 0.001572	0.000415 0.001110	
3 64 100 0.470000	0.002861 0.004270	0.999990 0.000025	0.072448 0.009104	0.003694 0.009402	0.001339 0.002689	0.000870 0.003016	0.001006 0.004709	0.000000 0.000000	0.000132 0.000660	0.001008 0.003360	0.000261 0.000984	
3 64 100 0.480000	0.001743 0.001349	0.999997 0.000005	0.065748 0.009699	0.005290 0.004649	0.000846 0.001275	0.000650 0.001618	0.000644 0.001747	0.000336 0.001682	0.001442 0.003281	0.000591 0.001949	0.000470 0.001277	
3 64 100 0.490000	0.001807 0.003579	0.999995 0.000015	0.060938 0.008414	0.005180 0.001024	0.000938 0.003026	0.000875 0.003364	0.000337 0.001683	0.002153 0.003701	0.000000 0.000000	0.000538 0.002357	0.000134 0.000670	
3 64 100 0.500000	0.002644 0.002853	0.999992 0.000015	0.061788 0.008760	0.004840 0.003365	0.001277 0.003136	-0.000136 0.001349	-0.000027 0.000119	0.000598 0.002024	0.000824 0.001779	0.000289 0.001443	0.000691 0.001340	
3 64 100 0.510000	0.002149 0.001071	0.999995 0.000004	0.065531 0.009833	0.004675 0.002494	0.000368 0.001107	0.000349 0.001030	0.000256 0.000589	0.000080 0.000398	0.000469 0.000929	0.000372 0.001191	0.000000 0.000000	
3 64 100 0.520000	0.001702 0.002235	0.999997 0.000008	0.058178 0.009767	0.004710 0.003364	0.000403 0.002693	0.000940 0.004040	-0.000270 0.002018	0.001478 0.004712	0.000471 0.001343	0.000403 0.002017	0.002219 0.003364	
3 64 100 0.530000	0.002147 0.003313	0.999994 0.000013	0.055550 0.007067	0.002755 0.006406	0.001075 0.002694	0.000400 0.001696	-0.000069 0.001010	0.001278 0.004373	0.000468 0.002690	0.000873 0.003700	0.000402 0.001334	
3 64 100 0.540000	0.002244 0.001986	0.999994 0.000008	0.047020 0.008871	0.003968 0.004492	0.000514 0.001343	0.000000 0.000000	0.000722 0.002420	0.000267 0.000748	0.001036 0.003498	0.000931 0.001882	0.000504 0.001619	
3 64 100 0.550000	0.001593 0.001337	0.999997 0.000004	0.050098 0.009094	0.002994 0.002190	0.000773 0.002186	0.000486 0.001007	0.000381 0.001904	0.000583 0.002915	0.000718 0.002354	0.000336 0.001680	0.000717 0.002915	
3 64 100 0.560000	0.001769 0.001218	0.999997 0.000004	0.047202 0.009426	0.002691 0.004037	0.000538 0.002689	0.000201 0.000672	0.000201 0.001007	0.001210 0.003029	0.001276 0.004036	0.000269 0.001345	0.000200 0.000670	
3 64 100 0.570000	0.001516 0.000275	0.999998 0.000001	0.044083 0.009764	0.003376 0.006791	0.000600 0.001457	0.000202 0.001008	0.000179 0.000895	0.000524 0.001278	0.000134 0.000808	0.000380 0.001011	0.000420 0.001597	
3 64 100 0.580000	0.001933 0.001659	0.999996 0.000006	0.039255 0.007750	0.001479 0.003703	0.001007 0.002015	0.000267 0.000668	0.000335 0.001004	0.000336 0.001007	0.001008 0.003703	0.000671 0.001678	0.000539 0.002693	
3 64 100 0.590000	0.001660 0.002391	0.999996 0.000007	0.039862 0.008748	0.001814 0.004720	0.000334 0.002701	0.000266 0.003706	0.000133 0.000667	0.000401 0.002695	0.001208 0.004047	0.000401 0.001677	0.002420 0.003026	
3 64 100 0.600000	0.002301 0.001331	0.999994 0.000006	0.041947 0.008754	0.001668 0.004238	0.000000 0.000000	0.000920 0.001681	0.000150 0.000759	0.000000 0.000000	0.000197 0.000861	0.000049 0.000244	0.000266 0.001319	
3 64 100 0.610000	0.002105 0.001531	0.999995 0.000006	0.042240 0.008983	0.002307 0.002475	0.000245 0.001677	0.000647 0.002026	0.000673 0.003028	0.000625 0.004035	-0.000069 0.000344	0.001098 0.003028	0.000962 0.002012	
3 64 100 0.620000	0.001982 0.001387	0.999996 0.000006	0.041702 0.008307	0.000403 0.001904	0.000560 0.003033	-0.000023 0.000117	0.000918 0.002016	0.000671 0.001793	0.000000 0.000000	0.000446 0.001118	0.000201 0.001006	
3 64 100 0.630000	0.001871 0.002328	0.999996 0.000008	0.037908 0.008746	0.003093 0.002698	0.000737 0.002018	0.000940 0.002685	0.001074 0.003698	0.000537 0.002685	0.001208 0.005382	0.000538 0.001346	0.001075 0.003365	
3 64 100 0.640000	0.001924 0.002361	0.999995 0.000009	0.036157 0.008418	0.001142 0.002354	0.001883 0.003028	0.000469 0.002347	0.001075 0.003694	0.000604 0.002693	0.000739 0.002012	0.000808 0.002020	0.000874 0.002348	
3 64 100 0.650000	0.002328 0.001888	0.999994 0.000009	0.037907 0.005897	0.000470 0.001345	0.000006 0.002585	0.000134 0.000671	0.001231 0.002242	0.000851 0.003477	0.000178 0.000783	0.000144 0.000734	0.000479 0.001968	
3 64 100 0.660000	0.001892 0.002582	0.999996 0.000011	0.032656 0.006409	0.001478 0.003027	0.001142 0.002693	0.002624 0.005383	0.000874 0.003365	0.002555 0.003020	0.000471 0.002356	0.000874 0.002693	0.000269 0.001344	
3 64 100 0.670000	0.001992 0.001820	0.999996 0.000008	0.032386 0.005046	0.001747 0.003702	0.000942 0.004710	0.000067 0.000335	0.000404 0.002019	0.001545 0.003695	0.000739 0.003027	0.001413 0.005383	0.000134 0.000670	
3 64 100 0.680000	0.001856 0.001643	0.999996 0.000006	0.032858 0.007407	0.001479 0.007064	0.000806 0.002354	0.000268 0.001339	0.000470 0.001346	0.000268 0.001340	0.000804 0.001682	0.000873 0.003364	0.000336 0.001682	
3 64 100 0.690000	0.001831 0.002201	0.999996 0.000008	0.030367 0.009436	0.000874 0.001681	0.000804 0.002017	0.001144 0.005721	0.000873 0.002356	0.000470 0.001346	0.000470 0.001344	0.000536 0.002354	0.000000 0.000000	
3 64 100 0.700000	0.001869 0.002247	0.999996 0.000010	0.031376 0.007065	0.001010 0.004039	0.000470 0.001341	0.000134 0.000672	0.000134 0.000672	0.000807 0.002019	0.000670 0.001341	0.000336 0.001009	0.000268 0.000668	
3 64 100 0.710000	0.001529 0.001838	0.999997 0.000006	0.030031 0.005387	0.001682 0.005722	0.000874 0.003367	0.001278 0.002356	0.001479 0.002693	0.000268 0.000672	0.000133 0.000335	0.000067 0.000336	0.000000 0.000000	
3 64 100 0.720000	0.002154 0.002002	0.999995 0.000009	0.032318 0.008760	0.001142 0.003365	0.000871 0.003699	0.001881 0.005381	-0.000338 0.005055	0.000335 0.001680	0.000401 0.004036	0.000198 0.001356	0.000133 0.000676	
3 64 100 0.730000	0.001543 0.001124	0.999997 0.000003	0.027405 0.007746	0.000941 0.002354	0.001144 0.002691	0.000873 0.002353	0.001076 0.003029	-0.000405 0.001687	0.000672 0.002353	0.001210 0.004037	0.000605 0.001680	
3 64 100 0.740000	0.001420 0.002555	0.999997 0.000008	0.026125 0.009756	0.001328 0.002517	0.000211 0.000896	0.001950 0.004481	0.000705 0.003374	0.000336 0.003031	0.000370 0.001853	0.000774 0.002357	0.000940 0.001682	
3 64 100 0.750000	0.003145 0.003808	0.999988 0.000028	0.027867 0.008089	0.001740 0.003336	0.000400 0.001670	0.001547 0.004708	0.001808 0.003027	0.000534 0.001670	0.000398 0.001989	0.000268 0.000670	0.001472 0.002688	
3 64 100 0.760000	0.001555 0.002088	0.999997 0.000006	0.028010 0.007075	0.000807 0.002688	0.000335 0.001346	0.001075 0.003026	0.000470 0.001346	0.000201 0.000673	0.000000 0.000000	0.000806 0.001683	0.000739 0.001683	
3 64 100 0.770000	0.001722 0.001728	0.999997 0.000007	0.025518 0.008748	0.001815 0.002700	0.000670 0.002697	0.000067 0.000335	0.000199 0.001007	0.001546 0.003696	0.000875 0.002358	0.000133 0.001344	0.001008 0.002352	
3 64 100 0.780000	0.001476 0.002012	0.999997 0.000007	0.023230 0.007409	0.001075 0.003700	0.001681 0.003697	0.000335 0.001676	0.000941 0.003027	0.002287 0.004713	0.000404 0.002019	0.000874 0.003029	0.000471 0.002356	
3 64 100 0.790000	0.001724 0.001536	0.999997 0.000005	0.025182 0.008753	0.002422 0.007068	0.000471 0.002353	0.000201 0.001005	0.000201 0.001006	0.000605 0.002691	0.000335 0.001341	0.000269 0.001344	0.000806 0.002690	
3 64 100 0.800000	0.002537 0.002161	0.999993 0.000012	0.025178 0.009428	0.000467 0.003703	0.001007 0.003016	-0.000277 0.003379	0.000403 0.001681	0.001211 0.004036	0.002148 0.002683	0.000131 0.002702	0.001343 0.003689	
3 64 100 0.810000	0.001745 0.001592	0.999997 0.000006	0.024508 0.003367	0.000134 0.000335	0.000133 0.000335	0.000000 0.000000	0.001143 0.003029	0.002017 0.003363	0.000874 0.002018	0.000067 0.000333	0.000671 0.001676	
3 64 100 0.820000	0.001871 0.002349	0.999996 0.000009	0.023902 0.009084	0.000887 0.001879	0.000671 0.001943	0.001473 0.003096	0.000645 0.002490	0.000551 0.001950	0.001114 0.002010	0.000266 0.000672	0.000605 0.003027	
3 64 100 0.830000	0.002218 0.003266	0.999994 0.000015	0.020420 0.008755	0.001276 0.002678	0.000447 0.002686	0.000242 0.000994	0.000937 0.002005	0.000489 0.003586	0.000802 0.001689	0.000915 0.003477	0.000964 0.002914	
3 64 100 0.840000	0.001545 0.002651	0.999997 0.000009	0.023431 0.006396	0.001950 0.005378	0.000806 0.002356	0.000469 0.001683	0.000539 0.002019	0.001144 0.004035	0.000874 0.003030	0.001344 0.003029	0.000808 0.004040	
3 64 100 0.850000	0.002711 0.003185	0.999991 0.000016	0.023964 0.009420	0.000600 0.002004	0.000942 0.004710	0.000871 0.002689	0.000938 0.002013	0.001206 0.003366	0.000738 0.002353	0.000000 0.000000	0.001071 0.002679	
3 64 100 0.860000	0.001648 0.003329	0.999996 0.000011	0.020467 0.004724	0.000535 0.001336	0.001008 0.002355	0.000470 0.002349	0.001615 0.003703	0.000000 0.000000	0.001006 0.002013	0.000538 0.002691	0.001276 0.004370	
3 64 100 0.870000	0.001715 0.001725	0.999997 0.000005	0.021141 0.008418	0.001681 0.005047	0.000067 0.000335	0.001008 0.004035	0.000740 0.003030	0.000672 0.003025	0.001142 0.003027	0.001815 0.002353	0.000672 0.002017	
3 64 100 0.880000	0.001862 0.002111	0.999996 0.000008	0.020669 0.007752	0.000471 0.002356	0.000067 0.000333	0.000402 0.001346	0.000404 0.002020	0.000267 0.000670	0.001143 0.003703	0.000268 0.001339	0.000201 0.001007	
3 64 100 0.890000	0.001325 0.001961	0.999998 0.000006	0.020644 0.007946	0.000834 0.002692	0.000336 0.001682	0.000201 0.001003	0.000905 0.002244	0.000967 0.001750	-0.000045 0.001121	0.000000 0.000000	0.000242 0.001212	
3 64 100 0.900000	0.001829 0.003126	0.999995 0.000013	0.019928 0.007400	0.001077 0.002356	0.001746 0.001358	0.001142 0.002007	0.001614 0.006059	0.000606 0.001683	0.001410 0.003354	0.000534 0.001347	0.001142 0.003017	
3 64 100 0.910000	0.001702 0.000888	0.999997 0.000003	0.019952 0.009428	0.000493 0.002017	0.000080 0.000400	0.000291 0.001118	0.000192 0.000739	0.000773 0.002018	0.000156 0.000782	0.001502 0.002804	0.000695 0.001951	
3 64 100 0.920000	0.001388 0.002288	0.999997 0.000008	0.019391 0.004712	0.001277 0.003702	0.000336 0.000673	0.000875 0.002692	0.000471 0.002355	0.000538 0.001009	0.001212 0.003367	0.000133 0.000665	0.001075 0.003022	
3 64 100 0.930000	0.001036 0.001775	0.999999 0.000004	0.018921 0.004381	0.001278 0.002689	0.000067 0.000336	0.000875 0.003365	0.000808 0.003030	0.000000 0.000000	0.001143 0.002694	0.000739 0.002020	0.000605 0.001346	
3 64 100 0.940000	0.001454 0.003044	0.999997 0.000010	0.019121 0.008408	0.001276 0.002346	0.000806 0.002683	0.000471 0.001347	0.000873 0.004039	0.000471 0.001344	0.000200 0.000672	0.000202 0.001009	0.000336 0.001009	
3 64 100 0.950000	0.001187 0.001544	0.999998 0.000004	0.021008 0.004716	0.000000 0.000000	0.000471 0.001683	0.000740 0.002693	0.000202 0.001009	0.000067 0.000334	0.000942 0.003030	0.000000 0.000000	0.000740 0.002356	
3 64 100 0.960000	0.002422 0.002642	0.999993 0.000014	0.018108 0.004039	0.000398 0.001336	0.001073 0.004038	0.000736 0.002004	0.000266 0.001008	0.000603 0.002016	0.002350 0.002702	0.001677 0.005047	0.000872 0.002016	
3 64 100 0.970000	0.000901 0.001568	0.999999 0.000003	0.015420 0.006733	0.000538 0.001347	0.000067 0.000337	0.000808 0.002019	0.000943 0.002357	0.000673 0.002017	0.001144 0.003365	0.000875 0.004377	0.000134 0.000336	
3 64 100 0.980000	0.002232 0.001812	0.999995 0.000008	0.018782 0.003709	0.001006 0.002013	0.000402 0.001008	0.001007 0.003357	0.000201 0.001007	0.000067 0.000334	0.001143 0.005716	0.001073 0.002355	0.000470 0.001681	
3 64 100 0.990000	0.001443 0.001796	0.999997 0.000007	0.017439 0.005049	0.000469 0.001681	0.001277 0.002018	0.001077 0.005385	0.001211 0.003703	0.000402 0.001339	0.000066 0.000329	0.000000 0.000000	0.001479 0.003029	
3 64 100 1.000000	0.001776 0.002296	0.999996 0.000009	0.019592 0.005722	0.001478 0.002697	0.001748 0.003702	0.000202 0.001010	0.001412 0.003030	0.000740 0.001683	0.000200 0.001001	0.000604 0.002011	0.000671 0.002685	
3 64 100 1.010000	0.001546 0.002615	0.999997 0.000008	0.015687 0.005388	0.001345 0.003360	0.001412 0.004376	0.002151 0.003032	0.000470 0.002349	0.001276 0.003029	0.000537 0.002020	0.000269 0.001346	0.000470 0.002350	
3 64 100 1.020000	0.002143 0.002732	0.999994 0.000012	0.016897 0.003362	0.000874 0.002694	-0.000677 0.004046	0.000202 0.001009	0.000602 0.004708	0.000602 0.002682	0.000601 0.001010	0.001409 0.003031	0.000737 0.002363	
3 64 100 1.030000	0.001817 0.003202	0.999995 0.000016	0.017234 0.004378	0.000673 0.002020	0.001343 0.003351	0.000266 0.000672	0.000538 0.001683	0.000471 0.001346	0.000336 0.001682	0.002756 0.003704	0.000198 0.000336	
3 64 100 1.040000	0.001651 0.001841	0.999997 0.000006	0.014071 0.007746	0.000941 0.002357	0.001211 0.006055	0.001077 0.002693	0.000807 0.003026	0.000740 0.003367	0.000873 0.002357	0.001210 0.003361	0.001547 0.006733	
3 64 100 1.050000	0.002090 0.001039	0.999995 0.000004	0.015888 0.005053	0.000402 0.001678	0.001951 0.005047	0.000806 0.003025	0.000603 0.001680	0.000000 0.000000	0.000807 0.004036	0.000941 0.003697	0.000402 0.001008	
3 64 100 1.060000	0.002291 0.002481	0.999994 0.000011	0.015347 0.007069	0.000668 0.001342	0.000067 0.000336	0.000805 0.003020	0.000268 0.000673	0.001207 0.003019	0.000869 0.002354	0.000000 0.000000	0.000265 0.000999	
3 64 100 1.070000	0.002290 0.003934	0.999993 0.000020	0.015414 0.007077	0.000534 0.001344	0.000739 0.002689	0.001275 0.002693	0.000469 0.002016	0.001006 0.004694	0.001138 0.002357	0.000333 0.001327	0.000335 0.001343	
3 64 100 1.080000	0.002364 0.000715	0.999994 0.000003	0.015887 0.008419	0.000603 0.002016	0.000670 0.002015	0.000605 0.003024	0.001208 0.001678	0.000000 0.000000	0.000402 0.001678	0.000805 0.002350	0.000941 0.003363	
3 64 100 1.090000	0.001339 0.000739	0.999998 0.000002	0.015486 0.005724	0.001009 0.003366	0.000605 0.002019	0.000471 0.001346	0.000538 0.002692	0.000538 0.002692	0.001816 0.003030	0.000202 0.001008	0.001547 0.003365	
3 64 100 1.100000	0.002308 0.002977	0.999994 0.000015	0.014808 0.005710	0.001746 0.004698	0.000874 0.004039	0.000804 0.002677	0.000402 0.001678	0.001342 0.002692	0.000400 0.001667	0.001009 0.003360	0.000534 0.002004	
3 64 100 1.110000	0.001961 0.001495	0.999996 0.000005	0.011982 0.004712	0.001278 0.003365	0.001210 0.005382	0.000873 0.002015	0.000335 0.001341	0.000201 0.000669	0.000805 0.002352	0.001950 0.003361	0.001141 0.003360	
3 64 100 1.120000	0.001465 0.002722	0.999997 0.000010	0.015956 0.005723	0.000872 0.001346	-0.000338 0.002360	0.000064 0.003373	0.000267 0.001337	0.000673 0.001683	-0.000001 0.000004	0.000806 0.006744	0.001613 0.003021	
3 64 100 1.130000	0.001231 0.001253	0.999998 0.000003	0.015082 0.007405	0.001345 0.004038	0.001278 0.004376	0.000807 0.002016	0.000739 0.002020	0.000202 0.001010	0.000874 0.002690	0.000807 0.002020	0.000135 0.000673	
3 64 100 1.140000	0.001552 0.002770	0.999997 0.000010	0.014071 0.008080	0.000740 0.001682	0.000537 0.002684	0.001010 0.002692	0.000604 0.003020	0.001008 0.002357	0.001277 0.003028	0.000336 0.001008	0.000201 0.000671	
3 64 100 1.150000	0.002069 0.001193	0.999996 0.000005	0.013935 0.009427	0.000537 0.001343	0.001142 0.002690	0.000872 0.002017	0.001747 0.004038	0.000000 0.000000	0.000670 0.002349	0.000403 0.002017	0.000134 0.000671	
3 64 100 1.160000	0.001636 0.002402	0.999996 0.000009	0.012320 0.006067	0.000402 0.001346	0.000269 0.001346	0.001210 0.003367	0.001481 0.005050	0.001007 0.003363	0.000605 0.002690	0.000065 0.000327	0.001077 0.003030	
3 64 100 1.170000	0.001205 0.001128	0.999998 0.000003	0.012793 0.004713	0.000942 0.002020	0.001480 0.002357	0.000807 0.002357	0.000202 0.000673	0.001481 0.003703	0.000201 0.001007	0.000539 0.002693	0.000606 0.001683	
3 64 100 1.180000	0.002792 0.003305	0.999990 0.000018	0.014872 0.005718	0.001073 0.003029	0.001141 0.002692	0.000330 0.000658	0.001071 0.002678	0.000936 0.002344	0.000869 0.003366	0.001007 0.003029	0.001546 0.004039	
3 64 100 1.190000	0.001965 0.002617	0.999995 0.000008	0.013531 0.007747	0.000402 0.001007	0.000603 0.002012	0.000604 0.002351	0.000538 0.001681	0.000604 0.002351	0.000335 0.001344	0.000401 0.001339	0.000000 0.000000	
3 64 100 1.200000	0.001390 0.001996	0.999998 0.000007	0.011647 0.003374	0.000470 0.001676	0.000605 0.002354	0.000874 0.003023	0.000135 0.000673	0.001346 0.002692	0.000267 0.000673	0.000807 0.002693	0.000807 0.001683	
3 64 100 1.210000	0.002064 0.002707	0.999995 0.000013	0.012183 0.006396	0.000268 0.001004	0.001277 0.003024	0.000672 0.001682	0.001275 0.002680	0.000941 0.002691	0.000268 0.001340	0.000401 0.000996	0.000804 0.002687	
3 64 100 1.220000	0.001358 0.001516	0.999998 0.000004	0.013129 0.004710	0.000806 0.002353	0.000067 0.000334	0.001009 0.004713	0.000740 0.002355	0.001076 0.003030	0.000807 0.002018	0.000741 0.003704	0.000537 0.001343	
3 64 100 1.230000	0.001890 0.003492	0.999995 0.000016	0.012722 0.005372	0.001277 0.003367	0.000941 0.002348	0.000199 0.000658	0.000199 0.000658	0.000334 0.001668	0.000471 0.002355	0.000135 0.000673	0.001750 0.005050	
3 64 100 1.240000	0.001505 0.002392	0.999997 0.000006	0.012455 0.005046	-0.000137 0.000680	0.000334 0.001682	0.000402 0.001010	0.001210 0.008761	-0.000002 0.004708	0.000334 0.001681	0.000470 0.002350	0.001278 0.003026	
3 64 100 1.250000	0.001568 0.002984	0.999997 0.000010	0.012858 0.008088	0.001680 0.004367	0.000469 0.002010	0.000336 0.001346	0.000605 0.001683	0.000267 0.004033	-0.000271 0.002693	0.000334 0.001344	0.001075 0.002701	
3 64 100 1.260000	0.001612 0.003079	0.999996 0.000012	0.011848 0.007407	0.001007 0.002356	0.000673 0.002020	0.000202 0.001010	0.001548 0.003704	0.000740 0.002355	0.000670 0.001334	0.002019 0.003700	0.000672 0.002690	
3 64 100 1.270000	0.001241 0.001595	0.999998 0.000004	0.010571 0.007074	0.000875 0.004038	0.000202 0.001010	0.000067 0.000336	0.000673 0.002357	0.000471 0.001345	0.001077 0.004712	0.001480 0.003703	0.000404 0.000673	
3 64 100 1.280000	0.001339 0.002671	0.999997 0.000010	0.012388 0.003030	0.000000 0.000000	0.000135 0.000673	0.000200 0.001000	0.000134 0.000335	0.001412 0.003367	0.001142 0.002693	0.000000 0.000000	0.000806 0.002347	
3 64 100 1.290000	0.001462 0.002403	0.999997 0.000007	0.010974 0.002696	0.000469 0.001339	0.000672 0.001683	0.000537 0.001682	0.003164 0.006059	0.000135 0.000673	0.001076 0.003704	0.000671 0.001339	0.000538 0.001679	
3 64 100 1.300000	0.001318 0.001094	0.999998 0.000003	0.010436 0.005390	0.001211 0.003701	0.000875 0.003701	0.000740 0.002017	0.000538 0.001681	0.000269 0.000673	0.000604 0.001006	0.000471 0.001346	0.001278 0.002693	
3 64 100 1.310000	0.001886 0.003132	0.999995 0.000014	0.010837 0.005392	0.001074 0.002342	0.001143 0.004040	0.000470 0.001010	0.000000 0.000000	0.000134 0.000672	0.001208 0.002019	0.001412 0.003366	0.001006 0.002355	
3 64 100 1.320000	0.002218 0.001863	0.999995 0.000009	0.012183 0.005725	0.000939 0.002349	0.001005 0.006401	0.001007 0.002683	0.000267 0.001351	0.000536 0.001673	0.000402 0.002693	0.001076 0.003703	0.000737 0.002017	
3 64 100 1.330000	0.002164 0.002539	0.999994 0.000013	0.010499 0.005737	0.000740 0.003028	0.001141 0.003027	0.000403 0.001682	0.000335 0.000672	0.000871 0.002686	0.000873 0.002686	0.001277 0.002355	0.000602 0.001669	
3 64 100 1.340000	0.001834 0.002192	0.999996 0.000008	0.007807 0.001685	0.001075 0.002685	0.000604 0.001675	0.001477 0.003704	0.000201 0.000673	0.000606 0.002019	0.001073 0.001683	0.000939 0.002685	0.000133 0.000665	
3 64 100 1.350000	0.002109 0.003693	0.999994 0.000023	0.009488 0.004714	0.000533 0.001008	0.000538 0.002019	0.000668 0.001682	0.000201 0.001007	0.000537 0.001682	0.001076 0.003029	0.001206 0.002355	0.000201 0.001007	
3 64 100 1.360000	0.002361 0.004198	0.999992 0.000025	0.011103 0.005380	0.000604 0.003022	0.000942 0.002356	0.001075 0.002356	0.002149 0.005362	0.001072 0.003005	0.000000 0.000000	0.000268 0.001005	0.001137 0.001683	
3 64 100 1.370000	0.002201 0.001441	0.999995 0.000007	0.010163 0.004382	0.000000 0.000000	0.000267 0.001001	0.000000 0.000000	0.000939 0.003027	0.000671 0.001681	0.001210 0.002354	0.001479 0.005385	0.000536 0.001343	
3 64 100 1.380000	0.001751 0.001838	0.999997 0.000006	0.009963 0.003028	0.000538 0.002689	0.001276 0.003697	0.000000 0.000000	0.000000 0.000000	0.000403 0.002016	0.000403 0.001010	0.000538 0.002690	0.001143 0.003027	
3 64 100 1.390000	0.001899 0.002435	0.999996 0.000009	0.011174 0.007414	0.000469 0.001674	0.001411 0.003358	0.000672 0.002688	0.000200 0.000671	0.000536 0.001674	0.000468 0.001337	0.001009 0.002691	0.000469 0.001674	
3 64 100 1.400000	0.001170 0.001655	0.999998 0.000004	0.009695 0.005727	0.001278 0.002017	0.000000 0.000000	0.001210 0.004717	0.001951 0.007747	0.001749 0.004711	0.000538 0.002020	0.001076 0.003706	0.000000 0.000000	
3 64 100 1.410000	0.001218 0.001206	0.999998 0.000003	0.009089 0.002022	0.000538 0.001346	0.001413 0.002693	0.000874 0.001681	0.000672 0.001682	0.000471 0.002357	0.000673 0.001683	0.001076 0.003364	0.000942 0.004711	
3 64 100 1.420000	0.002296 0.002325	0.999994 0.000011	0.010095 0.007066	0.001208 0.003026	0.000134 0.000669	0.000739 0.001682	0.000736 0.001676	0.000738 0.001679	0.001480 0.003366	0.000673 0.003363	0.000000 0.000000	
3 64 100 1.430000	0.001842 0.002001	0.999996 0.000007	0.008818 0.004716	0.000873 0.002693	0.000873 0.001681	0.000874 0.002691	0.000336 0.001344	0.000805 0.002013	0.000066 0.000330	0.000066 0.000331	0.000066 0.000330	
3 64 100 1.440000	0.002446 0.002058	0.999994 0.000011	0.011711 0.004036	0.001544 0.005048	0.000400 0.001678	0.000198 0.000660	0.001812 0.003025	0.000200 0.001002	0.000134 0.000670	0.000469 0.001339	0.000603 0.001681	
3 64 100 1.450000	0.002067 0.001321	0.999996 0.000006	0.008278 0.003035	0.000335 0.001675	0.000672 0.002690	0.001008 0.002690	0.001411 0.002690	0.000941 0.003364	0.001208 0.002018	0.000402 0.002012	0.001411 0.003701	
3 64 100 1.460000	0.001499 0.002751	0.999996 0.000008	0.010165 0.007752	0.000000 0.000000	0.000066 0.000330	0.000606 0.001683	0.000603 0.001676	0.000336 0.001680	0.000337 0.001683	0.000202 0.000673	0.000201 0.001003	
3 64 100 1.470000	0.002751 0.003966	0.999990 0.000024	0.010967 0.003047	0.001344 0.002681	0.000465 0.001995	0.000803 0.003342	0.001204 0.002692	0.000604 0.001682	0.000000 0.000000	0.000000 0.000000	0.000401 0.001671	
3 64 100 1.480000	0.002053 0.002762	0.999994 0.000012	0.009826 0.007743	0.001139 0.002682	0.001748 0.004028	0.001613 0.003030	0.000403 0.002016	0.000200 0.001000	0.000000 0.000000	0.000334 0.001009	0.000267 0.001336	
3 64 100 1.490000	0.001304 0.002863	0.999997 0.000010	0.008280 0.005723	0.000469 0.001345	0.000806 0.001683	0.000471 0.001346	0.000200 0.001000	0.000806 0.002683	0.000538 0.002355	0.001748 0.003703	0.001277 0.003357	
3 64 100 1.500000	0.001666 0.002263	0.999997 0.000007	0.010098 0.006738	0.000673 0.002693	0.000404 0.002020	0.000740 0.003029	0.000402 0.000673	0.001008 0.002689	0.001075 0.003702	0.000000 0.000000	0.000739 0.002352	
3 64 100 1.510000	0.001987 0.001662	0.999996 0.000006	0.010029 0.004375	0.001008 0.003024	0.001006 0.002015	0.001411 0.003698	0.000536 0.001007	0.000000 0.000000	0.000000 0.000000	0.000200 0.000668	0.000202 0.001009	
3 64 100 1.520000	0.001416 0.001742	0.999998 0.000006	0.010031 0.008080	0.000067 0.000336	0.000335 0.001677	0.000604 0.002019	0.000335 0.001003	0.000806 0.003360	0.001010 0.003703	0.000942 0.002692	0.000604 0.001677	
3 64 100 1.530000	0.001625 0.001517	0.999997 0.000006	0.009559 0.002020	0.001614 0.004039	0.000470 0.002349	0.001346 0.005049	0.000538 0.001682	0.000537 0.002012	0.000471 0.002355	0.000404 0.002018	0.000336 0.000672	
3 64 100 1.540000	0.001518 0.002460	0.999997 0.000010	0.009088 0.003704	0.001008 0.002020	0.000469 0.001673	0.001478 0.003367	0.000539 0.002356	0.000740 0.002356	0.000269 0.001346	0.000134 0.000672	0.002084 0.005396	
3 64 100 1.550000	0.002700 0.002906	0.999992 0.000018	0.008746 0.006391	0.000868 0.001663	0.000000 0.000000	0.000806 0.003026	0.001005 0.003028	0.000934 0.001349	0.000538 0.002691	0.000536 0.001679	0.000063 0.000316	
3 64 100 1.560000	0.002452 0.002879	0.999993 0.000015	0.008209 0.007060	0.000537 0.002686	0.000402 0.001344	0.000937 0.002349	0.001141 0.002690	0.000134 0.000672	0.000672 0.002019	0.000603 0.002019	0.000000 0.000000	
3 64 100 1.570000	0.002155 0.003717	0.999994 0.000017	0.009556 0.004700	0.000807 0.003027	0.000533 0.001007	0.001611 0.003701	0.000199 0.000993	0.000403 0.002013	0.000403 0.001344	0.001206 0.002690	0.001948 0.003701	
3 64 100 1.580000	0.001209 0.001409	0.999998 0.000004	0.008685 0.005055	0.000134 0.000672	0.000739 0.002689	0.000000 0.000000	0.000269 0.001346	0.001817 0.005046	0.000739 0.001679	0.000673 0.001683	0.001009 0.002019	
3 64 100 1.590000	0.001675 0.001402	0.999997 0.000004	0.008549 0.007748	0.000469 0.001008	0.000875 0.003028	0.000337 0.001683	0.000269 0.001345	0.000538 0.001680	0.001546 0.001685	0.000672 0.001682	0.001345 0.002020	
3 64 100 1.600000	0.001097 0.001255	0.999999 0.000002	0.007810 0.003366	0.000807 0.002019	0.000875 0.002693	0.001077 0.005050	0.000539 0.001683	0.000336 0.001682	0.000808 0.002356	0.000942 0.002356	0.001480 0.004040	
3 64 100 1.610000	0.001043 0.001299	0.999999 0.000003	0.009763 0.005389	0.000134 0.000672	0.001144 0.002693	0.001413 0.003365	0.000403 0.001344	0.001143 0.003365	0.001749 0.002017	0.000538 0.001347	0.000269 0.001344	
3 64 100 1.620000	0.001915 0.002122	0.999996 0.000008	0.008750 0.005384	0.000201 0.000670	0.000133 0.000665	0.000200 0.001001	0.000401 0.001346	0.000470 0.002348	0.000535 0.001346	0.000200 0.001001	0.001278 0.003366	
3 64 100 1.630000	0.002282 0.002832	0.999994 0.000013	0.007334 0.005390	0.000670 0.002015	0.000874 0.002689	0.000538 0.002689	0.000000 0.000000	0.001341 0.003354	0.001076 0.005046	0.001075 0.002693	0.000871 0.003017	
3 64 100 1.640000	0.001115 0.001436	0.999998 0.000004	0.006396 0.007744	0.001682 0.003702	0.001414 0.004713	0.000134 0.000669	0.001750 0.005722	0.001009 0.002357	0.000202 0.000672	0.000202 0.001010	0.000336 0.001682	
3 64 100 1.650000	0.001724 0.003081	0.999996 0.000015	0.006460 0.004054	0.001683 0.004040	0.000202 0.001009	0.000000 0.000000	0.001074 0.003029	0.002622 0.001683	0.000672 0.001681	0.000467 0.001009	0.001141 0.004024	
3 64 100 1.660000	0.002112 0.002868	0.999994 0.000012	0.006392 0.007059	0.000336 0.001678	0.000602 0.002008	0.000000 0.000000	0.001140 0.004372	0.000942 0.003029	0.001814 0.003030	0.000000 0.000000	0.000938 0.003018	
3 64 100 1.670000	0.002256 0.001856	0.999994 0.000009	0.008951 0.003709	0.002353 0.006729	0.000267 0.001336	0.000805 0.002018	0.000535 0.001345	0.002488 0.005385	0.001074 0.002355	0.000806 0.002689	0.000469 0.001345	
3 64 100 1.680000	0.001853 0.003400	0.999995 0.000016	0.007806 0.003381	0.000064 0.000321	0.000938 0.002014	0.000336 0.001345	0.001142 0.003030	0.001140 0.002678	0.001207 0.003360	0.000805 0.002019	0.000135 0.000673	
3 64 100 1.690000	0.001678 0.002009	0.999997 0.000007	0.008684 0.004712	0.000267 0.001007	0.000469 0.001008	0.000740 0.003028	0.000403 0.001008	0.001278 0.005042	0.001750 0.003703	0.000202 0.001009	0.001883 0.003359	
3 64 100 1.700000	0.000962 0.000912	0.999999 0.000002	0.007474 0.007743	0.001548 0.001684	0.001346 0.002020	0.000336 0.001010	0.000336 0.001010	0.000471 0.002019	0.000337 0.001683	0.000000 0.000000	0.002087 0.007743	
3 64 100 1.710000	0.001740 0.002466	0.999996 0.000009	0.007269 0.007400	0.000806 0.003694	0.001814 0.004038	0.001210 0.003357	0.000133 0.000664	0.000671 0.002691	0.001276 0.004031	0.001412 0.002693	0.000269 0.001346	
3 64 100 1.720000	0.002067 0.000622	0.999996 0.000002	0.007605 0.007409	0.000873 0.003363	0.002488 0.005384	0.001882 0.003026	0.001073 0.001685	0.000335 0.001006	0.001816 0.005383	0.000941 0.004373	0.000739 0.002353	
3 64 100 1.730000	0.001433 0.002103	0.999997 0.000007	0.009492 0.008418	0.001144 0.003361	0.002219 0.004040	0.000404 0.002019	0.000537 0.001010	0.000201 0.001004	0.000202 0.000672	0.001010 0.002693	0.001009 0.004370	
3 64 100 1.740000	0.002129 0.001756	0.999995 0.000007	0.007335 0.009091	0.000535 0.001679	0.000470 0.002352	0.000336 0.001346	0.000402 0.001676	0.000200 0.000669	0.000805 0.002019	0.000602 0.001340	0.000737 0.002356	
3 64 100 1.750000	0.001519 0.002374	0.999997 0.000007	0.008347 0.005385	0.000941 0.003363	0.000471 0.002017	0.000940 0.002691	0.000401 0.001006	0.000806 0.003023	0.000741 0.003367	0.000738 0.002357	0.000806 0.002691	
3 64 100 1.760000	0.002012 0.001647	0.999996 0.000006	0.007403 0.003366	0.000267 0.001005	0.000672 0.002353	0.000000 0.000000	0.000268 0.001005	-0.000001 0.000006	0.000134 0.000669	0.000334 0.001005	0.000874 0.003699	
3 64 100 1.770000	0.001459 0.002749	0.999997 0.000008	0.007808 0.007070	0.000403 0.001680	0.000267 0.000673	0.000134 0.000670	0.000402 0.001344	0.000134 0.000337	0.001077 0.004037	0.001750 0.003704	0.000738 0.002685	
3 64 100 1.780000	0.001579 0.002062	0.999997 0.000007	0.007741 0.006727	0.000336 0.001006	0.000202 0.000672	0.002219 0.005049	0.000605 0.003023	0.001277 0.002356	0.000066 0.000329	0.001209 0.001683	0.000605 0.002019	
3 64 100 1.790000	0.001534 0.001569	0.999997 0.000005	0.005991 0.004719	0.001076 0.002356	0.000538 0.001346	0.000402 0.000673	0.000000 0.000000	0.000335 0.001005	0.000402 0.001342	0.000269 0.001344	0.000941 0.003025	
3 64 100 1.800000	0.001743 0.003648	0.999996 0.000013	0.006999 0.003706	0.000336 0.001680	0.000334 0.000997	0.000201 0.001007	0.000805 0.002354	0.000737 0.001682	0.000268 0.001009	0.000737 0.001683	0.000535 0.001344	
3 64 100 1.810000	0.001844 0.003074	0.999995 0.000013	0.008076 0.009440	0.000000 0.000000	0.001342 0.001694	0.000332 0.000997	0.001140 0.002356	0.000469 0.001672	0.000471 0.002356	0.000803 0.001346	0.001409 0.004703	
3 64 100 1.820000	0.001572 0.000848	0.999997 0.000002	0.005519 0.003368	0.000000 0.000000	0.000000 0.000000	0.001547 0.004710	0.000875 0.004374	0.000941 0.002690	0.000201 0.000670	0.001008 0.002019	0.000874 0.002354	
3 64 100 1.830000	0.001261 0.001746	0.999998 0.000004	0.005789 0.004040	0.000268 0.001009	0.001144 0.005046	0.000740 0.002019	0.001480 0.004374	0.000134 0.000336	0.001412 0.002360	0.000672 0.001683	0.000806 0.001346	
3 64 100 1.840000	0.001111 0.000980	0.999999 0.000002	0.004645 0.007072	0.000606 0.003028	0.001615 0.003366	0.000875 0.002692	0.001009 0.002692	0.000403 0.001346	0.001817 0.004377	0.000874 0.002355	0.000606 0.003028	
3 64 100 1.850000	0.001357 0.002180	0.999998 0.000006	0.005520 0.005047	0.001144 0.002355	0.001749 0.004375	0.000470 0.002351	0.001479 0.003702	0.000402 0.001008	0.001749 0.003702	0.000605 0.002354	0.000942 0.003367	
3 64 100 1.860000	0.001664 0.001325	0.999997 0.000004	0.006327 0.006397	0.000066 0.000332	0.002085 0.005383	0.000201 0.001006	0.000940 0.002019	0.000875 0.004375	0.000201 0.001006	0.001143 0.002693	0.000537 0.002018	
3 64 100 1.870000	0.001637 0.002062	0.999997 0.000006	0.008145 0.003367	0.001480 0.004377	0.000673 0.003367	0.000000 0.000000	0.000537 0.002352	0.001815 0.004035	0.000537 0.002018	0.001276 0.003028	0.000404 0.001010	
3 64 100 1.880000	0.001431 0.001060	0.999998 0.000003	0.006866 0.004375	0.000672 0.002016	0.000538 0.001681	0.001143 0.002689	0.000806 0.002018	0.000067 0.000336	0.001143 0.002018	0.000605 0.002353	0.001076 0.004713	
3 64 100 1.890000	0.001672 0.002883	0.999996 0.000014	0.006865 0.003702	0.000199 0.000996	0.000538 0.002017	0.000738 0.002679	0.000939 0.002006	0.000336 0.001682	0.000000 0.000000	0.000875 0.003366	0.000805 0.002691	
3 64 100 1.900000	0.002143 0.002097	0.999995 0.000008	0.005988 0.006734	0.000268 0.001338	0.000737 0.001676	0.000403 0.001681	0.000066 0.000330	0.001746 0.003358	0.000671 0.002356	0.000941 0.002356	0.000670 0.003021	
3 64 100 1.910000	0.001776 0.001327	0.999997 0.000005	0.004508 0.007071	0.001143 0.004039	0.000336 0.001008	0.000269 0.001345	0.001345 0.002692	0.000873 0.004033	0.000403 0.001681	0.000807 0.002355	0.000336 0.001344	
3 64 100 1.920000	0.002135 0.002151	0.999995 0.000008	0.008143 0.006728	0.001208 0.002685	0.000806 0.002018	0.001342 0.003373	0.000604 0.002685	0.000671 0.002685	0.000939 0.002688	0.000470 0.002348	0.000536 0.002011	
3 64 100 1.930000	0.002072 0.001712	0.999995 0.000008	0.005248 0.003360	0.002487 0.006393	0.001748 0.004036	0.000604 0.002355	0.001411 0.002687	0.000536 0.001674	0.000874 0.003028	0.000807 0.003365	0.000000 0.000000	
3 64 100 1.940000	0.001580 0.001700	0.999997 0.000005	0.007203 0.003704	0.000874 0.002017	0.001547 0.002691	0.002219 0.005045	0.000470 0.001007	0.000739 0.002691	0.000604 0.002018	0.001346 0.003364	0.000672 0.002354	
3 64 100 1.950000	0.001874 0.002409	0.999996 0.000011	0.006056 0.008427	0.001346 0.004038	0.000468 0.001680	0.000404 0.002019	0.000468 0.002018	0.001142 0.002681	0.002016 0.004039	0.000739 0.002017	0.001680 0.002681	
3 64 100 1.960000	0.001966 0.004315	0.999994 0.000022	0.006661 0.009092	0.000202 0.000672	0.001745 0.002695	0.001207 0.003702	0.000470 0.001345	0.000403 0.001343	0.000000 0.000000	0.000808 0.003030	0.001143 0.003365	
3 64 100 1.970000	0.001977 0.003082	0.999995 0.000010	0.005249 0.009423	0.000200 0.001000	0.001817 0.006056	0.001477 0.003361	0.002756 0.005044	0.001276 0.003693	0.000199 0.000663	0.000200 0.000670	0.000268 0.001340	
3 64 100 1.980000	0.002178 0.004446	0.999993 0.000026	0.008276 0.003031	0.000062 0.000310	0.001951 0.003367	0.001475 0.004037	0.000202 0.001009	0.001206 0.005024	0.000000 0.000000	0.000398 0.001006	0.000331 0.001343	
3 64 100 1.990000	0.002233 0.003561	0.999993 0.000018	0.007064 0.008418	0.000067 0.000333	0.001677 0.004030	0.000064 0.000318	0.000134 0.000670	0.000000 0.000000	0.000403 0.002017	0.001141 0.003685	0.001073 0.002353	
3 64 100 2.000000	0.001690 0.001814	0.999997 0.000007	0.005788 0.004042	0.000000 0.000000	0.000469 0.002012	0.000336 0.001007	0.000000 0.000000	0.000538 0.002691	0.000269 0.001344	0.001546 0.003699	0.001277 0.002691	
3 64 100 2.010000	0.000961 0.001734	0.999999 0.000004	0.005790 0.005388	0.001346 0.002690	0.001143 0.002018	0.000403 0.002016	0.000135 0.000673	0.000538 0.001345	0.000404 0.001009	0.001481 0.005723	0.001952 0.004714	
3 64 100 2.020000	0.001439 0.001342	0.999998 0.000004	0.007001 0.007411	0.000336 0.001679	0.000000 0.000000	0.000874 0.003366	0.000538 0.001682	0.000604 0.001346	0.000000 0.000000	0.000470 0.001343	0.000134 0.000672	
3 64 100 2.030000	0.001444 0.001421	0.999998 0.000004	0.005923 0.004041	0.000269 0.001343	0.000133 0.000334	0.001076 0.002356	0.000201 0.001007	0.000605 0.003026	0.000672 0.003026	0.000470 0.001006	0.000537 0.001346	
3 64 100 2.040000	0.001681 0.002255	0.999997 0.000007	0.005653 0.005729	0.001074 0.002013	0.000739 0.003023	0.000404 0.002020	0.000335 0.001676	0.000808 0.002020	0.000133 0.000335	0.000202 0.001008	0.000067 0.000337	
3 64 100 2.050000	0.001701 0.002943	0.999996 0.000014	0.003498 0.004042	0.000740 0.003365	0.000468 0.001681	0.000403 0.001344	0.000199 0.000996	0.000872 0.002692	0.000535 0.002018	0.000404 0.002020	0.000673 0.002356	
3 64 100 2.060000	0.001163 0.001631	0.999998 0.000004	0.005655 0.006057	0.000403 0.001010	0.000606 0.002693	0.000808 0.002356	0.000000 0.000000	0.000807 0.002020	0.000067 0.000337	0.000471 0.001347	0.000403 0.001010	
3 64 100 2.070000	0.001529 0.001782	0.999997 0.000005	0.004980 0.008084	0.000605 0.002357	0.000875 0.004040	0.000538 0.002690	0.001614 0.003030	0.001009 0.002690	0.000202 0.001010	0.000469 0.001009	0.000604 0.001346	
3 64 100 2.080000	0.002238 0.002894	0.999994 0.000012	0.004640 0.002352	0.000874 0.002352	0.001543 0.002691	0.000803 0.002357	0.001009 0.003364	0.000469 0.000999	0.000000 0.000000	0.000403 0.001681	0.000269 0.001008	
3 64 100 2.090000	0.002641 0.004211	0.999991 0.000027	0.005512 0.004404	0.001607 0.002031	0.000330 0.000672	0.000804 0.002344	0.000600 0.001682	0.001138 0.002355	0.001613 0.005049	0.000598 0.002329	0.000465 0.001319	
3 64 100 2.100000	0.001750 0.002272	0.999996 0.000007	0.006259 0.004712	0.000269 0.001345	0.001613 0.004037	0.000201 0.000673	0.000471 0.001347	0.000537 0.001010	0.000000 0.000000	0.000403 0.001345	0.001747 0.003372	
3 64 100 2.110000	0.001405 0.001072	0.999998 0.000003	0.007338 0.002354	0.000403 0.001680	0.000269 0.001343	0.001277 0.003364	0.001210 0.005047	0.001075 0.004711	0.001681 0.002020	0.000268 0.000670	0.000673 0.002354	
3 64 100 2.120000	0.001818 0.001292	0.999997 0.000005	0.008212 0.004710	0.001008 0.002014	0.000403 0.001680	0.000538 0.001682	0.001076 0.002353	0.000471 0.002019	0.001142 0.002350	0.000604 0.001680	0.000605 0.001681	
3 64 100 2.130000	0.001963 0.001478	0.999996 0.000007	0.006191 0.006734	0.000134 0.000670	0.000740 0.002691	0.000740 0.002691	0.000000 0.000000	0.000067 0.000334	0.001884 0.004374	0.000404 0.002018	0.000468 0.001344	
3 64 100 2.140000	0.002764 0.003181	0.999991 0.000019	0.007533 0.006402	0.001142 0.004039	0.000134 0.000672	0.001408 0.002692	0.000401 0.002007	0.000134 0.000672	0.000871 0.003695	0.000399 0.000997	0.000802 0.002355	
3 64 100 2.150000	0.001679 0.002533	0.999996 0.000008	0.005922 0.002021	0.000067 0.000333	0.000337 0.001683	0.000135 0.000673	0.000874 0.002020	0.000805 0.003022	0.000739 0.001683	0.000201 0.001003	0.000738 0.001683	
3 64 100 2.160000	0.001605 0.002534	0.999997 0.000011	0.004912 0.005397	0.000603 0.001683	0.000403 0.001345	0.000807 0.003365	0.001748 0.002693	0.000873 0.001683	0.000806 0.002020	0.000334 0.000999	0.000673 0.002693	
3 64 100 2.170000	0.001397 0.001504	0.999998 0.000004	0.005991 0.005054	0.000942 0.004377	0.000268 0.001342	0.000134 0.000672	0.000201 0.000672	0.000606 0.001683	0.000672 0.002691	0.000403 0.001342	0.000000 0.000000	
3 64 100 2.180000	0.001684 0.001960	0.999997 0.000006	0.005788 0.004718	0.000471 0.002017	0.001546 0.002693	0.001480 0.004034	0.000337 0.001683	0.001008 0.002692	0.000873 0.001679	0.000673 0.003367	0.000604 0.002690	
3 64 100 2.190000	0.001886 0.002092	0.999996 0.000009	0.004912 0.002016	0.000670 0.001678	0.000000 0.000000	0.000538 0.002019	0.000737 0.002688	0.001074 0.002356	0.000202 0.001009	0.000537 0.001678	0.000201 0.001007	
3 64 100 2.200000	0.001690 0.002101	0.999997 0.000008	0.006461 0.004376	0.001749 0.005047	0.000740 0.002355	0.000202 0.001009	0.001075 0.003030	0.000468 0.001338	0.000133 0.000665	0.000605 0.001680	0.000673 0.002691	
3 64 100 2.210000	0.001178 0.002213	0.999998 0.000006	0.005116 0.003365	0.000135 0.000673	0.000469 0.001009	0.000000 0.000000	0.002086 0.002697	0.000336 0.001008	0.000471 0.001683	0.000740 0.003366	0.000942 0.004377	
3 64 100 2.220000	0.002108 0.001337	0.999995 0.000006	0.004642 0.004720	0.000067 0.000334	0.000806 0.002018	0.000940 0.002691	0.000269 0.001343	0.000806 0.002349	0.001275 0.002013	0.002421 0.007405	0.000000 0.000000	
3 64 100 2.230000	0.001114 0.002959	0.999998 0.000010	0.004779 0.004030	0.000000 0.000000	0.000202 0.001009	0.000539 0.002693	0.000337 0.001683	0.000606 0.002020	0.000539 0.002693	0.000469 0.001673	0.000875 0.003030	
3 64 100 2.240000	0.002358 0.005083	0.999991 0.000033	0.005513 0.005024	0.000599 0.002997	0.000135 0.000673	0.000464 0.001010	0.001070 0.003334	0.001144 0.004040	0.000868 0.002355	0.000335 0.001676	0.000740 0.001346	
3 64 100 2.250000	0.001612 0.003185	0.999996 0.000013	0.005451 0.004712	0.001074 0.003018	0.000201 0.000670	0.001144 0.003701	0.001615 0.004374	0.000134 0.000671	0.001546 0.005050	0.000874 0.002691	0.000269 0.001008	
3 64 100 2.260000	0.001768 0.001601	0.999997 0.000005	0.004239 0.002358	0.000201 0.000670	0.001949 0.003371	0.000739 0.002353	0.000605 0.002356	0.000000 0.000000	0.000402 0.001344	0.000537 0.002353	0.000806 0.002688	
3 64 100 2.270000	0.001949 0.002337	0.999995 0.000011	0.007066 0.008745	0.000605 0.001680	0.000000 0.000000	0.000336 0.001345	0.001074 0.002355	0.002017 0.005720	0.001612 0.003017	0.000605 0.001682	0.000202 0.001008	
3 64 100 2.280000	0.002300 0.002216	0.999994 0.000012	0.005314 0.002032	0.000939 0.002354	0.001412 0.003364	0.000536 0.002679	0.000737 0.002354	0.001342 0.003364	0.001413 0.004374	0.001140 0.003024	0.000736 0.002017	
3 64 100 2.290000	0.002031 0.002626	0.999995 0.000008	0.003564 0.004377	0.000537 0.002357	0.001411 0.003363	0.000402 0.002012	0.000335 0.001347	0.001143 0.005387	0.000470 0.002016	0.001274 0.001346	0.000401 0.001006	
3 64 100 2.300000	0.001652 0.002107	0.999997 0.000006	0.006596 0.006395	0.001010 0.003029	0.000403 0.002014	0.000671 0.002014	0.000538 0.001682	0.000537 0.001341	0.000268 0.001004	0.000335 0.001677	0.000269 0.001347	
3 64 100 2.310000	0.001937 0.002067	0.999996 0.000008	0.004709 0.007414	0.000536 0.002012	0.002824 0.004371	0.000872 0.002014	0.000942 0.003366	0.000267 0.001004	0.000402 0.001346	0.000536 0.002014	0.000334 0.001005	
3 64 100 2.320000	0.001931 0.002839	0.999995 0.000011	0.006123 0.006740	0.000469 0.001342	0.000335 0.001347	0.000671 0.002352	0.000539 0.002693	0.000807 0.002693	0.000201 0.001004	0.000939 0.002351	0.000202 0.001010	
3 64 100 2.330000	0.002185 0.002277	0.999995 0.000008	0.003766 0.002693	0.000201 0.001005	0.001207 0.003023	0.001546 0.005050	0.000470 0.002013	0.000402 0.001005	0.001343 0.003362	0.000874 0.003023	0.000403 0.002015	
3 64 100 2.340000	0.001894 0.002663	0.999995 0.000011	0.005248 0.005396	0.001075 0.003030	0.000806 0.002686	0.000873 0.002020	0.000135 0.000673	0.000198 0.000666	0.000471 0.001344	0.001009 0.003366	0.000537 0.002686	
3 64 100 2.350000	0.001540 0.002407	0.999997 0.000009	0.006125 0.004385	0.000604 0.002356	0.001344 0.003702	0.000267 0.001337	0.001211 0.004037	0.000337 0.001683	0.001481 0.004040	0.001076 0.003366	0.001008 0.004031	
3 64 100 2.360000	0.001810 0.001287	0.999996 0.000005	0.003633 0.006390	0.000740 0.003702	0.002152 0.003365	0.000942 0.003701	0.000671 0.001676	0.000066 0.000330	0.001074 0.002016	0.001478 0.002690	0.000537 0.002354	
3 64 100 2.370000	0.002047 0.002183	0.999995 0.000008	0.003564 0.002360	0.000200 0.000673	0.000941 0.004037	0.000939 0.002353	0.000605 0.002353	0.000133 0.000665	0.000604 0.001680	0.000401 0.001338	0.000471 0.002017	
3 64 100 2.380000	0.001967 0.001201	0.999996 0.000004	0.004576 0.009422	0.001412 0.003361	0.000066 0.000332	0.000537 0.001679	0.001143 0.003699	0.000874 0.003699	0.000537 0.002352	0.000740 0.002692	0.000000 0.000000	
3 64 100 2.390000	0.001771 0.002062	0.999996 0.000007	0.003835 0.002350	0.001075 0.004706	0.001412 0.003703	0.000404 0.002018	0.000200 0.000673	0.000337 0.001683	0.000000 0.000000	0.002353 0.002027	0.000670 0.002349	
3 64 100 2.400000	0.001649 0.001296	0.999997 0.000005	0.005317 0.006395	0.000000 0.000000	0.000469 0.001341	0.000672 0.001681	0.001413 0.005047	0.002354 0.002355	0.000000 0.000000	0.000605 0.002019	0.000201 0.001007	
3 64 100 2.410000	0.002474 0.001852	0.999993 0.000009	0.005448 0.006389	0.000605 0.003027	0.001007 0.004034	0.000336 0.001345	0.000468 0.001677	0.000805 0.003365	0.000873 0.003701	0.001008 0.002350	0.000469 0.001673	
3 64 100 2.420000	0.001946 0.000765	0.999996 0.000003	0.005653 0.005052	0.000202 0.001008	0.001076 0.004374	0.001210 0.003700	0.000739 0.002689	0.000067 0.000333	0.001479 0.003698	0.001277 0.003026	0.000268 0.001342	
3 64 100 2.430000	0.002196 0.001892	0.999995 0.000008	0.004305 0.003034	0.000870 0.001677	0.000538 0.002689	0.000873 0.004036	0.001140 0.002348	0.001948 0.005046	0.000268 0.001006	0.001209 0.003026	0.000066 0.000331	
3 64 100 2.440000	0.001669 0.001875	0.999997 0.000007	0.006865 0.003031	0.001008 0.004706	0.000268 0.001339	0.000469 0.001009	0.000268 0.000673	0.000672 0.001679	0.000268 0.001009	0.001142 0.003699	0.001546 0.005380	
3 64 100 2.450000	0.002177 0.003227	0.999994 0.000015	0.005920 0.005382	0.000669 0.003022	0.000602 0.002341	0.000202 0.001010	0.001141 0.002018	0.000133 0.000665	0.000604 0.002356	0.001341 0.001683	0.000335 0.001675	
3 64 100 2.460000	0.001603 0.001820	0.999997 0.000006	0.003701 0.004383	0.000000 0.000000	0.000874 0.003028	0.001278 0.003698	0.000538 0.001681	0.001210 0.002687	0.000605 0.002354	0.000941 0.002687	0.000942 0.003702	
3 64 100 2.470000	0.001509 0.001303	0.999997 0.000004	0.005587 0.005725	0.000874 0.001679	0.000671 0.001682	0.000202 0.001009	0.000672 0.002356	0.000673 0.003363	0.001210 0.002689	0.000942 0.002693	0.001748 0.002357	
3 64 100 2.480000	0.001726 0.002436	0.999996 0.000009	0.005990 0.003375	0.000605 0.001343	0.002421 0.004368	0.000000 0.000000	0.000469 0.001006	0.000336 0.001007	0.000469 0.001674	0.001547 0.003364	0.001815 0.003021	
3 64 100 2.490000	0.001770 0.001908	0.999996 0.000007	0.005182 0.006058	0.000875 0.003701	0.001210 0.004038	0.000941 0.002355	0.001210 0.005048	0.000941 0.002354	0.001144 0.003363	0.000672 0.003359	0.001277 0.003364	
3 64 100 2.500000	0.002162 0.003149	0.999994 0.000014	0.005112 0.005382	0.001408 0.001696	0.000808 0.004040	0.000332 0.001338	0.000534 0.001346	0.000269 0.001345	0.000871 0.003028	0.000738 0.002011	0.000739 0.002355	
