3 100 2 0.400000	1.000000 0.000000	0.000000 0.000000	0.000000 0.000000	0.000000 0.000000	0.000000 0.000000	0.000000 0.000000	0.000000 0.000000	0.000000 0.000000	0.000000 0.000000	0.000000 0.000000	0.000000 0.000000	
3 100 2 0.410000	0.999997 0.000008	0.000000 0.000000	0.000000 0.000000	0.000000 0.000000	0.000000 0.000000	0.000000 0.000000	0.000000 0.000000	0.000000 0.000000	0.000000 0.000000	0.000000 0.000000	0.000000 0.000000	
3 100 2 0.420000	0.999998 0.000004	0.000000 0.000000	0.000000 0.000000	0.000000 0.000000	0.000000 0.000000	0.000000 0.000000	0.000000 0.000000	0.000000 0.000000	0.000000 0.000000	0.000000 0.000000	0.000000 0.000000	
3 100 2 0.430000	0.999997 0.000004	0.000000 0.000000	0.000000 0.000000	0.000000 0.000000	0.000000 0.000000	0.000000 0.000000	0.000000 0.000000	0.000000 0.000000	0.000000 0.000000	0.000000 0.000000	0.000000 0.000000	
3 100 2 0.440000	0.999997 0.000006	0.000000 0.000000	0.000000 0.000000	0.000000 0.000000	0.000000 0.000000	0.000000 0.000000	0.000000 0.000000	0.000000 0.000000	0.000000 0.000000	0.000000 0.000000	0.000000 0.000000	
3 100 2 0.450000	0.999995 0.000006	0.000000 0.000000	0.000000 0.000000	0.000000 0.000000	0.000000 0.000000	0.000000 0.000000	0.000000 0.000000	0.000000 0.000000	0.000000 0.000000	0.000000 0.000000	0.000000 0.000000	
3 100 2 0.460000	0.999996 0.000004	0.000000 0.000000	0.000000 0.000000	0.000000 0.000000	0.000000 0.000000	0.000000 0.000000	0.000000 0.000000	0.000000 0.000000	0.000000 0.000000	0.000000 0.000000	0.000000 0.000000	
3 100 2 0.470000	0.999994 0.000008	0.000000 0.000000	0.000000 0.000000	0.000000 0.000000	0.000000 0.000000	0.000000 0.000000	0.000000 0.000000	0.000000 0.000000	0.000000 0.000000	0.000000 0.000000	0.000000 0.000000	
3 100 2 0.480000	0.999990 0.000010	0.000000 0.000000	0.000000 0.000000	0.000000 0.000000	0.000000 0.000000	0.000000 0.000000	0.000000 0.000000	0.000000 0.000000	0.000000 0.000000	0.000000 0.000000	0.000000 0.000000	
3 100 2 0.490000	0.999990 0.000016	0.000000 0.000000	0.000000 0.000000	0.000000 0.000000	0.000000 0.000000	0.000000 0.000000	0.000000 0.000000	0.000000 0.000000	0.000000 0.000000	0.000000 0.000000	0.000000 0.000000	
3 100 2 0.500000	0.999988 0.000014	0.000000 0.000000	0.000000 0.000000	0.000000 0.000000	0.000000 0.000000	0.000000 0.000000	0.000000 0.000000	0.000000 0.000000	0.000000 0.000000	0.000000 0.000000	0.000000 0.000000	
3 100 2 0.510000	0.999984 0.000024	0.000000 0.000000	0.000000 0.000000	0.000000 0.000000	0.000000 0.000000	0.000000 0.000000	0.000000 0.000000	0.000000 0.000000	0.000000 0.000000	0.000000 0.000000	0.000000 0.000000	
3 100 2 0.520000	0.999979 0.000008	0.000000 0.000000	0.000000 0.000000	0.000000 0.000000	0.000000 0.000000	0.000000 0.000000	0.000000 0.000000	0.000000 0.000000	0.000000 0.000000	0.000000 0.000000	0.000000 0.000000	
3 100 2 0.530000	0.999978 0.000012	0.000000 0.000000	0.000000 0.000000	0.000000 0.000000	0.000000 0.000000	0.000000 0.000000	0.000000 0.000000	0.000000 0.000000	0.000000 0.000000	0.000000 0.000000	0.000000 0.000000	
3 100 2 0.540000	0.999969 0.000028	0.000000 0.000000	0.000000 0.000000	0.000000 0.000000	0.000000 0.000000	0.000000 0.000000	0.000000 0.000000	0.000000 0.000000	0.000000 0.000000	0.000000 0.000000	0.000000 0.000000	
3 100 2 0.550000	0.999961 0.000026	0.000000 0.000000	0.000000 0.000000	0.000000 0.000000	0.000000 0.000000	0.000000 0.000000	0.000000 0.000000	0.000000 0.000000	0.000000 0.000000	0.000000 0.000000	0.000000 0.000000	
3 100 2 0.560000	0.999957 0.000014	0.000000 0.000000	0.000000 0.000000	0.000000 0.000000	0.000000 0.000000	0.000000 0.000000	0.000000 0.000000	0.000000 0.000000	0.000000 0.000000	0.000000 0.000000	0.000000 0.000000	
3 100 2 0.570000	0.999943 0.000024	0.000000 0.000000	0.000000 0.000000	0.000000 0.000000	0.000000 0.000000	0.000000 0.000000	0.000000 0.000000	0.000000 0.000000	0.000000 0.000000	0.000000 0.000000	0.000000 0.000000	
3 100 2 0.580000	0.999947 0.000030	0.000000 0.000000	0.000000 0.000000	0.000000 0.000000	0.000000 0.000000	0.000000 0.000000	0.000000 0.000000	0.000000 0.000000	0.000000 0.000000	0.000000 0.000000	0.000000 0.000000	
3 100 2 0.590000	0.999912 0.000018	0.000000 0.000000	0.000000 0.000000	0.000000 0.000000	0.000000 0.000000	0.000000 0.000000	0.000000 0.000000	0.000000 0.000000	0.000000 0.000000	0.000000 0.000000	0.000000 0.000000	
3 100 2 0.600000	0.999912 0.000036	0.000000 0.000000	0.000000 0.000000	0.000000 0.000000	0.000000 0.000000	0.000000 0.000000	0.000000 0.000000	0.000000 0.000000	0.000000 0.000000	0.000000 0.000000	0.000000 0.000000	
3 100 2 0.610000	0.999902 0.000040	0.000000 0.000000	0.000000 0.000000	0.000000 0.000000	0.000000 0.000000	0.000000 0.000000	0.000000 0.000000	0.000000 0.000000	0.000000 0.000000	0.000000 0.000000	0.000000 0.000000	
3 100 2 0.620000	0.999878 0.000040	0.000000 0.000000	0.000000 0.000000	0.000000 0.000000	0.000000 0.000000	0.000000 0.000000	0.000000 0.000000	0.000000 0.000000	0.000000 0.000000	0.000000 0.000000	0.000000 0.000000	
3 100 2 0.630000	0.999863 0.000048	0.000000 0.000000	0.000000 0.000000	0.000000 0.000000	0.000000 0.000000	0.000000 0.000000	0.000000 0.000000	0.000000 0.000000	0.000000 0.000000	0.000000 0.000000	0.000000 0.000000	
3 100 2 0.640000	0.999820 0.000076	0.000000 0.000000	0.000000 0.000000	0.000000 0.000000	0.000000 0.000000	0.000000 0.000000	0.000000 0.000000	0.000000 0.000000	0.000000 0.000000	0.000000 0.000000	0.000000 0.000000	
3 100 2 0.650000	0.999803 0.000024	0.000000 0.000000	0.000000 0.000000	0.000000 0.000000	0.000000 0.000000	0.000000 0.000000	0.000000 0.000000	0.000000 0.000000	0.000000 0.000000	0.000000 0.000000	0.000000 0.000000	
3 100 2 0.660000	0.999763 0.000066	0.000000 0.000000	0.000000 0.000000	0.000000 0.000000	0.000000 0.000000	0.000000 0.000000	0.000000 0.000000	0.000000 0.000000	0.000000 0.000000	0.000000 0.000000	0.000000 0.000000	
3 100 2 0.670000	0.999723 0.000028	0.000000 0.000000	0.000000 0.000000	0.000000 0.000000	0.000000 0.000000	0.000000 0.000000	0.000000 0.000000	0.000000 0.000000	0.000000 0.000000	0.000000 0.000000	0.000000 0.000000	
3 100 2 0.680000	0.999720 0.000114	0.000000 0.000000	0.000000 0.000000	0.000000 0.000000	0.000000 0.000000	0.000000 0.000000	0.000000 0.000000	0.000000 0.000000	0.000000 0.000000	0.000000 0.000000	0.000000 0.000000	
3 100 2 0.690000	0.999644 0.000062	0.000000 0.000000	0.000000 0.000000	0.000000 0.000000	0.000000 0.000000	0.000000 0.000000	0.000000 0.000000	0.000000 0.000000	0.000000 0.000000	0.000000 0.000000	0.000000 0.000000	
3 100 2 0.700000	0.999607 0.000044	0.000000 0.000000	0.000000 0.000000	0.000000 0.000000	0.000000 0.000000	0.000000 0.000000	0.000000 0.000000	0.000000 0.000000	0.000000 0.000000	0.000000 0.000000	0.000000 0.000000	
3 100 2 0.710000	0.999564 0.000058	0.000000 0.000000	0.000000 0.000000	0.000000 0.000000	0.000000 0.000000	0.000000 0.000000	0.000000 0.000000	0.000000 0.000000	0.000000 0.000000	0.000000 0.000000	0.000000 0.000000	
3 100 2 0.720000	0.999493 0.000068	0.000000 0.000000	0.000000 0.000000	0.000000 0.000000	0.000000 0.000000	0.000000 0.000000	0.000000 0.000000	0.000000 0.000000	0.000000 0.000000	0.000000 0.000000	0.000000 0.000000	
3 100 2 0.730000	0.999458 0.000064	0.000000 0.000000	0.000000 0.000000	0.000000 0.000000	0.000000 0.000000	0.000000 0.000000	0.000000 0.000000	0.000000 0.000000	0.000000 0.000000	0.000000 0.000000	0.000000 0.000000	
3 100 2 0.740000	0.999381 0.000090	0.000000 0.000000	0.000000 0.000000	0.000000 0.000000	0.000000 0.000000	0.000000 0.000000	0.000000 0.000000	0.000000 0.000000	0.000000 0.000000	0.000000 0.000000	0.000000 0.000000	
3 100 2 0.750000	0.999330 0.000072	0.000000 0.000000	0.000000 0.000000	0.000000 0.000000	0.000000 0.000000	0.000000 0.000000	0.000000 0.000000	0.000000 0.000000	0.000000 0.000000	0.000000 0.000000	0.000000 0.000000	
3 100 2 0.760000	0.999246 0.000098	0.000000 0.000000	0.000000 0.000000	0.000000 0.000000	0.000000 0.000000	0.000000 0.000000	0.000000 0.000000	0.000000 0.000000	0.000000 0.000000	0.000000 0.000000	0.000000 0.000000	
3 100 2 0.770000	0.999142 0.000108	0.000000 0.000000	0.000000 0.000000	0.000000 0.000000	0.000000 0.000000	0.000000 0.000000	0.000000 0.000000	0.000000 0.000000	0.000000 0.000000	0.000000 0.000000	0.000000 0.000000	
3 100 2 0.780000	0.999037 0.000086	0.000000 0.000000	0.000000 0.000000	0.000000 0.000000	0.000000 0.000000	0.000000 0.000000	0.000000 0.000000	0.000000 0.000000	0.000000 0.000000	0.000000 0.000000	0.000000 0.000000	
3 100 2 0.790000	0.998936 0.000040	0.000000 0.000000	0.000000 0.000000	0.000000 0.000000	0.000000 0.000000	0.000000 0.000000	0.000000 0.000000	0.000000 0.000000	0.000000 0.000000	0.000000 0.000000	0.000000 0.000000	
3 100 2 0.800000	0.998887 0.000176	0.000000 0.000000	0.000000 0.000000	0.000000 0.000000	0.000000 0.000000	0.000000 0.000000	0.000000 0.000000	0.000000 0.000000	0.000000 0.000000	0.000000 0.000000	0.000000 0.000000	
3 100 2 0.810000	0.998742 0.000060	0.000000 0.000000	0.000000 0.000000	0.000000 0.000000	0.000000 0.000000	0.000000 0.000000	0.000000 0.000000	0.000000 0.000000	0.000000 0.000000	0.000000 0.000000	0.000000 0.000000	
3 100 2 0.820000	0.998620 0.000086	0.000000 0.000000	0.000000 0.000000	0.000000 0.000000	0.000000 0.000000	0.000000 0.000000	0.000000 0.000000	0.000000 0.000000	0.000000 0.000000	0.000000 0.000000	0.000000 0.000000	
3 100 2 0.830000	0.998520 0.000124	0.000000 0.000000	0.000000 0.000000	0.000000 0.000000	0.000000 0.000000	0.000000 0.000000	0.000000 0.000000	0.000000 0.000000	0.000000 0.000000	0.000000 0.000000	0.000000 0.000000	
3 100 2 0.840000	0.998343 0.000162	0.000000 0.000000	0.000000 0.000000	0.000000 0.000000	0.000000 0.000000	0.000000 0.000000	0.000000 0.000000	0.000000 0.000000	0.000000 0.000000	0.000000 0.000000	0.000000 0.000000	
3 100 2 0.850000	0.998188 0.000134	0.000000 0.000000	0.000000 0.000000	0.000000 0.000000	0.000000 0.000000	0.000000 0.000000	0.000000 0.000000	0.000000 0.000000	0.000000 0.000000	0.000000 0.000000	0.000000 0.000000	
3 100 2 0.860000	0.998068 0.000168	0.000000 0.000000	0.000000 0.000000	0.000000 0.000000	0.000000 0.000000	0.000000 0.000000	0.000000 0.000000	0.000000 0.000000	0.000000 0.000000	0.000000 0.000000	0.000000 0.000000	
3 100 2 0.870000	0.997845 0.000180	0.000000 0.000000	0.000000 0.000000	0.000000 0.000000	0.000000 0.000000	0.000000 0.000000	0.000000 0.000000	0.000000 0.000000	0.000000 0.000000	0.000000 0.000000	0.000000 0.000000	
3 100 2 0.880000	0.997689 0.000176	0.000000 0.000000	0.000000 0.000000	0.000000 0.000000	0.000000 0.000000	0.000000 0.000000	0.000000 0.000000	0.000000 0.000000	0.000000 0.000000	0.000000 0.000000	0.000000 0.000000	
3 100 2 0.890000	0.997495 0.000210	0.000000 0.000000	0.000000 0.000000	0.000000 0.000000	0.000000 0.000000	0.000000 0.000000	0.000000 0.000000	0.000000 0.000000	0.000000 0.000000	0.000000 0.000000	0.000000 0.000000	
3 100 2 0.900000	0.997330 0.000122	0.000000 0.000000	0.000000 0.000000	0.000000 0.000000	0.000000 0.000000	0.000000 0.000000	0.000000 0.000000	0.000000 0.000000	0.000000 0.000000	0.000000 0.000000	0.000000 0.000000	
3 100 2 0.910000	0.997051 0.000242	0.000000 0.000000	0.000000 0.000000	0.000000 0.000000	0.000000 0.000000	0.000000 0.000000	0.000000 0.000000	0.000000 0.000000	0.000000 0.000000	0.000000 0.000000	0.000000 0.000000	
3 100 2 0.920000	0.996801 0.000260	0.000000 0.000000	0.000000 0.000000	0.000000 0.000000	0.000000 0.000000	0.000000 0.000000	0.000000 0.000000	0.000000 0.000000	0.000000 0.000000	0.000000 0.000000	0.000000 0.000000	
3 100 2 0.930000	0.996586 0.000200	0.000000 0.000000	0.000000 0.000000	0.000000 0.000000	0.000000 0.000000	0.000000 0.000000	0.000000 0.000000	0.000000 0.000000	0.000000 0.000000	0.000000 0.000000	0.000000 0.000000	
3 100 2 0.940000	0.996326 0.000068	0.000000 0.000000	0.000000 0.000000	0.000000 0.000000	0.000000 0.000000	0.000000 0.000000	0.000000 0.000000	0.000000 0.000000	0.000000 0.000000	0.000000 0.000000	0.000000 0.000000	
3 100 2 0.950000	0.996070 0.000070	0.000000 0.000000	0.000000 0.000000	0.000000 0.000000	0.000000 0.000000	0.000000 0.000000	0.000000 0.000000	0.000000 0.000000	0.000000 0.000000	0.000000 0.000000	0.000000 0.000000	
3 100 2 0.960000	0.995805 0.000106	0.000000 0.000000	0.000000 0.000000	0.000000 0.000000	0.000000 0.000000	0.000000 0.000000	0.000000 0.000000	0.000000 0.000000	0.000000 0.000000	0.000000 0.000000	0.000000 0.000000	
3 100 2 0.970000	0.995520 0.000034	0.000000 0.000000	0.000000 0.000000	0.000000 0.000000	0.000000 0.000000	0.000000 0.000000	0.000000 0.000000	0.000000 0.000000	0.000000 0.000000	0.000000 0.000000	0.000000 0.000000	
3 100 2 0.980000	0.995226 0.000372	0.000000 0.000000	0.000000 0.000000	0.000000 0.000000	0.000000 0.000000	0.000000 0.000000	0.000000 0.000000	0.000000 0.000000	0.000000 0.000000	0.000000 0.000000	0.000000 0.000000	
3 100 2 0.990000	0.994860 0.000190	0.010253 0.000378	0.000000 0.000000	0.000000 0.000000	0.000000 0.000000	0.000000 0.000000	0.000000 0.000000	0.000000 0.000000	0.000000 0.000000	0.000000 0.000000	0.000000 0.000000	
3 100 2 1.000000	0.994584 0.000348	0.010803 0.000692	0.000000 0.000000	0.000000 0.000000	0.000000 0.000000	0.000000 0.000000	0.000000 0.000000	0.000000 0.000000	0.000000 0.000000	0.000000 0.000000	0.000000 0.000000	
3 100 2 1.010000	0.994190 0.000378	0.011587 0.000752	0.000000 0.000000	0.000000 0.000000	0.000000 0.000000	0.000000 0.000000	0.000000 0.000000	0.000000 0.000000	0.000000 0.000000	0.000000 0.000000	0.000000 0.000000	
3 100 2 1.020000	0.993796 0.000156	0.012369 0.000310	0.000000 0.000000	0.000000 0.000000	0.000000 0.000000	0.000000 0.000000	0.000000 0.000000	0.000000 0.000000	0.000000 0.000000	0.000000 0.000000	0.000000 0.000000	
3 100 2 1.030000	0.993392 0.000184	0.013172 0.000366	0.000000 0.000000	0.000000 0.000000	0.000000 0.000000	0.000000 0.000000	0.000000 0.000000	0.000000 0.000000	0.000000 0.000000	0.000000 0.000000	0.000000 0.000000	
3 100 2 1.040000	0.992947 0.000266	0.014057 0.000528	0.000000 0.000000	0.000000 0.000000	0.000000 0.000000	0.000000 0.000000	0.000000 0.000000	0.000000 0.000000	0.000000 0.000000	0.000000 0.000000	0.000000 0.000000	
3 100 2 1.050000	0.992619 0.000428	0.014707 0.000850	0.000000 0.000000	0.000000 0.000000	0.000000 0.000000	0.000000 0.000000	0.000000 0.000000	0.000000 0.000000	0.000000 0.000000	0.000000 0.000000	0.000000 0.000000	
3 100 2 1.060000	0.991954 0.000496	0.016026 0.000984	0.000000 0.000000	0.000000 0.000000	0.000000 0.000000	0.000000 0.000000	0.000000 0.000000	0.000000 0.000000	0.000000 0.000000	0.000000 0.000000	0.000000 0.000000	
3 100 2 1.070000	0.991680 0.000352	0.016572 0.000698	0.000000 0.000000	0.000000 0.000000	0.000000 0.000000	0.000000 0.000000	0.000000 0.000000	0.000000 0.000000	0.000000 0.000000	0.000000 0.000000	0.000000 0.000000	
3 100 2 1.080000	0.991164 0.000258	0.017594 0.000511	0.000000 0.000000	0.000000 0.000000	0.000000 0.000000	0.000000 0.000000	0.000000 0.000000	0.000000 0.000000	0.000000 0.000000	0.000000 0.000000	0.000000 0.000000	
3 100 2 1.090000	0.990655 0.000176	0.018603 0.000349	0.000000 0.000000	0.000000 0.000000	0.000000 0.000000	0.000000 0.000000	0.000000 0.000000	0.000000 0.000000	0.000000 0.000000	0.000000 0.000000	0.000000 0.000000	
3 100 2 1.100000	0.990101 0.000263	0.019700 0.000521	0.000000 0.000000	0.000000 0.000000	0.000000 0.000000	0.000000 0.000000	0.000000 0.000000	0.000000 0.000000	0.000000 0.000000	0.000000 0.000000	0.000000 0.000000	
3 100 2 1.110000	0.989717 0.000400	0.020461 0.000792	0.000000 0.000000	0.000000 0.000000	0.000000 0.000000	0.000000 0.000000	0.000000 0.000000	0.000000 0.000000	0.000000 0.000000	0.000000 0.000000	0.000000 0.000000	
3 100 2 1.120000	0.988977 0.000216	0.021924 0.000427	0.000000 0.000000	0.000000 0.000000	0.000000 0.000000	0.000000 0.000000	0.000000 0.000000	0.000000 0.000000	0.000000 0.000000	0.000000 0.000000	0.000000 0.000000	
3 100 2 1.130000	0.988337 0.000552	0.023190 0.001091	0.000000 0.000000	0.000000 0.000000	0.000000 0.000000	0.000000 0.000000	0.000000 0.000000	0.000000 0.000000	0.000000 0.000000	0.000000 0.000000	0.000000 0.000000	
3 100 2 1.140000	0.987721 0.000330	0.024406 0.000652	0.000000 0.000000	0.000000 0.000000	0.000000 0.000000	0.000000 0.000000	0.000000 0.000000	0.000000 0.000000	0.000000 0.000000	0.000000 0.000000	0.000000 0.000000	
3 100 2 1.150000	0.987112 0.000453	0.025611 0.000894	0.000000 0.000000	0.000000 0.000000	0.000000 0.000000	0.000000 0.000000	0.000000 0.000000	0.000000 0.000000	0.000000 0.000000	0.000000 0.000000	0.001787 0.008935	
3 100 2 1.160000	0.986520 0.000592	0.026778 0.001168	0.000000 0.000000	0.000000 0.000000	0.000000 0.000000	0.000000 0.000000	0.000000 0.000000	0.000000 0.000000	0.000000 0.000000	0.000000 0.000000	0.000000 0.000000	
3 100 2 1.170000	0.985869 0.000382	0.028063 0.000753	0.000000 0.000000	0.000000 0.000000	0.000000 0.000000	0.000000 0.000000	0.000000 0.000000	0.000000 0.000000	0.000000 0.000000	0.000000 0.000000	0.000000 0.000000	
3 100 2 1.180000	0.985169 0.000131	0.029441 0.000258	0.000000 0.000000	0.000000 0.000000	0.000000 0.000000	0.000000 0.000000	0.000000 0.000000	0.000000 0.000000	0.000000 0.000000	0.000000 0.000000	0.000000 0.000000	
3 100 2 1.190000	0.984453 0.000461	0.030853 0.000908	0.000000 0.000000	0.000000 0.000000	0.000000 0.000000	0.000000 0.000000	0.000000 0.000000	0.000000 0.000000	0.000000 0.000000	0.000000 0.000000	0.000000 0.000000	
3 100 2 1.200000	0.983677 0.000420	0.032379 0.000826	0.000000 0.000000	0.000000 0.000000	0.000000 0.000000	0.000000 0.000000	0.000000 0.000000	0.000000 0.000000	0.000000 0.000000	0.000000 0.000000	0.000000 0.000000	
3 100 2 1.210000	0.982943 0.000292	0.033823 0.000574	0.000000 0.000000	0.000000 0.000000	0.000000 0.000000	0.000000 0.000000	0.000000 0.000000	0.000000 0.000000	0.000000 0.000000	0.000000 0.000000	0.000000 0.000000	
3 100 2 1.220000	0.982105 0.000443	0.035470 0.000871	0.000000 0.000000	0.000000 0.000000	0.000000 0.000000	0.000000 0.000000	0.000000 0.000000	0.000000 0.000000	0.000000 0.000000	0.000000 0.000000	0.000000 0.000000	
3 100 2 1.230000	0.981200 0.000315	0.037246 0.000619	0.000000 0.000000	0.000000 0.000000	0.000000 0.000000	0.000000 0.000000	0.000000 0.000000	0.000000 0.000000	0.000000 0.000000	0.000000 0.000000	0.000000 0.000000	
3 100 2 1.240000	0.980390 0.000400	0.038836 0.000784	0.000000 0.000000	0.000000 0.000000	0.000000 0.000000	0.000000 0.000000	0.000000 0.000000	0.000000 0.000000	0.000000 0.000000	0.000000 0.000000	0.000000 0.000000	
3 100 2 1.250000	0.979296 0.000253	0.040979 0.000496	0.000000 0.000000	0.000000 0.000000	0.000000 0.000000	0.000000 0.000000	0.000000 0.000000	0.001517 0.007585	0.000000 0.000000	0.000000 0.000000	0.000000 0.000000	
3 100 2 1.260000	0.978494 0.000376	0.042550 0.000736	0.000000 0.000000	0.000000 0.000000	0.000000 0.000000	0.000000 0.000000	0.000000 0.000000	0.000000 0.000000	0.000000 0.000000	0.000000 0.000000	0.000000 0.000000	
3 100 2 1.270000	0.977541 0.000171	0.044415 0.000334	0.000000 0.000000	0.000000 0.000000	0.000000 0.000000	0.000000 0.000000	0.000000 0.000000	0.000000 0.000000	0.000000 0.000000	0.000000 0.000000	0.000000 0.000000	
3 100 2 1.280000	0.976673 0.000159	0.046110 0.000311	0.000000 0.000000	0.000000 0.000000	0.000000 0.000000	0.000000 0.000000	0.000000 0.000000	0.000000 0.000000	0.000000 0.000000	0.000000 0.000000	0.000000 0.000000	
3 100 2 1.290000	0.975517 0.000088	0.048366 0.000172	0.000000 0.000000	0.000000 0.000000	0.000000 0.000000	0.000000 0.000000	0.000000 0.000000	0.000000 0.000000	0.000000 0.000000	0.000000 0.000000	0.000000 0.000000	
3 100 2 1.300000	0.974601 0.000214	0.050152 0.000417	0.000000 0.000000	0.000000 0.000000	0.000000 0.000000	0.000000 0.000000	0.000000 0.000000	0.001361 0.006804	0.000000 0.000000	0.000000 0.000000	0.000000 0.000000	
3 100 2 1.310000	0.973538 0.000352	0.052223 0.000685	0.000000 0.000000	0.000000 0.000000	0.000000 0.000000	0.000000 0.000000	0.000000 0.000000	0.000000 0.000000	0.000000 0.000000	0.000000 0.000000	0.000000 0.000000	
3 100 2 1.320000	0.972269 0.000350	0.054693 0.000682	0.000000 0.000000	0.000000 0.000000	0.000000 0.000000	0.000000 0.000000	0.000000 0.000000	0.000000 0.000000	0.000000 0.000000	0.000000 0.000000	0.000000 0.000000	
3 100 2 1.330000	0.971239 0.000485	0.056694 0.000943	0.000000 0.000000	0.000000 0.000000	0.000000 0.000000	0.000000 0.000000	0.000000 0.000000	0.000000 0.000000	0.000000 0.000000	0.000000 0.000000	0.000000 0.000000	
3 100 2 1.340000	0.970012 0.000519	0.059077 0.001007	0.000000 0.000000	0.000000 0.000000	0.000000 0.000000	0.000000 0.000000	0.000000 0.000000	0.000000 0.000000	0.000000 0.000000	0.000000 0.000000	0.000000 0.000000	
3 100 2 1.350000	0.968832 0.000374	0.061365 0.000724	0.000000 0.000000	0.000000 0.000000	0.000000 0.000000	0.000000 0.000000	0.000000 0.000000	0.001936 0.009680	0.000000 0.000000	0.000000 0.000000	0.000000 0.000000	
3 100 2 1.360000	0.967660 0.000379	0.063634 0.000734	0.000000 0.000000	0.000000 0.000000	0.000000 0.000000	0.000000 0.000000	0.000000 0.000000	0.000000 0.000000	0.000000 0.000000	0.000000 0.000000	0.000000 0.000000	
3 100 2 1.370000	0.966246 0.000378	0.066369 0.000730	0.000000 0.000000	0.000000 0.000000	0.000000 0.000000	0.000000 0.000000	0.000000 0.000000	0.000000 0.000000	0.000000 0.000000	0.000000 0.000000	0.000000 0.000000	
3 100 2 1.380000	0.964874 0.000557	0.069018 0.001075	0.001781 0.008906	0.000000 0.000000	0.000000 0.000000	0.000000 0.000000	0.000000 0.000000	0.000000 0.000000	0.000000 0.000000	0.000000 0.000000	0.000000 0.000000	
3 100 2 1.390000	0.963593 0.000361	0.071488 0.000695	0.000000 0.000000	0.000000 0.000000	0.001734 0.008672	0.000000 0.000000	0.000000 0.000000	0.000000 0.000000	0.000000 0.000000	0.000000 0.000000	0.000000 0.000000	
3 100 2 1.400000	0.961971 0.000854	0.074612 0.001643	0.000000 0.000000	0.000000 0.000000	0.000000 0.000000	0.000000 0.000000	0.000000 0.000000	0.000000 0.000000	0.000000 0.000000	0.000000 0.000000	0.000000 0.000000	
3 100 2 1.410000	0.960856 0.000293	0.076756 0.000563	0.000000 0.000000	0.000000 0.000000	0.001967 0.009833	0.000000 0.000000	0.000000 0.000000	0.000000 0.000000	0.000000 0.000000	0.001968 0.009840	0.000000 0.000000	
3 100 2 1.420000	0.959286 0.000274	0.079770 0.000526	0.000000 0.000000	0.000000 0.000000	0.000000 0.000000	0.000000 0.000000	0.000000 0.000000	0.000000 0.000000	0.000000 0.000000	0.000000 0.000000	0.000000 0.000000	
3 100 2 1.430000	0.957736 0.000376	0.082742 0.000719	0.001676 0.008381	0.000000 0.000000	0.000000 0.000000	0.000000 0.000000	0.000000 0.000000	0.000000 0.000000	0.000000 0.000000	0.000000 0.000000	0.000000 0.000000	
3 100 2 1.440000	0.955985 0.000363	0.086094 0.000694	0.000000 0.000000	0.000000 0.000000	0.000000 0.000000	0.000000 0.000000	0.000000 0.000000	0.000000 0.000000	0.000000 0.000000	0.000000 0.000000	0.000000 0.000000	
3 100 2 1.450000	0.954474 0.000120	0.088979 0.000229	0.000000 0.000000	0.000000 0.000000	0.000000 0.000000	0.000000 0.000000	0.000000 0.000000	0.000000 0.000000	0.000000 0.000000	0.000000 0.000000	0.000000 0.000000	
3 100 2 1.460000	0.952948 0.000180	0.091891 0.000343	0.000000 0.000000	0.000000 0.000000	0.000000 0.000000	0.000000 0.000000	0.000000 0.000000	0.000000 0.000000	0.000000 0.000000	0.000000 0.000000	0.000000 0.000000	
3 100 2 1.470000	0.951269 0.000290	0.095087 0.000553	0.001930 0.009650	0.000000 0.000000	0.000000 0.000000	0.000000 0.000000	0.000000 0.000000	0.000000 0.000000	0.000000 0.000000	0.000000 0.000000	0.000000 0.000000	
3 100 2 1.480000	0.949515 0.000368	0.098421 0.000699	0.007245 0.009587	0.002763 0.005473	0.002547 0.006044	0.000752 0.003760	0.002313 0.006565	0.000799 0.006134	0.000480 0.002399	-0.000012 0.000060	0.002065 0.009207	
3 100 2 1.490000	0.947772 0.000237	0.101727 0.000449	0.011906 0.009280	0.003818 0.008516	0.001413 0.005921	0.002361 0.004788	0.002247 0.003357	0.001753 0.004602	0.003133 0.008258	0.002777 0.004274	0.001288 0.005085	
3 100 2 1.500000	0.945920 0.000253	0.105235 0.000479	0.008721 0.009919	0.001336 0.004549	0.001260 0.004092	0.001010 0.005049	0.001884 0.005137	0.002874 0.005085	0.000245 0.002046	0.000518 0.001327	0.001952 0.005054	
3 100 2 1.510000	0.944027 0.000683	0.108813 0.001289	0.008499 0.007733	0.002567 0.008560	0.000225 0.001124	0.001015 0.003285	0.001273 0.003421	0.001671 0.004260	0.004012 0.007791	0.000834 0.006071	0.000612 0.002874	
3 100 2 1.520000	0.942194 0.000500	0.112271 0.000942	0.007851 0.009938	0.001859 0.004675	0.000238 0.001191	0.001435 0.006163	0.000659 0.002481	0.001802 0.009008	0.001663 0.005235	0.000323 0.001616	0.000227 0.001135	
3 100 2 1.530000	0.940157 0.000214	0.116105 0.000403	0.008967 0.009837	0.001412 0.005427	0.001192 0.004298	0.002765 0.008128	0.001927 0.004137	0.001121 0.003048	0.000568 0.001603	0.001698 0.008492	0.001154 0.003610	
3 100 2 1.540000	0.938107 0.000236	0.119955 0.000443	0.009122 0.007199	0.001026 0.007854	0.000219 0.001095	0.000070 0.000280	0.000638 0.003192	0.002607 0.006379	0.000178 0.000892	0.000790 0.004387	0.002213 0.007845	
3 100 2 1.550000	0.936102 0.000406	0.123713 0.000760	0.007492 0.007495	0.002655 0.008574	0.002125 0.007078	0.001680 0.008401	0.002122 0.005614	0.003831 0.006946	0.002374 0.007696	0.000842 0.003078	0.001715 0.004485	
3 100 2 1.560000	0.933992 0.000328	0.127659 0.000613	0.009278 0.009348	0.001268 0.004502	0.002083 0.008620	0.000537 0.001380	0.001321 0.007829	0.000586 0.002570	0.000784 0.003919	0.001143 0.003715	0.000000 0.000000	
3 100 2 1.570000	0.931667 0.000471	0.131997 0.000878	0.008997 0.006578	0.000168 0.000840	0.002237 0.008200	0.002913 0.006320	0.002133 0.008098	0.000987 0.006683	0.002825 0.007555	0.001694 0.005755	0.001816 0.007742	
3 100 2 1.580000	0.929492 0.000544	0.136044 0.001012	0.009357 0.008955	0.000431 0.001116	0.001432 0.006372	0.002660 0.006445	0.001394 0.004445	0.000478 0.002046	0.002300 0.006496	0.002782 0.007807	0.001143 0.003243	
3 100 2 1.590000	0.926927 0.000476	0.140806 0.000882	0.010013 0.007390	0.000000 0.000000	0.000991 0.004433	0.000220 0.001043	0.002410 0.006489	0.002942 0.008759	0.000000 0.000000	0.002425 0.005758	0.001822 0.009109	
3 100 2 1.600000	0.924681 0.000665	0.144965 0.001229	0.010265 0.009911	0.002866 0.006929	0.000481 0.002161	0.001807 0.006468	0.000236 0.001179	0.000337 0.001683	0.000180 0.000900	0.001270 0.003838	0.002054 0.004952	
3 100 2 1.610000	0.922247 0.000357	0.149461 0.000659	0.015341 0.009028	0.001137 0.004069	0.001286 0.005024	0.001606 0.006767	0.000201 0.001006	0.002979 0.007492	0.001071 0.004326	0.001075 0.005377	0.003004 0.009343	
3 100 2 1.620000	0.919736 0.000446	0.154086 0.000821	0.011722 0.004850	0.001189 0.005946	0.000543 0.002457	0.003567 0.009185	0.002082 0.007903	0.001505 0.006704	0.000988 0.004139	-0.000097 0.000483	0.003242 0.008397	
3 100 2 1.630000	0.917192 0.000453	0.158759 0.000831	0.015080 0.008906	0.003245 0.009412	0.001445 0.005296	0.000557 0.002785	0.002091 0.005696	0.000727 0.002871	0.002180 0.004467	0.000763 0.002833	0.001135 0.006405	
3 100 2 1.640000	0.914632 0.000303	0.163449 0.000555	0.013037 0.009495	0.003895 0.008155	0.001587 0.003891	0.000555 0.002328	0.000227 0.001135	0.002569 0.007161	0.002470 0.005501	0.001356 0.005572	0.000480 0.002399	
3 100 2 1.650000	0.911780 0.000159	0.168658 0.000291	0.014154 0.008839	0.000966 0.003738	0.001809 0.003796	0.002094 0.005654	0.002493 0.007006	0.004000 0.007731	0.004081 0.009698	0.002277 0.007983	0.003469 0.009950	
3 100 2 1.660000	0.908952 0.000609	0.173807 0.001107	0.015673 0.006469	0.001432 0.007160	-0.000129 0.000643	0.002250 0.009390	0.003142 0.006235	0.000265 0.001327	0.000604 0.003022	0.001153 0.005766	0.001573 0.006639	
3 100 2 1.670000	0.906231 0.000485	0.178745 0.000879	0.019085 0.008535	0.004592 0.008302	0.000935 0.002751	0.002691 0.007619	0.002688 0.008418	0.001701 0.007858	0.001183 0.005913	0.001115 0.002368	0.001588 0.005574	
3 100 2 1.680000	0.903408 0.000269	0.183854 0.000486	0.014857 0.006851	0.000979 0.004897	0.001289 0.004569	0.003006 0.006429	0.000000 0.000000	0.000000 0.000000	0.000787 0.003937	0.001498 0.004362	0.001063 0.003429	
3 100 2 1.690000	0.900389 0.000312	0.189299 0.000562	0.019490 0.008243	0.002459 0.005252	0.002679 0.007612	0.002431 0.005957	0.000640 0.003199	0.001599 0.004180	0.000891 0.004457	0.003113 0.008823	0.003218 0.006674	
3 100 2 1.700000	0.897229 0.000665	0.194980 0.001192	0.016949 0.008872	0.002525 0.007235	0.002561 0.007952	0.000147 0.002388	0.000074 0.001264	0.002350 0.006298	0.001140 0.005702	0.000914 0.002182	0.003805 0.007654	
3 100 2 1.710000	0.894078 0.000414	0.200625 0.000740	0.020998 0.005995	0.000540 0.002695	0.002582 0.005968	0.003198 0.007947	0.001089 0.005447	0.003236 0.005384	0.002528 0.006956	0.001455 0.006826	0.001788 0.008940	
3 100 2 1.720000	0.890925 0.000592	0.206253 0.001054	0.019954 0.005697	0.000620 0.003099	0.000839 0.004195	0.000570 0.002848	0.002032 0.006011	0.003709 0.008898	0.001411 0.003555	0.002259 0.007579	0.001397 0.007118	
3 100 2 1.730000	0.887674 0.000343	0.212034 0.000608	0.023671 0.008907	0.001690 0.004904	0.004161 0.008896	0.004719 0.007905	0.000248 0.001241	0.001134 0.004931	0.004404 0.007774	0.001093 0.004011	0.000453 0.002267	
3 100 2 1.740000	0.884236 0.000663	0.218126 0.001173	0.023104 0.006679	0.002924 0.006290	0.001712 0.004548	0.001508 0.007538	0.001745 0.008991	0.002201 0.004507	0.004377 0.009375	0.000687 0.003437	0.002317 0.007698	
3 100 2 1.750000	0.880702 0.000570	0.224365 0.001003	0.027572 0.009681	0.004327 0.008020	0.000993 0.004996	0.000364 0.001818	0.000144 0.000720	0.001515 0.004352	0.003602 0.007877	0.000490 0.002451	0.000777 0.003886	
3 100 2 1.760000	0.877266 0.000521	0.230404 0.000914	0.024291 0.005547	0.003089 0.005703	0.003815 0.007691	0.004269 0.009528	0.001409 0.007298	0.001296 0.006480	0.000405 0.003711	0.001011 0.004719	0.002727 0.006538	
3 100 2 1.770000	0.873386 0.000330	0.237197 0.000576	0.025032 0.006859	0.001750 0.006709	0.000892 0.003627	0.002343 0.008544	0.001849 0.009002	0.002305 0.006053	0.000774 0.003872	0.002731 0.006042	0.000381 0.001905	
3 100 2 1.780000	0.869465 0.000319	0.244030 0.000554	0.028908 0.002234	0.001528 0.003905	0.003669 0.006984	0.001005 0.005023	0.000338 0.001045	0.001531 0.006864	0.003476 0.008242	0.002275 0.006594	0.001144 0.003665	
3 100 2 1.790000	0.865607 0.000436	0.250725 0.000755	0.030264 0.009105	0.005486 0.005769	0.001851 0.003998	0.000809 0.002379	0.000000 0.000000	0.000962 0.003977	0.002318 0.005491	0.000720 0.003598	0.003848 0.009530	
3 100 2 1.800000	0.861720 0.000547	0.257438 0.000942	0.032682 0.002434	0.001479 0.005388	0.003824 0.008530	0.001564 0.007821	0.000767 0.003834	0.000408 0.002040	0.002542 0.005965	0.002516 0.009497	0.003120 0.009318	
3 100 2 1.810000	0.857563 0.000363	0.264586 0.000623	0.032777 0.007095	0.006564 0.005112	0.002892 0.005941	0.001069 0.005345	0.001045 0.003436	0.001681 0.004397	0.000444 0.003631	0.001411 0.003862	0.002653 0.006556	
3 100 2 1.820000	0.853463 0.000526	0.271601 0.000898	0.029964 0.006104	0.005816 0.008733	0.000000 0.000000	0.002098 0.003635	0.000864 0.004321	0.002500 0.005027	0.001934 0.003390	0.002483 0.007366	0.003152 0.009182	
3 100 2 1.830000	0.848945 0.000371	0.279292 0.000629	0.036626 0.009037	0.003312 0.006868	0.002074 0.006569	0.000000 0.000000	0.005950 0.008736	0.002698 0.007450	0.000593 0.002967	0.001426 0.002939	-0.000031 0.000153	
3 100 2 1.840000	0.844513 0.000420	0.286798 0.000709	0.037404 0.008042	0.004513 0.008078	0.000446 0.002229	0.002214 0.007803	0.004504 0.008577	0.000034 0.000171	0.000000 0.000000	0.001602 0.006013	0.002500 0.008299	
3 100 2 1.850000	0.839872 0.000583	0.294615 0.000979	0.040204 0.009877	0.004668 0.008524	0.002683 0.004265	0.001511 0.007137	0.001579 0.003892	0.000096 0.000479	0.002457 0.007754	0.000626 0.003130	0.000984 0.003123	
3 100 2 1.860000	0.835378 0.000371	0.302144 0.000620	0.040716 0.008754	0.005289 0.009596	0.001678 0.006365	0.000666 0.002388	0.000290 0.001176	0.001182 0.005912	0.002662 0.007969	0.001653 0.007191	0.001199 0.006150	
3 100 2 1.870000	0.830347 0.000530	0.310524 0.000880	0.041457 0.007478	0.007169 0.007714	0.001656 0.006102	0.001571 0.002852	0.001806 0.005181	0.001743 0.004718	0.003295 0.007244	0.005157 0.009472	0.003665 0.007637	
3 100 2 1.880000	0.825181 0.000663	0.319076 0.001094	0.041861 0.009434	0.008980 0.007214	0.003676 0.007922	0.001043 0.007060	0.001961 0.005629	0.002315 0.006058	0.001473 0.005835	-0.000391 0.001955	0.000231 0.001154	
3 100 2 1.890000	0.820095 0.000511	0.327445 0.000839	0.043087 0.008565	0.004665 0.009875	0.002744 0.008109	0.001194 0.002488	0.001447 0.003435	0.002465 0.007743	0.002750 0.008582	0.001488 0.004306	0.001544 0.006401	
3 100 2 1.900000	0.814635 0.000662	0.336370 0.001079	0.045836 0.006332	0.004768 0.005809	0.000359 0.001942	0.004175 0.009071	0.001698 0.007689	-0.000124 0.000621	0.001101 0.005506	0.001530 0.006164	0.000956 0.004780	
3 100 2 1.910000	0.809394 0.000560	0.344882 0.000906	0.049176 0.009481	0.006849 0.007603	0.001232 0.005163	0.000621 0.003103	0.000457 0.001737	0.000018 0.000089	0.002641 0.006631	0.000456 0.002279	0.001637 0.003118	
3 100 2 1.920000	0.803690 0.000580	0.354082 0.000933	0.049993 0.009595	0.009451 0.004960	0.003129 0.006985	0.002449 0.004942	0.001342 0.003689	0.001048 0.005238	0.001583 0.005489	0.001901 0.004424	0.002756 0.005653	
3 100 2 1.930000	0.797909 0.000661	0.363341 0.001054	0.056127 0.007213	0.013721 0.008023	0.001992 0.005433	0.001885 0.006583	0.000634 0.004152	0.000000 0.000000	0.003869 0.009294	0.000083 0.000414	0.004257 0.009646	
3 100 2 1.940000	0.791690 0.000889	0.373227 0.001407	0.054999 0.009314	0.008228 0.008592	0.002165 0.005012	0.001051 0.003837	0.003735 0.007845	0.000514 0.001507	0.000781 0.003904	0.000000 0.000000	0.000983 0.002510	
3 100 2 1.950000	0.785822 0.000534	0.382484 0.000839	0.056858 0.009587	0.008469 0.007513	0.002082 0.004954	0.002571 0.007899	0.002516 0.006535	0.000000 0.000000	0.002683 0.008178	0.002160 0.008461	0.002679 0.009904	
3 100 2 1.960000	0.779185 0.000690	0.392871 0.001076	0.064033 0.007771	0.012279 0.003686	0.005004 0.007161	0.001101 0.002662	0.000246 0.001229	0.001018 0.005089	0.001384 0.003897	0.003233 0.008376	0.002000 0.005526	
3 100 2 1.970000	0.772513 0.001190	0.403224 0.001839	0.063239 0.009509	0.009936 0.009661	0.001386 0.004161	0.001385 0.004364	0.000883 0.004414	0.001230 0.006152	0.000746 0.002911	0.002579 0.008995	0.000126 0.000632	
3 100 2 1.980000	0.765741 0.001239	0.413641 0.001897	0.064441 0.006346	0.013591 0.006220	0.006679 0.008261	0.003518 0.009040	0.000000 0.000000	0.000939 0.003500	0.000000 0.000000	0.001327 0.002673	0.002250 0.006069	
3 100 2 1.990000	0.758450 0.000515	0.424754 0.000781	0.069045 0.007559	0.011024 0.009635	0.001981 0.004536	0.002358 0.004577	0.004709 0.009839	0.002307 0.008598	0.002199 0.008832	0.001573 0.007866	0.004070 0.009873	
3 100 2 2.000000	0.751116 0.000604	0.435824 0.000907	0.072191 0.009967	0.013169 0.006486	0.003975 0.008715	0.001584 0.005457	0.001587 0.005398	0.004537 0.008126	0.000322 0.001279	0.000997 0.003133	0.001468 0.005980	
3 100 2 2.010000	0.743233 0.001199	0.447605 0.001781	0.072563 0.009892	0.014334 0.004811	0.003840 0.008259	0.001834 0.009170	0.003174 0.006603	0.001371 0.004799	0.000843 0.004216	0.002970 0.005647	0.001435 0.004483	
3 100 2 2.020000	0.735301 0.000738	0.459333 0.001085	0.075655 0.008833	0.016965 0.006803	0.004906 0.009345	0.004774 0.009918	0.002039 0.007501	0.001068 0.003412	0.000723 0.001862	0.000970 0.002845	0.000981 0.004110	
3 100 2 2.030000	0.727171 0.000821	0.471222 0.001194	0.081798 0.003514	0.018795 0.006750	0.000726 0.002790	0.000504 0.001350	0.002518 0.009509	0.001148 0.005741	0.001434 0.002065	0.003125 0.006745	0.001832 0.006306	
3 100 2 2.040000	0.718761 0.001048	0.483382 0.001506	0.086169 0.009910	0.018480 0.009633	0.003370 0.008739	0.000723 0.003133	0.002720 0.009149	0.000186 0.000930	0.003344 0.006952	0.000764 0.003818	0.000833 0.002353	
3 100 2 2.050000	0.709131 0.000915	0.497132 0.001297	0.089615 0.007449	0.019659 0.006790	0.003497 0.006691	0.001828 0.004657	0.001575 0.005034	0.003192 0.008508	0.001430 0.007148	0.002518 0.005817	0.000697 0.003485	
3 100 2 2.060000	0.700152 0.000255	0.509787 0.000358	0.092075 0.009940	0.021675 0.009193	0.006415 0.006641	0.002609 0.006908	0.002220 0.006341	0.000000 0.000000	0.002962 0.007420	0.000825 0.004125	0.001385 0.005839	
3 100 2 2.070000	0.690052 0.000685	0.523829 0.000946	0.100713 0.009700	0.024247 0.007156	0.006022 0.009737	0.002041 0.007115	0.000556 0.002778	0.002138 0.005248	0.003033 0.008467	0.000705 0.003525	0.000483 0.002417	
3 100 2 2.080000	0.679205 0.000623	0.538681 0.000846	0.102974 0.004647	0.022639 0.007379	0.008350 0.008058	0.004090 0.009532	0.001748 0.006105	0.003786 0.009668	0.005094 0.008882	0.002706 0.006768	0.002407 0.007728	
3 100 2 2.090000	0.668760 0.001503	0.552760 0.002010	0.110921 0.009608	0.023918 0.008836	0.009110 0.007420	0.002867 0.007189	0.000662 0.003312	0.002211 0.009738	0.000753 0.003345	0.000936 0.003622	0.001149 0.003992	
3 100 2 2.100000	0.657021 0.000998	0.568323 0.001312	0.110759 0.008932	0.028500 0.008643	0.009408 0.007882	0.005677 0.008036	0.000718 0.002522	0.001850 0.007712	0.002923 0.008924	0.000312 0.001558	0.003399 0.009024	
3 100 2 2.110000	0.645231 0.000854	0.583677 0.001102	0.117459 0.003376	0.030305 0.007396	0.007933 0.007442	0.002741 0.008450	0.003123 0.008411	0.002788 0.009341	0.000870 0.002280	0.002175 0.006499	0.001126 0.002651	
3 100 2 2.120000	0.632548 0.001430	0.599883 0.001810	0.124292 0.009072	0.034708 0.009456	0.008687 0.009007	0.007310 0.008026	0.002921 0.005906	0.000347 0.002773	0.000999 0.004994	0.000798 0.003988	0.001759 0.005731	
3 100 2 2.130000	0.618583 0.001470	0.617355 0.001818	0.129488 0.005527	0.032361 0.003940	0.011473 0.008511	0.004173 0.003457	0.004869 0.007246	0.002500 0.004493	0.001017 0.004030	0.001859 0.004287	0.002864 0.004067	
3 100 2 2.140000	0.604164 0.001603	0.634985 0.001937	0.136520 0.005658	0.038098 0.007853	0.014778 0.009195	0.005531 0.007504	0.002226 0.007491	0.002620 0.006196	0.001894 0.004313	0.001246 0.002806	0.001000 0.003151	
3 100 2 2.150000	0.588429 0.001693	0.653751 0.001991	0.144141 0.004988	0.040418 0.009877	0.013031 0.007228	0.007655 0.009503	0.004139 0.008394	0.002304 0.003983	0.002890 0.007849	0.001589 0.007943	0.003094 0.005133	
3 100 2 2.160000	0.572339 0.002190	0.672427 0.002507	0.149094 0.007460	0.046756 0.009878	0.018039 0.008000	0.003324 0.008897	0.000811 0.004926	0.002325 0.008593	0.003100 0.008244	0.000684 0.003419	0.001119 0.005596	
3 100 2 2.170000	0.553817 0.001889	0.693286 0.002093	0.161189 0.006952	0.046632 0.006075	0.018709 0.003945	0.006886 0.009000	0.004412 0.005521	0.002054 0.009188	0.000624 0.002100	0.001464 0.004488	0.000468 0.002341	
