3 10 3 0.400000	1.000000 0.000000	0.000000 0.000000	0.000000 0.000000	0.000000 0.000000	0.000000 0.000000	0.000000 0.000000	
3 10 3 0.410000	1.000000 0.000000	0.000000 0.000000	0.000000 0.000000	0.000000 0.000000	0.000000 0.000000	0.000000 0.000000	
3 10 3 0.420000	1.000000 0.000000	0.000000 0.000000	0.000000 0.000000	0.000000 0.000000	0.000000 0.000000	0.000000 0.000000	
3 10 3 0.430000	1.000000 0.000000	0.000000 0.000000	0.000000 0.000000	0.000000 0.000000	0.000000 0.000000	0.000000 0.000000	
3 10 3 0.440000	1.000000 0.000000	0.000000 0.000000	0.000000 0.000000	0.000000 0.000000	0.000000 0.000000	0.000000 0.000000	
3 10 3 0.450000	1.000000 0.000000	0.000000 0.000000	0.000000 0.000000	0.000000 0.000000	0.000000 0.000000	0.000000 0.000000	
3 10 3 0.460000	1.000000 0.000000	0.000000 0.000000	0.000000 0.000000	0.000000 0.000000	0.000000 0.000000	0.000000 0.000000	
3 10 3 0.470000	1.000000 0.000000	0.000000 0.000000	0.000000 0.000000	0.000000 0.000000	0.000000 0.000000	0.000000 0.000000	
3 10 3 0.480000	0.999700 0.001500	0.000000 0.000000	0.000000 0.000000	0.000000 0.000000	0.000000 0.000000	0.000000 0.000000	
3 10 3 0.490000	1.000000 0.000000	0.000000 0.000000	0.000000 0.000000	0.000000 0.000000	0.000000 0.000000	0.000000 0.000000	
3 10 3 0.500000	1.000000 0.000000	0.000000 0.000000	0.000000 0.000000	0.000000 0.000000	0.000000 0.000000	0.000000 0.000000	
3 10 3 0.510000	1.000000 0.000000	0.000000 0.000000	0.000000 0.000000	0.000000 0.000000	0.000000 0.000000	0.000000 0.000000	
3 10 3 0.520000	1.000000 0.000000	0.000000 0.000000	0.000000 0.000000	0.000000 0.000000	0.000000 0.000000	0.000000 0.000000	
3 10 3 0.530000	1.000000 0.000000	0.000000 0.000000	0.000000 0.000000	0.000000 0.000000	0.000000 0.000000	0.000000 0.000000	
3 10 3 0.540000	1.000000 0.000000	0.000000 0.000000	0.000000 0.000000	0.000000 0.000000	0.000000 0.000000	0.000000 0.000000	
3 10 3 0.550000	1.000000 0.000000	0.000000 0.000000	0.000000 0.000000	0.000000 0.000000	0.000000 0.000000	0.000000 0.000000	
3 10 3 0.560000	1.000000 0.000000	0.000000 0.000000	0.000000 0.000000	0.000000 0.000000	0.000000 0.000000	0.000000 0.000000	
3 10 3 0.570000	1.000000 0.000000	0.000000 0.000000	0.000000 0.000000	0.000000 0.000000	0.000000 0.000000	0.000000 0.000000	
3 10 3 0.580000	0.999700 0.001500	0.000000 0.000000	0.000000 0.000000	0.000000 0.000000	0.000000 0.000000	0.000000 0.000000	
3 10 3 0.590000	1.000000 0.000000	0.000000 0.000000	0.000000 0.000000	0.000000 0.000000	0.000000 0.000000	0.000000 0.000000	
3 10 3 0.600000	1.000000 0.000000	0.000000 0.000000	0.000000 0.000000	0.000000 0.000000	0.000000 0.000000	0.000000 0.000000	
3 10 3 0.610000	0.999700 0.001500	0.000000 0.000000	0.000000 0.000000	0.000000 0.000000	0.000000 0.000000	0.000000 0.000000	
3 10 3 0.620000	1.000000 0.000000	0.000000 0.000000	0.000000 0.000000	0.000000 0.000000	0.000000 0.000000	0.000000 0.000000	
3 10 3 0.630000	1.000000 0.000000	0.000000 0.000000	0.000000 0.000000	0.000000 0.000000	0.000000 0.000000	0.000000 0.000000	
3 10 3 0.640000	0.999700 0.001500	0.000000 0.000000	0.000000 0.000000	0.000000 0.000000	0.000000 0.000000	0.000000 0.000000	
3 10 3 0.650000	0.999700 0.001500	0.000000 0.000000	0.000000 0.000000	0.000000 0.000000	0.000000 0.000000	0.000000 0.000000	
3 10 3 0.660000	0.999700 0.001500	0.000000 0.000000	0.000000 0.000000	0.000000 0.000000	0.000000 0.000000	0.000000 0.000000	
3 10 3 0.670000	0.999400 0.001500	0.000000 0.000000	0.000000 0.000000	0.000000 0.000000	0.000000 0.000000	0.000000 0.000000	
3 10 3 0.680000	0.999400 0.001500	0.000000 0.000000	0.000000 0.000000	0.000000 0.000000	0.000000 0.000000	0.000000 0.000000	
3 10 3 0.690000	0.999101 0.004497	0.000000 0.000000	0.000000 0.000000	0.000000 0.000000	0.000000 0.000000	0.000000 0.000000	
3 10 3 0.700000	0.999700 0.001500	0.000000 0.000000	0.000000 0.000000	0.000000 0.000000	0.000000 0.000000	0.000000 0.000000	
3 10 3 0.710000	0.998200 0.003000	0.000000 0.000000	0.000000 0.000000	0.000000 0.000000	0.000000 0.000000	0.000000 0.000000	
3 10 3 0.720000	0.998500 0.003000	0.000000 0.000000	0.000000 0.000000	0.000000 0.000000	0.000000 0.000000	0.000000 0.000000	
3 10 3 0.730000	0.998500 0.000000	0.000000 0.000000	0.000000 0.000000	0.000000 0.000000	0.000000 0.000000	0.000000 0.000000	
3 10 3 0.740000	0.999700 0.001500	0.000000 0.000000	0.000000 0.000000	0.000000 0.000000	0.000000 0.000000	0.000000 0.000000	
3 10 3 0.750000	0.999400 0.001500	0.000000 0.000000	0.000000 0.000000	0.000000 0.000000	0.000000 0.000000	0.000000 0.000000	
3 10 3 0.760000	0.999400 0.001500	0.000000 0.000000	0.000000 0.000000	0.000000 0.000000	0.000000 0.000000	0.000000 0.000000	
3 10 3 0.770000	0.999100 0.001500	0.000000 0.000000	0.000000 0.000000	0.000000 0.000000	0.000000 0.000000	0.000000 0.000000	
3 10 3 0.780000	0.998800 0.002998	0.000000 0.000000	0.000000 0.000000	0.000000 0.000000	0.000000 0.000000	0.000000 0.000000	
3 10 3 0.790000	0.998201 0.002998	0.000000 0.000000	0.000000 0.000000	0.000000 0.000000	0.000000 0.000000	0.000000 0.000000	
3 10 3 0.800000	0.998800 0.002998	0.000000 0.000000	0.000000 0.000000	0.000000 0.000000	0.000000 0.000000	0.000000 0.000000	
3 10 3 0.810000	0.998201 0.004497	0.000000 0.000000	0.000000 0.000000	0.000000 0.000000	0.000000 0.000000	0.000000 0.000000	
3 10 3 0.820000	0.999400 0.001500	0.000000 0.000000	0.000000 0.000000	0.000000 0.000000	0.000000 0.000000	0.000000 0.000000	
3 10 3 0.830000	0.997001 0.003000	0.000000 0.000000	0.000000 0.000000	0.000000 0.000000	0.000000 0.000000	0.000000 0.000000	
3 10 3 0.840000	0.997900 0.004500	0.000000 0.000000	0.000000 0.000000	0.000000 0.000000	0.000000 0.000000	0.000000 0.000000	
3 10 3 0.850000	0.996701 0.003000	0.000000 0.000000	0.000000 0.000000	0.000000 0.000000	0.000000 0.000000	0.000000 0.000000	
3 10 3 0.860000	0.996101 0.001501	0.000000 0.000000	0.000000 0.000000	0.000000 0.000000	0.000000 0.000000	0.000000 0.000000	
3 10 3 0.870000	0.996551 0.003000	0.000000 0.000000	0.000000 0.000000	0.000000 0.000000	0.000000 0.000000	0.000000 0.000000	
3 10 3 0.880000	0.997901 0.001500	0.000000 0.000000	0.000000 0.000000	0.000000 0.000000	0.000000 0.000000	0.000000 0.000000	
3 10 3 0.890000	0.997301 0.004500	0.000000 0.000000	0.000000 0.000000	0.000000 0.000000	0.000000 0.000000	0.000000 0.000000	
3 10 3 0.900000	0.996351 0.003250	0.000000 0.000000	0.000000 0.000000	0.000000 0.000000	0.000000 0.000000	0.000000 0.000000	
3 10 3 0.910000	0.996700 0.002400	0.000000 0.000000	0.000000 0.000000	0.000000 0.000000	0.000000 0.000000	0.000000 0.000000	
3 10 3 0.920000	0.996626 0.001876	0.000000 0.000000	0.000000 0.000000	0.000000 0.000000	0.000000 0.000000	0.000000 0.000000	
3 10 3 0.930000	0.994542 0.001114	0.010887 0.002216	0.000000 0.000000	0.000000 0.000000	0.000000 0.000000	0.000000 0.000000	
3 10 3 0.940000	0.994001 0.002319	0.011961 0.004608	0.000000 0.000000	0.000000 0.000000	0.000000 0.000000	0.000000 0.000000	
3 10 3 0.950000	0.996101 0.001501	0.000000 0.000000	0.000000 0.000000	0.000000 0.000000	0.000000 0.000000	0.000000 0.000000	
3 10 3 0.960000	0.993747 0.002174	0.012467 0.004321	0.000000 0.000000	0.000000 0.000000	0.000000 0.000000	0.000000 0.000000	
3 10 3 0.970000	0.992504 0.004497	0.014933 0.008926	0.000000 0.000000	0.000000 0.000000	0.000000 0.000000	0.000000 0.000000	
3 10 3 0.980000	0.992936 0.003835	0.014077 0.007615	0.000000 0.000000	0.000000 0.000000	0.000000 0.000000	0.000000 0.000000	
3 10 3 0.990000	0.992202 0.004002	0.015533 0.007937	0.000000 0.000000	0.000000 0.000000	0.000000 0.000000	0.000000 0.000000	
3 10 3 1.000000	0.992351 0.004501	0.015237 0.008934	0.000000 0.000000	0.000000 0.000000	0.000000 0.000000	0.000000 0.000000	
3 10 3 1.010000	0.991962 0.004201	0.016008 0.008334	0.000000 0.000000	0.000000 0.000000	0.000000 0.000000	0.000000 0.000000	
3 10 3 1.020000	0.990703 0.004494	0.018504 0.008903	0.000000 0.000000	0.000000 0.000000	0.000000 0.000000	0.000000 0.000000	
3 10 3 1.030000	0.992351 0.004499	0.015237 0.008931	0.000000 0.000000	0.000000 0.000000	0.000000 0.000000	0.000000 0.000000	
3 10 3 1.040000	0.986803 0.002400	0.026219 0.004736	0.001788 0.008942	0.000000 0.000000	0.000000 0.000000	0.000000 0.000000	
3 10 3 1.050000	0.989502 0.002249	0.020884 0.004453	0.000000 0.000000	0.000000 0.000000	0.000000 0.000000	0.000000 0.000000	
3 10 3 1.060000	0.987454 0.004753	0.024932 0.009381	0.000000 0.000000	0.000000 0.000000	0.000968 0.004842	0.001254 0.006271	
3 10 3 1.070000	0.989280 0.004123	0.021324 0.008164	0.000000 0.000000	0.000000 0.000000	0.000000 0.000000	0.000000 0.000000	
3 10 3 1.080000	0.986402 0.004999	0.027007 0.009863	0.000000 0.000000	0.000000 0.000000	0.000000 0.000000	0.000000 0.000000	
3 10 3 1.090000	0.986805 0.003905	0.026213 0.007706	0.000000 0.000000	0.000000 0.000000	0.000000 0.000000	0.000000 0.000000	
3 10 3 1.100000	0.983933 0.004921	0.031872 0.009682	0.000000 0.000000	0.000000 0.000000	0.000000 0.000000	0.000000 0.000000	
3 10 3 1.110000	0.982844 0.004200	0.034015 0.008253	0.000000 0.000000	0.000000 0.000000	0.000000 0.000000	0.000000 0.000000	
3 10 3 1.120000	0.984046 0.004945	0.031650 0.009733	0.000000 0.000000	0.000000 0.000000	0.000000 0.000000	0.000000 0.000000	
3 10 3 1.130000	0.980805 0.004746	0.038019 0.009313	0.000000 0.000000	0.000000 0.000000	0.000000 0.000000	0.000000 0.000000	
3 10 3 1.140000	0.980805 0.004001	0.038020 0.007841	0.000000 0.000000	0.000000 0.000000	0.001366 0.006830	0.000000 0.000000	
3 10 3 1.150000	0.978207 0.004752	0.043107 0.009302	0.000000 0.000000	0.000000 0.000000	0.000000 0.000000	0.000000 0.000000	
3 10 3 1.160000	0.979458 0.004319	0.040659 0.008461	0.000000 0.000000	0.000000 0.000000	0.000000 0.000000	0.000000 0.000000	
3 10 3 1.170000	0.978734 0.005045	0.042075 0.009877	0.000000 0.000000	0.000000 0.000000	0.000000 0.000000	0.000000 0.000000	
3 10 3 1.180000	0.977559 0.003964	0.044377 0.007750	0.001688 0.008440	0.000000 0.000000	0.000000 0.000000	0.000000 0.000000	
3 10 3 1.190000	0.975632 0.004994	0.048139 0.009757	0.000000 0.000000	0.000000 0.000000	0.000000 0.000000	0.000000 0.000000	
3 10 3 1.200000	0.973891 0.005097	0.051533 0.009922	0.000000 0.000000	0.000000 0.000000	0.000000 0.000000	0.000000 0.000000	
3 10 3 1.210000	0.974885 0.002617	0.049598 0.005102	0.000000 0.000000	0.000000 0.000000	0.000000 0.000000	0.000000 0.000000	
3 10 3 1.220000	0.970630 0.005097	0.057873 0.009887	0.000000 0.000000	0.000000 0.000000	0.000000 0.000000	0.000000 0.000000	
3 10 3 1.230000	0.969649 0.003005	0.059780 0.005829	0.000000 0.000000	0.000000 0.000000	0.000000 0.000000	0.000000 0.000000	
3 10 3 1.240000	0.966547 0.004641	0.065784 0.008971	0.000000 0.000000	0.000000 0.000000	0.001875 0.009373	0.001548 0.007741	
3 10 3 1.250000	0.965191 0.004412	0.068404 0.008515	0.000000 0.000000	0.000000 0.000000	0.000000 0.000000	0.000000 0.000000	
3 10 3 1.260000	0.965987 0.004837	0.066865 0.009343	0.000000 0.000000	0.000000 0.000000	0.000000 0.000000	0.000000 0.000000	
3 10 3 1.270000	0.963274 0.003695	0.072102 0.007120	0.000000 0.000000	0.000000 0.000000	0.000000 0.000000	0.000000 0.000000	
3 10 3 1.280000	0.961721 0.001628	0.075091 0.003131	0.001837 0.009186	0.000000 0.000000	0.000000 0.000000	0.000000 0.000000	
3 10 3 1.290000	0.957040 0.003926	0.084073 0.007517	0.001763 0.008814	0.000000 0.000000	0.000000 0.000000	0.000000 0.000000	
3 10 3 1.300000	0.956968 0.004811	0.084208 0.009212	0.000000 0.000000	0.000000 0.000000	0.000000 0.000000	0.000000 0.000000	
3 10 3 1.310000	0.955093 0.003504	0.087795 0.006691	0.000000 0.000000	0.000000 0.000000	0.000000 0.000000	0.000000 0.000000	
3 10 3 1.320000	0.953293 0.001116	0.091233 0.002128	0.001807 0.009035	0.000000 0.000000	0.000000 0.000000	0.000000 0.000000	
3 10 3 1.330000	0.953153 0.005224	0.091496 0.009962	0.001971 0.009856	0.000000 0.000000	0.000000 0.000000	0.000000 0.000000	
3 10 3 1.340000	0.950631 0.005175	0.096297 0.009841	0.001982 0.009910	0.000000 0.000000	0.000000 0.000000	0.000000 0.000000	
3 10 3 1.350000	0.947125 0.005243	0.102951 0.009932	0.000000 0.000000	0.000000 0.000000	0.000000 0.000000	0.000000 0.000000	
3 10 3 1.360000	0.944028 0.004671	0.108809 0.008812	0.000000 0.000000	0.000000 0.000000	0.000000 0.000000	0.000000 0.000000	
3 10 3 1.370000	0.943765 0.004338	0.109305 0.008192	0.000000 0.000000	0.000000 0.000000	0.000000 0.000000	0.000000 0.000000	
3 10 3 1.380000	0.939284 0.003608	0.117743 0.006779	0.001981 0.009904	0.000000 0.000000	0.000000 0.000000	0.000000 0.000000	
3 10 3 1.390000	0.939317 0.003576	0.117682 0.006718	0.000000 0.000000	0.000000 0.000000	0.000000 0.000000	0.000000 0.000000	
3 10 3 1.400000	0.936829 0.004772	0.122349 0.008940	0.001775 0.008875	0.000000 0.000000	0.000000 0.000000	0.000000 0.000000	
3 10 3 1.410000	0.931483 0.004368	0.132337 0.008141	0.000000 0.000000	0.000000 0.000000	0.000000 0.000000	0.000000 0.000000	
3 10 3 1.420000	0.928924 0.005264	0.137096 0.009775	0.000000 0.000000	0.000000 0.000000	0.001419 0.007094	0.000000 0.000000	
3 10 3 1.430000	0.926875 0.005242	0.140900 0.009719	0.011698 0.002827	0.000000 0.000000	0.000000 0.000000	0.000000 0.000000	
3 10 3 1.440000	0.922101 0.004414	0.149727 0.008136	0.013532 0.004905	0.000000 0.000000	0.000000 0.000000	0.000000 0.000000	
3 10 3 1.450000	0.920393 0.004924	0.152873 0.009061	0.012169 0.003236	0.000000 0.000000	0.000000 0.000000	0.000000 0.000000	
3 10 3 1.460000	0.917226 0.001841	0.158696 0.003378	0.012893 0.006094	0.000000 0.000000	0.000000 0.000000	0.000000 0.000000	
3 10 3 1.470000	0.916238 0.003350	0.160506 0.006139	0.012641 0.008846	0.000000 0.000000	0.000000 0.000000	0.000000 0.000000	
3 10 3 1.480000	0.910302 0.005307	0.171345 0.009664	0.012469 0.004681	0.000000 0.000000	0.000000 0.000000	0.000000 0.000000	
3 10 3 1.490000	0.904981 0.004639	0.181007 0.008390	0.013716 0.006088	0.000000 0.000000	0.000000 0.000000	0.000000 0.000000	
3 10 3 1.500000	0.898212 0.005157	0.193212 0.009258	0.013062 0.003449	0.000000 0.000000	0.000000 0.000000	0.000000 0.000000	
3 10 3 1.510000	0.899228 0.005537	0.191384 0.009956	0.018107 0.006303	0.000000 0.000000	0.000000 0.000000	0.000000 0.000000	
3 10 3 1.520000	0.893911 0.005180	0.200917 0.009266	0.020363 0.009355	0.000000 0.000000	0.000000 0.000000	0.000000 0.000000	
3 10 3 1.530000	0.891097 0.005370	0.205942 0.009563	0.019941 0.004245	0.000000 0.000000	0.000000 0.000000	0.000000 0.000000	
3 10 3 1.540000	0.885803 0.004506	0.215349 0.007990	0.020007 0.009805	0.000000 0.000000	0.000000 0.000000	0.000000 0.000000	
3 10 3 1.550000	0.881849 0.005601	0.222338 0.009869	0.021941 0.008914	0.000000 0.000000	0.000000 0.000000	0.000000 0.000000	
3 10 3 1.560000	0.873902 0.005480	0.236290 0.009566	0.025004 0.009367	0.000000 0.000000	0.000000 0.000000	0.000000 0.000000	
3 10 3 1.570000	0.867938 0.005680	0.246678 0.009870	0.026238 0.004224	0.000000 0.000000	0.000000 0.000000	0.000000 0.000000	
3 10 3 1.580000	0.864817 0.005682	0.252086 0.009828	0.027314 0.006613	0.000000 0.000000	0.000000 0.000000	0.000000 0.000000	
3 10 3 1.590000	0.860797 0.005782	0.259023 0.009958	0.030323 0.008876	0.000000 0.000000	0.000000 0.000000	0.000000 0.000000	
3 10 3 1.600000	0.852075 0.005872	0.273964 0.009998	0.029461 0.008632	0.000000 0.000000	0.000000 0.000000	0.000000 0.000000	
3 10 3 1.610000	0.845603 0.005071	0.284952 0.008581	0.033226 0.007058	0.001980 0.009900	0.000000 0.000000	0.000000 0.000000	
3 10 3 1.620000	0.840253 0.005924	0.293971 0.009947	0.034041 0.009889	0.000000 0.000000	0.000000 0.000000	0.000000 0.000000	
3 10 3 1.630000	0.832219 0.005464	0.307407 0.009106	0.037954 0.008551	0.000000 0.000000	0.000000 0.000000	0.000000 0.000000	
3 10 3 1.640000	0.824930 0.004188	0.319488 0.006912	0.039575 0.009510	0.000000 0.000000	0.000000 0.000000	0.000000 0.000000	
3 10 3 1.650000	0.818475 0.005889	0.330093 0.009652	0.041081 0.008251	0.000000 0.000000	0.000000 0.000000	0.000000 0.000000	
3 10 3 1.660000	0.811561 0.006155	0.341363 0.009992	0.045583 0.005242	0.000000 0.000000	0.000000 0.000000	0.000000 0.000000	
3 10 3 1.670000	0.804822 0.006174	0.352258 0.009930	0.046830 0.006493	0.000000 0.000000	0.000000 0.000000	0.000000 0.000000	
3 10 3 1.680000	0.799427 0.006206	0.360912 0.009921	0.048077 0.005554	0.000000 0.000000	0.000000 0.000000	0.000000 0.000000	
3 10 3 1.690000	0.781687 0.006243	0.388960 0.009754	0.056965 0.006101	0.000000 0.000000	0.000000 0.000000	0.000000 0.000000	
3 10 3 1.700000	0.771802 0.002363	0.404320 0.003648	0.060101 0.003552	0.010997 0.002473	0.000000 0.000000	0.000000 0.000000	
3 10 3 1.710000	0.763115 0.004315	0.417654 0.006583	0.063786 0.003505	0.011204 0.002981	0.000000 0.000000	0.000000 0.000000	
3 10 3 1.720000	0.748900 0.006656	0.439144 0.009958	0.068805 0.002970	0.011808 0.002911	0.000000 0.000000	0.000000 0.000000	
3 10 3 1.730000	0.734794 0.002919	0.460076 0.004288	0.073809 0.003708	0.013473 0.008655	0.000000 0.000000	0.000000 0.000000	
3 10 3 1.740000	0.720030 0.006923	0.481546 0.009962	0.080833 0.005450	0.017787 0.003700	0.000000 0.000000	0.000000 0.000000	
3 10 3 1.750000	0.705827 0.004835	0.501804 0.006827	0.086453 0.003944	0.020197 0.007656	0.001991 0.009957	0.000000 0.000000	
3 10 3 1.760000	0.687038 0.004670	0.527974 0.006414	0.093411 0.004985	0.022752 0.004731	0.001999 0.009993	0.000000 0.000000	
3 10 3 1.770000	0.665106 0.007096	0.557629 0.009444	0.103811 0.003789	0.025473 0.002819	0.002000 0.010000	0.000000 0.000000	
3 10 3 1.780000	0.648032 0.007730	0.580046 0.009998	0.111323 0.002270	0.028409 0.004282	0.000000 0.000000	0.000000 0.000000	
3 10 3 1.790000	0.616498 0.008097	0.619923 0.009981	0.124580 0.005286	0.034603 0.000400	0.011811 0.004079	0.000000 0.000000	
3 10 3 1.800000	0.586437 0.004484	0.656089 0.005262	0.138658 0.001316	0.040215 0.002983	0.014208 0.003287	0.000000 0.000000	
3 10 3 1.810000	0.547175 0.008117	0.700587 0.008887	0.156064 0.003794	0.048759 0.004991	0.021259 0.005792	0.011006 0.002255	
3 10 3 1.820000	0.498868 0.009889	0.751118 0.009839	0.176672 0.005936	0.059709 0.003654	0.027626 0.003178	0.016877 0.003678	
3 10 3 1.830000	0.445122 0.009925	0.801855 0.008848	0.197588 0.002057	0.069603 0.001487	0.033801 0.001340	0.021218 0.005662	
3 10 3 1.840000	0.379403 0.009981	0.856038 0.007576	0.217885 0.003669	0.079751 0.001816	0.039246 0.000778	0.024991 0.001109	
3 10 3 1.850000	0.321129 0.009971	0.896858 0.006424	0.230551 0.003264	0.083180 0.002468	0.039453 0.003475	0.023840 0.003002	
3 10 3 1.860000	0.277199 0.009737	0.923145 0.005403	0.238273 0.006498	0.084875 0.001871	0.037811 0.006534	0.019642 0.009879	
3 10 3 1.870000	0.232664 0.009629	0.945855 0.004480	0.241136 0.003675	0.081634 0.003409	0.034155 0.004297	0.017278 0.005834	
3 10 3 1.880000	0.212620 0.009728	0.954779 0.004126	0.241015 0.002500	0.080196 0.002471	0.032713 0.000391	0.014265 0.001596	
3 10 3 1.890000	0.189887 0.009992	0.963927 0.003803	0.239891 0.003900	0.076166 0.003348	0.028195 0.002485	0.013174 0.002381	
3 10 3 1.900000	0.174576 0.008033	0.969511 0.002796	0.238824 0.002709	0.074574 0.003681	0.027768 0.003318	0.000000 0.000000	
3 10 3 1.910000	0.164206 0.008205	0.973027 0.002690	0.237999 0.009326	0.073401 0.004207	0.025986 0.007773	0.011855 0.005020	
3 10 3 1.920000	0.149921 0.009465	0.977510 0.002824	0.234506 0.004304	0.068674 0.005005	0.021715 0.006055	0.001988 0.009942	
3 10 3 1.930000	0.144481 0.009535	0.979111 0.002745	0.233094 0.005993	0.068766 0.005418	0.022021 0.004521	0.000000 0.000000	
3 10 3 1.940000	0.136901 0.009561	0.981246 0.002577	0.228684 0.007771	0.066577 0.008225	0.020236 0.009760	0.000000 0.000000	
3 10 3 1.950000	0.128419 0.009661	0.983497 0.002475	0.227320 0.007785	0.066909 0.005446	0.019305 0.004685	0.000000 0.000000	
3 10 3 1.960000	0.122283 0.009742	0.985033 0.002429	0.225301 0.006518	0.061609 0.006499	0.016997 0.006983	0.000000 0.000000	
3 10 3 1.970000	0.120161 0.009766	0.985547 0.002366	0.220895 0.009111	0.061918 0.007932	0.018238 0.007250	0.000000 0.000000	
3 10 3 1.980000	0.111747 0.009909	0.987501 0.002208	0.219832 0.007474	0.057914 0.004334	0.015359 0.002316	0.000000 0.000000	
3 10 3 1.990000	0.104744 0.009541	0.989017 0.002020	0.219172 0.009864	0.057193 0.006395	0.016330 0.005986	0.000000 0.000000	
3 10 3 2.000000	0.104249 0.004169	0.989129 0.000868	0.219337 0.007411	0.056955 0.009624	0.015100 0.007446	0.000000 0.000000	
3 10 3 2.010000	0.100056 0.006823	0.989981 0.001370	0.216390 0.003333	0.053364 0.005625	0.013882 0.008802	0.000000 0.000000	
3 10 3 2.020000	0.094621 0.008813	0.991033 0.001663	0.211265 0.008483	0.053002 0.008535	0.014277 0.009163	0.000000 0.000000	
3 10 3 2.030000	0.097346 0.009557	0.990512 0.001891	0.213914 0.006505	0.053622 0.008313	0.013779 0.006845	0.000000 0.000000	
3 10 3 2.040000	0.093766 0.009961	0.991196 0.001872	0.211057 0.005714	0.053939 0.003165	0.012973 0.004187	0.000000 0.000000	
3 10 3 2.050000	0.093042 0.007329	0.991336 0.001352	0.209650 0.008731	0.050738 0.006388	0.011850 0.003528	0.000000 0.000000	
3 10 3 2.060000	0.089053 0.009541	0.992056 0.001710	0.207754 0.007129	0.050518 0.005170	0.013125 0.005055	0.000000 0.000000	
3 10 3 2.070000	0.087778 0.006970	0.992289 0.001243	0.205050 0.004611	0.048597 0.007428	0.012331 0.003930	0.000000 0.000000	
3 10 3 2.080000	0.085595 0.004336	0.992671 0.000746	0.202324 0.005813	0.047962 0.005162	0.000000 0.000000	0.000000 0.000000	
3 10 3 2.090000	0.084233 0.002434	0.992904 0.000409	0.201585 0.002808	0.047633 0.001989	0.000000 0.000000	0.000000 0.000000	
3 10 3 2.100000	0.079004 0.003561	0.993756 0.000565	0.197918 0.007379	0.045483 0.009027	0.000000 0.000000	0.000000 0.000000	
3 10 3 2.110000	0.079147 0.007039	0.993729 0.001128	0.197059 0.008229	0.048102 0.009607	0.000000 0.000000	0.000000 0.000000	
3 10 3 2.120000	0.080033 0.004312	0.993592 0.000695	0.196744 0.005319	0.043644 0.004863	0.001993 0.009965	0.000000 0.000000	
3 10 3 2.130000	0.078738 0.002364	0.993800 0.000374	0.193415 0.007705	0.043420 0.004235	0.000000 0.000000	0.000000 0.000000	
3 10 3 2.140000	0.078285 0.009145	0.993862 0.001454	0.193954 0.008452	0.041664 0.004496	0.000000 0.000000	0.000000 0.000000	
3 10 3 2.150000	0.076545 0.003939	0.994139 0.000609	0.194389 0.008881	0.044716 0.009526	0.000000 0.000000	0.000000 0.000000	
3 10 3 2.160000	0.073938 0.009962	0.994521 0.001460	0.192640 0.006405	0.041596 0.007306	0.000000 0.000000	0.000000 0.000000	
3 10 3 2.170000	0.072051 0.003328	0.994807 0.000483	0.189484 0.008476	0.041717 0.008646	0.001978 0.009892	0.000000 0.000000	
3 10 3 2.180000	0.071402 0.004761	0.994898 0.000674	0.189730 0.009322	0.042305 0.007713	0.000000 0.000000	0.000000 0.000000	
3 10 3 2.190000	0.071421 0.005259	0.994896 0.000744	0.187296 0.009665	0.040028 0.004081	0.000000 0.000000	0.000000 0.000000	
3 10 3 2.200000	0.069561 0.007921	0.995152 0.001072	0.190053 0.007597	0.038058 0.004669	0.001980 0.009899	0.000000 0.000000	
3 10 3 2.210000	0.068705 0.009214	0.995270 0.001250	0.186027 0.009598	0.037047 0.008407	0.000000 0.000000	0.000000 0.000000	
3 10 3 2.220000	0.072565 0.006080	0.994729 0.000879	0.179079 0.006379	0.032459 0.007006	0.000000 0.000000	0.000000 0.000000	
3 10 3 2.230000	0.066900 0.007236	0.995518 0.000984	0.181657 0.009291	0.032779 0.006157	0.000000 0.000000	0.000000 0.000000	
3 10 3 2.240000	0.068652 0.009814	0.995274 0.001354	0.184947 0.008605	0.038192 0.006587	0.000000 0.000000	0.000000 0.000000	
3 10 3 2.250000	0.063541 0.009513	0.995948 0.001212	0.183148 0.009853	0.040582 0.008647	0.000000 0.000000	0.000000 0.000000	
3 10 3 2.260000	0.065933 0.007018	0.995648 0.000929	0.180374 0.005226	0.035936 0.008896	0.000000 0.000000	0.000000 0.000000	
3 10 3 2.270000	0.066386 0.009251	0.995583 0.001252	0.178197 0.009048	0.031093 0.002810	0.000000 0.000000	0.000000 0.000000	
3 10 3 2.280000	0.063274 0.005691	0.995993 0.000726	0.176364 0.008387	0.033041 0.009610	0.000000 0.000000	0.000000 0.000000	
3 10 3 2.290000	0.062689 0.004234	0.996068 0.000530	0.173902 0.008481	0.033219 0.009892	0.000000 0.000000	0.000000 0.000000	
3 10 3 2.300000	0.068193 0.008679	0.995338 0.001187	0.172250 0.009074	0.034182 0.009761	0.000000 0.000000	0.000000 0.000000	
3 10 3 2.310000	0.062035 0.008941	0.996143 0.001119	0.168370 0.005914	0.030906 0.007865	0.000000 0.000000	0.000000 0.000000	
3 10 3 2.320000	0.061395 0.005581	0.996226 0.000689	0.172239 0.009760	0.030637 0.003421	0.000000 0.000000	0.000000 0.000000	
3 10 3 2.330000	0.062825 0.009022	0.996043 0.001156	0.173529 0.005613	0.031736 0.009521	0.000000 0.000000	0.000000 0.000000	
3 10 3 2.340000	0.058038 0.009446	0.996621 0.001070	0.169839 0.007991	0.032573 0.009218	0.000000 0.000000	0.000000 0.000000	
3 10 3 2.350000	0.061439 0.007968	0.996218 0.000971	0.170043 0.003653	0.028051 0.006978	0.001997 0.009986	0.000000 0.000000	
3 10 3 2.360000	0.060740 0.008769	0.996301 0.001061	0.167210 0.007853	0.031273 0.009142	0.000000 0.000000	0.000000 0.000000	
3 10 3 2.370000	0.065397 0.009573	0.995712 0.001230	0.165581 0.003110	0.031638 0.005879	0.000000 0.000000	0.000000 0.000000	
3 10 3 2.380000	0.062097 0.006619	0.996137 0.000817	0.167121 0.008420	0.029835 0.009421	0.000000 0.000000	0.000000 0.000000	
3 10 3 2.390000	0.059305 0.006866	0.996473 0.000818	0.167825 0.009748	0.029776 0.006334	0.000000 0.000000	0.000000 0.000000	
3 10 3 2.400000	0.060389 0.008445	0.996343 0.001033	0.167804 0.009996	0.029116 0.009915	0.000000 0.000000	0.000000 0.000000	
3 10 3 2.410000	0.059858 0.009926	0.996403 0.001196	0.167471 0.002277	0.029878 0.007977	0.000000 0.000000	0.000000 0.000000	
3 10 3 2.420000	0.058031 0.007563	0.996623 0.000878	0.160174 0.006529	0.027778 0.009895	0.000000 0.000000	0.000000 0.000000	
3 10 3 2.430000	0.058038 0.009617	0.996621 0.001122	0.164611 0.009683	0.024572 0.005797	0.000000 0.000000	0.000000 0.000000	
3 10 3 2.440000	0.058143 0.009415	0.996610 0.001078	0.162378 0.006764	0.028490 0.003054	0.000000 0.000000	0.000000 0.000000	
3 10 3 2.450000	0.057385 0.008190	0.996699 0.000955	0.157163 0.004924	0.027602 0.009822	0.000000 0.000000	0.000000 0.000000	
3 10 3 2.460000	0.056024 0.008594	0.996848 0.000957	0.155587 0.006992	0.026454 0.009773	0.000000 0.000000	0.000000 0.000000	
3 10 3 2.470000	0.055470 0.008580	0.996915 0.000943	0.157319 0.007724	0.027200 0.009832	0.000000 0.000000	0.000000 0.000000	
3 10 3 2.480000	0.054784 0.001142	0.996999 0.000125	0.155238 0.009978	0.024590 0.008069	0.000000 0.000000	0.000000 0.000000	
3 10 3 2.490000	0.055492 0.007938	0.996909 0.000875	0.157429 0.005377	0.026523 0.007958	0.000000 0.000000	0.000000 0.000000	
3 10 3 2.500000	0.058415 0.005860	0.996583 0.000673	0.155032 0.009424	0.024228 0.009068	0.000000 0.000000	0.000000 0.000000	
