3 48 10 0.400000	0.998346 0.004937	0.000000 0.000000	0.000000 0.000000	0.000000 0.000000	0.000000 0.000000	0.000000 0.000000	0.000000 0.000000	0.000000 0.000000	0.000000 0.000000	0.000000 0.000000	0.000000 0.000000	
3 48 10 0.410000	0.999422 0.002449	0.000000 0.000000	0.000000 0.000000	0.000000 0.000000	0.000000 0.000000	0.000000 0.000000	0.000000 0.000000	0.000000 0.000000	0.000000 0.000000	0.000000 0.000000	0.000000 0.000000	
3 48 10 0.420000	0.998849 0.002764	0.000000 0.000000	0.000000 0.000000	0.000000 0.000000	0.000000 0.000000	0.000000 0.000000	0.000000 0.000000	0.000000 0.000000	0.000000 0.000000	0.000000 0.000000	0.000000 0.000000	
3 48 10 0.430000	0.998973 0.004890	0.000000 0.000000	0.000000 0.000000	0.000000 0.000000	0.000000 0.000000	0.000000 0.000000	0.000000 0.000000	0.000000 0.000000	0.000000 0.000000	0.000000 0.000000	0.000000 0.000000	
3 48 10 0.440000	0.999261 0.003555	0.000000 0.000000	0.000000 0.000000	0.000000 0.000000	0.000000 0.000000	0.000000 0.000000	0.000000 0.000000	0.000000 0.000000	0.000000 0.000000	0.000000 0.000000	0.000000 0.000000	
3 48 10 0.450000	0.997530 0.004086	0.000000 0.000000	0.000000 0.000000	0.000000 0.000000	0.000000 0.000000	0.000000 0.000000	0.000000 0.000000	0.000000 0.000000	0.000000 0.000000	0.000000 0.000000	0.000000 0.000000	
3 48 10 0.460000	0.998855 0.004868	0.000000 0.000000	0.000000 0.000000	0.000000 0.000000	0.000000 0.000000	0.000000 0.000000	0.000000 0.000000	0.000000 0.000000	0.000000 0.000000	0.000000 0.000000	0.000000 0.000000	
3 48 10 0.470000	0.998979 0.004782	0.000000 0.000000	0.000000 0.000000	0.000000 0.000000	0.000000 0.000000	0.000000 0.000000	0.000000 0.000000	0.000000 0.000000	0.000000 0.000000	0.000000 0.000000	0.000000 0.000000	
3 48 10 0.480000	0.999713 0.000674	0.000000 0.000000	0.000000 0.000000	0.000000 0.000000	0.000000 0.000000	0.000000 0.000000	0.000000 0.000000	0.000000 0.000000	0.000000 0.000000	0.000000 0.000000	0.000000 0.000000	
3 48 10 0.490000	0.998467 0.004513	0.000000 0.000000	0.000000 0.000000	0.000000 0.000000	0.000000 0.000000	0.000000 0.000000	0.000000 0.000000	0.000000 0.000000	0.000000 0.000000	0.000000 0.000000	0.000000 0.000000	
3 48 10 0.500000	0.997854 0.004879	0.000000 0.000000	0.000000 0.000000	0.000000 0.000000	0.000000 0.000000	0.000000 0.000000	0.000000 0.000000	0.000000 0.000000	0.000000 0.000000	0.000000 0.000000	0.000000 0.000000	
3 48 10 0.510000	0.999169 0.003340	0.000000 0.000000	0.000000 0.000000	0.000000 0.000000	0.000000 0.000000	0.000000 0.000000	0.000000 0.000000	0.000000 0.000000	0.000000 0.000000	0.000000 0.000000	0.000000 0.000000	
3 48 10 0.520000	0.998551 0.004251	0.000000 0.000000	0.000000 0.000000	0.000000 0.000000	0.000000 0.000000	0.000000 0.000000	0.000000 0.000000	0.000000 0.000000	0.000000 0.000000	0.000000 0.000000	0.000000 0.000000	
3 48 10 0.530000	0.998256 0.004450	0.000000 0.000000	0.000000 0.000000	0.000000 0.000000	0.000000 0.000000	0.000000 0.000000	0.000000 0.000000	0.000000 0.000000	0.000000 0.000000	0.000000 0.000000	0.000000 0.000000	
3 48 10 0.540000	0.997379 0.003279	0.000000 0.000000	0.000000 0.000000	0.000000 0.000000	0.000000 0.000000	0.000000 0.000000	0.000000 0.000000	0.000000 0.000000	0.000000 0.000000	0.000000 0.000000	0.000000 0.000000	
3 48 10 0.550000	0.998525 0.002426	0.000000 0.000000	0.000000 0.000000	0.000000 0.000000	0.000000 0.000000	0.000000 0.000000	0.000000 0.000000	0.000000 0.000000	0.000000 0.000000	0.000000 0.000000	0.000000 0.000000	
3 48 10 0.560000	0.998793 0.004557	0.000000 0.000000	0.000000 0.000000	0.000000 0.000000	0.000000 0.000000	0.000000 0.000000	0.000000 0.000000	0.000000 0.000000	0.000000 0.000000	0.000000 0.000000	0.000000 0.000000	
3 48 10 0.570000	0.998069 0.004437	0.000000 0.000000	0.000000 0.000000	0.000000 0.000000	0.000000 0.000000	0.000000 0.000000	0.000000 0.000000	0.000000 0.000000	0.000000 0.000000	0.000000 0.000000	0.000000 0.000000	
3 48 10 0.580000	0.997788 0.004192	0.000000 0.000000	0.000000 0.000000	0.000000 0.000000	0.000000 0.000000	0.000000 0.000000	0.000000 0.000000	0.000000 0.000000	0.000000 0.000000	0.000000 0.000000	0.000000 0.000000	
3 48 10 0.590000	0.997983 0.004055	0.000000 0.000000	0.000000 0.000000	0.000000 0.000000	0.000000 0.000000	0.000000 0.000000	0.000000 0.000000	0.000000 0.000000	0.000000 0.000000	0.000000 0.000000	0.000000 0.000000	
3 48 10 0.600000	0.998217 0.003824	0.000000 0.000000	0.000000 0.000000	0.000000 0.000000	0.000000 0.000000	0.000000 0.000000	0.000000 0.000000	0.000000 0.000000	0.000000 0.000000	0.000000 0.000000	0.000000 0.000000	
3 48 10 0.610000	0.997465 0.003754	0.000000 0.000000	0.000000 0.000000	0.000000 0.000000	0.000000 0.000000	0.000000 0.000000	0.000000 0.000000	0.000000 0.000000	0.000000 0.000000	0.000000 0.000000	0.000000 0.000000	
3 48 10 0.620000	0.997780 0.003548	0.000000 0.000000	0.000000 0.000000	0.000000 0.000000	0.000000 0.000000	0.000000 0.000000	0.000000 0.000000	0.000000 0.000000	0.000000 0.000000	0.000000 0.000000	0.000000 0.000000	
3 48 10 0.630000	0.997924 0.004312	0.000000 0.000000	0.000000 0.000000	0.000000 0.000000	0.000000 0.000000	0.000000 0.000000	0.000000 0.000000	0.000000 0.000000	0.000000 0.000000	0.000000 0.000000	0.000000 0.000000	
3 48 10 0.640000	0.997397 0.003163	0.000000 0.000000	0.000000 0.000000	0.000000 0.000000	0.000000 0.000000	0.000000 0.000000	0.000000 0.000000	0.000000 0.000000	0.000000 0.000000	0.000000 0.000000	0.000000 0.000000	
3 48 10 0.650000	0.998129 0.003748	0.000000 0.000000	0.000000 0.000000	0.000000 0.000000	0.000000 0.000000	0.000000 0.000000	0.000000 0.000000	0.000000 0.000000	0.000000 0.000000	0.000000 0.000000	0.000000 0.000000	
3 48 10 0.660000	0.997156 0.002960	0.000000 0.000000	0.000000 0.000000	0.000000 0.000000	0.000000 0.000000	0.000000 0.000000	0.000000 0.000000	0.000000 0.000000	0.000000 0.000000	0.000000 0.000000	0.000000 0.000000	
3 48 10 0.670000	0.996484 0.002394	0.000000 0.000000	0.000000 0.000000	0.000000 0.000000	0.000000 0.000000	0.000000 0.000000	0.000000 0.000000	0.000000 0.000000	0.000000 0.000000	0.000000 0.000000	0.000000 0.000000	
3 48 10 0.680000	0.997666 0.002965	0.000000 0.000000	0.000000 0.000000	0.000000 0.000000	0.000000 0.000000	0.000000 0.000000	0.000000 0.000000	0.000000 0.000000	0.000000 0.000000	0.000000 0.000000	0.000000 0.000000	
3 48 10 0.690000	0.996728 0.002408	0.000000 0.000000	0.000000 0.000000	0.000000 0.000000	0.000000 0.000000	0.000000 0.000000	0.000000 0.000000	0.000000 0.000000	0.000000 0.000000	0.000000 0.000000	0.000000 0.000000	
3 48 10 0.700000	0.997035 0.002622	0.000000 0.000000	0.000000 0.000000	0.000000 0.000000	0.000000 0.000000	0.000000 0.000000	0.000000 0.000000	0.000000 0.000000	0.000000 0.000000	0.000000 0.000000	0.000000 0.000000	
3 48 10 0.710000	0.996774 0.002044	0.000000 0.000000	0.000000 0.000000	0.000000 0.000000	0.000000 0.000000	0.000000 0.000000	0.000000 0.000000	0.000000 0.000000	0.000000 0.000000	0.000000 0.000000	0.000000 0.000000	
3 48 10 0.720000	0.996519 0.002407	0.000000 0.000000	0.000000 0.000000	0.000000 0.000000	0.000000 0.000000	0.000000 0.000000	0.000000 0.000000	0.000000 0.000000	0.000000 0.000000	0.000000 0.000000	0.000000 0.000000	
3 48 10 0.730000	0.996805 0.001884	0.000000 0.000000	0.000000 0.000000	0.000000 0.000000	0.000000 0.000000	0.000000 0.000000	0.000000 0.000000	0.000000 0.000000	0.000000 0.000000	0.000000 0.000000	0.000000 0.000000	
3 48 10 0.740000	0.996408 0.001587	0.000000 0.000000	0.000000 0.000000	0.000000 0.000000	0.000000 0.000000	0.000000 0.000000	0.000000 0.000000	0.000000 0.000000	0.000000 0.000000	0.000000 0.000000	0.000000 0.000000	
3 48 10 0.750000	0.995887 0.001095	0.000000 0.000000	0.000000 0.000000	0.000000 0.000000	0.000000 0.000000	0.000000 0.000000	0.000000 0.000000	0.000000 0.000000	0.000000 0.000000	0.000000 0.000000	0.000000 0.000000	
3 48 10 0.760000	0.995807 0.001188	0.000000 0.000000	0.000000 0.000000	0.000000 0.000000	0.000000 0.000000	0.000000 0.000000	0.000000 0.000000	0.000000 0.000000	0.000000 0.000000	0.000000 0.000000	0.000000 0.000000	
3 48 10 0.770000	0.995470 0.000607	0.000000 0.000000	0.000000 0.000000	0.000000 0.000000	0.000000 0.000000	0.000000 0.000000	0.000000 0.000000	0.000000 0.000000	0.000000 0.000000	0.000000 0.000000	0.000000 0.000000	
3 48 10 0.780000	0.994941 0.000134	0.010093 0.000267	0.000000 0.000000	0.000000 0.000000	0.000000 0.000000	0.000000 0.000000	0.000000 0.000000	0.000000 0.000000	0.000000 0.000000	0.000000 0.000000	0.000000 0.000000	
3 48 10 0.790000	0.992894 0.003702	0.014160 0.007349	0.000000 0.000000	0.000000 0.000000	0.000000 0.000000	0.000000 0.000000	0.000000 0.000000	0.000000 0.000000	0.000000 0.000000	0.000000 0.000000	0.000000 0.000000	
3 48 10 0.800000	0.989494 0.004767	0.020899 0.009429	0.000000 0.000000	0.000000 0.000000	0.000000 0.000000	0.000000 0.000000	0.000000 0.000000	0.000000 0.000000	0.000000 0.000000	0.000000 0.000000	0.000000 0.000000	
3 48 10 0.810000	0.991447 0.003949	0.017031 0.007828	0.000000 0.000000	0.000000 0.000000	0.000000 0.000000	0.000000 0.000000	0.000000 0.000000	0.000000 0.000000	0.000000 0.000000	0.000000 0.000000	0.000000 0.000000	
3 48 10 0.820000	0.989763 0.004701	0.020365 0.009303	0.000000 0.000000	0.000000 0.000000	0.000000 0.000000	0.000000 0.000000	0.000000 0.000000	0.000000 0.000000	0.000000 0.000000	0.000000 0.000000	0.000000 0.000000	
3 48 10 0.830000	0.988340 0.004493	0.023180 0.008884	0.000000 0.000000	0.000000 0.000000	0.000000 0.000000	0.000000 0.000000	0.000000 0.000000	0.000000 0.000000	0.000000 0.000000	0.000000 0.000000	0.000000 0.000000	
3 48 10 0.840000	0.988586 0.004888	0.022693 0.009662	0.000000 0.000000	0.000000 0.000000	0.000000 0.000000	0.000000 0.000000	0.000000 0.000000	0.000000 0.000000	0.000000 0.000000	0.000000 0.000000	0.000000 0.000000	
3 48 10 0.850000	0.988333 0.004724	0.023195 0.009328	0.000000 0.000000	0.000000 0.000000	0.000000 0.000000	0.000000 0.000000	0.000000 0.000000	0.000000 0.000000	0.000000 0.000000	0.000000 0.000000	0.000000 0.000000	
3 48 10 0.860000	0.985523 0.005062	0.028742 0.009974	0.000000 0.000000	0.000000 0.000000	0.000000 0.000000	0.000000 0.000000	0.000000 0.000000	0.000000 0.000000	0.000000 0.000000	0.000000 0.000000	0.000000 0.000000	
3 48 10 0.870000	0.986523 0.004983	0.026768 0.009820	0.000000 0.000000	0.000000 0.000000	0.000000 0.000000	0.000000 0.000000	0.000000 0.000000	0.000000 0.000000	0.000000 0.000000	0.000000 0.000000	0.000000 0.000000	
3 48 10 0.880000	0.983920 0.004280	0.031900 0.008424	0.000000 0.000000	0.000000 0.000000	0.000000 0.000000	0.000000 0.000000	0.000000 0.000000	0.000000 0.000000	0.000000 0.000000	0.000000 0.000000	0.000000 0.000000	
3 48 10 0.890000	0.984483 0.004759	0.030790 0.009361	0.000000 0.000000	0.000000 0.000000	0.000000 0.000000	0.000000 0.000000	0.000000 0.000000	0.000000 0.000000	0.000000 0.000000	0.000000 0.000000	0.000000 0.000000	
3 48 10 0.900000	0.982205 0.005014	0.035268 0.009847	0.000000 0.000000	0.000000 0.000000	0.000000 0.000000	0.000000 0.000000	0.000000 0.000000	0.000000 0.000000	0.000000 0.000000	0.000000 0.000000	0.000000 0.000000	
3 48 10 0.910000	0.981670 0.005060	0.036321 0.009923	0.000000 0.000000	0.000000 0.000000	0.000000 0.000000	0.000000 0.000000	0.000000 0.000000	0.000000 0.000000	0.000000 0.000000	0.000000 0.000000	0.000000 0.000000	
3 48 10 0.920000	0.979635 0.004491	0.040313 0.008795	0.000000 0.000000	0.000000 0.000000	0.000000 0.000000	0.000000 0.000000	0.000000 0.000000	0.000000 0.000000	0.000000 0.000000	0.000000 0.000000	0.000000 0.000000	
3 48 10 0.930000	0.978239 0.004387	0.043046 0.008579	0.000000 0.000000	0.000000 0.000000	0.000000 0.000000	0.000000 0.000000	0.000000 0.000000	0.000000 0.000000	0.000000 0.000000	0.000000 0.000000	0.000000 0.000000	
3 48 10 0.940000	0.975402 0.004859	0.048587 0.009478	0.000000 0.000000	0.000000 0.000000	0.000000 0.000000	0.000000 0.000000	0.000000 0.000000	0.000000 0.000000	0.000000 0.000000	0.000000 0.000000	0.000000 0.000000	
3 48 10 0.950000	0.973655 0.004966	0.051992 0.009669	0.000000 0.000000	0.000000 0.000000	0.000000 0.000000	0.000000 0.000000	0.000000 0.000000	0.000000 0.000000	0.000000 0.000000	0.000000 0.000000	0.000000 0.000000	
3 48 10 0.960000	0.970269 0.004960	0.058576 0.009622	0.000000 0.000000	0.000000 0.000000	0.000000 0.000000	0.000000 0.000000	0.000000 0.000000	0.000000 0.000000	0.000000 0.000000	0.000000 0.000000	0.000000 0.000000	
3 48 10 0.970000	0.970945 0.005042	0.057262 0.009778	0.000000 0.000000	0.000000 0.000000	0.000000 0.000000	0.000000 0.000000	0.000000 0.000000	0.000000 0.000000	0.000000 0.000000	0.000000 0.000000	0.000000 0.000000	
3 48 10 0.980000	0.967841 0.004682	0.063282 0.009056	0.000000 0.000000	0.000000 0.000000	0.000000 0.000000	0.000000 0.000000	0.000000 0.000000	0.000000 0.000000	0.000000 0.000000	0.000000 0.000000	0.000000 0.000000	
3 48 10 0.990000	0.964064 0.004991	0.070576 0.009625	0.000000 0.000000	0.000000 0.000000	0.000000 0.000000	0.000000 0.000000	0.000000 0.000000	0.000000 0.000000	0.000000 0.000000	0.000000 0.000000	0.000000 0.000000	
3 48 10 1.000000	0.962506 0.004856	0.073579 0.009345	0.000000 0.000000	0.000000 0.000000	0.000000 0.000000	0.000000 0.000000	0.000000 0.000000	0.000000 0.000000	0.000000 0.000000	0.000000 0.000000	0.000000 0.000000	
3 48 10 1.010000	0.958350 0.004143	0.081563 0.007937	0.000000 0.000000	0.000000 0.000000	0.000000 0.000000	0.000000 0.000000	0.000000 0.000000	0.000000 0.000000	0.000000 0.000000	0.000000 0.000000	0.000000 0.000000	
3 48 10 1.020000	0.956108 0.004664	0.085855 0.008913	0.000000 0.000000	0.000000 0.000000	0.000000 0.000000	0.000000 0.000000	0.000000 0.000000	0.000000 0.000000	0.000000 0.000000	0.000000 0.000000	0.000000 0.000000	
3 48 10 1.030000	0.948105 0.005202	0.101094 0.009861	0.000000 0.000000	0.000000 0.000000	0.000000 0.000000	0.000000 0.000000	0.000000 0.000000	0.000000 0.000000	0.000000 0.000000	0.000000 0.000000	0.000000 0.000000	
3 48 10 1.040000	0.948679 0.005047	0.100004 0.009571	0.000000 0.000000	0.000000 0.000000	0.000000 0.000000	0.000000 0.000000	0.000000 0.000000	0.000000 0.000000	0.000000 0.000000	0.000000 0.000000	0.000000 0.000000	
3 48 10 1.050000	0.944553 0.001997	0.107820 0.003773	0.000000 0.000000	0.000000 0.000000	0.000000 0.000000	0.000000 0.000000	0.000000 0.000000	0.000000 0.000000	0.000000 0.000000	0.000000 0.000000	0.000000 0.000000	
3 48 10 1.060000	0.940106 0.001864	0.116200 0.003506	0.000000 0.000000	0.000000 0.000000	0.000000 0.000000	0.000000 0.000000	0.000000 0.000000	0.000000 0.000000	0.000000 0.000000	0.000000 0.000000	0.000000 0.000000	
3 48 10 1.070000	0.927407 0.003837	0.139914 0.007115	0.016017 0.009918	0.000000 0.000000	0.000000 0.000000	0.000000 0.000000	0.000000 0.000000	0.000000 0.000000	0.000000 0.000000	0.000000 0.000000	0.000000 0.000000	
3 48 10 1.080000	0.931393 0.000336	0.132507 0.000626	0.001999 0.009997	0.000000 0.000000	0.000000 0.000000	0.000000 0.000000	0.000000 0.000000	0.000000 0.000000	0.000000 0.000000	0.000000 0.000000	0.000000 0.000000	
3 48 10 1.090000	0.000000 0.000000	0.999965 0.000028	0.165829 0.009444	0.031957 0.008226	0.000000 0.000000	0.000000 0.000000	0.000000 0.000000	0.000000 0.000000	0.000000 0.000000	0.000000 0.000000	0.000000 0.000000	
3 48 10 1.100000	0.000000 0.000000	0.999967 0.000017	0.153417 0.008826	0.029586 0.007947	0.000000 0.000000	0.000000 0.000000	0.000000 0.000000	0.000000 0.000000	0.000000 0.000000	0.000000 0.000000	0.000000 0.000000	
3 48 10 1.110000	0.000000 0.000000	0.999976 0.000014	0.156734 0.007746	0.027731 0.008175	0.000000 0.000000	0.000000 0.000000	0.000000 0.000000	0.000000 0.000000	0.000000 0.000000	0.000000 0.000000	0.000000 0.000000	
3 48 10 1.120000	0.000000 0.000000	0.999968 0.000009	0.150086 0.008356	0.026882 0.001939	0.000000 0.000000	0.000000 0.000000	0.000000 0.000000	0.000000 0.000000	0.000000 0.000000	0.000000 0.000000	0.000000 0.000000	
3 48 10 1.130000	0.000000 0.000000	0.999971 0.000023	0.148801 0.008922	0.025216 0.004437	0.000000 0.000000	0.000000 0.000000	0.000000 0.000000	0.000000 0.000000	0.000000 0.000000	0.000000 0.000000	0.000000 0.000000	
3 48 10 1.140000	0.000000 0.000000	0.999968 0.000038	0.147894 0.009348	0.023301 0.007841	0.000000 0.000000	0.000000 0.000000	0.000000 0.000000	0.000000 0.000000	0.000000 0.000000	0.000000 0.000000	0.000000 0.000000	
3 48 10 1.150000	0.000000 0.000000	0.999971 0.000009	0.141208 0.009170	0.023939 0.007706	0.000000 0.000000	0.000000 0.000000	0.000000 0.000000	0.000000 0.000000	0.000000 0.000000	0.000000 0.000000	0.000000 0.000000	
3 48 10 1.160000	0.000000 0.000000	0.999979 0.000021	0.137589 0.008382	0.021659 0.006803	0.000000 0.000000	0.000000 0.000000	0.000000 0.000000	0.000000 0.000000	0.000000 0.000000	0.000000 0.000000	0.000000 0.000000	
3 48 10 1.170000	0.000000 0.000000	0.999974 0.000018	0.139402 0.009311	0.021641 0.003935	0.000000 0.000000	0.000000 0.000000	0.000000 0.000000	0.000000 0.000000	0.000000 0.000000	0.000000 0.000000	0.000000 0.000000	
3 48 10 1.180000	0.000000 0.000000	0.999973 0.000025	0.127784 0.008818	0.020204 0.005106	0.000000 0.000000	0.000000 0.000000	0.000000 0.000000	0.000000 0.000000	0.000000 0.000000	0.000000 0.000000	0.000000 0.000000	
3 48 10 1.190000	0.000000 0.000000	0.999977 0.000015	0.134992 0.008947	0.020117 0.004811	0.000000 0.000000	0.000000 0.000000	0.000000 0.000000	0.000000 0.000000	0.000000 0.000000	0.000000 0.000000	0.000000 0.000000	
3 48 10 1.200000	0.000000 0.000000	0.999983 0.000014	0.129442 0.009611	0.017510 0.005759	0.000000 0.000000	0.000000 0.000000	0.000000 0.000000	0.000000 0.000000	0.000000 0.000000	0.000000 0.000000	0.000000 0.000000	
3 48 10 1.210000	0.000000 0.000000	0.999980 0.000015	0.131718 0.009901	0.016310 0.007945	0.000000 0.000000	0.000000 0.000000	0.000000 0.000000	0.000000 0.000000	0.000000 0.000000	0.000000 0.000000	0.000000 0.000000	
3 48 10 1.220000	0.000000 0.000000	0.999978 0.000025	0.124830 0.009980	0.014321 0.005501	0.000000 0.000000	0.000000 0.000000	0.000000 0.000000	0.000000 0.000000	0.000000 0.000000	0.000000 0.000000	0.000000 0.000000	
3 48 10 1.230000	0.000000 0.000000	0.999979 0.000024	0.122267 0.008907	0.018292 0.006212	0.000000 0.000000	0.000000 0.000000	0.000000 0.000000	0.000000 0.000000	0.000000 0.000000	0.000000 0.000000	0.000000 0.000000	
3 48 10 1.240000	0.000000 0.000000	0.999971 0.000022	0.123230 0.009882	0.017516 0.009829	0.000000 0.000000	0.000000 0.000000	0.000000 0.000000	0.000000 0.000000	0.000000 0.000000	0.000000 0.000000	0.000000 0.000000	
3 48 10 1.250000	0.000000 0.000000	0.999981 0.000026	0.121333 0.008541	0.014805 0.008337	0.000000 0.000000	0.000000 0.000000	0.000000 0.000000	0.000000 0.000000	0.000000 0.000000	0.000000 0.000000	0.000000 0.000000	
3 48 10 1.260000	0.000000 0.000000	0.999974 0.000031	0.121449 0.004210	0.017891 0.009898	0.000000 0.000000	0.000000 0.000000	0.000000 0.000000	0.000000 0.000000	0.000000 0.000000	0.000000 0.000000	0.000000 0.000000	
3 48 10 1.270000	0.000000 0.000000	0.999982 0.000014	0.119113 0.009328	0.014695 0.008647	0.000000 0.000000	0.000000 0.000000	0.000000 0.000000	0.000000 0.000000	0.000000 0.000000	0.000000 0.000000	0.000000 0.000000	
3 48 10 1.280000	0.000000 0.000000	0.999984 0.000016	0.110132 0.008893	0.015607 0.003210	0.000000 0.000000	0.000000 0.000000	0.000000 0.000000	0.000000 0.000000	0.000000 0.000000	0.000000 0.000000	0.000000 0.000000	
3 48 10 1.290000	0.000000 0.000000	0.999982 0.000017	0.119061 0.009307	0.016077 0.005408	0.000000 0.000000	0.000000 0.000000	0.000000 0.000000	0.000000 0.000000	0.000000 0.000000	0.000000 0.000000	0.000000 0.000000	
3 48 10 1.300000	0.000000 0.000000	0.999987 0.000016	0.115011 0.007068	0.014128 0.004502	0.000000 0.000000	0.000000 0.000000	0.000000 0.000000	0.000000 0.000000	0.000000 0.000000	0.000000 0.000000	0.000000 0.000000	
3 48 10 1.310000	0.000000 0.000000	0.999983 0.000012	0.112006 0.008008	0.013803 0.003785	0.000000 0.000000	0.000000 0.000000	0.000000 0.000000	0.000000 0.000000	0.000000 0.000000	0.000000 0.000000	0.000000 0.000000	
3 48 10 1.320000	0.000000 0.000000	0.999980 0.000026	0.112524 0.008043	0.014733 0.007874	0.000000 0.000000	0.000000 0.000000	0.000000 0.000000	0.000000 0.000000	0.000000 0.000000	0.000000 0.000000	0.000000 0.000000	
3 48 10 1.330000	0.000000 0.000000	0.999981 0.000011	0.111061 0.007556	0.013510 0.007818	0.000000 0.000000	0.000000 0.000000	0.000000 0.000000	0.000000 0.000000	0.000000 0.000000	0.000000 0.000000	0.000000 0.000000	
3 48 10 1.340000	0.000000 0.000000	0.999986 0.000010	0.109689 0.009812	0.014782 0.008419	0.000000 0.000000	0.000000 0.000000	0.000000 0.000000	0.000000 0.000000	0.000000 0.000000	0.000000 0.000000	0.000000 0.000000	
3 48 10 1.350000	0.000000 0.000000	0.999977 0.000021	0.110226 0.009419	0.013926 0.008595	0.000000 0.000000	0.000000 0.000000	0.000000 0.000000	0.000000 0.000000	0.000000 0.000000	0.000000 0.000000	0.000000 0.000000	
3 48 10 1.360000	0.000000 0.000000	0.999982 0.000015	0.105713 0.006012	0.011784 0.002211	0.000000 0.000000	0.000000 0.000000	0.000000 0.000000	0.000000 0.000000	0.000000 0.000000	0.000000 0.000000	0.000000 0.000000	
3 48 10 1.370000	0.000000 0.000000	0.999988 0.000011	0.104990 0.008501	0.013773 0.005184	0.000000 0.000000	0.000000 0.000000	0.000000 0.000000	0.000000 0.000000	0.000000 0.000000	0.000000 0.000000	0.000000 0.000000	
3 48 10 1.380000	0.000000 0.000000	0.999966 0.000071	0.107003 0.009427	0.015758 0.005508	0.000000 0.000000	0.000000 0.000000	0.000000 0.000000	0.000000 0.000000	0.000000 0.000000	0.000000 0.000000	0.000000 0.000000	
3 48 10 1.390000	0.003775 0.001735	0.999985 0.000014	0.104787 0.007262	0.010605 0.009650	0.001108 0.003542	0.000954 0.002486	0.001295 0.005595	0.000515 0.003489	0.000043 0.001561	0.001364 0.005228	0.000026 0.000129	
3 48 10 1.400000	0.003796 0.003629	0.999984 0.000031	0.102102 0.004444	0.010117 0.006074	0.001013 0.002942	0.002379 0.008127	0.001045 0.005223	0.001384 0.005001	0.000405 0.001476	0.001763 0.003920	0.001683 0.006140	
3 48 10 1.410000	0.003902 0.001211	0.999985 0.000010	0.096330 0.005929	0.013713 0.009508	0.001328 0.003692	0.002316 0.008655	0.000935 0.004677	0.002222 0.005015	0.001407 0.004208	0.002338 0.006408	0.003286 0.006405	
3 48 10 1.420000	0.003595 0.002752	0.999986 0.000022	0.099871 0.008620	0.009287 0.007015	0.002442 0.003588	0.001474 0.003789	0.000855 0.004276	0.000114 0.000572	0.000113 0.000563	0.000694 0.003819	0.000421 0.002211	
3 48 10 1.430000	0.004355 0.003607	0.999979 0.000029	0.094142 0.003766	0.011876 0.005548	0.002011 0.007267	0.001162 0.002200	0.000156 0.000780	0.001938 0.002929	0.001348 0.003246	0.002333 0.007995	0.000744 0.003123	
3 48 10 1.440000	0.003875 0.003452	0.999984 0.000027	0.094058 0.003696	0.012836 0.006850	0.001104 0.004823	0.000617 0.006475	0.003905 0.008499	0.001639 0.007279	0.000000 0.000000	0.003488 0.008013	0.000000 0.000000	
3 48 10 1.450000	0.004208 0.003259	0.999981 0.000029	0.098592 0.009634	0.007537 0.006788	0.001058 0.004013	0.001477 0.007024	0.000700 0.001566	0.001964 0.005455	0.000162 0.002305	0.002924 0.008069	0.000552 0.005124	
3 48 10 1.460000	0.003908 0.001572	0.999984 0.000013	0.095355 0.009622	0.008466 0.007889	0.001992 0.003658	0.001537 0.002569	0.001357 0.003766	0.001398 0.004347	0.000961 0.004852	0.001837 0.004655	0.000811 0.003560	
3 48 10 1.470000	0.003543 0.002683	0.999986 0.000021	0.096801 0.009999	0.007216 0.007758	0.002841 0.007824	0.000776 0.003880	0.001141 0.004881	0.002219 0.006288	0.001514 0.004267	0.000732 0.002565	0.001369 0.006844	
3 48 10 1.480000	0.003923 0.002372	0.999984 0.000018	0.095180 0.008565	0.007783 0.007573	0.002275 0.008263	0.000227 0.001891	0.002467 0.005905	0.002489 0.004732	0.001773 0.005429	0.002079 0.006900	0.000521 0.004134	
3 48 10 1.490000	0.003703 0.001457	0.999986 0.000011	0.091927 0.009857	0.009914 0.005319	0.001287 0.004474	0.001356 0.003128	0.000392 0.001958	0.000003 0.000016	0.001283 0.002976	0.001870 0.004957	0.001233 0.002138	
3 48 10 1.500000	0.003198 0.001046	0.999990 0.000007	0.087916 0.009634	0.008478 0.007250	0.003097 0.007027	0.000840 0.002784	0.001148 0.003013	0.001237 0.004223	0.000233 0.001166	0.000220 0.001101	0.001089 0.005444	
3 48 10 1.510000	0.002663 0.002611	0.999992 0.000017	0.090881 0.003259	0.008036 0.009556	0.001523 0.003773	-0.000356 0.001782	0.001041 0.007259	0.001007 0.005033	0.000247 0.003465	0.001672 0.006069	0.002216 0.005551	
3 48 10 1.520000	0.003556 0.002317	0.999987 0.000019	0.089078 0.006189	0.006896 0.005421	0.000797 0.002820	0.000591 0.002955	0.004399 0.007933	0.000452 0.002704	0.000645 0.003224	0.001050 0.005251	0.001696 0.007395	
3 48 10 1.530000	0.003000 0.001887	0.999991 0.000010	0.092848 0.009731	0.006312 0.005863	0.002312 0.006177	0.000302 0.000886	0.001937 0.003988	0.000000 0.000000	0.001463 0.007029	0.000101 0.000507	0.002025 0.003692	
3 48 10 1.540000	0.003762 0.001097	0.999986 0.000008	0.088949 0.007780	0.006801 0.005258	0.000886 0.004429	0.001227 0.006133	0.002447 0.008686	0.003886 0.007945	0.001494 0.004522	0.000999 0.002429	0.000514 0.001815	
3 48 10 1.550000	0.003890 0.002683	0.999984 0.000021	0.087243 0.004619	0.006799 0.007952	0.001744 0.005416	0.002781 0.006156	0.001723 0.008614	0.002919 0.009620	0.001251 0.002771	0.001106 0.004808	-0.000195 0.002614	
3 48 10 1.560000	0.003457 0.003187	0.999987 0.000021	0.087765 0.005428	0.005125 0.009997	0.002140 0.004799	0.004607 0.009502	0.000588 0.008144	0.003378 0.007158	0.000659 0.001828	0.002316 0.008152	0.001800 0.008999	
3 48 10 1.570000	0.004042 0.001989	0.999983 0.000016	0.081714 0.008469	0.006697 0.002457	0.000680 0.003401	0.000871 0.003531	0.002150 0.005538	0.001691 0.008453	0.000663 0.001936	0.000028 0.000139	0.001348 0.005573	
3 48 10 1.580000	0.003826 0.001442	0.999985 0.000011	0.082803 0.008454	0.006906 0.005267	0.001157 0.003654	0.000825 0.002966	0.000944 0.004720	0.000419 0.001422	0.000299 0.001374	0.001321 0.004916	0.000374 0.001533	
3 48 10 1.590000	0.003649 0.003973	0.999985 0.000026	0.087259 0.007844	0.006385 0.008100	0.000261 0.001305	0.001489 0.004877	0.001975 0.007009	0.000368 0.001839	0.003589 0.009763	0.003785 0.009787	0.000760 0.002120	
3 48 10 1.600000	0.003633 0.001326	0.999987 0.000009	0.083753 0.008520	0.006579 0.007260	0.002271 0.005404	0.000000 0.000000	0.000860 0.004302	0.003486 0.007023	0.001695 0.005242	0.000250 0.001251	0.002167 0.004221	
3 48 10 1.610000	0.003409 0.001575	0.999988 0.000011	0.083956 0.008741	0.005290 0.004296	0.001391 0.004931	0.001688 0.005231	0.002039 0.007400	0.003905 0.007447	0.000819 0.002786	0.002873 0.008554	0.000274 0.001894	
3 48 10 1.620000	0.003791 0.001238	0.999985 0.000009	0.077911 0.009835	0.005770 0.004483	0.003568 0.007984	0.000917 0.003612	0.001442 0.006186	0.000260 0.001299	0.000000 0.000000	0.001173 0.003836	0.000462 0.002310	
3 48 10 1.630000	0.003929 0.002463	0.999984 0.000020	0.082658 0.005365	0.008765 0.009049	0.000734 0.002338	0.000776 0.003881	0.000529 0.002647	0.000679 0.003393	0.000165 0.000824	0.003490 0.005903	0.000976 0.003028	
3 48 10 1.640000	0.003704 0.003558	0.999985 0.000029	0.079116 0.008468	0.005978 0.007395	0.004597 0.006660	0.001712 0.006949	0.000000 0.000000	0.000842 0.004209	0.001426 0.007132	0.001587 0.004160	0.001275 0.005171	
3 48 10 1.650000	0.003323 0.001859	0.999989 0.000012	0.080518 0.008103	0.006015 0.006927	0.000900 0.003323	0.001311 0.004387	0.001281 0.004407	0.001476 0.004915	0.000649 0.001908	0.001592 0.005210	0.000759 0.003795	
3 48 10 1.660000	0.003618 0.001980	0.999986 0.000014	0.081263 0.008239	0.006619 0.004430	0.003252 0.007593	0.000401 0.002007	0.001176 0.004150	0.001762 0.004109	0.000023 0.000117	0.000702 0.003510	0.000624 0.003777	
3 48 10 1.670000	0.002901 0.002028	0.999991 0.000011	0.080917 0.008878	0.007991 0.008142	0.001404 0.003601	0.000788 0.002102	0.002592 0.007715	0.001189 0.007043	0.000827 0.004133	0.001515 0.004528	0.002985 0.007510	
3 48 10 1.680000	0.004787 0.002599	0.999976 0.000027	0.077310 0.009629	0.005877 0.002590	0.001328 0.006051	0.002042 0.008498	0.001768 0.004922	0.002684 0.009982	-0.000083 0.000414	0.001030 0.002695	0.003095 0.005836	
3 48 10 1.690000	0.003594 0.000772	0.999987 0.000006	0.075118 0.009255	0.006663 0.003457	0.001725 0.004164	0.001407 0.003320	0.001184 0.003248	0.001226 0.002876	0.001615 0.003234	0.002331 0.006747	0.000248 0.001414	
3 48 10 1.700000	0.003774 0.003416	0.999984 0.000030	0.077077 0.005620	0.004008 0.006536	0.001805 0.004715	0.001118 0.004795	0.002355 0.005919	0.001193 0.003472	0.003849 0.008458	0.000898 0.003325	0.002011 0.006843	
3 48 10 1.710000	0.003251 0.002874	0.999988 0.000018	0.078877 0.006408	0.003025 0.005662	0.001465 0.002497	0.001133 0.003694	0.004454 0.007509	0.000850 0.004249	0.001335 0.004349	0.000480 0.002398	0.002630 0.006366	
3 48 10 1.720000	0.003751 0.003511	0.999984 0.000024	0.085762 0.009764	0.005342 0.008761	0.000214 0.001616	0.002210 0.006655	0.000417 0.002083	0.002189 0.008122	0.002630 0.006655	-0.000028 0.000139	-0.000698 0.002110	
3 48 10 1.730000	0.003295 0.001777	0.999989 0.000011	0.073216 0.008843	0.004719 0.007990	0.000653 0.003264	0.000000 0.000000	0.000469 0.001106	0.001146 0.003021	0.001119 0.005486	0.002594 0.004600	0.001533 0.003797	
3 48 10 1.740000	0.003425 0.003065	0.999987 0.000021	0.073832 0.007589	0.004865 0.008586	0.001596 0.006148	0.000746 0.002033	0.001595 0.003622	0.001590 0.006152	0.001659 0.005834	0.001000 0.003595	0.000809 0.002353	
3 48 10 1.750000	0.003015 0.000826	0.999991 0.000005	0.071940 0.009144	0.004092 0.004398	0.001009 0.003812	0.000544 0.001680	0.002211 0.004395	0.000880 0.003767	0.001476 0.003326	0.001667 0.004127	0.001671 0.006250	
3 48 10 1.760000	0.003514 0.002629	0.999987 0.000021	0.074046 0.007461	0.005248 0.008491	0.002446 0.006963	0.001143 0.003326	0.001411 0.004596	0.000331 0.001657	0.000789 0.003944	0.001916 0.004360	0.000763 0.002508	
3 48 10 1.770000	0.003514 0.001975	0.999987 0.000015	0.074374 0.009493	0.007864 0.003541	0.000995 0.003086	0.000976 0.003040	0.001401 0.003483	0.001440 0.005464	0.003370 0.007678	0.001058 0.004806	0.000155 0.001321	
3 48 10 1.780000	0.004126 0.001686	0.999983 0.000014	0.071956 0.009738	0.005279 0.005542	0.003080 0.006319	0.000306 0.001532	0.001962 0.006434	0.002586 0.005633	0.000865 0.002774	0.000630 0.003492	0.000601 0.003007	
3 48 10 1.790000	0.003454 0.002360	0.999987 0.000017	0.072080 0.009893	0.006445 0.003755	0.002250 0.008404	0.002356 0.005534	0.000000 0.000000	0.001218 0.006089	0.001125 0.003583	0.000813 0.004065	0.002117 0.007798	
3 48 10 1.800000	0.003327 0.003522	0.999987 0.000026	0.070098 0.008335	0.004719 0.004928	0.001625 0.004163	0.000496 0.006436	0.002259 0.003700	0.001459 0.004729	0.002022 0.008323	0.001790 0.008138	0.002578 0.005968	
3 48 10 1.810000	0.003324 0.003136	0.999988 0.000025	0.072136 0.005451	0.003637 0.009570	0.001285 0.003939	0.001779 0.006291	0.001842 0.006288	0.000606 0.003031	0.000977 0.002290	0.001553 0.007659	0.001620 0.002883	
3 48 10 1.820000	0.002970 0.001449	0.999991 0.000009	0.070524 0.006600	0.004880 0.003186	0.001213 0.002538	0.000470 0.001476	0.000286 0.001197	0.000811 0.003327	0.000384 0.001919	0.000000 0.000000	0.000845 0.002115	
3 48 10 1.830000	0.002666 0.002135	0.999992 0.000011	0.069577 0.007030	0.007133 0.009547	0.001551 0.007469	0.002662 0.007543	0.002901 0.007176	0.001714 0.004510	0.000477 0.005741	0.001766 0.004954	0.001340 0.003173	
3 48 10 1.840000	0.003652 0.003528	0.999985 0.000027	0.066652 0.006274	0.003007 0.009017	0.002878 0.006265	0.002383 0.007064	0.003888 0.009490	0.000048 0.000238	0.003002 0.008016	0.002859 0.007641	0.000713 0.009757	
3 48 10 1.850000	0.003000 0.001620	0.999991 0.000010	0.067641 0.009149	0.003977 0.005604	0.001841 0.004352	0.000821 0.001948	0.002507 0.006301	0.000306 0.001528	0.000751 0.003756	0.001181 0.003327	0.001475 0.004337	
3 48 10 1.860000	0.003077 0.002452	0.999990 0.000015	0.070256 0.007492	0.004877 0.005805	0.001380 0.002954	0.000902 0.004511	0.001791 0.005172	0.000245 0.001225	0.000000 0.000000	0.000794 0.003972	0.001817 0.005553	
3 48 10 1.870000	0.003612 0.001397	0.999987 0.000010	0.067475 0.008513	0.003210 0.006446	0.001393 0.004542	0.001230 0.004062	0.000968 0.004842	0.001006 0.005028	0.001473 0.004055	0.000012 0.000061	0.000000 0.000000	
3 48 10 1.880000	0.003834 0.001771	0.999985 0.000013	0.069276 0.008318	0.002389 0.005274	0.001123 0.003251	0.000554 0.002770	0.001236 0.006098	0.002939 0.008251	0.001930 0.007663	0.000601 0.003004	0.002360 0.005482	
3 48 10 1.890000	0.003552 0.000887	0.999987 0.000006	0.069938 0.008398	0.005790 0.007224	0.000882 0.006603	0.001487 0.003538	0.002046 0.004799	0.000146 0.000729	0.000326 0.001208	0.000722 0.001749	0.000293 0.001465	
3 48 10 1.900000	0.002332 0.001627	0.999994 0.000007	0.065920 0.007257	0.004631 0.003486	0.002207 0.005624	0.003021 0.008263	0.001908 0.005179	0.001746 0.006957	0.000165 0.000825	-0.000208 0.001039	0.003891 0.005412	
3 48 10 1.910000	0.003097 0.001667	0.999990 0.000011	0.068672 0.003261	0.007453 0.009351	0.000664 0.002955	0.001742 0.006361	0.001639 0.004945	0.000743 0.007009	0.001519 0.004362	0.001343 0.003908	0.001640 0.006883	
3 48 10 1.920000	0.003806 0.002331	0.999984 0.000016	0.063940 0.007128	0.001384 0.004424	0.002283 0.008682	0.001098 0.003845	0.001658 0.008289	0.002410 0.006942	0.000000 0.000000	0.004537 0.009978	0.002549 0.004439	
3 48 10 1.930000	0.003019 0.002444	0.999990 0.000016	0.064583 0.009747	0.003896 0.004578	-0.000155 0.000525	0.002630 0.005254	0.000895 0.004138	0.001076 0.004275	0.002683 0.007302	0.000268 0.001611	0.003347 0.006865	
3 48 10 1.940000	0.004397 0.001844	0.999980 0.000017	0.061885 0.009627	0.004858 0.007973	0.000854 0.002007	0.001148 0.004007	0.000635 0.003174	0.000000 0.000000	0.000100 0.000499	0.001648 0.004860	0.000746 0.003193	
3 48 10 1.950000	0.002813 0.001402	0.999992 0.000008	0.063526 0.009154	0.003115 0.006769	0.001206 0.003818	0.002043 0.004930	0.002803 0.009770	0.000749 0.002095	0.001877 0.004384	0.003337 0.007149	0.001478 0.004186	
3 48 10 1.960000	0.002946 0.000968	0.999991 0.000006	0.064171 0.009255	0.002084 0.005702	0.000552 0.001474	0.001329 0.005069	0.001249 0.002706	0.001213 0.002904	0.000232 0.001158	0.001426 0.003326	0.002103 0.007956	
3 48 10 1.970000	0.002893 0.001873	0.999991 0.000010	0.060791 0.007030	0.002217 0.004812	0.001024 0.003175	0.001433 0.004287	0.000609 0.002675	0.003694 0.008801	0.000000 0.000000	0.002226 0.006138	0.001051 0.002953	
3 48 10 1.980000	0.003463 0.002378	0.999987 0.000016	0.061929 0.005406	0.002854 0.004052	0.000837 0.003271	0.000000 0.000000	0.001143 0.004439	0.000277 0.002378	0.001942 0.005333	0.000546 0.002421	0.001751 0.005534	
3 48 10 1.990000	0.003153 0.000371	0.999990 0.000002	0.060632 0.007532	0.005234 0.009754	0.000750 0.003555	0.000097 0.000484	0.002041 0.003324	0.002813 0.007521	0.001083 0.002707	0.000855 0.003397	0.001621 0.005399	
3 48 10 2.000000	0.003850 0.003464	0.999984 0.000023	0.060487 0.008453	0.006917 0.003787	0.002017 0.006778	-0.000487 0.004979	0.002140 0.005161	0.002634 0.007828	0.002126 0.008516	0.000925 0.003680	0.000289 0.004877	
3 48 10 2.010000	0.003862 0.002434	0.999984 0.000021	0.061095 0.009732	0.001808 0.005049	0.000955 0.004167	0.001065 0.004311	0.001473 0.005172	0.001578 0.004940	0.000467 0.002333	0.001448 0.004378	0.001843 0.006753	
3 48 10 2.020000	0.002826 0.002099	0.999992 0.000012	0.063646 0.009227	0.004294 0.007110	0.000000 0.000000	0.000811 0.003987	0.003656 0.009508	0.000553 0.002767	0.000454 0.002269	0.000117 0.001221	0.001384 0.006281	
3 48 10 2.030000	0.003085 0.001522	0.999990 0.000009	0.057205 0.008888	0.002855 0.004627	0.000399 0.001994	0.000381 0.001477	0.001073 0.001569	0.000209 0.001046	0.000812 0.004061	0.000000 0.000000	0.001226 0.003979	
3 48 10 2.040000	0.003335 0.001228	0.999989 0.000008	0.059961 0.009625	0.002327 0.006421	0.000666 0.002358	0.000734 0.003668	0.001042 0.004649	0.000000 0.000000	0.000306 0.001528	0.000195 0.000976	0.001136 0.003925	
3 48 10 2.050000	0.003287 0.002577	0.999988 0.000018	0.060532 0.005326	0.002101 0.008317	0.003831 0.006038	0.001261 0.005366	0.000000 0.000000	0.002089 0.004952	0.001740 0.005647	-0.000040 0.000199	0.001985 0.005792	
3 48 10 2.060000	0.002888 0.002869	0.999990 0.000017	0.059817 0.006774	0.007358 0.006436	0.002204 0.005257	0.002542 0.009545	0.000887 0.002219	0.002187 0.004945	0.002446 0.005289	0.002291 0.006771	0.002011 0.006846	
3 48 10 2.070000	0.003569 0.002160	0.999987 0.000016	0.061601 0.003258	0.004579 0.007856	0.002644 0.004213	0.000995 0.004976	0.003670 0.009914	0.000000 0.000000	0.001681 0.004526	0.001032 0.005161	0.001198 0.003198	
3 48 10 2.080000	0.002721 0.001185	0.999992 0.000006	0.063696 0.004451	0.003266 0.008384	0.000886 0.006290	0.000258 0.001292	0.003260 0.007032	0.000145 0.003332	0.000443 0.002214	0.001686 0.009820	0.000723 0.002089	
3 48 10 2.090000	0.002987 0.001935	0.999991 0.000010	0.059719 0.009382	0.003257 0.006283	0.002329 0.007399	0.001599 0.006657	0.001253 0.002336	-0.000028 0.001368	-0.000175 0.003226	0.000354 0.001654	0.001441 0.004442	
3 48 10 2.100000	0.004266 0.001985	0.999981 0.000016	0.058022 0.006947	0.004262 0.004659	0.001072 0.003159	0.001165 0.004261	0.000396 0.001982	0.000543 0.002902	0.000268 0.001340	0.001374 0.005175	0.002806 0.006893	
3 48 10 2.110000	0.003516 0.000702	0.999988 0.000005	0.057787 0.004177	0.003226 0.007304	0.000826 0.003213	0.002682 0.005667	0.000507 0.001595	0.002839 0.005544	0.000489 0.003459	0.001892 0.007472	0.001158 0.005791	
3 48 10 2.120000	0.002981 0.003755	0.999989 0.000027	0.060804 0.007795	0.002624 0.007378	0.001925 0.007403	0.000000 0.000000	0.001207 0.006037	0.000282 0.001408	0.001158 0.003581	0.000376 0.001844	0.002286 0.004934	
3 48 10 2.130000	0.002890 0.002346	0.999991 0.000012	0.059077 0.005315	0.005892 0.009495	0.002069 0.007147	0.001479 0.004072	0.003354 0.009005	0.002960 0.007400	0.001628 0.005554	0.000710 0.002956	0.001427 0.003938	
3 48 10 2.140000	0.003572 0.001802	0.999987 0.000012	0.054382 0.006942	0.005748 0.006864	0.001251 0.003981	0.000000 0.000000	0.000413 0.002168	0.000265 0.001324	0.000573 0.002792	0.000697 0.003486	0.000139 0.000693	
3 48 10 2.150000	0.003596 0.002393	0.999986 0.000016	0.053560 0.004336	0.004133 0.009424	0.000148 0.004020	0.001682 0.006604	0.000356 0.001779	0.000841 0.004204	0.000826 0.002025	0.000540 0.001470	0.002697 0.004796	
3 48 10 2.160000	0.002976 0.001529	0.999991 0.000009	0.059060 0.006089	0.003603 0.008567	0.001489 0.005176	0.000033 0.004383	0.001131 0.005653	0.002254 0.006345	0.002308 0.006366	0.001145 0.002897	0.000000 0.000000	
3 48 10 2.170000	0.003627 0.003203	0.999986 0.000025	0.057192 0.009311	0.002139 0.004347	0.000849 0.004246	0.000813 0.001764	0.000891 0.002192	0.000110 0.000550	0.000344 0.001719	0.000781 0.003492	0.001347 0.003941	
3 48 10 2.180000	0.002707 0.001894	0.999992 0.000010	0.057241 0.005599	0.001040 0.006970	0.001191 0.004771	0.001405 0.003948	0.000951 0.003510	0.001420 0.003819	0.000640 0.001734	0.000929 0.003701	0.001307 0.006534	
3 48 10 2.190000	0.003116 0.002366	0.999990 0.000016	0.053886 0.007976	0.006820 0.003042	0.004313 0.008767	0.001638 0.004541	0.001738 0.002679	0.001134 0.004383	0.001226 0.002559	0.001008 0.005179	0.001002 0.003432	
3 48 10 2.200000	0.002945 0.001738	0.999991 0.000010	0.054421 0.005562	0.003597 0.007853	0.001662 0.006015	0.000155 0.000774	0.000378 0.001755	0.000858 0.004292	0.001486 0.005809	0.000271 0.001354	0.000890 0.003292	
3 48 10 2.210000	0.003311 0.001620	0.999989 0.000011	0.056976 0.005562	0.004978 0.008503	0.000000 0.000000	0.003620 0.004921	0.000000 0.000000	0.000000 0.000000	0.002824 0.005668	0.000898 0.004489	0.000984 0.004921	
3 48 10 2.220000	0.002843 0.001645	0.999992 0.000008	0.055119 0.008519	0.001987 0.004559	0.002448 0.005121	0.001290 0.004045	0.000541 0.002705	0.000834 0.004171	0.001529 0.004230	0.000000 0.000000	0.001239 0.006193	
3 48 10 2.230000	0.002828 0.002252	0.999991 0.000013	0.058110 0.009939	0.004969 0.006952	0.002870 0.007774	0.000763 0.004881	0.000158 0.006298	0.000000 0.000000	0.001529 0.003774	0.002055 0.007550	0.001126 0.005446	
3 48 10 2.240000	0.003620 0.001587	0.999987 0.000011	0.052032 0.009555	0.000874 0.003776	0.001116 0.003788	0.001047 0.002628	0.000000 0.000000	0.000008 0.000072	0.000891 0.004456	0.002359 0.005572	0.001315 0.004802	
3 48 10 2.250000	0.003443 0.002170	0.999988 0.000015	0.056019 0.008562	0.003858 0.006720	0.000909 0.004547	0.000203 0.001861	0.002871 0.009980	0.001850 0.006433	0.000493 0.002464	0.000629 0.002523	0.001414 0.005909	
3 48 10 2.260000	0.003600 0.002520	0.999986 0.000018	0.051640 0.008881	0.002488 0.004985	0.002308 0.006568	0.001199 0.002866	0.002013 0.005032	0.001293 0.005995	0.001641 0.003313	0.002043 0.006311	-0.000329 0.001837	
3 48 10 2.270000	0.002790 0.001948	0.999992 0.000011	0.051664 0.009053	0.003424 0.004116	0.004803 0.009360	0.001992 0.004589	0.001479 0.003746	0.000695 0.004254	0.001208 0.005085	-0.000200 0.003712	0.000741 0.004972	
3 48 10 2.280000	0.002640 0.003291	0.999991 0.000015	0.053942 0.007641	0.002238 0.009137	0.001058 0.005420	0.002367 0.010000	0.000491 0.001727	0.001506 0.006295	0.000438 0.001716	0.001624 0.006037	0.002315 0.007898	
3 48 10 2.290000	0.003311 0.004208	0.999987 0.000028	0.053197 0.009265	0.004412 0.007035	0.003787 0.008648	0.001709 0.004067	0.001652 0.004435	0.001027 0.003798	-0.000185 0.001163	0.002018 0.005776	0.001212 0.003181	
3 48 10 2.300000	0.002581 0.002198	0.999993 0.000011	0.054382 0.009900	0.002830 0.005271	0.001401 0.003962	0.002269 0.006819	0.000671 0.002146	0.001854 0.004561	0.000337 0.000882	0.000636 0.003179	0.000959 0.002526	
3 48 10 2.310000	0.002691 0.002808	0.999991 0.000016	0.051843 0.007776	0.001256 0.006278	0.002363 0.008516	0.001924 0.005551	0.002439 0.009627	0.003254 0.007763	0.001181 0.004426	0.003254 0.008884	0.003848 0.008516	
3 48 10 2.320000	0.003147 0.001044	0.999990 0.000006	0.055546 0.009450	0.002916 0.003150	0.001834 0.006784	0.001217 0.005183	0.001827 0.005549	0.003560 0.005917	0.000936 0.004682	0.003422 0.005614	0.000625 0.001658	
3 48 10 2.330000	0.003315 0.001732	0.999989 0.000011	0.052822 0.009815	0.002860 0.006653	0.002032 0.004619	0.002049 0.005357	0.002554 0.004686	0.003101 0.003802	0.000407 0.001471	0.001110 0.004751	0.001071 0.004619	
3 48 10 2.340000	0.002650 0.000782	0.999993 0.000004	0.049220 0.007411	0.002070 0.003914	0.001202 0.003944	0.002464 0.007772	0.000753 0.002584	0.001770 0.004968	0.000824 0.002645	0.000723 0.002587	0.001126 0.002806	
3 48 10 2.350000	0.003795 0.005085	0.999982 0.000039	0.047192 0.007693	0.002085 0.009219	0.002170 0.008517	0.001254 0.006269	0.003818 0.008876	0.003914 0.009006	0.001446 0.005100	0.002180 0.006902	0.003815 0.009590	
3 48 10 2.360000	0.003345 0.001760	0.999988 0.000013	0.052458 0.006579	0.003411 0.006700	0.002063 0.004330	0.001050 0.004312	0.003248 0.007429	-0.000055 0.000277	0.003923 0.007573	0.001234 0.004114	0.000504 0.002520	
3 48 10 2.370000	0.003529 0.001107	0.999987 0.000008	0.052265 0.009814	0.001051 0.002394	0.000864 0.002743	0.001506 0.004801	0.000710 0.001685	0.000739 0.005693	0.001057 0.003074	0.000000 0.000000	0.000409 0.001005	
3 48 10 2.380000	0.003293 0.002366	0.999988 0.000016	0.050778 0.008883	0.000897 0.001846	0.000540 0.001762	0.000680 0.002241	0.000516 0.001213	0.002618 0.007874	0.000187 0.000937	0.000059 0.000293	0.000269 0.001343	
3 48 10 2.390000	0.003107 0.002013	0.999990 0.000012	0.049397 0.009913	0.003814 0.008965	0.000318 0.001589	0.000378 0.001888	0.000054 0.000268	0.001543 0.004545	0.001904 0.006662	0.002516 0.005604	0.001557 0.003910	
3 48 10 2.400000	0.003308 0.000770	0.999989 0.000005	0.048763 0.006914	0.004231 0.006713	0.002348 0.005729	0.001448 0.006040	0.004107 0.009248	0.000430 0.002148	0.000044 0.000330	0.002872 0.007182	0.000276 0.001380	
3 48 10 2.410000	0.003373 0.001277	0.999988 0.000009	0.051643 0.009136	0.002579 0.006873	0.000785 0.002215	0.002595 0.009093	0.001282 0.006412	0.000739 0.003694	0.000599 0.001966	0.002847 0.006725	0.002118 0.006003	
3 48 10 2.420000	0.003068 0.001252	0.999990 0.000008	0.048953 0.003894	0.001591 0.007953	0.001144 0.004245	0.001903 0.007763	0.000118 0.002960	0.001846 0.003879	0.002476 0.006289	0.000000 0.000000	0.000427 0.002843	
3 48 10 2.430000	0.003155 0.001800	0.999990 0.000010	0.049412 0.006963	0.003191 0.007404	0.000466 0.004392	0.001055 0.003320	0.001811 0.003782	0.000040 0.000202	0.000968 0.003967	0.000769 0.002368	0.000745 0.002430	
3 48 10 2.440000	0.003326 0.001229	0.999989 0.000008	0.047822 0.008516	0.003887 0.009496	0.003228 0.007814	0.000485 0.002423	0.000000 0.000000	0.002009 0.007558	0.001245 0.004493	0.001432 0.004185	0.000392 0.001959	
3 48 10 2.450000	0.003197 0.001109	0.999990 0.000007	0.047916 0.008969	0.002485 0.004310	0.000600 0.003001	0.000536 0.003383	0.002933 0.004834	0.000670 0.001758	0.000651 0.003255	0.001100 0.003006	0.001033 0.001926	
3 48 10 2.460000	0.003528 0.003965	0.999986 0.000026	0.051517 0.007025	0.000396 0.001981	0.004353 0.008503	0.001707 0.006145	0.002400 0.005671	0.001133 0.003332	0.003229 0.008746	0.000655 0.004524	0.001034 0.005169	
3 48 10 2.470000	0.003221 0.002298	0.999989 0.000013	0.047396 0.009569	0.004006 0.006905	0.002917 0.004904	0.001316 0.006916	0.000932 0.003317	0.000556 0.001473	0.003408 0.005176	0.001674 0.003430	0.001119 0.003078	
3 48 10 2.480000	0.003303 0.002027	0.999989 0.000013	0.051118 0.009802	0.001577 0.004802	0.001270 0.004513	0.001095 0.002896	-0.000046 0.000229	0.002398 0.006042	0.000424 0.002122	0.001277 0.006384	0.000443 0.001909	
3 48 10 2.490000	0.003580 0.003522	0.999985 0.000025	0.045852 0.007234	0.003380 0.009447	0.000969 0.005632	0.002105 0.007589	0.002974 0.009419	0.002157 0.006271	0.000564 0.006204	0.000419 0.002093	0.001803 0.003396	
3 48 10 2.500000	0.003111 0.003125	0.999989 0.000021	0.050656 0.007915	0.004873 0.008021	0.001217 0.004134	0.000713 0.002589	0.002102 0.005360	0.001894 0.006285	0.000940 0.009610	0.002044 0.008123	0.001699 0.008494	
