4 10 5 0.000000	0.998778 0.003666	0.002439 0.007318	0.000000 0.000000	0.000000 0.000000	0.000000 0.000000	0.000000 0.000000	
4 10 5 0.010000	0.998823 0.003498	0.002328 0.006983	0.000765 0.002295	0.000765 0.002295	0.001286 0.003858	0.000000 0.000000	
4 10 5 0.020000	0.998572 0.004283	0.002849 0.008548	0.000000 0.000000	0.000000 0.000000	0.000000 0.000000	0.000000 0.000000	
4 10 5 0.030000	1.000000 0.000000	0.000000 0.000000	0.000000 0.000000	0.000000 0.000000	0.000000 0.000000	0.000000 0.000000	
4 10 5 0.040000	0.998921 0.003238	0.002155 0.006465	0.000000 0.000000	0.000000 0.000000	0.000000 0.000000	0.000000 0.000000	
4 10 5 0.050000	0.999977 0.000069	0.000046 0.000138	0.000046 0.000138	0.000046 0.000138	0.000046 0.000138	0.000046 0.000138	
4 10 5 0.060000	1.000000 0.000000	0.000000 0.000000	0.000000 0.000000	0.000000 0.000000	0.000000 0.000000	0.000000 0.000000	
4 10 5 0.070000	1.000000 0.000000	0.000000 0.000000	0.000000 0.000000	0.000000 0.000000	0.000000 0.000000	0.000000 0.000000	
4 10 5 0.080000	1.000000 0.000000	0.000000 0.000000	0.000000 0.000000	0.000000 0.000000	0.000000 0.000000	0.000000 0.000000	
4 10 5 0.090000	0.999351 0.001947	0.001297 0.003890	0.000000 0.000000	0.000000 0.000000	0.000000 0.000000	0.000000 0.000000	
4 10 5 0.100000	0.999638 0.001085	0.000723 0.002170	0.000098 0.000295	0.000098 0.000295	0.000619 0.001857	0.000307 0.000920	
4 10 5 0.110000	0.999940 0.000181	0.000121 0.000362	0.000121 0.000362	0.000000 0.000000	0.000121 0.000362	0.000121 0.000362	
4 10 5 0.120000	0.998975 0.003075	0.002047 0.006140	0.000588 0.001765	0.000068 0.000203	0.000000 0.000000	0.000797 0.002390	
4 10 5 0.130000	0.999976 0.000072	0.000048 0.000144	0.000000 0.000000	0.000000 0.000000	0.000000 0.000000	0.000000 0.000000	
4 10 5 0.140000	1.000000 0.000000	0.000000 0.000000	0.000000 0.000000	0.000000 0.000000	0.000000 0.000000	0.000000 0.000000	
4 10 5 0.150000	1.000000 0.000000	0.000000 0.000000	0.000000 0.000000	0.000000 0.000000	0.000000 0.000000	0.000000 0.000000	
4 10 5 0.160000	1.000000 0.000000	0.000000 0.000000	0.000000 0.000000	0.000000 0.000000	0.000000 0.000000	0.000000 0.000000	
4 10 5 0.170000	1.000000 0.000000	0.000000 0.000000	0.000000 0.000000	0.000000 0.000000	0.000000 0.000000	0.000000 0.000000	
4 10 5 0.180000	0.999104 0.002688	0.001790 0.005369	0.000000 0.000000	0.000000 0.000000	0.000000 0.000000	0.000000 0.000000	
4 10 5 0.190000	1.000000 0.000000	0.000000 0.000000	0.000000 0.000000	0.000000 0.000000	0.000000 0.000000	0.000000 0.000000	
4 10 5 0.200000	0.999448 0.001656	0.001103 0.003309	0.000000 0.000000	0.000000 0.000000	0.000000 0.000000	0.000000 0.000000	
4 10 5 0.210000	0.999495 0.001447	0.001010 0.002892	0.000046 0.000138	0.000000 0.000000	0.000046 0.000138	0.000046 0.000138	
4 10 5 0.220000	0.999954 0.000138	0.000092 0.000276	0.000000 0.000000	0.000000 0.000000	0.000000 0.000000	0.000092 0.000276	
4 10 5 0.230000	1.000000 0.000000	0.000000 0.000000	0.000000 0.000000	0.000000 0.000000	0.000000 0.000000	0.000000 0.000000	
4 10 5 0.240000	1.000000 0.000000	0.000000 0.000000	0.000000 0.000000	0.000000 0.000000	0.000000 0.000000	0.000000 0.000000	
4 10 5 0.250000	0.998610 0.003479	0.002776 0.006946	0.000624 0.001597	0.000636 0.001909	0.001354 0.003784	0.001225 0.003159	
4 10 5 0.260000	1.000000 0.000000	0.000000 0.000000	0.000000 0.000000	0.000000 0.000000	0.000000 0.000000	0.000000 0.000000	
4 10 5 0.270000	1.000000 0.000000	0.000000 0.000000	0.000000 0.000000	0.000000 0.000000	0.000000 0.000000	0.000000 0.000000	
4 10 5 0.280000	1.000000 0.000000	0.000000 0.000000	0.000000 0.000000	0.000000 0.000000	0.000000 0.000000	0.000000 0.000000	
4 10 5 0.290000	1.000000 0.000000	0.000000 0.000000	0.000000 0.000000	0.000000 0.000000	0.000000 0.000000	0.000000 0.000000	
4 10 5 0.300000	1.000000 0.000000	0.000000 0.000000	0.000000 0.000000	0.000000 0.000000	0.000000 0.000000	0.000000 0.000000	
4 10 5 0.310000	1.000000 0.000000	0.000000 0.000000	0.000000 0.000000	0.000000 0.000000	0.000000 0.000000	0.000000 0.000000	
4 10 5 0.320000	1.000000 0.000000	0.000000 0.000000	0.000000 0.000000	0.000000 0.000000	0.000000 0.000000	0.000000 0.000000	
4 10 5 0.330000	0.999759 0.000724	0.000482 0.001447	0.000274 0.000822	0.000170 0.000509	0.000378 0.001134	0.000482 0.001447	
4 10 5 0.340000	0.999690 0.000724	0.000620 0.001447	0.000000 0.000000	0.000138 0.000414	0.000000 0.000000	0.000308 0.000822	
4 10 5 0.350000	1.000000 0.000000	0.000000 0.000000	0.000000 0.000000	0.000000 0.000000	0.000000 0.000000	0.000000 0.000000	
4 10 5 0.360000	0.999894 0.000181	0.000213 0.000362	0.000000 0.000000	0.000121 0.000362	0.000121 0.000362	0.000092 0.000276	
4 10 5 0.370000	0.998498 0.003272	0.002999 0.006531	0.001206 0.002847	0.000998 0.002534	0.000686 0.001085	0.001157 0.003472	
4 10 5 0.380000	0.999977 0.000069	0.000046 0.000138	0.000046 0.000138	0.000000 0.000000	0.000046 0.000138	0.000000 0.000000	
4 10 5 0.390000	0.999825 0.000526	0.000351 0.001052	0.000000 0.000000	0.000000 0.000000	0.000142 0.000427	0.000000 0.000000	
4 10 5 0.400000	1.000000 0.000000	0.000000 0.000000	0.000000 0.000000	0.000000 0.000000	0.000000 0.000000	0.000000 0.000000	
4 10 5 0.410000	1.000000 0.000000	0.000000 0.000000	0.000000 0.000000	0.000000 0.000000	0.000000 0.000000	0.000000 0.000000	
4 10 5 0.420000	1.000000 0.000000	0.000000 0.000000	0.000000 0.000000	0.000000 0.000000	0.000000 0.000000	0.000000 0.000000	
4 10 5 0.430000	1.000000 0.000000	0.000000 0.000000	0.000000 0.000000	0.000000 0.000000	0.000000 0.000000	0.000000 0.000000	
4 10 5 0.440000	0.999940 0.000181	0.000121 0.000362	0.000121 0.000362	0.000121 0.000362	0.000000 0.000000	0.000000 0.000000	
4 10 5 0.450000	1.000000 0.000000	0.000000 0.000000	0.000000 0.000000	0.000000 0.000000	0.000000 0.000000	0.000000 0.000000	
4 10 5 0.460000	0.999067 0.002550	0.001865 0.005094	0.000062 0.000187	0.000000 0.000000	0.000000 0.000000	0.000167 0.000500	
4 10 5 0.470000	1.000000 0.000000	0.000000 0.000000	0.000000 0.000000	0.000000 0.000000	0.000000 0.000000	0.000000 0.000000	
4 10 5 0.480000	0.998837 0.003075	0.002323 0.006140	0.000000 0.000000	0.000344 0.000516	0.000588 0.001765	0.000588 0.001765	
4 10 5 0.490000	0.999027 0.002713	0.001944 0.005419	0.000244 0.000731	0.000000 0.000000	0.001007 0.002919	0.000244 0.000731	
4 10 5 0.500000	0.999917 0.000250	0.000167 0.000500	0.000000 0.000000	0.000000 0.000000	0.000000 0.000000	0.000097 0.000292	
4 10 5 0.510000	0.999931 0.000138	0.000138 0.000276	0.000046 0.000138	0.000092 0.000276	0.000046 0.000138	0.000046 0.000138	
4 10 5 0.520000	0.999170 0.001587	0.001660 0.003171	0.000082 0.000246	0.000000 0.000000	0.000394 0.001183	0.000394 0.001183	
4 10 5 0.530000	0.999424 0.001727	0.001150 0.003451	0.000000 0.000000	0.000000 0.000000	0.000000 0.000000	0.000000 0.000000	
4 10 5 0.540000	1.000000 0.000000	0.000000 0.000000	0.000000 0.000000	0.000000 0.000000	0.000000 0.000000	0.000000 0.000000	
4 10 5 0.550000	1.000000 0.000000	0.000000 0.000000	0.000000 0.000000	0.000000 0.000000	0.000000 0.000000	0.000000 0.000000	
4 10 5 0.560000	0.999156 0.002351	0.001686 0.004697	0.000228 0.000362	0.000749 0.001885	0.000000 0.000000	0.000436 0.000947	
4 10 5 0.570000	0.999881 0.000356	0.000238 0.000713	0.000203 0.000608	0.000000 0.000000	0.000000 0.000000	0.000099 0.000296	
4 10 5 0.580000	0.999815 0.000556	0.000370 0.001111	0.000000 0.000000	0.000000 0.000000	0.000162 0.000486	0.000000 0.000000	
4 10 5 0.590000	0.999778 0.000207	0.000443 0.000414	0.000121 0.000362	0.000218 0.000378	0.000000 0.000000	0.000000 0.000000	
4 10 5 0.600000	1.000000 0.000000	0.000000 0.000000	0.000000 0.000000	0.000000 0.000000	0.000000 0.000000	0.000000 0.000000	
4 10 5 0.610000	0.999494 0.001173	0.001012 0.002345	0.000000 0.000000	0.000000 0.000000	0.000000 0.000000	0.000000 0.000000	
4 10 5 0.620000	0.999909 0.000273	0.000182 0.000546	0.000000 0.000000	0.000000 0.000000	0.000000 0.000000	0.000000 0.000000	
4 10 5 0.630000	0.999917 0.000098	0.000136 0.000287	0.000000 0.000000	0.000096 0.000287	0.000000 0.000000	0.000000 0.000000	
4 10 5 0.640000	0.998852 0.003444	0.002292 0.006877	0.000000 0.000000	0.000313 0.000940	0.000000 0.000000	0.000000 0.000000	
4 10 5 0.650000	1.000000 0.000000	0.000000 0.000000	0.000000 0.000000	0.000000 0.000000	0.000000 0.000000	0.000000 0.000000	
4 10 5 0.660000	0.999012 0.002964	0.001973 0.005920	0.000000 0.000000	0.000000 0.000000	0.000000 0.000000	0.000000 0.000000	
4 10 5 0.670000	0.999356 0.001750	0.001286 0.003497	0.000349 0.000684	0.000557 0.001309	0.000121 0.000362	0.000349 0.000684	
4 10 5 0.680000	0.999917 0.000181	0.000167 0.000362	0.000046 0.000138	0.000046 0.000138	0.000046 0.000138	0.000046 0.000138	
4 10 5 0.690000	0.998174 0.004814	0.003644 0.009604	0.000623 0.001081	0.001186 0.003143	0.001873 0.005229	0.000167 0.000500	
4 10 5 0.700000	0.998833 0.001518	0.002332 0.003032	0.000109 0.000326	0.000213 0.000638	0.000000 0.000000	0.000000 0.000000	
4 10 5 0.710000	0.999577 0.001268	0.000844 0.002533	0.000000 0.000000	0.000000 0.000000	0.000000 0.000000	0.000000 0.000000	
4 10 5 0.720000	0.999317 0.001072	0.001335 0.002235	0.000381 0.001144	0.000000 0.000000	0.000590 0.001769	0.000347 0.001040	
4 10 5 0.730000	0.999905 0.000285	0.000190 0.000569	0.000000 0.000000	0.000120 0.000361	0.000000 0.000000	0.000000 0.000000	
4 10 5 0.740000	0.998459 0.003899	0.003076 0.007782	0.000000 0.000000	0.000274 0.000822	0.000378 0.001134	0.000170 0.000509	
4 10 5 0.750000	0.998679 0.001921	0.002640 0.003836	0.000508 0.001524	0.001494 0.002586	0.000611 0.001833	0.000716 0.002149	
4 10 5 0.760000	0.998769 0.000984	0.002461 0.001965	0.000000 0.000000	0.000000 0.000000	0.000252 0.000757	0.000542 0.000979	
4 10 5 0.770000	0.999546 0.000500	0.000908 0.000999	0.000241 0.000723	0.000137 0.000411	0.000137 0.000411	0.000396 0.001187	
4 10 5 0.780000	0.996974 0.004690	0.006038 0.009356	0.000000 0.000000	0.001364 0.004092	0.000000 0.000000	0.002107 0.006071	
4 10 5 0.790000	0.999514 0.000293	0.000971 0.000585	0.000038 0.000115	0.000213 0.000638	0.000142 0.000427	0.000408 0.001223	
4 10 5 0.800000	0.998699 0.001931	0.002600 0.003858	0.000575 0.001496	0.000597 0.001792	0.000910 0.002730	0.001096 0.002730	
4 10 5 0.810000	0.997741 0.004251	0.004509 0.008484	0.000000 0.000000	0.000328 0.000984	0.000000 0.000000	0.000000 0.000000	
4 10 5 0.820000	0.997572 0.003805	0.004847 0.007594	0.000274 0.000822	0.000000 0.000000	0.000000 0.000000	0.000014 0.000041	
4 10 5 0.830000	0.997901 0.004504	0.004189 0.008984	0.002756 0.006408	0.001407 0.004221	0.000256 0.000471	0.000861 0.002033	
4 10 5 0.840000	0.999319 0.001197	0.001361 0.002393	0.000577 0.001732	0.000067 0.000200	0.000540 0.001107	0.000369 0.001107	
4 10 5 0.850000	0.998100 0.000826	0.003796 0.001648	0.000418 0.000826	0.000730 0.001451	0.000559 0.001678	0.000148 0.000445	
4 10 5 0.860000	0.999285 0.000548	0.001430 0.001095	0.000287 0.000862	0.000622 0.001161	0.000823 0.001393	0.000570 0.001161	
4 10 5 0.870000	0.998993 0.001495	0.002013 0.002986	0.000107 0.000320	0.000273 0.000819	0.000802 0.001617	0.000276 0.000633	
4 10 5 0.880000	0.998545 0.002481	0.002907 0.004953	0.000073 0.000218	0.000454 0.000999	0.000277 0.000831	0.000000 0.000000	
4 10 5 0.890000	0.999327 0.001880	0.001344 0.003756	0.000823 0.002194	0.000000 0.000000	0.000000 0.000000	0.000000 0.000000	
4 10 5 0.900000	0.998615 0.002115	0.002767 0.004223	0.000401 0.001204	0.000440 0.000322	0.000286 0.000470	0.001204 0.003496	
4 10 5 0.910000	0.996336 0.004178	0.007311 0.008329	0.002311 0.003297	0.001445 0.003364	0.000345 0.001036	0.000241 0.000723	
4 10 5 0.920000	0.999302 0.000207	0.001396 0.000414	0.000000 0.000000	0.000304 0.000911	0.000537 0.000911	0.000304 0.000911	
4 10 5 0.930000	0.996876 0.004983	0.006232 0.009927	0.000519 0.001557	0.000623 0.001869	0.000217 0.002464	0.000000 0.000000	
4 10 5 0.940000	0.996754 0.003117	0.006480 0.006215	0.001709 0.003641	0.000704 0.002113	0.000980 0.002078	0.001501 0.003328	
4 10 5 0.950000	0.997803 0.003260	0.004388 0.006506	0.000592 0.001775	-0.000046 0.000137	0.000592 0.001775	0.000644 0.001931	
4 10 5 0.960000	0.998583 0.002378	0.002830 0.004748	0.000000 0.000000	0.000546 0.001637	0.000000 0.000000	0.000000 0.000000	
4 10 5 0.970000	0.996784 0.004118	0.006419 0.008211	0.000000 0.000000	0.001904 0.003689	0.001112 0.002689	0.001321 0.003001	
4 10 5 0.980000	0.993895 0.003510	0.012171 0.006973	0.001514 0.004542	0.000681 0.002042	0.000000 0.000000	0.000681 0.002042	
4 10 5 0.990000	0.998105 0.001729	0.003786 0.003450	0.000171 0.000512	0.001807 0.001555	0.000524 0.001573	0.000415 0.001263	
4 10 5 1.000000	0.997168 0.003561	0.005654 0.007098	0.000000 0.000000	0.002450 0.007351	0.000258 0.000774	0.001800 0.001235	
4 10 5 1.010000	0.995170 0.004035	0.009634 0.008033	0.000000 0.000000	0.001245 0.003736	0.001516 0.004549	0.000000 0.000000	
4 10 5 1.020000	0.997833 0.000974	0.004328 0.001943	0.000561 0.001682	0.002349 0.001347	0.001099 0.001318	0.000737 0.001466	
4 10 5 1.030000	0.996188 0.004383	0.007605 0.008729	0.001892 0.005675	0.001579 0.004737	0.001707 0.004425	0.002308 0.006925	
4 10 5 1.040000	0.995777 0.002670	0.008428 0.005317	0.001176 0.002552	0.001535 0.002539	0.000534 0.001602	0.001003 0.003008	
4 10 5 1.050000	0.996469 0.002790	0.007048 0.005559	0.000000 0.000000	0.000602 0.003268	0.000000 0.000000	0.000117 0.000350	
4 10 5 1.060000	0.996648 0.001479	0.006691 0.002947	0.000000 0.000000	0.000538 0.001614	0.000704 0.001093	0.001520 0.004561	
4 10 5 1.070000	0.995100 0.004434	0.009772 0.008819	0.000143 0.000430	0.000247 0.000741	0.000905 0.002018	0.000351 0.001054	
4 10 5 1.080000	0.980084 0.002765	0.039435 0.005421	0.001124 0.003371	0.002270 0.006809	0.002025 0.005559	0.003483 0.007434	
4 10 5 1.090000	0.995789 0.001346	0.008405 0.002680	0.000495 0.001484	0.000989 0.002968	0.000000 0.000000	0.001328 0.003984	
4 10 5 1.100000	0.995082 0.002489	0.009811 0.004952	0.000863 0.002590	0.001929 0.001054	0.002891 0.006605	0.000000 0.000000	
4 10 5 1.110000	0.995120 0.004370	0.009733 0.008693	0.000943 0.002830	0.001577 0.004943	0.000440 0.001320	0.000168 0.000504	
4 10 5 1.120000	0.994303 0.001624	0.011361 0.003229	0.000000 0.000000	0.001702 0.005107	0.001077 0.003232	0.000000 0.000000	
4 10 5 1.130000	0.993140 0.003395	0.013672 0.006745	0.001399 0.004197	0.001087 0.003260	0.000000 0.000000	0.000670 0.002010	
4 10 5 1.140000	0.993011 0.004556	0.013926 0.009048	0.000070 0.000210	0.000799 0.002398	0.000354 0.001061	0.000000 0.000000	
4 10 5 1.150000	0.995157 0.000802	0.009663 0.001596	0.000670 0.002009	0.001194 0.003583	0.000741 0.002223	0.000667 0.001232	
4 10 5 1.160000	0.992694 0.004927	0.014555 0.009779	0.001760 0.003467	0.000990 0.002970	0.001551 0.002750	0.000483 0.001303	
4 10 5 1.170000	0.992703 0.003629	0.014539 0.007204	0.002048 0.005633	0.001788 0.005112	0.000975 0.002925	0.000000 0.000000	
4 10 5 1.180000	0.992847 0.000646	0.014255 0.001283	0.002557 0.004060	0.000000 0.000000	0.001209 0.002464	0.000000 0.000000	
4 10 5 1.190000	0.991243 0.005021	0.017433 0.009949	0.002197 0.006590	0.002174 0.006521	0.002432 0.006000	0.002043 0.006130	
4 10 5 1.200000	0.992665 0.004631	0.014612 0.009192	0.001165 0.004445	0.001427 0.004282	0.000244 0.000733	0.000661 0.001983	
4 10 5 1.210000	0.991314 0.003600	0.017293 0.007138	0.000072 0.002058	0.001151 0.003454	0.001509 0.004526	0.000424 0.001272	
4 10 5 1.220000	0.983290 0.005076	0.033136 0.009987	0.000000 0.000000	0.000035 0.000104	0.000000 0.000000	0.000000 0.000000	
4 10 5 1.230000	0.991067 0.001527	0.017786 0.003027	0.000280 0.000840	0.002527 0.004643	0.000441 0.001206	0.002464 0.007393	
4 10 5 1.240000	0.988699 0.003155	0.022473 0.006237	0.000000 0.000000	0.001230 0.003689	0.001373 0.004118	0.000292 0.000876	
4 10 5 1.250000	0.988907 0.004572	0.022058 0.009035	0.001002 0.003007	0.000000 0.000000	0.000000 0.000000	0.001516 0.002798	
4 10 5 1.260000	0.989618 0.000646	0.020657 0.001279	0.001983 0.005950	0.000000 0.000000	0.000153 0.000459	0.000000 0.000000	
4 10 5 1.270000	0.988644 0.004597	0.022580 0.009090	0.000370 0.001111	0.000682 0.001475	0.000049 0.000147	0.001090 0.001702	
4 10 5 1.280000	0.985766 0.004680	0.028262 0.009222	0.004381 0.002417	0.001707 0.005121	0.004019 0.009808	0.001908 0.004981	
4 10 5 1.290000	0.984046 0.004044	0.031651 0.007956	0.001334 0.004002	-0.000090 0.000269	0.003313 0.007896	0.004695 0.007479	
4 10 5 1.300000	0.986854 0.003618	0.026116 0.007137	0.003904 0.002569	0.000000 0.000000	0.000000 0.000000	0.001240 0.002389	
4 10 5 1.310000	0.985821 0.004375	0.028154 0.008627	0.003407 0.000787	0.000179 0.000560	0.000000 0.000000	0.002214 0.005770	
4 10 5 1.320000	0.985468 0.004678	0.028849 0.009220	0.000412 0.001237	0.000434 0.001303	0.000000 0.000000	0.000000 0.000000	
4 10 5 1.330000	0.983960 0.001988	0.031822 0.003912	0.000188 0.002185	0.001022 0.003065	0.001244 0.003293	0.001023 0.003070	
4 10 5 1.340000	0.984847 0.004340	0.030072 0.008543	0.000000 0.000000	0.000040 0.000120	0.000481 0.000874	0.000000 0.000000	
4 10 5 1.350000	0.982071 0.004693	0.035532 0.009210	0.002221 0.006662	0.001887 0.004412	0.002453 0.007358	0.000000 0.000000	
4 10 5 1.360000	0.981091 0.004347	0.037458 0.008531	0.004278 0.008455	0.002418 0.006705	0.002713 0.007058	0.005008 0.009183	
4 10 5 1.370000	0.980894 0.004691	0.037842 0.009196	0.000616 0.001849	0.005115 0.008099	0.000000 0.000000	0.000778 0.002334	
4 10 5 1.380000	0.981541 0.002533	0.036575 0.004971	0.002228 0.005471	0.000000 0.000000	0.000000 0.000000	0.000000 0.000000	
4 10 5 1.390000	0.981386 0.001627	0.036880 0.003193	0.001279 0.003837	0.005679 0.009438	0.002205 0.005281	0.002084 0.006253	
4 10 5 1.400000	0.970234 0.004243	0.058642 0.008236	0.000294 0.000881	0.001994 0.004678	0.001994 0.005367	0.000726 0.002178	
4 10 5 1.410000	0.976086 0.002648	0.047255 0.005170	0.002099 0.006298	0.000000 0.000000	0.000508 0.001525	0.000000 0.000000	
4 10 5 1.420000	0.976525 0.003060	0.046397 0.005976	0.001456 0.000504	0.000000 0.000000	0.000422 0.000822	0.000887 0.002662	
4 10 5 1.430000	0.976190 0.004982	0.047048 0.009734	0.002609 0.004509	0.001488 0.004464	0.002342 0.007025	0.003913 0.009672	
4 10 5 1.440000	0.971644 0.004637	0.055904 0.009007	0.001826 0.003128	0.000829 0.002487	0.002376 0.007128	0.000985 0.002956	
4 10 5 1.450000	0.969059 0.004465	0.060921 0.008656	0.001147 0.003441	0.000000 0.000000	0.002814 0.008441	0.000000 0.000000	
4 10 5 1.460000	0.973583 0.004128	0.052133 0.008039	0.000000 0.000000	0.000313 0.000939	-0.000124 0.000373	0.001448 0.002276	
4 10 5 1.470000	0.973730 0.003054	0.051849 0.005951	0.000386 0.001159	0.001792 0.003442	0.000000 0.000000	0.000279 0.000837	
4 10 5 1.480000	0.972351 0.005121	0.054529 0.009963	0.002980 0.006798	0.000000 0.000000	0.003035 0.004799	0.002518 0.004565	
4 10 5 1.490000	0.967710 0.004652	0.063534 0.009006	0.007905 0.004360	0.004168 0.007593	0.002246 0.006739	0.001944 0.004052	
4 10 5 1.500000	0.967241 0.002687	0.064444 0.005200	0.003615 0.006727	0.003509 0.009085	0.000000 0.000000	0.000000 0.000000	
4 10 5 1.510000	0.966915 0.003479	0.065074 0.006728	0.002370 0.006871	0.001048 0.003145	0.003253 0.009759	-0.000161 0.000482	
4 10 5 1.520000	0.965697 0.004959	0.067424 0.009573	0.002323 0.006968	0.002324 0.004649	0.001622 0.002494	0.005022 0.002771	
4 10 5 1.530000	0.961807 0.005005	0.074924 0.009625	0.000000 0.000000	0.000496 0.001488	0.000635 0.001905	0.001705 0.003919	
4 10 5 1.540000	0.963682 0.002282	0.071316 0.004397	0.000942 0.002825	0.004370 0.007575	0.000446 0.001338	0.000611 0.001832	
4 10 5 1.550000	0.960799 0.000786	0.076866 0.001510	0.005001 0.008271	0.000000 0.000000	0.002935 0.008805	0.001336 0.002250	
4 10 5 1.560000	0.960064 0.005019	0.078272 0.009645	0.001387 0.004160	0.002059 0.006177	0.003237 0.005633	0.000000 0.000000	
4 10 5 1.570000	0.958196 0.003768	0.081858 0.007221	0.001045 0.001254	0.002544 0.001482	0.006342 0.008866	0.000238 0.000714	
4 10 5 1.580000	0.955611 0.004807	0.086805 0.009187	0.004494 0.007549	0.007633 0.002574	0.001737 0.007762	0.001784 0.005352	
4 10 5 1.590000	0.953182 0.004309	0.091440 0.008218	0.001935 0.005806	0.003208 0.004096	0.002769 0.008306	0.005123 0.009439	
4 10 5 1.600000	0.949758 0.001071	0.097959 0.002035	0.003931 0.009624	0.003281 0.006522	0.000000 0.000000	0.000066 0.000197	
4 10 5 1.610000	0.949940 0.005063	0.097609 0.009611	0.010073 0.000441	0.000000 0.000000	0.003038 0.009113	0.000000 0.000000	
4 10 5 1.620000	0.949500 0.004166	0.098446 0.007915	0.000948 0.002062	0.000000 0.000000	0.000550 0.001650	0.003600 0.009913	
4 10 5 1.630000	0.946163 0.003521	0.104774 0.006667	0.005390 0.008639	0.001521 0.004563	0.001715 0.005146	0.000000 0.000000	
4 10 5 1.640000	0.943660 0.004349	0.109502 0.008212	0.001715 0.005144	0.000559 0.001677	0.002548 0.007644	0.001107 0.003321	
4 10 5 1.650000	0.942784 0.002117	0.111158 0.003993	0.007497 0.007419	0.000000 0.000000	0.000000 0.000000	0.000000 0.000000	
4 10 5 1.660000	0.941048 0.005202	0.114425 0.009791	0.008385 0.009407	0.002033 0.006100	0.002897 0.004652	0.002037 0.006112	
4 10 5 1.670000	0.937141 0.002320	0.121765 0.004349	0.004865 0.005357	0.005965 0.009317	0.000121 0.000363	0.000000 0.000000	
4 10 5 1.680000	0.932743 0.005010	0.129986 0.009348	0.008108 0.002960	0.003370 0.006276	0.004101 0.005616	0.000000 0.000000	
4 10 5 1.690000	0.930378 0.003042	0.134395 0.005660	0.005493 0.009787	0.000791 0.002373	0.001188 0.003564	0.000441 0.001322	
4 10 5 1.700000	0.927337 0.002989	0.140045 0.005543	0.004668 0.009860	0.000000 0.000000	0.004824 0.008432	0.000000 0.000000	
4 10 5 1.710000	0.929218 0.005228	0.136550 0.009720	0.004054 0.004604	0.000000 0.000000	0.000000 0.000000	0.002789 0.004575	
4 10 5 1.720000	0.923918 0.004912	0.146372 0.009073	0.001790 0.005373	0.000000 0.000000	0.005531 0.007689	0.003034 0.005103	
4 10 5 1.730000	0.922116 0.005279	0.149696 0.009733	0.003680 0.007317	0.001647 0.002864	0.002428 0.005800	0.000000 0.000000	
4 10 5 1.740000	0.919875 0.002671	0.153828 0.004916	0.004331 0.008998	0.003230 0.009691	0.005364 0.009208	0.000217 0.000652	
4 10 5 1.750000	0.915950 0.004304	0.161032 0.007890	0.004842 0.008868	0.000000 0.000000	0.001289 0.003868	0.000000 0.000000	
4 10 5 1.760000	0.911158 0.002802	0.169790 0.005107	0.006184 0.009847	0.004753 0.007014	0.001230 0.003691	0.000321 0.000962	
4 10 5 1.770000	0.908758 0.005134	0.174154 0.009338	0.012892 0.005521	0.000000 0.000000	0.002678 0.008034	0.004583 0.008856	
4 10 5 1.780000	0.907321 0.001258	0.176768 0.002283	0.006343 0.009910	0.001286 0.003449	0.000684 0.002052	0.001486 0.004459	
4 10 5 1.790000	0.901926 0.005131	0.186524 0.009264	0.005184 0.007903	0.000000 0.000000	0.000533 0.001600	0.000000 0.000000	
4 10 5 1.800000	0.901222 0.003133	0.187796 0.005644	0.011856 0.007529	0.004021 0.009605	0.003216 0.008237	0.004735 0.009611	
4 10 5 1.810000	0.893929 0.001836	0.200890 0.003282	0.005810 0.009109	0.001100 0.003299	0.000096 0.000287	0.005861 0.007568	
4 10 5 1.820000	0.891798 0.002954	0.204695 0.005268	0.008564 0.001426	0.001545 0.002875	0.005265 0.009308	0.000739 0.001758	
4 10 5 1.830000	0.889035 0.002462	0.209616 0.004377	0.008345 0.009642	0.001755 0.005265	0.000000 0.000000	0.001049 0.003146	
4 10 5 1.840000	0.883810 0.005591	0.218873 0.009891	0.008306 0.008008	0.001062 0.003186	0.000000 0.000000	0.000451 0.001353	
4 10 5 1.850000	0.879302 0.005635	0.226821 0.009900	0.013496 0.006621	0.000000 0.000000	0.002286 0.004635	0.001689 0.003128	
4 10 5 1.860000	0.872738 0.005230	0.238323 0.009132	0.011312 0.009746	0.005134 0.007952	0.003174 0.009523	0.001678 0.005035	
4 10 5 1.870000	0.867950 0.004557	0.246659 0.007905	0.013689 0.004824	0.003265 0.009794	0.001688 0.005064	0.002976 0.008929	
4 10 5 1.880000	0.858542 0.005802	0.262900 0.009962	0.017032 0.005931	0.001514 0.004541	0.001265 0.003795	-0.000072 0.000217	
4 10 5 1.890000	0.854134 0.003874	0.270453 0.006614	0.017830 0.006920	0.004519 0.006894	0.005717 0.004942	0.003947 0.008117	
4 10 5 1.900000	0.848453 0.005343	0.280122 0.009061	0.021888 0.001606	0.001589 0.003953	0.000286 0.000857	0.002860 0.004513	
4 10 5 1.910000	0.840291 0.004520	0.293908 0.007599	0.021732 0.002766	0.003051 0.002091	0.002273 0.004720	0.005971 0.009567	
4 10 5 1.920000	0.038863 0.008065	0.998478 0.000634	0.144733 0.008519	0.027526 0.007583	0.005225 0.003742	0.004479 0.005377	
4 10 5 1.930000	0.030766 0.009837	0.999036 0.000592	0.145999 0.005731	0.025571 0.001312	0.003055 0.004440	0.002341 0.005208	
4 10 5 1.940000	0.027514 0.006908	0.999233 0.000394	0.145275 0.007593	0.027098 0.003653	0.007019 0.005874	0.001801 0.003532	
4 10 5 1.950000	0.022605 0.007620	0.999479 0.000350	0.141757 0.009152	0.022346 0.001008	0.005874 0.003672	0.001298 0.005921	
4 10 5 1.960000	0.026708 0.004180	0.999284 0.000221	0.139145 0.004753	0.021975 0.004284	0.003680 0.006267	0.002962 0.008887	
4 10 5 1.970000	0.022987 0.008720	0.999457 0.000384	0.134353 0.009610	0.022363 0.009505	0.003335 0.005474	0.000000 0.000000	
4 10 5 1.980000	0.028507 0.009760	0.999171 0.000569	0.140856 0.005671	0.023239 0.002729	0.003010 0.002704	0.002004 0.003597	
4 10 5 1.990000	0.020528 0.008107	0.999567 0.000329	0.133130 0.004359	0.023401 0.008141	0.001362 0.000312	0.000873 0.002620	
4 10 5 2.000000	0.017442 0.009588	0.999680 0.000324	0.132530 0.003992	0.015665 0.008281	0.002726 0.004416	0.003018 0.006775	
4 10 5 2.010000	0.024038 0.008234	0.999409 0.000379	0.141102 0.007986	0.018289 0.005373	0.003457 0.005729	0.000275 0.000825	
4 10 5 2.020000	0.027715 0.009218	0.999217 0.000518	0.134217 0.005413	0.021266 0.005316	0.002317 0.006950	0.005690 0.005241	
4 10 5 2.030000	0.025192 0.009959	0.999349 0.000502	0.131536 0.006987	0.019103 0.008845	0.004998 0.009089	0.000000 0.000000	
4 10 5 2.040000	0.025807 0.007835	0.999322 0.000390	0.133523 0.006061	0.017065 0.007728	0.003455 0.009171	0.001815 0.005445	
4 10 5 2.050000	0.019762 0.007081	0.999601 0.000272	0.131938 0.007236	0.017841 0.009181	0.001003 0.002645	0.001915 0.005746	
4 10 5 2.060000	0.019631 0.003119	0.999613 0.000123	0.123839 0.002677	0.016012 0.006975	0.006168 0.009357	0.000771 0.002313	
4 10 5 2.070000	0.019380 0.008709	0.999612 0.000337	0.130093 0.008304	0.022072 0.009110	0.004669 0.009393	0.000000 0.000000	
4 10 5 2.080000	0.022589 0.002493	0.999489 0.000113	0.127149 0.008686	0.017189 0.009150	0.002298 0.004941	0.000000 0.000000	
4 10 5 2.090000	0.017227 0.004069	0.999700 0.000135	0.121158 0.007565	0.016401 0.002152	0.006034 0.007872	0.004253 0.007445	
4 10 5 2.100000	0.018961 0.005238	0.999635 0.000205	0.118552 0.007955	0.017094 0.006281	0.000590 0.000933	0.001751 0.003433	
4 10 5 2.110000	0.022688 0.003077	0.999484 0.000140	0.119900 0.007178	0.017065 0.002751	0.002490 0.003995	0.002216 0.004841	
4 10 5 2.120000	0.020754 0.002429	0.999568 0.000102	0.120132 0.007105	0.018093 0.009996	0.000299 0.000467	0.000792 0.002376	
4 10 5 2.130000	0.020644 0.009542	0.999559 0.000397	0.119547 0.009425	0.017730 0.004637	0.003902 0.003742	0.000036 0.000107	
4 10 5 2.140000	0.017623 0.000809	0.999689 0.000029	0.126091 0.006704	0.015078 0.005881	0.000098 0.000295	0.001440 0.003058	
4 10 5 2.150000	0.016522 0.004733	0.999723 0.000162	0.121285 0.008571	0.016887 0.004526	0.006633 0.004011	0.002076 0.004341	
4 10 5 2.160000	0.019865 0.006449	0.999596 0.000243	0.117714 0.007638	0.015957 0.006265	0.003562 0.005237	0.000298 0.000894	
4 10 5 2.170000	0.021203 0.009275	0.999535 0.000406	0.119327 0.008740	0.015438 0.004177	0.001948 0.002979	0.003416 0.009087	
4 10 5 2.180000	0.022190 0.003403	0.999506 0.000150	0.110177 0.002650	0.013881 0.006697	0.001824 0.004029	0.000784 0.002351	
4 10 5 2.190000	0.025345 0.006225	0.999349 0.000327	0.111449 0.008641	0.015279 0.006043	0.004340 0.009411	0.002168 0.004604	
4 10 5 2.200000	0.021338 0.008939	0.999530 0.000367	0.115447 0.004883	0.009259 0.006216	0.000000 0.000000	0.000197 0.000591	
4 10 5 2.210000	0.016263 0.008555	0.999723 0.000280	0.114571 0.008140	0.015428 0.006553	0.002063 0.006189	0.000000 0.000000	
4 10 5 2.220000	0.020112 0.006070	0.999589 0.000249	0.111898 0.006782	0.009676 0.003322	0.003292 0.004931	0.004890 0.005978	
4 10 5 2.230000	0.014639 0.005868	0.999780 0.000169	0.112957 0.002896	0.017419 0.004708	0.000000 0.000000	0.000000 0.000000	
4 10 5 2.240000	0.018080 0.004487	0.999669 0.000157	0.107898 0.003712	0.010854 0.009532	0.004666 0.008684	0.001488 0.004463	
4 10 5 2.250000	0.013589 0.005931	0.999809 0.000162	0.106184 0.009431	0.018122 0.004569	0.003904 0.000926	0.001694 0.002660	
4 10 5 2.260000	0.017715 0.006154	0.999680 0.000219	0.110097 0.000969	0.015951 0.005744	0.000315 0.000944	0.002115 0.006345	
4 10 5 2.270000	0.013449 0.009507	0.999801 0.000280	0.108447 0.008071	0.008447 0.007780	0.005570 0.008684	0.001124 0.003371	
4 10 5 2.280000	0.018742 0.005321	0.999644 0.000195	0.099514 0.009477	0.011727 0.006422	-0.000043 0.000130	0.001813 0.004988	
4 10 5 2.290000	0.010852 0.007276	0.999873 0.000150	0.117123 0.002097	0.013539 0.008725	0.002157 0.005733	0.001765 0.005295	
4 10 5 2.300000	0.013968 0.003856	0.999802 0.000108	0.117198 0.006761	0.014125 0.008347	0.006539 0.001767	0.003329 0.006619	
4 10 5 2.310000	0.016515 0.008169	0.999715 0.000284	0.106485 0.005398	0.010667 0.006278	0.003897 0.003336	0.000910 0.002729	
4 10 5 2.320000	0.020440 0.009457	0.999565 0.000367	0.101940 0.002820	0.007294 0.006298	-0.000162 0.006508	0.000000 0.000000	
4 10 5 2.330000	0.012128 0.007968	0.999842 0.000199	0.106092 0.003224	0.013957 0.009787	0.000639 0.001916	0.003462 0.005865	
4 10 5 2.340000	0.014619 0.000914	0.999786 0.000027	0.110638 0.005481	0.011974 0.008887	0.002656 0.005285	0.000465 0.001395	
4 10 5 2.350000	0.017588 0.005556	0.999685 0.000193	0.104743 0.009212	0.006526 0.006867	0.001339 0.002407	0.000000 0.000000	
4 10 5 2.360000	0.017787 0.001445	0.999683 0.000051	0.102959 0.009879	0.008526 0.005400	0.002065 0.006195	0.000815 0.002445	
4 10 5 2.370000	0.015631 0.003074	0.999754 0.000096	0.108772 0.005405	0.009218 0.005673	0.004039 0.002694	0.003442 0.009985	
4 10 5 2.380000	0.015499 0.001752	0.999759 0.000054	0.099840 0.005605	0.014968 0.002287	0.002428 0.007285	0.001666 0.003129	
4 10 5 2.390000	0.016707 0.006269	0.999713 0.000219	0.106241 0.009559	0.007040 0.005427	0.000000 0.000000	0.001922 0.005747	
4 10 5 2.400000	0.015774 0.004689	0.999747 0.000153	0.101457 0.006466	0.013072 0.008487	0.002084 0.004778	0.000590 0.001360	
4 10 5 2.410000	0.014946 0.005965	0.999770 0.000172	0.101958 0.004548	0.012458 0.006985	0.002387 0.003620	0.003241 0.007838	
4 10 5 2.420000	0.015114 0.008928	0.999758 0.000275	0.100696 0.007704	0.007651 0.001072	0.000527 0.002006	-0.000161 0.000484	
4 10 5 2.430000	0.012785 0.007886	0.999826 0.000193	0.097187 0.006079	0.006266 0.007589	0.002651 0.003994	0.001111 0.003333	
4 10 5 2.440000	0.016186 0.004322	0.999735 0.000139	0.105318 0.006234	0.006943 0.008799	0.000957 0.002870	0.001435 0.005904	
4 10 5 2.450000	0.017321 0.008319	0.999688 0.000289	0.103088 0.007543	0.010708 0.006006	0.000651 0.001167	0.002676 0.006242	
4 10 5 2.460000	0.009053 0.008191	0.999906 0.000137	0.099177 0.001426	0.017093 0.008080	0.000000 0.000000	0.000000 0.000000	
4 10 5 2.470000	0.017328 0.005597	0.999694 0.000200	0.094173 0.009339	0.008861 0.008714	0.002253 0.006760	0.003274 0.008522	
4 10 5 2.480000	0.012439 0.008735	0.999832 0.000223	0.099312 0.006965	0.017124 0.006027	0.000000 0.000000	0.001257 0.003770	
4 10 5 2.490000	0.018709 0.006313	0.999643 0.000234	0.098977 0.007953	0.011581 0.008934	0.002560 0.006345	0.002799 0.008396	
4 10 5 2.500000	0.015356 0.006620	0.999755 0.000215	0.090443 0.008735	0.008703 0.001972	0.002814 0.008442	0.000506 0.001519	
4 10 5 2.510000	0.017362 0.004502	0.999695 0.000154	0.093944 0.009780	0.007230 0.005995	0.001976 0.005886	0.001424 0.002619	
4 10 5 2.520000	0.017521 0.009919	0.999677 0.000345	0.094925 0.007131	0.006367 0.006222	0.002575 0.006481	0.002987 0.008961	
4 10 5 2.530000	0.012155 0.002535	0.999851 0.000062	0.095080 0.009188	0.007955 0.006538	0.001830 0.008500	0.000000 0.000000	
4 10 5 2.540000	0.013543 0.006864	0.999809 0.000187	0.100069 0.008620	0.009253 0.006020	0.000200 0.000600	0.000000 0.000000	
4 10 5 2.550000	0.016896 0.005678	0.999709 0.000197	0.096271 0.009732	0.008563 0.006343	0.002935 0.006873	0.002708 0.008123	
4 10 5 2.560000	0.010939 0.006006	0.999873 0.000122	0.095156 0.009699	0.009757 0.007661	0.002380 0.007780	0.002633 0.004993	
4 10 5 2.570000	0.014923 0.005996	0.999771 0.000177	0.090697 0.009239	0.008488 0.003435	0.002261 0.006782	0.000162 0.000487	
4 10 5 2.580000	0.014142 0.004701	0.999796 0.000136	0.091046 0.003105	0.010334 0.003038	0.000000 0.000000	0.001189 0.003568	
4 10 5 2.590000	0.017209 0.009159	0.999689 0.000326	0.092502 0.009361	0.016043 0.006853	0.000078 0.002722	0.000000 0.000000	
4 10 5 2.600000	0.013210 0.005406	0.999819 0.000135	0.085184 0.007877	0.009741 0.004701	0.000774 0.002322	0.004974 0.008690	
4 10 5 2.610000	0.008714 0.005770	0.999918 0.000106	0.093303 0.005868	0.011793 0.002950	0.005311 0.009645	0.000000 0.000000	
4 10 5 2.620000	0.015678 0.003517	0.999752 0.000108	0.084682 0.009870	0.003189 0.008103	0.006071 0.009870	0.000328 0.000983	
4 10 5 2.630000	0.016112 0.006035	0.999734 0.000198	0.095374 0.005730	0.009972 0.005986	0.000000 0.000000	0.002078 0.006233	
4 10 5 2.640000	0.015682 0.006065	0.999748 0.000193	0.085581 0.007300	0.007173 0.005437	0.006271 0.001940	0.000000 0.000000	
4 10 5 2.650000	0.013173 0.006684	0.999819 0.000182	0.092267 0.007833	0.013517 0.006068	0.002039 0.004504	0.001007 0.003020	
4 10 5 2.660000	0.013895 0.003209	0.999805 0.000089	0.087014 0.007675	0.009389 0.006473	0.001448 0.003559	0.003227 0.006617	
4 10 5 2.670000	0.014807 0.009809	0.999764 0.000278	0.089191 0.002294	0.008670 0.005654	0.002486 0.007459	0.001954 0.005211	
4 10 5 2.680000	0.015666 0.003389	0.999753 0.000107	0.082241 0.003087	0.011477 0.003197	0.004066 0.005602	0.001730 0.005191	
4 10 5 2.690000	0.014978 0.004453	0.999772 0.000136	0.091699 0.006212	0.013939 0.008886	0.001747 0.003151	0.001178 0.001809	
4 10 5 2.700000	0.014893 0.002430	0.999777 0.000074	0.084985 0.003065	0.007976 0.003136	0.001994 0.006015	0.000690 0.001089	
4 10 5 2.710000	0.017289 0.008401	0.999689 0.000301	0.088091 0.005277	0.006216 0.007500	0.000087 0.000261	0.002691 0.004407	
4 10 5 2.720000	0.013734 0.008211	0.999798 0.000243	0.086569 0.004417	0.007860 0.009495	0.000006 0.003103	0.002836 0.007873	
4 10 5 2.730000	0.015344 0.004343	0.999761 0.000138	0.084605 0.006202	0.010881 0.007830	0.001514 0.004543	0.000711 0.002132	
4 10 5 2.740000	0.011437 0.007097	0.999861 0.000165	0.085467 0.007669	0.006139 0.009949	0.001879 0.005638	0.000000 0.000000	
4 10 5 2.750000	0.010438 0.002315	0.999890 0.000047	0.083365 0.007852	0.009555 0.004613	0.004309 0.009624	0.002958 0.008874	
4 10 5 2.760000	0.012788 0.008785	0.999820 0.000203	0.089230 0.003829	0.009091 0.009797	0.001665 0.004996	0.000000 0.000000	
4 10 5 2.770000	0.012857 0.004518	0.999831 0.000121	0.083676 0.005814	0.003893 0.004302	-0.000265 0.001331	0.001591 0.004773	
4 10 5 2.780000	0.010507 0.002861	0.999888 0.000058	0.083360 0.008287	0.001919 0.005757	0.004055 0.003488	0.000000 0.000000	
4 10 5 2.790000	0.014000 0.004395	0.999801 0.000126	0.082005 0.009678	0.009000 0.009110	0.002116 0.004884	0.000708 0.002123	
4 10 5 2.800000	0.014675 0.002300	0.999784 0.000068	0.084549 0.006904	0.006432 0.001729	0.000791 0.002372	0.000000 0.000000	
4 10 5 2.810000	0.015340 0.006960	0.999754 0.000198	0.078678 0.004079	0.004094 0.003109	-0.000798 0.001766	0.000453 0.001359	
4 10 5 2.820000	0.014857 0.004399	0.999776 0.000130	0.080657 0.009472	0.007011 0.004623	0.000381 0.001144	0.000785 0.002355	
4 10 5 2.830000	0.014462 0.001562	0.999790 0.000045	0.085084 0.008717	0.008914 0.004694	0.001283 0.002228	0.000391 0.001174	
4 10 5 2.840000	0.015500 0.001322	0.999759 0.000040	0.079100 0.009647	0.001582 0.004747	0.000940 0.004790	0.000000 0.000000	
4 10 5 2.850000	0.012318 0.008721	0.999832 0.000193	0.073235 0.008248	0.005152 0.002210	0.000031 0.000093	0.000000 0.000000	
4 10 5 2.860000	0.014086 0.004120	0.999798 0.000122	0.077581 0.002632	0.009307 0.008872	0.005564 0.004136	0.001419 0.004257	
4 10 5 2.870000	0.015741 0.005402	0.999747 0.000174	0.079122 0.003378	0.009192 0.003195	0.002461 0.005028	0.000000 0.000000	
4 10 5 2.880000	0.010806 0.007503	0.999871 0.000180	0.072441 0.009579	0.005774 0.008954	0.002094 0.006283	0.000000 0.000000	
4 10 5 2.890000	0.013975 0.006473	0.999798 0.000183	0.083964 0.008046	0.002221 0.003656	0.000150 0.002279	0.000000 0.000000	
4 10 5 2.900000	0.012360 0.005625	0.999842 0.000134	0.081101 0.009383	0.008842 0.002761	0.002827 0.003773	0.001296 0.003888	
4 10 5 2.910000	0.011832 0.006174	0.999853 0.000140	0.079159 0.002493	0.002709 0.008126	0.000000 0.000000	0.000248 0.000745	
4 10 5 2.920000	0.016116 0.001633	0.999740 0.000052	0.080912 0.008159	0.002409 0.008724	0.000358 0.001074	0.000013 0.000040	
4 10 5 2.930000	0.011369 0.006431	0.999864 0.000148	0.076218 0.009748	0.001852 0.005557	0.000436 0.001307	0.000000 0.000000	
4 10 5 2.940000	0.011959 0.005272	0.999851 0.000119	0.080622 0.005994	0.002140 0.006307	0.001140 0.003113	0.004857 0.007651	
4 10 5 2.950000	0.014428 0.007233	0.999782 0.000201	0.084812 0.009596	0.006360 0.009219	0.002232 0.003689	0.000902 0.002707	
4 10 5 2.960000	0.010661 0.007407	0.999876 0.000171	0.076204 0.005315	0.011736 0.005566	0.003218 0.009723	0.001087 0.002892	
4 10 5 2.970000	0.014712 0.006549	0.999776 0.000201	0.075010 0.007623	0.008410 0.009308	0.002365 0.005523	0.000996 0.002633	
4 10 5 2.980000	0.016405 0.008206	0.999720 0.000271	0.077720 0.003354	0.008850 0.002376	0.001688 0.003013	0.000000 0.000000	
4 10 5 2.990000	0.010950 0.009374	0.999862 0.000230	0.075313 0.008009	0.007918 0.007626	0.003534 0.007755	0.005765 0.006958	
4 10 5 3.000000	0.013893 0.008275	0.999793 0.000247	0.073008 0.008105	0.009337 0.000634	0.001501 0.004503	0.001506 0.004519	
4 10 5 3.010000	0.012205 0.001011	0.999851 0.000025	0.076254 0.005518	0.006474 0.009767	0.001480 0.003608	0.003681 0.002838	
4 10 5 3.020000	0.011367 0.007817	0.999860 0.000183	0.079965 0.008621	0.016840 0.001171	0.000000 0.000000	0.003579 0.008481	
4 10 5 3.030000	0.014403 0.009791	0.999775 0.000266	0.075956 0.005738	0.004931 0.008956	0.000601 0.001802	0.000782 0.002346	
4 10 5 3.040000	0.012289 0.004941	0.999845 0.000119	0.072657 0.007137	0.010088 0.006720	0.001925 0.005776	0.000000 0.000000	
4 10 5 3.050000	0.012084 0.003557	0.999852 0.000084	0.073379 0.009616	0.010177 0.006077	0.000251 0.000752	0.001698 0.003065	
4 10 5 3.060000	0.011808 0.001554	0.999860 0.000037	0.074096 0.008058	0.003159 0.004794	0.004200 0.007165	0.000000 0.000000	
4 10 5 3.070000	0.011116 0.003750	0.999874 0.000082	0.075016 0.003772	0.004676 0.007042	0.002921 0.003298	0.000948 0.004776	
4 10 5 3.080000	0.019687 0.007889	0.999602 0.000302	0.076824 0.006031	0.008004 0.005844	0.000000 0.000000	0.003835 0.008393	
4 10 5 3.090000	0.006286 0.004441	0.999956 0.000062	0.079415 0.007562	0.003581 0.003440	-0.000031 0.002078	0.002921 0.008631	
4 10 5 3.100000	0.010485 0.007332	0.999880 0.000163	0.070557 0.004406	0.002749 0.005027	0.001148 0.003443	0.001291 0.003873	
4 10 5 3.110000	0.012186 0.007300	0.999841 0.000192	0.073799 0.006995	0.007757 0.001072	0.002683 0.005030	0.004112 0.006428	
4 10 5 3.120000	0.013638 0.004555	0.999810 0.000123	0.078644 0.004877	0.004425 0.006898	0.003713 0.006056	0.002695 0.004062	
4 10 5 3.130000	0.007210 0.003540	0.999946 0.000053	0.077237 0.009698	0.001939 0.003351	0.002446 0.001573	0.000822 0.002467	
4 10 5 3.140000	0.015410 0.003806	0.999760 0.000116	0.076218 0.006609	-0.000285 0.005266	-0.003618 0.005560	0.004025 0.009822	
4 10 5 3.150000	0.013883 0.003414	0.999805 0.000097	0.074831 0.002194	0.012673 0.007207	0.002856 0.005029	0.000000 0.000000	
4 10 5 3.160000	0.014822 0.001284	0.999780 0.000038	0.069514 0.007677	0.008502 0.007105	0.002740 0.008220	0.001560 0.002957	
4 10 5 3.170000	0.012119 0.007222	0.999844 0.000177	0.072731 0.008550	0.002168 0.003364	0.001669 0.005008	0.001699 0.006627	
4 10 5 3.180000	0.012477 0.007058	0.999835 0.000169	0.074280 0.005248	0.001584 0.003429	0.000560 0.001679	0.000000 0.000000	
4 10 5 3.190000	0.011965 0.004367	0.999853 0.000100	0.069989 0.009248	0.004488 0.009608	0.001555 0.003334	0.001092 0.003938	
4 10 5 3.200000	0.012500 0.003169	0.999842 0.000082	0.068201 0.005942	0.010366 0.007107	0.000450 0.004831	0.000165 0.000495	
4 10 5 3.210000	0.010201 0.007054	0.999886 0.000131	0.064678 0.007006	0.000265 0.000794	0.010199 0.004486	0.000000 0.000000	
4 10 5 3.220000	0.014552 0.002532	0.999787 0.000073	0.069440 0.008654	0.006923 0.006794	0.001951 0.004720	0.003618 0.003476	
4 10 5 3.230000	0.012052 0.001998	0.999854 0.000047	0.066903 0.008794	0.004017 0.006854	0.000975 0.002924	0.003813 0.007077	
4 10 5 3.240000	0.014775 0.007231	0.999772 0.000203	0.072689 0.004820	0.002144 0.004019	0.004588 0.004704	0.001771 0.005314	
4 10 5 3.250000	0.010355 0.008096	0.999881 0.000157	0.063673 0.001656	0.007016 0.002282	0.003569 0.005531	0.001198 0.003593	
4 10 5 3.260000	0.013963 0.004650	0.999800 0.000123	0.072916 0.008496	0.006306 0.008979	0.001367 0.004101	0.001344 0.004031	
4 10 5 3.270000	0.011649 0.007079	0.999855 0.000174	0.066261 0.003768	0.006163 0.007286	0.003695 0.009945	-0.000229 0.000687	
4 10 5 3.280000	0.014446 0.006186	0.999784 0.000172	0.071682 0.004736	0.007137 0.008896	-0.000187 0.000429	-0.000247 0.000742	
4 10 5 3.290000	0.017008 0.004350	0.999708 0.000148	0.071270 0.009935	0.001031 0.002526	0.008458 0.006333	0.005198 0.008464	
4 10 5 3.300000	0.010509 0.004504	0.999886 0.000094	0.062907 0.008487	0.003636 0.008638	0.002238 0.006715	0.004231 0.008010	
4 10 5 3.310000	0.010286 0.001019	0.999894 0.000021	0.069963 0.005937	0.004272 0.006470	0.005661 0.009491	0.000000 0.000000	
4 10 5 3.320000	0.009936 0.004738	0.999898 0.000094	0.065106 0.003791	0.003680 0.006098	0.003231 0.006603	0.003771 0.005839	
4 10 5 3.330000	0.011367 0.008470	0.999859 0.000199	0.068147 0.005011	0.004859 0.007422	0.002377 0.005681	0.000069 0.005530	
4 10 5 3.340000	0.015017 0.007118	0.999764 0.000199	0.071379 0.001449	0.003826 0.002048	0.004019 0.008615	0.000000 0.000000	
4 10 5 3.350000	0.011461 0.005828	0.999863 0.000132	0.068812 0.009505	0.008999 0.006426	0.000000 0.000000	0.000440 0.001319	
4 10 5 3.360000	0.013991 0.003282	0.999802 0.000089	0.067009 0.007601	0.004236 0.009399	-0.000387 0.001137	0.000000 0.000000	
4 10 5 3.370000	0.016187 0.003279	0.999736 0.000105	0.067424 0.009270	0.005444 0.003958	0.000911 0.001814	0.004965 0.000507	
4 10 5 3.380000	0.006928 0.009954	0.999935 0.000150	0.062331 0.005162	0.006706 0.006687	0.000249 0.001438	0.000000 0.000000	
4 10 5 3.390000	0.015108 0.003477	0.999769 0.000102	0.070040 0.006493	0.006738 0.009868	0.003283 0.006170	0.002720 0.004365	
4 10 5 3.400000	0.010878 0.003097	0.999880 0.000067	0.066286 0.008079	0.005433 0.009132	0.000734 0.002203	0.002650 0.007949	
4 10 5 3.410000	0.013033 0.005252	0.999825 0.000131	0.068033 0.002057	0.006111 0.008131	0.001181 0.001778	0.002910 0.008653	
4 10 5 3.420000	0.010136 0.002221	0.999896 0.000043	0.064063 0.003793	0.001213 0.003751	0.001384 0.004153	0.002644 0.006445	
4 10 5 3.430000	0.011050 0.006304	0.999870 0.000128	0.067543 0.006551	0.000820 0.002460	0.002213 0.006638	0.000000 0.000000	
4 10 5 3.440000	0.008546 0.005395	0.999921 0.000101	0.066754 0.009101	0.004208 0.009018	0.002249 0.009087	0.000327 0.000980	
4 10 5 3.450000	0.011824 0.003644	0.999858 0.000083	0.067492 0.008863	0.002477 0.007431	0.001393 0.004178	0.005041 0.007967	
4 10 5 3.460000	0.015000 0.009065	0.999758 0.000296	0.067518 0.003923	0.006268 0.001533	0.003757 0.008455	0.007171 0.003581	
4 10 5 3.470000	0.012904 0.002858	0.999832 0.000071	0.066316 0.004523	0.001472 0.004417	0.002229 0.005408	0.001396 0.003111	
4 10 5 3.480000	0.012908 0.009424	0.999818 0.000250	0.065027 0.008575	0.002264 0.003989	0.001538 0.004614	0.001455 0.004364	
4 10 5 3.490000	0.008879 0.006800	0.999911 0.000106	0.071890 0.007918	0.002556 0.005500	0.001626 0.004877	0.000480 0.001439	
4 10 5 3.500000	0.011744 0.003097	0.999860 0.000072	0.063220 0.006868	0.005917 0.008152	0.002418 0.004744	0.000633 0.001016	
4 10 5 3.510000	0.009394 0.009179	0.999898 0.000178	0.063335 0.008073	0.005939 0.009323	0.006314 0.004761	0.002599 0.007797	
4 10 5 3.520000	0.010405 0.006816	0.999884 0.000146	0.068509 0.003645	0.005547 0.008904	0.000941 0.002822	0.000067 0.000175	
4 10 5 3.530000	0.010684 0.009349	0.999871 0.000197	0.063968 0.004155	0.003795 0.007275	0.001655 0.004966	0.002529 0.007587	
4 10 5 3.540000	0.012273 0.008400	0.999837 0.000200	0.061064 0.009835	0.002397 0.005764	0.000000 0.000000	0.000000 0.000000	
4 10 5 3.550000	0.012369 0.009384	0.999832 0.000230	0.063791 0.007001	0.005486 0.006730	0.000000 0.000000	0.000099 0.000296	
4 10 5 3.560000	0.013625 0.006287	0.999808 0.000176	0.059183 0.005082	0.003627 0.008366	0.001230 0.003691	-0.000153 0.001124	
4 10 5 3.570000	0.008336 0.007999	0.999917 0.000115	0.057501 0.005697	0.002510 0.007531	0.000361 0.001084	0.002083 0.006250	
4 10 5 3.580000	0.011893 0.008647	0.999843 0.000229	0.056787 0.009057	0.003141 0.003036	0.000251 0.000754	0.005049 0.009082	
4 10 5 3.590000	0.012228 0.002962	0.999849 0.000070	0.058786 0.008493	0.001221 0.002081	0.003178 0.006144	0.001076 0.003227	
4 10 5 3.600000	0.013974 0.006678	0.999797 0.000193	0.061544 0.003704	0.002929 0.008131	0.001276 0.002260	0.000861 0.003185	
4 10 5 3.610000	0.012801 0.001250	0.999836 0.000032	0.063794 0.004510	0.009211 0.006115	0.002033 0.006100	-0.001310 0.001271	
4 10 5 3.620000	0.011459 0.005686	0.999863 0.000132	0.064000 0.009552	0.003475 0.005367	0.002063 0.005166	0.001224 0.003673	
4 10 5 3.630000	0.008731 0.003650	0.999922 0.000063	0.060472 0.009477	0.005524 0.004763	0.001633 0.002942	0.002423 0.007270	
4 10 5 3.640000	0.012683 0.009695	0.999821 0.000267	0.063071 0.001220	0.011717 0.002343	0.001901 0.005702	0.000192 0.000576	
4 10 5 3.650000	0.013194 0.008249	0.999811 0.000196	0.060801 0.008273	0.001724 0.003519	0.002324 0.006973	0.000000 0.000000	
4 10 5 3.660000	0.011530 0.006038	0.999860 0.000145	0.064409 0.009177	0.004418 0.008526	0.000654 0.001961	-0.000600 0.001800	
4 10 5 3.670000	0.009834 0.007706	0.999891 0.000170	0.059532 0.001984	0.003992 0.007379	0.000727 0.002181	-0.000408 0.000944	
4 10 5 3.680000	0.010605 0.002589	0.999886 0.000056	0.059209 0.008133	0.007569 0.005647	0.004713 0.004840	0.002986 0.006864	
4 10 5 3.690000	0.010342 0.003578	0.999890 0.000078	0.051939 0.007265	0.002361 0.003730	0.001972 0.005917	0.000499 0.002086	
4 10 5 3.700000	0.013328 0.005393	0.999816 0.000152	0.061040 0.007253	0.000000 0.000000	0.001292 0.002374	0.000888 0.005026	
4 10 5 3.710000	0.012513 0.000936	0.999843 0.000023	0.051579 0.008419	0.004551 0.008797	0.006788 0.007581	0.000329 0.007377	
4 10 5 3.720000	0.016749 0.009732	0.999700 0.000300	0.064075 0.009218	0.006138 0.009982	0.000000 0.000000	0.000685 0.001308	
4 10 5 3.730000	0.012163 0.007273	0.999842 0.000188	0.057967 0.007208	0.002336 0.005143	0.000701 0.002102	0.000934 0.002803	
4 10 5 3.740000	0.013261 0.004144	0.999821 0.000108	0.057686 0.009735	0.002762 0.009778	0.001262 0.003785	0.000823 0.002470	
4 10 5 3.750000	0.010927 0.006239	0.999874 0.000139	0.059023 0.007036	0.004861 0.006358	0.000916 0.002749	0.001361 0.003886	
4 10 5 3.760000	0.009591 0.005236	0.999903 0.000104	0.057388 0.007199	0.003016 0.007357	0.004692 0.008727	0.003616 0.002266	
4 10 5 3.770000	0.012949 0.003078	0.999831 0.000079	0.060016 0.007569	0.005026 0.001913	0.000426 0.001277	0.000776 0.002327	
4 10 5 3.780000	0.010381 0.007549	0.999880 0.000175	0.052310 0.004272	0.006763 0.007794	0.001437 0.004312	0.005088 0.004064	
4 10 5 3.790000	0.011153 0.002554	0.999874 0.000055	0.055846 0.005674	0.006041 0.004020	0.008395 0.004561	0.000000 0.000000	
4 10 5 3.800000	0.012876 0.000628	0.999834 0.000016	0.060376 0.009954	0.003022 0.006866	0.000820 0.002460	0.001442 0.004326	
4 10 5 3.810000	0.010642 0.003537	0.999885 0.000076	0.056040 0.007857	0.002192 0.007987	0.004163 0.007333	0.002520 0.005902	
4 10 5 3.820000	0.014417 0.005793	0.999786 0.000175	0.058431 0.008798	0.001755 0.004219	0.002258 0.003393	0.000419 0.001258	
4 10 5 3.830000	0.013224 0.002333	0.999824 0.000062	0.055658 0.007457	0.004448 0.001327	0.003281 0.006582	0.000096 0.001773	
4 10 5 3.840000	0.013480 0.001718	0.999818 0.000047	0.054427 0.007798	0.002413 0.003901	0.000879 0.002636	0.001251 0.003753	
4 10 5 3.850000	0.009435 0.003743	0.999908 0.000068	0.054721 0.008860	0.010367 0.001702	0.001175 0.003524	0.002321 0.006962	
4 10 5 3.860000	0.012294 0.008486	0.999836 0.000220	0.055322 0.007280	0.000000 0.000000	0.005253 0.004178	0.001800 0.005400	
4 10 5 3.870000	0.014723 0.005125	0.999779 0.000148	0.058154 0.005095	0.000669 0.001148	0.003393 0.009164	-0.000826 0.002477	
4 10 5 3.880000	0.010346 0.002261	0.999892 0.000048	0.059423 0.007938	0.006399 0.008378	0.000817 0.004137	0.003213 0.009640	
4 10 5 3.890000	0.012880 0.007499	0.999824 0.000182	0.053435 0.009014	0.006074 0.009535	0.002451 0.004274	-0.000024 0.000071	
4 10 5 3.900000	0.011301 0.002463	0.999871 0.000055	0.054593 0.004964	0.005658 0.007398	-0.000289 0.000868	0.000000 0.000000	
4 10 5 3.910000	0.010219 0.004156	0.999892 0.000088	0.050587 0.004251	0.002337 0.007012	0.000000 0.000000	0.003037 0.009111	
4 10 5 3.920000	0.011545 0.001933	0.999866 0.000045	0.054783 0.007365	0.000000 0.000000	0.000728 0.001812	0.000000 0.000000	
4 10 5 3.930000	0.009430 0.005361	0.999906 0.000108	0.064385 0.003545	0.001260 0.003030	0.000000 0.000000	0.001803 0.004838	
4 10 5 3.940000	0.012315 0.005245	0.999843 0.000134	0.050312 0.008075	0.002983 0.006467	0.000000 0.000000	0.001206 0.003618	
4 10 5 3.950000	0.010498 0.003129	0.999888 0.000066	0.051451 0.009505	0.007206 0.001496	0.003687 0.007080	-0.002645 0.006605	
4 10 5 3.960000	0.012677 0.007785	0.999829 0.000202	0.054760 0.009160	0.002877 0.008257	0.000896 0.002981	0.001572 0.004716	
4 10 5 3.970000	0.011440 0.004055	0.999866 0.000098	0.054761 0.004265	0.000174 0.000521	0.000833 0.002500	0.000975 0.002926	
4 10 5 3.980000	0.006507 0.006916	0.999950 0.000092	0.057658 0.009347	0.010887 0.009595	-0.000359 0.003502	0.000088 0.004035	
4 10 5 3.990000	0.015511 0.008524	0.999746 0.000252	0.058566 0.009123	0.000616 0.006176	0.000000 0.000000	0.001429 0.006741	
4 10 5 4.000000	0.011201 0.001770	0.999874 0.000040	0.052853 0.004284	0.003744 0.008224	0.002065 0.006195	0.001776 0.005327	
4 10 5 4.010000	0.014302 0.005028	0.999790 0.000137	0.053061 0.003301	0.009103 0.004207	-0.000243 0.000729	-0.000013 0.004543	
4 10 5 4.020000	0.011026 0.002515	0.999877 0.000056	0.056425 0.006568	0.002328 0.006983	0.002758 0.006720	0.001262 0.003786	
4 10 5 4.030000	0.011788 0.002295	0.999860 0.000053	0.048978 0.007536	0.004938 0.007667	0.000112 0.000337	0.002716 0.008149	
4 10 5 4.040000	0.011076 0.003886	0.999874 0.000090	0.055569 0.008860	0.003690 0.007003	0.002561 0.005531	0.002510 0.009186	
4 10 5 4.050000	0.009480 0.009867	0.999892 0.000204	0.057913 0.001046	0.002574 0.005283	-0.001025 0.007608	0.004287 0.009971	
4 10 5 4.060000	0.011584 0.004921	0.999862 0.000116	0.053872 0.006367	0.003198 0.007219	0.003982 0.008728	0.000212 0.000527	
4 10 5 4.070000	0.011969 0.008236	0.999845 0.000193	0.050283 0.004349	0.004757 0.009089	0.000523 0.001568	-0.000125 0.000375	
4 10 5 4.080000	0.012308 0.006584	0.999840 0.000151	0.047496 0.003912	0.003975 0.009621	-0.000121 0.008407	0.001696 0.005089	
4 10 5 4.090000	0.008961 0.004203	0.999917 0.000072	0.057208 0.008063	0.004212 0.009823	0.000000 0.000000	0.001972 0.006233	
4 10 5 4.100000	0.011777 0.002641	0.999860 0.000063	0.053529 0.004848	0.008790 0.008857	0.000966 0.002557	0.002265 0.005830	
4 10 5 4.110000	0.011944 0.004868	0.999853 0.000118	0.055270 0.007960	0.007812 0.002507	0.002055 0.006164	0.000034 0.000102	
4 10 5 4.120000	0.007938 0.005002	0.999932 0.000073	0.052447 0.006086	0.000264 0.000792	0.001758 0.005274	0.000657 0.001970	
4 10 5 4.130000	0.010252 0.005525	0.999889 0.000121	0.050663 0.008674	0.006131 0.008948	0.004674 0.004262	0.002672 0.004246	
4 10 5 4.140000	0.011998 0.009149	0.999842 0.000224	0.056326 0.002975	0.003241 0.005477	0.002224 0.004850	0.002532 0.007597	
4 10 5 4.150000	0.011656 0.003967	0.999861 0.000097	0.051840 0.009063	0.002956 0.006064	0.005409 0.001392	-0.000380 0.001139	
4 10 5 4.160000	0.013127 0.003308	0.999825 0.000083	0.050659 0.004521	0.002367 0.006854	0.001995 0.005984	0.002549 0.001988	
4 10 5 4.170000	0.010190 0.004941	0.999892 0.000097	0.052913 0.005878	0.002982 0.007468	0.000000 0.000000	0.002779 0.007550	
4 10 5 4.180000	0.008145 0.005784	0.999928 0.000098	0.046838 0.008150	0.003306 0.006225	0.002412 0.006225	0.001485 0.004454	
4 10 5 4.190000	0.009019 0.005073	0.999914 0.000090	0.052477 0.006040	0.004571 0.007978	0.001508 0.004523	0.003538 0.005742	
4 10 5 4.200000	0.015438 0.007562	0.999752 0.000230	0.051002 0.007920	0.000749 0.002247	0.000000 0.000000	0.000269 0.000807	
4 10 5 4.210000	0.013019 0.000478	0.999830 0.000012	0.050932 0.007729	0.004081 0.002780	0.003691 0.008033	0.004285 0.008476	
4 10 5 4.220000	0.011492 0.003755	0.999866 0.000085	0.051511 0.007301	0.006129 0.007517	0.002335 0.004638	0.001018 0.003054	
4 10 5 4.230000	0.015017 0.008544	0.999758 0.000281	0.047328 0.003261	0.000000 0.000000	0.000760 0.002279	0.000000 0.000000	
4 10 5 4.240000	0.009479 0.002832	0.999909 0.000052	0.043763 0.009792	0.001610 0.004263	0.002567 0.006711	0.000000 0.000000	
4 10 5 4.250000	0.014968 0.007013	0.999766 0.000195	0.048151 0.005586	0.001953 0.005652	0.001162 0.003485	0.000420 0.001259	
4 10 5 4.260000	0.007329 0.009182	0.999930 0.000154	0.059513 0.006262	0.001662 0.004986	0.006388 0.009637	0.002851 0.005129	
4 10 5 4.270000	0.009778 0.001632	0.999904 0.000031	0.047612 0.002499	0.002195 0.003407	0.003090 0.009269	0.000000 0.000000	
4 10 5 4.280000	0.012439 0.005116	0.999840 0.000134	0.044289 0.003450	0.002417 0.006213	0.000000 0.000000	0.000658 0.001074	
4 10 5 4.290000	0.010619 0.007894	0.999875 0.000151	0.059823 0.007349	0.008573 0.008463	0.000000 0.000000	0.005083 0.003432	
4 10 5 4.300000	0.006842 0.001964	0.999953 0.000027	0.047522 0.005720	0.000000 0.000000	-0.000915 0.002744	0.002002 0.006006	
4 10 5 4.310000	0.009370 0.002384	0.999911 0.000046	0.051369 0.004838	0.006265 0.006569	0.001350 0.004049	0.000000 0.000000	
4 10 5 4.320000	0.012747 0.003185	0.999836 0.000081	0.054072 0.009364	0.001555 0.005474	0.000000 0.000000	0.004436 0.007492	
4 10 5 4.330000	0.012935 0.006456	0.999825 0.000159	0.057096 0.009602	0.003687 0.005534	0.003344 0.005721	0.001016 0.003048	
4 10 5 4.340000	0.010514 0.008391	0.999878 0.000177	0.057899 0.005869	0.003456 0.006210	0.001141 0.001766	0.000000 0.000000	
4 10 5 4.350000	0.010370 0.009116	0.999877 0.000175	0.046529 0.004736	0.002326 0.009113	0.000000 0.000000	0.000579 0.001737	
4 10 5 4.360000	0.012525 0.002401	0.999842 0.000059	0.048488 0.007352	0.002383 0.007015	0.001028 0.002015	0.000000 0.000000	
4 10 5 4.370000	0.013258 0.003157	0.999822 0.000087	0.047704 0.002917	0.002337 0.009566	0.000575 0.001726	0.000725 0.003420	
4 10 5 4.380000	0.007639 0.004630	0.999937 0.000064	0.046425 0.005516	0.002325 0.004649	0.004000 0.003100	0.000538 0.001614	
4 10 5 4.390000	0.008928 0.001206	0.999920 0.000022	0.050009 0.003656	0.006201 0.009512	0.003136 0.008702	0.001858 0.002876	
4 10 5 4.400000	0.010526 0.002660	0.999888 0.000054	0.053623 0.009783	0.002689 0.006235	0.000564 0.004902	0.002420 0.005309	
4 10 5 4.410000	0.011032 0.002186	0.999877 0.000047	0.049252 0.005556	0.002519 0.007557	0.001674 0.003139	0.003051 0.005026	
4 10 5 4.420000	0.011582 0.001842	0.999865 0.000042	0.051428 0.006917	0.000484 0.001453	0.001512 0.004537	0.000000 0.000000	
4 10 5 4.430000	0.009963 0.005771	0.999894 0.000106	0.047894 0.004092	0.003230 0.007916	0.000269 0.000806	0.003849 0.005962	
4 10 5 4.440000	0.011545 0.005888	0.999859 0.000125	0.051630 0.008455	0.003748 0.005747	0.001449 0.004348	0.000031 0.002539	
4 10 5 4.450000	0.010964 0.003114	0.999878 0.000067	0.051076 0.006365	0.002927 0.005160	0.002233 0.008046	0.004938 0.008493	
4 10 5 4.460000	0.010275 0.002561	0.999893 0.000054	0.051694 0.009190	0.004357 0.000137	0.000000 0.000000	0.003166 0.009497	
4 10 5 4.470000	0.013746 0.007435	0.999801 0.000198	0.051066 0.005550	0.003855 0.007039	0.000000 0.000000	0.004077 0.008591	
4 10 5 4.480000	0.010184 0.002364	0.999895 0.000048	0.052343 0.004711	0.005052 0.009507	0.004878 0.008153	0.001953 0.004114	
4 10 5 4.490000	0.009580 0.006072	0.999901 0.000107	0.044127 0.008098	0.003460 0.005770	0.001709 0.005127	0.002595 0.007297	
4 10 5 4.500000	0.008777 0.002458	0.999922 0.000045	0.044758 0.008835	0.004359 0.004906	0.001985 0.005956	0.006535 0.009983	
4 10 5 4.510000	0.011326 0.009534	0.999856 0.000207	0.043294 0.002821	-0.000082 0.000246	0.003969 0.006629	0.001029 0.003088	
4 10 5 4.520000	0.008795 0.004181	0.999919 0.000079	0.048981 0.006872	0.004813 0.008060	0.000000 0.000000	0.003157 0.004742	
4 10 5 4.530000	0.007493 0.002780	0.999942 0.000040	0.045706 0.007115	0.005197 0.009413	0.001100 0.003300	0.000000 0.000000	
4 10 5 4.540000	0.012038 0.003086	0.999853 0.000073	0.053187 0.009972	0.007656 0.004427	0.000000 0.000000	0.000000 0.000000	
4 10 5 4.550000	0.011293 0.004252	0.999869 0.000092	0.042667 0.001397	0.002777 0.004253	0.001680 0.003363	0.002861 0.004717	
4 10 5 4.560000	0.008663 0.004038	0.999922 0.000075	0.045303 0.006461	0.004192 0.003093	0.004246 0.007239	0.001962 0.005885	
4 10 5 4.570000	0.010909 0.009061	0.999867 0.000208	0.050596 0.003754	0.006638 0.008177	0.002363 0.007088	0.003042 0.008910	
4 10 5 4.580000	0.009463 0.008349	0.999898 0.000166	0.047309 0.009367	0.005047 0.005417	0.002026 0.005071	0.002680 0.006802	
4 10 5 4.590000	0.006898 0.003260	0.999950 0.000048	0.050367 0.006298	0.000482 0.003392	0.000821 0.002464	0.000301 0.000902	
4 10 5 4.600000	0.010794 0.001875	0.999883 0.000041	0.045112 0.009882	0.001896 0.007597	0.000523 0.000795	0.001828 0.005483	
4 10 5 4.610000	0.011695 0.009401	0.999847 0.000206	0.045750 0.006948	0.008910 0.006877	0.000984 0.002952	0.001471 0.004414	
4 10 5 4.620000	0.011049 0.004660	0.999874 0.000097	0.043415 0.003874	0.000464 0.001393	0.000748 0.002245	-0.001196 0.003588	
4 10 5 4.630000	0.009455 0.005772	0.999905 0.000105	0.045676 0.006059	0.001306 0.003919	-0.001006 0.003018	0.002432 0.004458	
4 10 5 4.640000	0.011243 0.003943	0.999870 0.000094	0.045224 0.008716	0.002098 0.006293	0.003151 0.007250	0.004195 0.008025	
4 10 5 4.650000	0.011853 0.004707	0.999856 0.000114	0.048918 0.007058	0.002208 0.004011	0.000674 0.002022	0.002256 0.005999	
4 10 5 4.660000	0.011941 0.002002	0.999857 0.000047	0.046373 0.005648	0.004463 0.006522	0.000293 0.000525	0.000470 0.001411	
4 10 5 4.670000	0.009077 0.003378	0.999915 0.000065	0.046478 0.006364	0.002242 0.003290	0.002726 0.008177	0.000568 0.001704	
4 10 5 4.680000	0.006221 0.001304	0.999961 0.000017	0.046211 0.007692	0.001023 0.004332	0.003479 0.006842	0.003274 0.005434	
4 10 5 4.690000	0.011822 0.004611	0.999856 0.000102	0.041731 0.008980	0.003267 0.007633	0.000000 0.000000	0.001563 0.005576	
4 10 5 4.700000	0.010969 0.004189	0.999877 0.000092	0.037502 0.007655	0.002413 0.008602	0.001937 0.005421	0.003172 0.009516	
4 10 5 4.710000	0.012513 0.004350	0.999839 0.000103	0.040152 0.007717	0.000000 0.000000	0.001844 0.005531	-0.000167 0.000522	
4 10 5 4.720000	0.013716 0.005438	0.999806 0.000157	0.041993 0.005573	-0.000050 0.000149	0.001935 0.004642	0.000000 0.000000	
4 10 5 4.730000	0.011624 0.004080	0.999862 0.000093	0.044594 0.004518	0.003760 0.007355	0.000282 0.000846	0.000000 0.000000	
4 10 5 4.740000	0.011490 0.006857	0.999860 0.000158	0.042851 0.006780	0.001109 0.003327	0.001309 0.003927	0.003869 0.007642	
4 10 5 4.750000	0.012112 0.009946	0.999837 0.000233	0.044628 0.007579	0.001157 0.003471	0.002511 0.007534	0.000000 0.000000	
4 10 5 4.760000	0.010324 0.005120	0.999889 0.000110	0.050362 0.008270	0.003205 0.006556	0.002327 0.006982	0.001173 0.002579	
4 10 5 4.770000	0.012899 0.002000	0.999833 0.000051	0.045547 0.008208	0.000000 0.000000	0.000000 0.000000	0.001116 0.002722	
4 10 5 4.780000	0.007376 0.009809	0.999924 0.000177	0.048466 0.004511	0.004097 0.008733	0.004722 0.008733	0.000000 0.000000	
4 10 5 4.790000	0.008652 0.004318	0.999921 0.000080	0.042440 0.009948	0.000504 0.001512	0.000627 0.001422	0.000087 0.000260	
4 10 5 4.800000	0.011130 0.003866	0.999873 0.000089	0.044283 0.009720	0.001906 0.005096	0.000426 0.001278	0.001294 0.003882	
4 10 5 4.810000	0.010813 0.003384	0.999881 0.000069	0.047554 0.007465	0.001456 0.002322	0.001421 0.002150	0.003400 0.007635	
4 10 5 4.820000	0.012645 0.006477	0.999833 0.000171	0.042749 0.007115	0.003051 0.005303	0.002787 0.004954	0.002976 0.008929	
4 10 5 4.830000	0.012917 0.004203	0.999830 0.000111	0.045976 0.006747	0.002459 0.007377	0.001536 0.004609	0.000929 0.002786	
4 10 5 4.840000	0.010880 0.003855	0.999879 0.000085	0.044428 0.004043	0.003525 0.008564	-0.000181 0.000542	0.003532 0.006824	
4 10 5 4.850000	0.012856 0.002891	0.999833 0.000074	0.043750 0.008926	0.004088 0.007518	0.001230 0.002455	0.008000 0.006021	
4 10 5 4.860000	0.006880 0.007187	0.999943 0.000090	0.037756 0.001652	0.003123 0.009368	0.001091 0.002403	0.007964 0.007753	
4 10 5 4.870000	0.010399 0.004509	0.999888 0.000090	0.044412 0.005423	0.004034 0.008065	0.001909 0.002975	0.000548 0.001645	
4 10 5 4.880000	0.009790 0.003012	0.999902 0.000056	0.040527 0.003753	0.002774 0.008323	0.000968 0.002903	0.003013 0.006549	
4 10 5 4.890000	0.009375 0.006711	0.999904 0.000120	0.046493 0.005544	0.000068 0.000203	0.001067 0.002321	0.000337 0.001010	
4 10 5 4.900000	0.009218 0.003810	0.999912 0.000075	0.047329 0.006258	0.004981 0.008893	0.000000 0.000000	0.002203 0.008758	
4 10 5 4.910000	0.011574 0.003400	0.999864 0.000081	0.042185 0.005465	0.002128 0.004611	0.000972 0.002915	0.000772 0.002316	
4 10 5 4.920000	0.010367 0.003072	0.999891 0.000066	0.046662 0.006226	0.001118 0.003354	0.001265 0.004425	0.000000 0.000000	
4 10 5 4.930000	0.007024 0.000287	0.999951 0.000004	0.043388 0.007655	0.000972 0.002917	0.001024 0.003073	0.001243 0.002452	
4 10 5 4.940000	0.009210 0.000650	0.999915 0.000012	0.042702 0.007113	0.000358 0.002087	0.002523 0.004132	0.000595 0.001785	
4 10 5 4.950000	0.014490 0.006247	0.999783 0.000177	0.039940 0.007760	0.001226 0.003679	0.000561 0.003698	0.006519 0.007374	
4 10 5 4.960000	0.009649 0.008276	0.999895 0.000168	0.045749 0.007543	0.000000 0.000000	0.001135 0.002112	0.002432 0.007297	
4 10 5 4.970000	0.013303 0.009444	0.999807 0.000268	0.046317 0.005737	0.001940 0.004910	0.000349 0.001048	0.000000 0.000000	
4 10 5 4.980000	0.014076 0.005915	0.999796 0.000165	0.041463 0.007924	-0.000121 0.000364	0.002114 0.005459	0.004390 0.003367	
4 10 5 4.990000	0.011068 0.000739	0.999877 0.000016	0.044404 0.006408	0.000806 0.003647	0.000378 0.001135	0.002949 0.007454	
4 10 5 5.000000	0.011440 0.004000	0.999866 0.000087	0.050595 0.007705	0.002489 0.009670	0.009900 0.009982	0.004197 0.007027	
