4 32 2 0.000000	1.000000 0.000000	0.000000 0.000000	0.000000 0.000000	0.000000 0.000000	0.000000 0.000000	0.000000 0.000000	0.000000 0.000000	0.000000 0.000000	0.000000 0.000000	0.000000 0.000000	0.000000 0.000000	
4 32 2 0.010000	1.000000 0.000000	0.000000 0.000000	0.000000 0.000000	0.000000 0.000000	0.000000 0.000000	0.000000 0.000000	0.000000 0.000000	0.000000 0.000000	0.000000 0.000000	0.000000 0.000000	0.000000 0.000000	
4 32 2 0.020000	1.000000 0.000000	0.000000 0.000000	0.000000 0.000000	0.000000 0.000000	0.000000 0.000000	0.000000 0.000000	0.000000 0.000000	0.000000 0.000000	0.000000 0.000000	0.000000 0.000000	0.000000 0.000000	
4 32 2 0.030000	1.000000 0.000000	0.000000 0.000000	0.000000 0.000000	0.000000 0.000000	0.000000 0.000000	0.000000 0.000000	0.000000 0.000000	0.000000 0.000000	0.000000 0.000000	0.000000 0.000000	0.000000 0.000000	
4 32 2 0.040000	1.000000 0.000000	0.000000 0.000000	0.000000 0.000000	0.000000 0.000000	0.000000 0.000000	0.000000 0.000000	0.000000 0.000000	0.000000 0.000000	0.000000 0.000000	0.000000 0.000000	0.000000 0.000000	
4 32 2 0.050000	1.000000 0.000000	0.000000 0.000000	0.000000 0.000000	0.000000 0.000000	0.000000 0.000000	0.000000 0.000000	0.000000 0.000000	0.000000 0.000000	0.000000 0.000000	0.000000 0.000000	0.000000 0.000000	
4 32 2 0.060000	1.000000 0.000000	0.000000 0.000000	0.000000 0.000000	0.000000 0.000000	0.000000 0.000000	0.000000 0.000000	0.000000 0.000000	0.000000 0.000000	0.000000 0.000000	0.000000 0.000000	0.000000 0.000000	
4 32 2 0.070000	1.000000 0.000000	0.000000 0.000000	0.000000 0.000000	0.000000 0.000000	0.000000 0.000000	0.000000 0.000000	0.000000 0.000000	0.000000 0.000000	0.000000 0.000000	0.000000 0.000000	0.000000 0.000000	
4 32 2 0.080000	1.000000 0.000000	0.000000 0.000000	0.000000 0.000000	0.000000 0.000000	0.000000 0.000000	0.000000 0.000000	0.000000 0.000000	0.000000 0.000000	0.000000 0.000000	0.000000 0.000000	0.000000 0.000000	
4 32 2 0.090000	1.000000 0.000000	0.000000 0.000000	0.000000 0.000000	0.000000 0.000000	0.000000 0.000000	0.000000 0.000000	0.000000 0.000000	0.000000 0.000000	0.000000 0.000000	0.000000 0.000000	0.000000 0.000000	
4 32 2 0.100000	1.000000 0.000000	0.000000 0.000000	0.000000 0.000000	0.000000 0.000000	0.000000 0.000000	0.000000 0.000000	0.000000 0.000000	0.000000 0.000000	0.000000 0.000000	0.000000 0.000000	0.000000 0.000000	
4 32 2 0.110000	1.000000 0.000000	0.000000 0.000000	0.000000 0.000000	0.000000 0.000000	0.000000 0.000000	0.000000 0.000000	0.000000 0.000000	0.000000 0.000000	0.000000 0.000000	0.000000 0.000000	0.000000 0.000000	
4 32 2 0.120000	1.000000 0.000000	0.000000 0.000000	0.000000 0.000000	0.000000 0.000000	0.000000 0.000000	0.000000 0.000000	0.000000 0.000000	0.000000 0.000000	0.000000 0.000000	0.000000 0.000000	0.000000 0.000000	
4 32 2 0.130000	1.000000 0.000000	0.000000 0.000000	0.000000 0.000000	0.000000 0.000000	0.000000 0.000000	0.000000 0.000000	0.000000 0.000000	0.000000 0.000000	0.000000 0.000000	0.000000 0.000000	0.000000 0.000000	
4 32 2 0.140000	1.000000 0.000000	0.000000 0.000000	0.000000 0.000000	0.000000 0.000000	0.000000 0.000000	0.000000 0.000000	0.000000 0.000000	0.000000 0.000000	0.000000 0.000000	0.000000 0.000000	0.000000 0.000000	
4 32 2 0.150000	1.000000 0.000000	0.000000 0.000000	0.000000 0.000000	0.000000 0.000000	0.000000 0.000000	0.000000 0.000000	0.000000 0.000000	0.000000 0.000000	0.000000 0.000000	0.000000 0.000000	0.000000 0.000000	
4 32 2 0.160000	1.000000 0.000000	0.000000 0.000000	0.000000 0.000000	0.000000 0.000000	0.000000 0.000000	0.000000 0.000000	0.000000 0.000000	0.000000 0.000000	0.000000 0.000000	0.000000 0.000000	0.000000 0.000000	
4 32 2 0.170000	1.000000 0.000000	0.000000 0.000000	0.000000 0.000000	0.000000 0.000000	0.000000 0.000000	0.000000 0.000000	0.000000 0.000000	0.000000 0.000000	0.000000 0.000000	0.000000 0.000000	0.000000 0.000000	
4 32 2 0.180000	1.000000 0.000000	0.000000 0.000000	0.000000 0.000000	0.000000 0.000000	0.000000 0.000000	0.000000 0.000000	0.000000 0.000000	0.000000 0.000000	0.000000 0.000000	0.000000 0.000000	0.000000 0.000000	
4 32 2 0.190000	1.000000 0.000000	0.000000 0.000000	0.000000 0.000000	0.000000 0.000000	0.000000 0.000000	0.000000 0.000000	0.000000 0.000000	0.000000 0.000000	0.000000 0.000000	0.000000 0.000000	0.000000 0.000000	
4 32 2 0.200000	1.000000 0.000000	0.000000 0.000000	0.000000 0.000000	0.000000 0.000000	0.000000 0.000000	0.000000 0.000000	0.000000 0.000000	0.000000 0.000000	0.000000 0.000000	0.000000 0.000000	0.000000 0.000000	
4 32 2 0.210000	1.000000 0.000000	0.000000 0.000000	0.000000 0.000000	0.000000 0.000000	0.000000 0.000000	0.000000 0.000000	0.000000 0.000000	0.000000 0.000000	0.000000 0.000000	0.000000 0.000000	0.000000 0.000000	
4 32 2 0.220000	1.000000 0.000000	0.000000 0.000000	0.000000 0.000000	0.000000 0.000000	0.000000 0.000000	0.000000 0.000000	0.000000 0.000000	0.000000 0.000000	0.000000 0.000000	0.000000 0.000000	0.000000 0.000000	
4 32 2 0.230000	1.000000 0.000000	0.000000 0.000000	0.000000 0.000000	0.000000 0.000000	0.000000 0.000000	0.000000 0.000000	0.000000 0.000000	0.000000 0.000000	0.000000 0.000000	0.000000 0.000000	0.000000 0.000000	
4 32 2 0.240000	1.000000 0.000000	0.000000 0.000000	0.000000 0.000000	0.000000 0.000000	0.000000 0.000000	0.000000 0.000000	0.000000 0.000000	0.000000 0.000000	0.000000 0.000000	0.000000 0.000000	0.000000 0.000000	
4 32 2 0.250000	1.000000 0.000000	0.000000 0.000000	0.000000 0.000000	0.000000 0.000000	0.000000 0.000000	0.000000 0.000000	0.000000 0.000000	0.000000 0.000000	0.000000 0.000000	0.000000 0.000000	0.000000 0.000000	
4 32 2 0.260000	1.000000 0.000000	0.000000 0.000000	0.000000 0.000000	0.000000 0.000000	0.000000 0.000000	0.000000 0.000000	0.000000 0.000000	0.000000 0.000000	0.000000 0.000000	0.000000 0.000000	0.000000 0.000000	
4 32 2 0.270000	1.000000 0.000000	0.000000 0.000000	0.000000 0.000000	0.000000 0.000000	0.000000 0.000000	0.000000 0.000000	0.000000 0.000000	0.000000 0.000000	0.000000 0.000000	0.000000 0.000000	0.000000 0.000000	
4 32 2 0.280000	1.000000 0.000000	0.000000 0.000000	0.000000 0.000000	0.000000 0.000000	0.000000 0.000000	0.000000 0.000000	0.000000 0.000000	0.000000 0.000000	0.000000 0.000000	0.000000 0.000000	0.000000 0.000000	
4 32 2 0.290000	1.000000 0.000000	0.000000 0.000000	0.000000 0.000000	0.000000 0.000000	0.000000 0.000000	0.000000 0.000000	0.000000 0.000000	0.000000 0.000000	0.000000 0.000000	0.000000 0.000000	0.000000 0.000000	
4 32 2 0.300000	1.000000 0.000000	0.000000 0.000000	0.000000 0.000000	0.000000 0.000000	0.000000 0.000000	0.000000 0.000000	0.000000 0.000000	0.000000 0.000000	0.000000 0.000000	0.000000 0.000000	0.000000 0.000000	
4 32 2 0.310000	1.000000 0.000000	0.000000 0.000000	0.000000 0.000000	0.000000 0.000000	0.000000 0.000000	0.000000 0.000000	0.000000 0.000000	0.000000 0.000000	0.000000 0.000000	0.000000 0.000000	0.000000 0.000000	
4 32 2 0.320000	1.000000 0.000000	0.000000 0.000000	0.000000 0.000000	0.000000 0.000000	0.000000 0.000000	0.000000 0.000000	0.000000 0.000000	0.000000 0.000000	0.000000 0.000000	0.000000 0.000000	0.000000 0.000000	
4 32 2 0.330000	1.000000 0.000000	0.000000 0.000000	0.000000 0.000000	0.000000 0.000000	0.000000 0.000000	0.000000 0.000000	0.000000 0.000000	0.000000 0.000000	0.000000 0.000000	0.000000 0.000000	0.000000 0.000000	
4 32 2 0.340000	1.000000 0.000000	0.000000 0.000000	0.000000 0.000000	0.000000 0.000000	0.000000 0.000000	0.000000 0.000000	0.000000 0.000000	0.000000 0.000000	0.000000 0.000000	0.000000 0.000000	0.000000 0.000000	
4 32 2 0.350000	1.000000 0.000000	0.000000 0.000000	0.000000 0.000000	0.000000 0.000000	0.000000 0.000000	0.000000 0.000000	0.000000 0.000000	0.000000 0.000000	0.000000 0.000000	0.000000 0.000000	0.000000 0.000000	
4 32 2 0.360000	1.000000 0.000000	0.000000 0.000000	0.000000 0.000000	0.000000 0.000000	0.000000 0.000000	0.000000 0.000000	0.000000 0.000000	0.000000 0.000000	0.000000 0.000000	0.000000 0.000000	0.000000 0.000000	
4 32 2 0.370000	1.000000 0.000000	0.000000 0.000000	0.000000 0.000000	0.000000 0.000000	0.000000 0.000000	0.000000 0.000000	0.000000 0.000000	0.000000 0.000000	0.000000 0.000000	0.000000 0.000000	0.000000 0.000000	
4 32 2 0.380000	1.000000 0.000000	0.000000 0.000000	0.000000 0.000000	0.000000 0.000000	0.000000 0.000000	0.000000 0.000000	0.000000 0.000000	0.000000 0.000000	0.000000 0.000000	0.000000 0.000000	0.000000 0.000000	
4 32 2 0.390000	1.000000 0.000000	0.000000 0.000000	0.000000 0.000000	0.000000 0.000000	0.000000 0.000000	0.000000 0.000000	0.000000 0.000000	0.000000 0.000000	0.000000 0.000000	0.000000 0.000000	0.000000 0.000000	
4 32 2 0.400000	1.000000 0.000000	0.000000 0.000000	0.000000 0.000000	0.000000 0.000000	0.000000 0.000000	0.000000 0.000000	0.000000 0.000000	0.000000 0.000000	0.000000 0.000000	0.000000 0.000000	0.000000 0.000000	
4 32 2 0.410000	1.000000 0.000000	0.000000 0.000000	0.000000 0.000000	0.000000 0.000000	0.000000 0.000000	0.000000 0.000000	0.000000 0.000000	0.000000 0.000000	0.000000 0.000000	0.000000 0.000000	0.000000 0.000000	
4 32 2 0.420000	1.000000 0.000000	0.000000 0.000000	0.000000 0.000000	0.000000 0.000000	0.000000 0.000000	0.000000 0.000000	0.000000 0.000000	0.000000 0.000000	0.000000 0.000000	0.000000 0.000000	0.000000 0.000000	
4 32 2 0.430000	1.000000 0.000000	0.000000 0.000000	0.000000 0.000000	0.000000 0.000000	0.000000 0.000000	0.000000 0.000000	0.000000 0.000000	0.000000 0.000000	0.000000 0.000000	0.000000 0.000000	0.000000 0.000000	
4 32 2 0.440000	1.000000 0.000000	0.000000 0.000000	0.000000 0.000000	0.000000 0.000000	0.000000 0.000000	0.000000 0.000000	0.000000 0.000000	0.000000 0.000000	0.000000 0.000000	0.000000 0.000000	0.000000 0.000000	
4 32 2 0.450000	1.000000 0.000000	0.000000 0.000000	0.000000 0.000000	0.000000 0.000000	0.000000 0.000000	0.000000 0.000000	0.000000 0.000000	0.000000 0.000000	0.000000 0.000000	0.000000 0.000000	0.000000 0.000000	
4 32 2 0.460000	1.000000 0.000000	0.000000 0.000000	0.000000 0.000000	0.000000 0.000000	0.000000 0.000000	0.000000 0.000000	0.000000 0.000000	0.000000 0.000000	0.000000 0.000000	0.000000 0.000000	0.000000 0.000000	
4 32 2 0.470000	1.000000 0.000000	0.000000 0.000000	0.000000 0.000000	0.000000 0.000000	0.000000 0.000000	0.000000 0.000000	0.000000 0.000000	0.000000 0.000000	0.000000 0.000000	0.000000 0.000000	0.000000 0.000000	
4 32 2 0.480000	1.000000 0.000000	0.000000 0.000000	0.000000 0.000000	0.000000 0.000000	0.000000 0.000000	0.000000 0.000000	0.000000 0.000000	0.000000 0.000000	0.000000 0.000000	0.000000 0.000000	0.000000 0.000000	
4 32 2 0.490000	0.999999 0.000002	0.000000 0.000000	0.000000 0.000000	0.000000 0.000000	0.000000 0.000000	0.000000 0.000000	0.000000 0.000000	0.000000 0.000000	0.000000 0.000000	0.000000 0.000000	0.000000 0.000000	
4 32 2 0.500000	1.000000 0.000000	0.000000 0.000000	0.000000 0.000000	0.000000 0.000000	0.000000 0.000000	0.000000 0.000000	0.000000 0.000000	0.000000 0.000000	0.000000 0.000000	0.000000 0.000000	0.000000 0.000000	
4 32 2 0.510000	0.999999 0.000002	0.000000 0.000000	0.000000 0.000000	0.000000 0.000000	0.000000 0.000000	0.000000 0.000000	0.000000 0.000000	0.000000 0.000000	0.000000 0.000000	0.000000 0.000000	0.000000 0.000000	
4 32 2 0.520000	0.999999 0.000004	0.000000 0.000000	0.000000 0.000000	0.000000 0.000000	0.000000 0.000000	0.000000 0.000000	0.000000 0.000000	0.000000 0.000000	0.000000 0.000000	0.000000 0.000000	0.000000 0.000000	
4 32 2 0.530000	1.000000 0.000000	0.000000 0.000000	0.000000 0.000000	0.000000 0.000000	0.000000 0.000000	0.000000 0.000000	0.000000 0.000000	0.000000 0.000000	0.000000 0.000000	0.000000 0.000000	0.000000 0.000000	
4 32 2 0.540000	0.999999 0.000002	0.000000 0.000000	0.000000 0.000000	0.000000 0.000000	0.000000 0.000000	0.000000 0.000000	0.000000 0.000000	0.000000 0.000000	0.000000 0.000000	0.000000 0.000000	0.000000 0.000000	
4 32 2 0.550000	1.000000 0.000000	0.000000 0.000000	0.000000 0.000000	0.000000 0.000000	0.000000 0.000000	0.000000 0.000000	0.000000 0.000000	0.000000 0.000000	0.000000 0.000000	0.000000 0.000000	0.000000 0.000000	
4 32 2 0.560000	0.999999 0.000002	0.000000 0.000000	0.000000 0.000000	0.000000 0.000000	0.000000 0.000000	0.000000 0.000000	0.000000 0.000000	0.000000 0.000000	0.000000 0.000000	0.000000 0.000000	0.000000 0.000000	
4 32 2 0.570000	0.999999 0.000002	0.000000 0.000000	0.000000 0.000000	0.000000 0.000000	0.000000 0.000000	0.000000 0.000000	0.000000 0.000000	0.000000 0.000000	0.000000 0.000000	0.000000 0.000000	0.000000 0.000000	
4 32 2 0.580000	0.999997 0.000006	0.000000 0.000000	0.000000 0.000000	0.000000 0.000000	0.000000 0.000000	0.000000 0.000000	0.000000 0.000000	0.000000 0.000000	0.000000 0.000000	0.000000 0.000000	0.000000 0.000000	
4 32 2 0.590000	1.000000 0.000000	0.000000 0.000000	0.000000 0.000000	0.000000 0.000000	0.000000 0.000000	0.000000 0.000000	0.000000 0.000000	0.000000 0.000000	0.000000 0.000000	0.000000 0.000000	0.000000 0.000000	
4 32 2 0.600000	0.999996 0.000004	0.000000 0.000000	0.000000 0.000000	0.000000 0.000000	0.000000 0.000000	0.000000 0.000000	0.000000 0.000000	0.000000 0.000000	0.000000 0.000000	0.000000 0.000000	0.000000 0.000000	
4 32 2 0.610000	0.999996 0.000010	0.000000 0.000000	0.000000 0.000000	0.000000 0.000000	0.000000 0.000000	0.000000 0.000000	0.000000 0.000000	0.000000 0.000000	0.000000 0.000000	0.000000 0.000000	0.000000 0.000000	
4 32 2 0.620000	0.999996 0.000002	0.000000 0.000000	0.000000 0.000000	0.000000 0.000000	0.000000 0.000000	0.000000 0.000000	0.000000 0.000000	0.000000 0.000000	0.000000 0.000000	0.000000 0.000000	0.000000 0.000000	
4 32 2 0.630000	0.999992 0.000006	0.000000 0.000000	0.000000 0.000000	0.000000 0.000000	0.000000 0.000000	0.000000 0.000000	0.000000 0.000000	0.000000 0.000000	0.000000 0.000000	0.000000 0.000000	0.000000 0.000000	
4 32 2 0.640000	0.999995 0.000002	0.000000 0.000000	0.000000 0.000000	0.000000 0.000000	0.000000 0.000000	0.000000 0.000000	0.000000 0.000000	0.000000 0.000000	0.000000 0.000000	0.000000 0.000000	0.000000 0.000000	
4 32 2 0.650000	0.999991 0.000010	0.000000 0.000000	0.000000 0.000000	0.000000 0.000000	0.000000 0.000000	0.000000 0.000000	0.000000 0.000000	0.000000 0.000000	0.000000 0.000000	0.000000 0.000000	0.000000 0.000000	
4 32 2 0.660000	0.999988 0.000006	0.000000 0.000000	0.000000 0.000000	0.000000 0.000000	0.000000 0.000000	0.000000 0.000000	0.000000 0.000000	0.000000 0.000000	0.000000 0.000000	0.000000 0.000000	0.000000 0.000000	
4 32 2 0.670000	0.999983 0.000002	0.000000 0.000000	0.000000 0.000000	0.000000 0.000000	0.000000 0.000000	0.000000 0.000000	0.000000 0.000000	0.000000 0.000000	0.000000 0.000000	0.000000 0.000000	0.000000 0.000000	
4 32 2 0.680000	0.999990 0.000006	0.000000 0.000000	0.000000 0.000000	0.000000 0.000000	0.000000 0.000000	0.000000 0.000000	0.000000 0.000000	0.000000 0.000000	0.000000 0.000000	0.000000 0.000000	0.000000 0.000000	
4 32 2 0.690000	0.999978 0.000006	0.000000 0.000000	0.000000 0.000000	0.000000 0.000000	0.000000 0.000000	0.000000 0.000000	0.000000 0.000000	0.000000 0.000000	0.000000 0.000000	0.000000 0.000000	0.000000 0.000000	
4 32 2 0.700000	0.999976 0.000008	0.000000 0.000000	0.000000 0.000000	0.000000 0.000000	0.000000 0.000000	0.000000 0.000000	0.000000 0.000000	0.000000 0.000000	0.000000 0.000000	0.000000 0.000000	0.000000 0.000000	
4 32 2 0.710000	0.999973 0.000025	0.000000 0.000000	0.000000 0.000000	0.000000 0.000000	0.000000 0.000000	0.000000 0.000000	0.000000 0.000000	0.000000 0.000000	0.000000 0.000000	0.000000 0.000000	0.000000 0.000000	
4 32 2 0.720000	0.999973 0.000010	0.000000 0.000000	0.000000 0.000000	0.000000 0.000000	0.000000 0.000000	0.000000 0.000000	0.000000 0.000000	0.000000 0.000000	0.000000 0.000000	0.000000 0.000000	0.000000 0.000000	
4 32 2 0.730000	0.999966 0.000002	0.000000 0.000000	0.000000 0.000000	0.000000 0.000000	0.000000 0.000000	0.000000 0.000000	0.000000 0.000000	0.000000 0.000000	0.000000 0.000000	0.000000 0.000000	0.000000 0.000000	
4 32 2 0.740000	0.999950 0.000019	0.000074 0.000118	0.000074 0.000118	0.000034 0.000103	0.000074 0.000118	0.000039 0.000118	0.000074 0.000118	0.000074 0.000118	0.000074 0.000118	0.000074 0.000118	0.000074 0.000118	
4 32 2 0.750000	0.999957 0.000010	0.000000 0.000000	0.000000 0.000000	0.000000 0.000000	0.000000 0.000000	0.000000 0.000000	0.000000 0.000000	0.000000 0.000000	0.000000 0.000000	0.000000 0.000000	0.000000 0.000000	
4 32 2 0.760000	0.999945 0.000021	0.000083 0.000126	0.000083 0.000126	0.000083 0.000126	0.000083 0.000126	0.000083 0.000126	0.000083 0.000126	0.000083 0.000126	0.000083 0.000126	0.000083 0.000126	0.000083 0.000126	
4 32 2 0.770000	0.999934 0.000019	0.000132 0.000038	0.000084 0.000145	0.000084 0.000145	0.000084 0.000145	0.000132 0.000038	0.000084 0.000145	0.000097 0.000145	0.000084 0.000145	0.000132 0.000038	0.000132 0.000038	
4 32 2 0.780000	0.999924 0.000027	0.000153 0.000053	0.000153 0.000053	0.000113 0.000172	0.000056 0.000168	0.000097 0.000172	0.000153 0.000053	0.000153 0.000053	0.000153 0.000053	0.000095 0.000168	0.000153 0.000053	
4 32 2 0.790000	0.999911 0.000038	0.000178 0.000076	0.000108 0.000191	0.000134 0.000210	0.000178 0.000076	0.000064 0.000191	0.000114 0.000210	0.000178 0.000076	0.000064 0.000191	0.000108 0.000191	0.000070 0.000210	
4 32 2 0.800000	0.999911 0.000032	0.000178 0.000065	0.000111 0.000195	0.000111 0.000195	0.000132 0.000202	0.000111 0.000195	0.000178 0.000065	0.000178 0.000065	0.000178 0.000065	0.000178 0.000065	0.000178 0.000065	
4 32 2 0.810000	0.999901 0.000029	0.000198 0.000057	0.000125 0.000210	0.000074 0.000221	0.000125 0.000210	0.000055 0.000164	0.000198 0.000057	0.000125 0.000210	0.000198 0.000057	0.000198 0.000057	0.000198 0.000057	
4 32 2 0.820000	0.999885 0.000042	0.000230 0.000084	0.000145 0.000259	0.000230 0.000084	0.000230 0.000084	0.000172 0.000259	0.000230 0.000084	0.000144 0.000256	0.000230 0.000084	0.000145 0.000259	0.000230 0.000084	
4 32 2 0.830000	0.999869 0.000040	0.000262 0.000080	0.000158 0.000240	0.000158 0.000240	0.000182 0.000313	0.000158 0.000240	0.000262 0.000080	0.000262 0.000080	0.000158 0.000240	0.000158 0.000240	0.000104 0.000313	
4 32 2 0.840000	0.999852 0.000029	0.000296 0.000057	0.000089 0.000267	0.000197 0.000324	0.000207 0.000324	0.000296 0.000057	0.000188 0.000298	0.000296 0.000057	0.000188 0.000298	0.000197 0.000324	0.000296 0.000057	
4 32 2 0.850000	0.999828 0.000034	0.000343 0.000069	0.000217 0.000343	0.000343 0.000069	0.000343 0.000069	0.000103 0.000309	0.000343 0.000069	0.000103 0.000309	0.000217 0.000343	0.000343 0.000069	0.000103 0.000309	
4 32 2 0.860000	0.999830 0.000010	0.000339 0.000019	0.000339 0.000019	0.000339 0.000019	0.000230 0.000347	0.000339 0.000019	0.000116 0.000347	0.000224 0.000343	0.000225 0.000347	0.000225 0.000347	0.000114 0.000343	
4 32 2 0.870000	0.999798 0.000032	0.000403 0.000065	0.000403 0.000065	0.000261 0.000420	0.000261 0.000420	0.000142 0.000427	0.000121 0.000362	0.000403 0.000065	0.000140 0.000420	0.000142 0.000427	0.000121 0.000362	
4 32 2 0.880000	0.999778 0.000057	0.000444 0.000114	0.000295 0.000500	0.000444 0.000114	0.000295 0.000500	0.000167 0.000500	0.000295 0.000500	0.000295 0.000500	0.000128 0.000385	0.000128 0.000385	0.000444 0.000114	
4 32 2 0.890000	0.999763 0.000032	0.000474 0.000065	0.000311 0.000500	0.000329 0.000500	0.000163 0.000488	0.000329 0.000500	0.000474 0.000065	0.000311 0.000500	0.000167 0.000500	0.000000 0.000000	0.000311 0.000500	
4 32 2 0.900000	0.999739 0.000029	0.000521 0.000057	0.000360 0.000542	0.000000 0.000000	0.000342 0.000542	0.000360 0.000542	0.000342 0.000542	0.000521 0.000057	0.000341 0.000538	0.000521 0.000057	0.000521 0.000057	
4 32 2 0.910000	0.999689 0.000032	0.000622 0.000065	0.000259 0.000626	0.000404 0.000626	0.000413 0.000652	0.000455 0.000473	0.000259 0.000652	0.000455 0.000473	0.000455 0.000473	0.000051 0.000152	0.000455 0.000527	
4 32 2 0.920000	0.999664 0.000036	0.000673 0.000072	0.000055 0.000164	0.000000 0.000000	0.000101 0.000164	0.000221 0.000664	0.000506 0.000450	0.000055 0.000164	0.000173 0.000072	0.000285 0.000713	0.000292 0.000713	
4 32 2 0.930000	0.999645 0.000004	0.000709 0.000008	0.000140 0.000213	0.000140 0.000213	0.000236 0.000709	0.000138 0.000209	0.000543 0.000504	0.000070 0.000209	0.000473 0.000713	0.000473 0.000713	0.000709 0.000008	
4 32 2 0.940000	0.999602 0.000019	0.000796 0.000038	0.000367 0.000782	0.000629 0.000466	0.000796 0.000038	0.000523 0.000786	0.000000 0.000000	0.000189 0.000286	0.000262 0.000786	0.000356 0.000786	0.000367 0.000820	
4 32 2 0.950000	0.999552 0.000042	0.000896 0.000084	0.000147 0.000442	0.000582 0.000889	0.000896 0.000084	0.000433 0.000942	0.000896 0.000084	0.000147 0.000442	0.000730 0.000584	0.000444 0.000889	0.000147 0.000442	
4 32 2 0.960000	0.999513 0.000051	0.000974 0.000103	0.000655 0.001034	0.000144 0.000431	0.000488 0.000931	0.000345 0.001034	0.000296 0.000457	0.000974 0.000103	0.000807 0.000576	0.000310 0.000931	0.000488 0.001034	
4 32 2 0.970000	0.999456 0.000082	0.001087 0.000164	0.000535 0.000992	0.000549 0.000992	0.000368 0.000614	0.000587 0.000878	0.000256 0.000614	0.000590 0.001114	0.000382 0.000656	0.000382 0.000656	0.000371 0.001114	
4 32 2 0.980000	0.999441 0.000034	0.001117 0.000069	0.000254 0.000602	0.000197 0.000591	0.000220 0.000659	0.000617 0.000069	0.000367 0.001102	0.000367 0.001102	0.000617 0.000069	0.000220 0.000659	0.000784 0.000511	
4 32 2 0.990000	0.999402 0.000071	0.001195 0.000141	0.000489 0.000758	0.000528 0.000909	0.000656 0.001209	0.000442 0.001209	0.000656 0.001209	0.000206 0.000617	0.000419 0.001258	0.000489 0.000758	0.000322 0.000709	
4 32 2 1.000000	0.999360 0.000032	0.001280 0.000065	0.000106 0.000319	0.000447 0.000565	0.000947 0.000565	0.000691 0.001319	0.000695 0.001319	0.000106 0.000319	0.000674 0.001255	0.000613 0.000553	0.000089 0.000266	
4 32 2 1.010000	0.999270 0.000084	0.001459 0.000168	0.000157 0.000472	0.000802 0.001537	0.000456 0.001369	0.000969 0.001537	0.000836 0.001472	0.000123 0.000369	0.000503 0.001037	0.000469 0.000869	0.001003 0.001537	
4 32 2 1.020000	0.999209 0.000046	0.001581 0.000091	0.001248 0.000492	0.000915 0.000591	0.000229 0.000548	0.000729 0.001140	0.000047 0.000140	0.000535 0.001048	0.000352 0.001056	0.000535 0.001048	0.000701 0.001056	
4 32 2 1.030000	0.999137 0.000059	0.001726 0.000118	0.000344 0.000765	0.000471 0.000765	0.001138 0.001765	0.000471 0.001265	0.000893 0.000382	0.000844 0.001765	0.000893 0.001382	0.000893 0.001000	0.000844 0.001265	
4 32 2 1.040000	0.999011 0.000109	0.001976 0.000217	0.000454 0.001361	0.000784 0.001861	0.000193 0.000578	0.000000 0.000000	0.000980 0.002078	0.001117 0.001861	0.000950 0.001861	0.000784 0.001490	0.000330 0.000990	
4 32 2 1.050000	0.999040 0.000074	0.001919 0.000149	0.000644 0.000975	0.000319 0.000956	0.000810 0.001456	0.001419 0.000870	0.000442 0.001326	0.001086 0.000981	0.000325 0.000975	0.000158 0.000475	0.000752 0.001149	
4 32 2 1.060000	0.998934 0.000040	0.002131 0.000080	0.000965 0.000943	0.001103 0.001666	0.000909 0.001643	0.000695 0.002086	0.000389 0.001166	0.000936 0.001643	0.000417 0.000666	0.001465 0.000477	0.000548 0.001643	
4 32 2 1.070000	0.998821 0.000084	0.002356 0.000168	0.001094 0.001955	0.001414 0.002288	0.001248 0.001955	0.000263 0.000788	0.001023 0.001130	0.000096 0.000288	0.000000 0.000000	0.001081 0.001788	0.000442 0.001326	
4 32 2 1.080000	0.998782 0.000109	0.002434 0.000217	0.000456 0.001043	0.000848 0.002543	0.000600 0.000607	0.001289 0.002326	0.000109 0.000326	0.000419 0.000932	0.001434 0.000217	0.000419 0.000826	0.001267 0.002217	
4 32 2 1.090000	0.998679 0.000038	0.002639 0.000076	0.000414 0.001100	0.000000 0.000000	0.001973 0.000466	0.000047 0.000142	0.001081 0.002600	0.000533 0.001600	0.000225 0.000676	0.000759 0.002100	0.000214 0.000642	
4 32 2 1.100000	0.998571 0.000095	0.002856 0.000190	0.001378 0.002389	0.000296 0.000889	0.000312 0.000935	0.000082 0.000245	0.000000 0.000000	0.000582 0.001745	0.000727 0.001435	0.000000 0.000000	0.000312 0.000935	
4 32 2 1.110000	0.998472 0.000063	0.003053 0.000126	0.000000 0.000000	0.000198 0.000595	0.000198 0.000595	0.001022 0.002095	0.000887 0.001126	0.000698 0.002095	0.001220 0.001000	0.000198 0.000595	0.001355 0.002595	
4 32 2 1.120000	0.998314 0.000111	0.003369 0.000221	0.000146 0.000438	0.000723 0.001225	0.000390 0.000946	0.001869 0.002213	0.000575 0.001725	0.000554 0.001438	0.000890 0.001446	0.000146 0.000438	0.001054 0.002725	
4 32 2 1.130000	0.998236 0.000095	0.003525 0.000190	0.000673 0.002018	0.001214 0.002518	0.000708 0.002124	0.001686 0.002934	0.000186 0.000434	0.000339 0.001018	0.000714 0.001624	0.002192 0.001584	0.000817 0.002018	
4 32 2 1.140000	0.998189 0.000071	0.003619 0.000141	0.000176 0.000529	0.002119 0.003489	0.001729 0.003659	0.001453 0.000489	0.000386 0.001159	0.001400 0.003170	0.000619 0.000989	0.000886 0.002659	0.000900 0.001670	
4 32 2 1.150000	0.997974 0.000057	0.004048 0.000114	0.001357 0.002093	0.001857 0.003593	0.000864 0.002593	0.000684 0.001574	0.002382 0.001405	0.000531 0.001593	0.000524 0.000979	0.000160 0.000479	0.000000 0.000000	
4 32 2 1.160000	0.997987 0.000111	0.004022 0.000221	0.000842 0.002123	0.000000 0.000000	0.002522 0.001779	0.001022 0.001221	0.000554 0.001123	0.001175 0.003123	0.001554 0.002539	0.001388 0.002123	0.000981 0.002039	
4 32 2 1.170000	0.997777 0.000156	0.004440 0.000312	0.000355 0.001065	0.000668 0.002004	0.000188 0.000565	0.001188 0.003565	0.001251 0.003753	0.001690 0.003004	0.000084 0.000253	0.000418 0.001253	0.000835 0.002504	
4 32 2 1.180000	0.997654 0.000093	0.004687 0.000186	0.002520 0.002855	0.000088 0.000152	0.000000 0.000000	0.001150 0.001797	0.001650 0.002652	0.000537 0.001610	0.002687 0.002145	0.002187 0.003542	0.000921 0.002152	
4 32 2 1.190000	0.997482 0.000168	0.005029 0.000335	0.000277 0.000831	0.003196 0.002665	0.000807 0.001331	0.000166 0.000331	0.000640 0.001590	0.000999 0.001666	0.001029 0.001424	0.001919 0.004666	0.000832 0.001831	
4 32 2 1.200000	0.997360 0.000210	0.005274 0.000418	0.001761 0.003120	0.002053 0.004120	0.001720 0.002620	0.000886 0.002039	0.000707 0.002120	0.002274 0.001042	0.000928 0.001620	0.000846 0.002539	0.000207 0.000620	
4 32 2 1.210000	0.997111 0.000336	0.005770 0.000669	0.001337 0.004011	0.000951 0.002511	0.001770 0.002053	0.001099 0.002841	0.000489 0.000957	0.001670 0.005011	0.003270 0.001169	0.001266 0.002841	0.000433 0.000957	
4 32 2 1.220000	0.997019 0.000061	0.005952 0.000122	0.000133 0.000400	0.000174 0.000522	0.000967 0.002900	0.001641 0.002900	0.000133 0.000400	0.001467 0.004400	0.001474 0.003400	0.000974 0.001522	0.000300 0.000900	
4 32 2 1.230000	0.996808 0.000099	0.006374 0.000198	0.002708 0.003698	0.000000 0.000000	0.000480 0.001440	0.000000 0.000000	0.000000 0.000000	0.000914 0.002743	0.001894 0.003440	0.001561 0.003440	0.000581 0.001743	
4 32 2 1.240000	0.996652 0.000097	0.006685 0.000194	0.000790 0.001282	0.001489 0.002684	0.001094 0.003282	0.001424 0.003684	0.001030 0.003089	0.002185 0.002405	0.000852 0.001401	0.000290 0.000589	0.000363 0.001089	
4 32 2 1.250000	0.996435 0.000134	0.007117 0.000266	0.000371 0.000640	0.001380 0.004140	0.000880 0.002640	0.001580 0.004739	0.000580 0.001739	0.002793 0.004239	0.001713 0.005140	0.000293 0.000739	0.000713 0.002140	
4 32 2 1.260000	0.996288 0.000166	0.007411 0.000331	0.004744 0.004122	0.002313 0.006940	0.003244 0.001709	0.002667 0.004562	0.001764 0.003731	0.001001 0.002562	0.001098 0.002062	0.000147 0.000440	0.001890 0.003440	
4 32 2 1.270000	0.996037 0.000216	0.007911 0.000429	0.000844 0.002400	0.000967 0.002900	0.000000 0.000000	0.000000 0.000000	0.000567 0.001702	0.000544 0.001632	0.000701 0.001900	0.001067 0.003202	0.000367 0.000702	
4 32 2 1.280000	0.995914 0.000139	0.008154 0.000277	0.000000 0.000000	0.000356 0.001067	0.001801 0.003337	0.003135 0.005567	0.001209 0.003067	0.000520 0.001559	0.001299 0.002059	0.002321 0.000508	0.001522 0.004567	
4 32 2 1.290000	0.995660 0.000132	0.008662 0.000262	0.001603 0.002523	0.001095 0.003285	0.002436 0.005023	0.000000 0.000000	0.000560 0.001679	0.001095 0.003285	0.001162 0.001106	0.000000 0.000000	0.000000 0.000000	
4 32 2 1.300000	0.995466 0.000010	0.009047 0.000019	0.000346 0.001039	0.001861 0.005039	0.000000 0.000000	0.003534 0.006043	0.002201 0.005043	0.000853 0.002558	0.002533 0.006558	0.001180 0.003539	0.000353 0.001058	
4 32 2 1.310000	0.995230 0.000084	0.009518 0.000167	0.001710 0.004590	0.000141 0.000423	0.000641 0.001923	0.000988 0.002041	0.001377 0.003590	0.000308 0.000923	0.002044 0.003090	0.000530 0.001590	0.001847 0.005541	
4 32 2 1.320000	0.995043 0.000139	0.009889 0.000277	0.001681 0.005042	0.002286 0.006859	0.002222 0.002182	0.002389 0.003095	0.001967 0.003542	0.000000 0.000000	0.000347 0.001042	0.000347 0.001042	0.001541 0.004359	
4 32 2 1.330000	0.994781 0.000147	0.010410 0.000292	0.001410 0.001163	0.001056 0.002269	0.001854 0.005562	0.000133 0.000398	0.002110 0.003269	0.001223 0.002769	0.002277 0.003769	0.001944 0.003562	0.000521 0.001562	
4 32 2 1.340000	0.994537 0.000298	0.010897 0.000592	0.002874 0.004960	0.000523 0.001569	0.001563 0.001109	0.000000 0.000000	0.000856 0.002569	0.000523 0.001569	0.001540 0.003960	0.000000 0.000000	0.003510 0.005960	
4 32 2 1.350000	0.994144 0.000113	0.011678 0.000224	0.002829 0.006215	0.001662 0.003272	0.001257 0.003772	0.000000 0.000000	0.002440 0.005548	0.000000 0.000000	0.003345 0.005776	0.004678 0.003557	0.002345 0.005333	
4 32 2 1.360000	0.994078 0.000227	0.011810 0.000451	0.003143 0.001689	0.002476 0.002311	0.001002 0.003007	0.000669 0.002007	0.003458 0.006007	0.002810 0.001640	0.001169 0.003507	0.001122 0.003366	0.002458 0.004507	
4 32 2 1.370000	0.993680 0.000336	0.012599 0.000667	0.001488 0.002299	0.003766 0.005867	0.002988 0.006166	0.001933 0.003367	0.002333 0.003833	0.001544 0.002799	0.000544 0.001333	0.001666 0.003666	0.000611 0.001833	
4 32 2 1.380000	0.993291 0.000166	0.013373 0.000330	0.000000 0.000000	0.001919 0.005758	0.001115 0.002258	0.002620 0.004587	0.004873 0.006515	0.002873 0.005170	0.001953 0.003087	0.003343 0.005758	0.001696 0.005087	
4 32 2 1.390000	0.993039 0.000288	0.013874 0.000572	0.000000 0.000000	0.002966 0.006746	0.002625 0.006724	0.000075 0.000224	0.003041 0.003572	0.004374 0.001095	0.004125 0.006224	0.002292 0.004724	0.000000 0.000000	
4 32 2 1.400000	0.992747 0.000154	0.014453 0.000307	0.001301 0.003902	0.000000 0.000000	0.000486 0.001326	0.003153 0.007826	0.002320 0.004326	0.001109 0.003326	0.001634 0.004902	0.000000 0.000000	0.003178 0.006633	
4 32 2 1.410000	0.992507 0.000189	0.014929 0.000375	0.001076 0.002042	0.003096 0.005144	0.003429 0.004519	0.002742 0.006042	0.002096 0.000856	0.002034 0.003061	0.000000 0.000000	0.001034 0.002042	0.001729 0.005186	
4 32 2 1.420000	0.992156 0.000244	0.015626 0.000484	0.000964 0.002893	0.002828 0.004409	0.001525 0.004575	0.000964 0.002893	0.001858 0.005575	0.000000 0.000000	0.000995 0.002575	0.000323 0.000575	0.002156 0.004575	
4 32 2 1.430000	0.991842 0.000242	0.016250 0.000481	0.001917 0.003776	0.002583 0.005724	0.000000 0.000000	0.000575 0.001726	0.003917 0.006796	0.003910 0.007502	0.001076 0.002502	0.005083 0.007019	0.001083 0.002226	
4 32 2 1.440000	0.991483 0.000351	0.016961 0.000696	0.000000 0.000000	0.003698 0.008002	0.000000 0.000000	0.000000 0.000000	0.003627 0.007593	0.000430 0.001289	0.001698 0.005093	0.001001 0.003002	0.001501 0.004502	
4 32 2 1.450000	0.991173 0.000114	0.017576 0.000227	0.001490 0.004471	0.001743 0.001909	0.001490 0.004471	0.003020 0.009061	0.006576 0.001227	0.002723 0.004971	0.002511 0.005971	0.002086 0.006061	0.000066 0.000197	
4 32 2 1.460000	0.990737 0.000053	0.018440 0.000106	0.002603 0.007404	0.001301 0.003904	0.004138 0.008510	0.001135 0.003404	0.001968 0.005904	0.003972 0.006010	0.003138 0.006404	0.000000 0.000000	0.002968 0.008904	
4 32 2 1.470000	0.990327 0.000172	0.019252 0.000340	-0.000748 0.003553	0.000610 0.001830	0.006585 0.003287	-0.000081 0.005713	0.002919 0.003287	0.001458 0.002543	0.005252 0.005947	0.005085 0.004947	0.002419 0.004213	
4 32 2 1.480000	0.989988 0.000095	0.019924 0.000189	0.004123 0.008840	0.000000 0.000000	0.000801 0.002404	0.000000 0.000000	0.002947 0.008840	0.004258 0.004625	0.003456 0.008529	0.003113 0.009340	0.000000 0.000000	
4 32 2 1.490000	0.989548 0.000113	0.020794 0.000223	0.004077 0.009356	0.004294 0.001723	0.002792 0.008375	0.002342 0.006152	0.000619 0.001856	0.000285 0.000856	0.001119 0.003356	0.000842 0.001375	0.003294 0.001481	
4 32 2 1.500000	0.989149 0.000647	0.021584 0.001279	0.002311 0.003892	0.002273 0.006820	0.003084 0.006779	0.001453 0.007721	-0.000547 0.005721	0.000607 0.001820	0.000084 0.007649	0.002144 0.004392	0.000000 0.000000	
4 32 2 1.510000	0.988638 0.000301	0.022595 0.000596	0.000000 0.000000	0.000000 0.000000	0.003429 0.005442	0.001332 0.003997	0.000000 0.000000	0.002282 0.006846	0.003762 0.004849	0.000814 0.002442	0.003813 0.007942	
4 32 2 1.520000	0.988327 0.000221	0.023210 0.000437	0.001540 0.003196	0.001169 0.003508	0.003735 0.007362	0.002422 0.006425	0.000787 0.002362	0.001454 0.004362	-0.001099 0.002638	0.001899 0.005696	0.001957 0.004675	
4 32 2 1.530000	0.987909 0.000263	0.024035 0.000520	0.002585 0.004832	0.002394 0.006852	0.000777 0.002332	0.001611 0.004832	0.000451 0.001352	0.000000 0.000000	0.002277 0.006832	0.001444 0.004332	0.007202 0.000980	
4 32 2 1.540000	0.987492 0.000204	0.024860 0.000403	0.000185 0.000556	0.000402 0.001205	0.002014 0.003056	0.001749 0.008385	0.001625 0.003223	0.000624 0.001872	0.000273 0.000820	0.001685 0.005056	0.003903 0.006820	
4 32 2 1.550000	0.986917 0.000095	0.025994 0.000188	0.001809 0.005428	0.000000 0.000000	0.002217 0.005677	0.004883 0.002489	0.001741 0.006010	0.000643 0.001928	0.001296 0.002283	0.000883 0.005010	0.003293 0.006261	
4 32 2 1.560000	0.986504 0.000362	0.026811 0.000715	0.003553 0.007187	0.001896 0.005687	0.002977 0.004086	0.001091 0.003273	0.006311 0.006301	0.000924 0.002773	0.002144 0.004301	0.005811 0.009801	0.002053 0.005187	
4 32 2 1.570000	0.986014 0.000113	0.027776 0.000222	0.003610 0.006842	0.000291 0.000872	0.001893 0.004372	0.000000 0.000000	0.000603 0.001808	0.000000 0.000000	0.001840 0.005372	0.002174 0.003372	0.001893 0.003372	
4 32 2 1.580000	0.985589 0.000267	0.028614 0.000526	0.002714 0.004974	0.000214 0.000641	0.001500 0.004501	0.002734 0.008201	0.000611 0.001834	0.000445 0.001334	-0.000953 0.003474	0.000436 0.001308	0.000345 0.001034	
4 32 2 1.590000	0.985040 0.000055	0.029696 0.000109	0.002647 0.005517	0.002061 0.006184	-0.000414 0.001243	0.000000 0.000000	0.000808 0.002424	0.001529 0.004073	0.001752 0.005702	0.001388 0.002350	0.000000 0.000000	
4 32 2 1.600000	0.984502 0.000124	0.030756 0.000244	0.002089 0.007256	0.002376 0.009635	0.002543 0.004747	0.005089 0.008135	0.001876 0.005382	0.003795 0.007138	0.001210 0.003247	0.000249 0.000747	0.006422 0.007256	
4 32 2 1.610000	0.983840 0.000708	0.032059 0.001392	0.003957 0.008131	0.002769 0.008308	0.001210 0.003631	0.001269 0.003808	0.000000 0.000000	0.003790 0.006239	0.003849 0.006739	0.000044 0.000131	0.004682 0.009808	
4 32 2 1.620000	0.983342 0.000042	0.033039 0.000083	0.002317 0.008039	0.002345 0.002584	0.002194 0.006581	0.002763 0.008288	0.001804 0.003999	0.000583 0.001748	0.000694 0.002081	0.002750 0.008249	0.002013 0.006038	
4 32 2 1.630000	0.982727 0.000408	0.034248 0.000802	0.000000 0.000000	0.002827 0.006959	0.001508 0.004523	0.002827 0.004523	0.004994 0.009959	0.001095 0.003023	0.002674 0.008023	0.000254 0.000761	0.004914 0.001564	
4 32 2 1.640000	0.982291 0.000116	0.035105 0.000229	0.000419 0.001256	0.000344 0.001031	0.001844 0.005531	0.004262 0.007531	0.002019 0.005531	0.000419 0.001256	0.000419 0.001256	0.002929 0.006531	0.006938 0.007775	
4 32 2 1.650000	0.981536 0.000175	0.036587 0.000344	0.001420 0.006511	0.002638 0.007913	0.001193 0.003580	0.004119 0.009778	0.000471 0.001413	0.000249 0.000746	0.001690 0.005069	0.001745 0.005235	-0.000418 0.001254	
4 32 2 1.660000	0.981015 0.000200	0.037609 0.000393	0.003167 0.005135	0.002181 0.004909	0.000303 0.000909	0.000000 0.000000	0.000417 0.001117	-0.000013 0.003357	0.001703 0.002659	0.000536 0.004876	0.003987 0.007659	
4 32 2 1.670000	0.980317 0.000034	0.038978 0.000067	0.001331 0.002506	0.001976 0.003439	0.003002 0.009006	0.003811 0.004019	0.003002 0.009006	0.005644 0.005049	0.001146 0.003439	0.003642 0.006439	0.004311 0.004067	
4 32 2 1.680000	0.979750 0.000131	0.040089 0.000256	0.000854 0.002282	0.002179 0.006538	-0.000171 0.005410	0.003218 0.006115	0.001884 0.005115	0.003256 0.005910	0.002940 0.009256	0.003829 0.006538	0.003423 0.003500	
4 32 2 1.690000	0.979324 0.000351	0.040924 0.000687	-0.001434 0.004303	0.000066 0.000197	0.002735 0.004697	0.002503 0.007509	-0.002330 0.006991	0.001358 0.007943	0.003902 0.006697	0.000000 0.000000	0.001569 0.004009	
4 32 2 1.700000	0.978429 0.000054	0.042676 0.000106	0.000186 0.000827	0.000000 0.000000	0.002487 0.003972	0.000647 0.001942	-0.001519 0.004558	-0.000545 0.001635	0.002602 0.006942	0.002231 0.006692	0.003982 0.004827	
4 32 2 1.710000	0.977893 0.000345	0.043725 0.000675	0.000878 0.001715	0.001127 0.003382	0.000569 0.001706	0.001336 0.004039	0.000000 0.000000	0.001653 0.003540	0.004418 0.008882	-0.000709 0.002127	0.000000 0.000000	
4 32 2 1.720000	0.977070 0.000297	0.045334 0.000580	0.002818 0.005434	0.000686 0.002059	0.003968 0.007980	0.001978 0.009966	0.004661 0.009300	0.004323 0.009600	0.001273 0.003820	0.000195 0.000584	0.002707 0.008120	
4 32 2 1.730000	0.976341 0.000271	0.046758 0.000529	0.002745 0.007508	0.001376 0.005554	0.001690 0.004342	0.002187 0.006561	0.000596 0.001787	0.000588 0.001037	0.003286 0.000530	0.005162 0.009978	0.001753 0.005258	
4 32 2 1.740000	0.975631 0.000392	0.048145 0.000765	0.001073 0.001728	0.000581 0.001743	0.003675 0.009561	0.000821 0.002463	0.001159 0.003478	0.000534 0.001603	0.001990 0.004368	0.002990 0.006993	0.001235 0.003721	
4 32 2 1.750000	0.974810 0.000159	0.049745 0.000310	0.002594 0.004802	0.001541 0.003659	0.003453 0.007796	0.000708 0.002124	0.002765 0.008296	0.001402 0.004207	0.002402 0.004582	0.000733 0.002595	0.001176 0.005601	
4 32 2 1.760000	0.973970 0.000493	0.051382 0.000961	0.003146 0.009437	0.005890 0.004561	0.009749 0.002664	0.000000 0.000000	0.000854 0.002562	0.000000 0.000000	0.002104 0.004574	0.002507 0.009147	0.000000 0.000000	
4 32 2 1.770000	0.973404 0.000477	0.052484 0.000928	0.002627 0.007882	0.002717 0.003672	0.001264 0.003110	0.001545 0.004635	0.000000 0.000000	0.000000 0.000000	0.001070 0.003210	0.004240 0.007210	-0.001163 0.003490	
4 32 2 1.780000	0.972523 0.000434	0.054199 0.000843	0.002169 0.003633	0.002658 0.007974	0.004236 0.008033	0.000000 0.000000	0.004788 0.005423	0.000000 0.000000	0.003352 0.006690	0.001711 0.005133	0.003688 0.004984	
4 32 2 1.790000	0.971681 0.000235	0.055837 0.000456	0.000541 0.001624	0.003837 0.007705	0.003312 0.006419	0.004887 0.005194	0.001275 0.003824	0.000000 0.000000	0.003275 0.009824	0.003727 0.006306	0.000962 0.003673	
4 32 2 1.800000	0.970913 0.000229	0.057329 0.000444	0.001213 0.003598	0.006579 0.006306	0.001949 0.005848	-0.000403 0.001209	0.000783 0.002348	0.000213 0.000598	0.002699 0.008098	0.002791 0.008374	0.002754 0.008263	
4 32 2 1.810000	0.969975 0.000643	0.059149 0.001247	0.002372 0.001904	0.000845 0.002535	0.004483 0.005817	0.000000 0.000000	0.002705 0.008115	0.001483 0.004448	0.001761 0.005282	0.001249 0.005183	0.005333 0.009798	
4 32 2 1.820000	0.969081 0.000296	0.060882 0.000574	0.001784 0.005352	0.003195 0.009585	0.005504 0.009860	0.002395 0.007185	0.005632 0.004742	0.002399 0.005058	-0.000438 0.001315	0.001962 0.005885	0.000000 0.000000	
4 32 2 1.830000	0.968186 0.000429	0.062617 0.000830	0.004522 0.008009	0.002849 0.005169	0.000000 0.000000	0.000000 0.000000	0.002674 0.007402	0.001109 0.003328	0.000000 0.000000	0.003882 0.006169	0.001463 0.003768	
4 32 2 1.840000	0.967468 0.000367	0.064005 0.000710	0.004729 0.008771	0.001690 0.005071	0.001907 0.005721	0.000556 0.001667	0.003141 0.007577	0.004614 0.008167	-0.000176 0.000529	-0.000511 0.001533	0.004888 0.007946	
4 32 2 1.850000	0.966532 0.000118	0.065816 0.000229	0.000352 0.004371	0.000931 0.002794	0.001383 0.004319	-0.000286 0.000858	-0.000086 0.000258	-0.000502 0.001506	0.000186 0.001631	0.000895 0.001544	0.000865 0.002594	
4 32 2 1.860000	0.965595 0.000157	0.067625 0.000303	0.004079 0.009417	-0.000161 0.000483	0.000722 0.002165	0.002051 0.006153	0.001506 0.004517	0.004474 0.007207	0.001713 0.005140	0.002197 0.005873	0.000513 0.001540	
4 32 2 1.870000	0.964590 0.000310	0.069567 0.000597	0.002246 0.006738	0.000807 0.001888	0.000000 0.000000	0.001343 0.004030	0.002036 0.006107	0.000244 0.000732	0.004287 0.007532	-0.000009 0.000028	0.001521 0.004130	
4 32 2 1.880000	0.963685 0.000644	0.071311 0.001241	0.004429 0.007326	0.006911 0.007371	0.000294 0.004063	0.001833 0.003326	0.001220 0.002451	0.000000 0.000000	0.000000 0.000000	0.000000 0.000000	-0.000097 0.000290	
4 32 2 1.890000	0.962787 0.000125	0.073042 0.000241	0.008304 0.005544	0.001590 0.004770	0.000000 0.000000	0.004121 0.009736	0.001297 0.003891	0.001042 0.003127	0.003780 0.006950	0.001035 0.002334	-0.000033 0.000099	
4 32 2 1.900000	0.961714 0.000329	0.075107 0.000634	0.001320 0.003960	0.004411 0.006844	0.003993 0.004902	0.000213 0.000639	0.001963 0.004044	0.001690 0.006454	0.001948 0.005844	0.000000 0.000000	0.002237 0.006710	
4 32 2 1.910000	0.960850 0.000206	0.076768 0.000396	0.002129 0.006386	0.001899 0.005698	0.002643 0.002667	0.002644 0.007931	0.000590 0.001769	0.000865 0.002594	0.001723 0.004948	0.002494 0.004386	0.002254 0.006761	
4 32 2 1.920000	0.959787 0.000376	0.078809 0.000721	0.001965 0.005895	0.000164 0.000493	0.000409 0.001228	0.000000 0.000000	0.001252 0.003757	0.000122 0.004313	0.000139 0.005570	0.004807 0.007828	0.001576 0.004728	
4 32 2 1.930000	0.958804 0.000110	0.080695 0.000211	0.002171 0.005563	0.000000 0.000000	0.000753 0.002260	0.004238 0.003934	0.000000 0.000000	0.003966 0.008659	0.000434 0.001301	0.003288 0.006135	0.002997 0.008990	
4 32 2 1.940000	0.957572 0.000425	0.083056 0.000815	0.002056 0.006169	0.005829 0.007187	0.000301 0.000904	0.000718 0.002154	0.000000 0.000000	0.000495 0.001225	0.004349 0.009802	0.000680 0.002040	0.000000 0.000000	
4 32 2 1.950000	0.956407 0.000792	0.085286 0.001515	0.002227 0.006680	0.002577 0.007731	0.002314 0.004330	0.000000 0.000000	0.000000 0.000000	0.003014 0.006080	0.002498 0.005980	0.000000 0.000000	0.000777 0.002330	
4 32 2 1.960000	0.955383 0.000544	0.087244 0.001040	0.001535 0.002635	0.004090 0.008900	0.008411 0.008710	0.000017 0.000050	0.001462 0.004385	0.004877 0.009960	0.003627 0.002511	0.000000 0.000000	0.004127 0.006921	
4 32 2 1.970000	0.954179 0.000119	0.089543 0.000227	0.002703 0.005578	0.002493 0.004519	0.001527 0.003106	0.002596 0.005293	0.000846 0.002537	0.002157 0.005310	0.002818 0.009535	0.003517 0.008185	0.000418 0.001254	
4 32 2 1.980000	0.953113 0.000607	0.091575 0.001156	0.006709 0.005324	0.001792 0.005375	0.001834 0.005502	0.004801 0.009103	0.000000 0.000000	0.000000 0.000000	0.000000 0.000000	0.001447 0.004341	0.000272 0.000817	
4 32 2 1.990000	0.952004 0.000218	0.093688 0.000415	0.003027 0.003936	0.001867 0.005602	0.002966 0.004964	0.004571 0.008860	0.002360 0.004185	0.005205 0.008610	0.001169 0.003506	0.003906 0.009894	0.007207 0.009374	
4 32 2 2.000000	0.950865 0.000101	0.095855 0.000191	0.003931 0.004971	0.001665 0.004995	0.001198 0.003595	0.001217 0.003652	-0.000246 0.000739	0.000516 0.001547	0.000304 0.009391	0.000000 0.000000	-0.001026 0.003932	
4 32 2 2.010000	0.949634 0.000272	0.098194 0.000517	0.003073 0.007337	0.001390 0.003565	0.003156 0.008082	0.001882 0.003965	0.001558 0.004506	0.001736 0.001608	0.001565 0.004696	0.001081 0.003242	0.001236 0.003708	
4 32 2 2.020000	0.948350 0.000286	0.100633 0.000543	0.004711 0.005479	0.000757 0.002272	0.004271 0.007626	0.000128 0.000383	0.000538 0.001613	0.001975 0.003154	0.003697 0.006701	0.002517 0.007336	-0.000058 0.000173	
4 32 2 2.030000	0.947072 0.000257	0.103054 0.000486	0.002647 0.007236	0.002099 0.003736	0.000602 0.001805	0.003129 0.006150	0.001357 0.002705	0.001022 0.004879	0.000735 0.003817	0.004420 0.009055	0.001551 0.004652	
4 32 2 2.040000	0.945788 0.000580	0.105485 0.001097	0.004226 0.001875	0.002384 0.007152	0.001287 0.003861	0.000088 0.002098	0.002235 0.004583	0.000435 0.001305	0.003306 0.005247	0.001393 0.004180	0.001023 0.003068	
4 32 2 2.050000	0.944800 0.000529	0.107352 0.000999	0.012841 0.008644	0.001454 0.002446	0.003277 0.009830	0.000348 0.001044	0.004600 0.009044	0.000000 0.000000	0.000000 0.000000	0.000000 0.000000	0.002704 0.004687	
4 32 2 2.060000	0.942948 0.000595	0.110850 0.001122	0.009683 0.008456	0.002280 0.004587	0.000696 0.002087	-0.001193 0.003580	0.001307 0.003920	0.000000 0.000000	-0.000638 0.001913	0.008516 0.009999	0.002584 0.007753	
4 32 2 2.070000	0.941709 0.000393	0.113184 0.000741	0.005613 0.009790	0.003584 0.007633	0.003463 0.006711	0.005115 0.007799	0.001798 0.007570	0.001850 0.005549	0.001889 0.004211	0.002175 0.004349	0.000635 0.001904	
4 32 2 2.080000	0.940499 0.000547	0.115461 0.001030	0.003298 0.005626	0.001150 0.003449	0.001384 0.002886	0.001909 0.003682	0.001794 0.009485	0.000000 0.000000	0.002512 0.004489	0.000653 0.001959	0.001338 0.004015	
4 32 2 2.090000	0.938920 0.000830	0.118430 0.001558	0.005587 0.009190	0.000812 0.002437	0.001376 0.004129	0.000000 0.000000	0.007296 0.007861	0.007694 0.006706	0.003542 0.005937	0.002773 0.006529	0.000000 0.000000	
4 32 2 2.100000	0.937526 0.000111	0.121046 0.000208	0.002616 0.007727	0.001291 0.003872	0.002501 0.005222	0.002001 0.004922	0.002207 0.006622	0.001443 0.002915	0.000784 0.002351	0.005961 0.009636	0.004981 0.008413	
4 32 2 2.110000	0.936294 0.000385	0.123354 0.000721	0.005788 0.007309	0.005279 0.006521	0.002179 0.006536	0.004279 0.007718	0.002079 0.006236	0.000707 0.001352	0.001266 0.003798	0.003646 0.006552	0.002491 0.007473	
4 32 2 2.120000	0.934708 0.000134	0.126320 0.000251	0.004113 0.007476	0.000000 0.000000	0.000000 0.000000	0.002406 0.007218	0.000977 0.002930	0.004956 0.009829	0.002581 0.005830	0.002271 0.003566	0.001640 0.002528	
4 32 2 2.130000	0.933103 0.000079	0.129319 0.000147	0.007051 0.003450	0.002548 0.007643	0.000000 0.000000	0.000000 0.000000	0.000548 0.001643	0.003338 0.006643	0.005451 0.008965	0.002422 0.004247	0.000995 0.002984	
4 32 2 2.140000	0.931691 0.000162	0.131952 0.000303	0.005396 0.008081	0.002476 0.007429	0.002753 0.007836	0.002877 0.008630	0.002767 0.008300	0.001517 0.004550	0.000000 0.000000	0.001161 0.002786	-0.000264 0.000791	
4 32 2 2.150000	0.930088 0.000197	0.134936 0.000366	0.002237 0.003727	0.004442 0.007832	0.001315 0.003945	0.001223 0.003669	0.001457 0.004372	0.004109 0.007075	0.000000 0.000000	0.001556 0.004669	0.005008 0.009400	
4 32 2 2.160000	0.928695 0.000364	0.137526 0.000677	0.004484 0.004356	0.001402 0.004207	0.006193 0.005713	0.000000 0.000000	0.001595 0.004785	0.000873 0.002618	0.003576 0.006396	0.002715 0.006563	0.004955 0.007535	
4 32 2 2.170000	0.926850 0.000276	0.140948 0.000511	0.013397 0.006683	0.000429 0.001286	0.001243 0.002386	0.002002 0.005820	0.000937 0.001986	0.002317 0.007044	0.001069 0.003207	0.002292 0.006875	0.000479 0.001436	
4 32 2 2.180000	0.925441 0.000218	0.143559 0.000404	0.000543 0.001629	0.000000 0.000000	0.003247 0.009740	0.001562 0.004686	0.000463 0.003518	0.001796 0.005388	0.003073 0.006478	0.000985 0.005001	0.002842 0.008525	
4 32 2 2.190000	0.923825 0.000247	0.146548 0.000457	0.005805 0.009878	0.001322 0.003457	0.001146 0.001193	0.001680 0.002726	0.000511 0.001021	0.002042 0.006126	0.000000 0.000000	0.002616 0.008072	0.000000 0.000000	
4 32 2 2.200000	0.921958 0.000316	0.149993 0.000582	0.010750 0.003946	0.004687 0.005971	0.000000 0.000000	0.000775 0.002325	0.000000 0.000000	0.001271 0.003812	0.006169 0.009777	0.004042 0.006158	0.006444 0.005585	
4 32 2 2.210000	0.920185 0.000046	0.153259 0.000084	0.007150 0.009953	0.004283 0.009374	0.000000 0.000000	0.001637 0.004911	0.001570 0.004709	0.002131 0.006392	0.000715 0.002145	0.000000 0.000000	0.002803 0.008409	
4 32 2 2.220000	0.918651 0.000683	0.156080 0.001254	0.004575 0.007214	0.002922 0.008765	0.002302 0.005600	0.004997 0.008664	0.001187 0.003560	0.001949 0.005848	0.001508 0.005685	0.000888 0.002664	0.003149 0.009448	
4 32 2 2.230000	0.917031 0.000555	0.159055 0.001018	0.006590 0.006768	0.000000 0.000000	0.000000 0.000000	0.002036 0.006109	0.005204 0.003310	0.001100 0.003299	0.001798 0.003339	0.001286 0.003859	0.003090 0.006859	
4 32 2 2.240000	0.914829 0.000765	0.163087 0.001399	0.010945 0.008528	0.001010 0.003030	0.001966 0.003749	0.000000 0.000000	0.000739 0.002217	0.004270 0.009129	0.000234 0.000701	0.003153 0.009460	0.000071 0.000212	
4 32 2 2.250000	0.913341 0.000299	0.165808 0.000547	0.010052 0.007703	0.003030 0.003650	0.000000 0.000000	0.002849 0.008546	0.000536 0.001163	0.002554 0.005716	-0.000557 0.001671	0.000721 0.002163	0.002499 0.007496	
4 32 2 2.260000	0.911505 0.000218	0.169159 0.000398	0.009873 0.009009	0.000000 0.000000	0.000000 0.000000	0.002625 0.007874	0.001280 0.003841	0.000305 0.002695	0.000802 0.002405	-0.000015 0.000044	0.002302 0.006905	
4 32 2 2.270000	0.909492 0.000309	0.172824 0.000562	0.007044 0.006800	0.000658 0.001974	0.000500 0.001499	0.000685 0.002054	0.000728 0.002185	0.001778 0.003597	0.004774 0.008591	0.002587 0.007761	0.001624 0.003738	
4 32 2 2.280000	0.907778 0.000506	0.175939 0.000920	0.010313 0.007977	0.002591 0.004911	0.000000 0.000000	0.002812 0.008436	0.003775 0.008345	0.000000 0.000000	0.000601 0.001803	0.003228 0.006361	0.002121 0.006363	
4 32 2 2.290000	0.905659 0.000316	0.179781 0.000573	0.010295 0.008448	0.002582 0.004332	0.003125 0.009374	0.003821 0.007863	0.001259 0.003776	0.001606 0.004818	0.001606 0.003676	0.001454 0.004363	0.000708 0.002124	
4 32 2 2.300000	0.903797 0.000374	0.183151 0.000676	0.014182 0.007521	0.005485 0.005065	0.002444 0.007331	0.002331 0.004435	0.000000 0.000000	0.001489 0.004436	0.000000 0.000000	0.000000 0.000000	0.002289 0.004429	
4 32 2 2.310000	0.901855 0.000389	0.186658 0.000701	0.014036 0.008685	0.001174 0.002350	0.000974 0.002380	0.001704 0.005111	0.000000 0.000000	0.002026 0.002056	0.000900 0.002700	0.000000 0.000000	0.000000 0.000000	
4 32 2 2.320000	0.899853 0.000474	0.190264 0.000853	0.014555 0.002606	0.005301 0.009825	0.000474 0.001421	0.000000 0.000000	0.000545 0.001635	0.001610 0.004830	0.002387 0.007160	0.004846 0.007640	0.002967 0.008660	
4 32 2 2.330000	0.897817 0.000368	0.193924 0.000660	0.007932 0.005900	0.001652 0.004956	0.000263 0.000788	0.001315 0.003946	0.000000 0.000000	0.003232 0.009697	0.001522 0.004567	0.002150 0.004718	0.000000 0.000000	
4 32 2 2.340000	0.895675 0.000345	0.197767 0.000618	0.010450 0.006628	0.003255 0.005476	0.000839 0.002516	0.004213 0.002892	-0.000249 0.000746	0.003594 0.007384	-0.000039 0.000139	0.000887 0.001634	0.002810 0.005300	
4 32 2 2.350000	0.893735 0.000101	0.201238 0.000181	0.012979 0.005986	0.011557 0.008091	0.000662 0.001985	0.000328 0.002328	0.001033 0.003100	0.000000 0.000000	0.000000 0.000000	0.000000 0.000000	0.001587 0.004050	
4 32 2 2.360000	0.891188 0.000211	0.205784 0.000376	0.010784 0.005883	0.003570 0.008873	0.002088 0.004401	-0.000393 0.001179	0.002611 0.004628	0.003249 0.004833	0.000000 0.000000	0.002120 0.003773	0.003207 0.007603	
4 32 2 2.370000	0.889305 0.000158	0.209137 0.000280	0.012153 0.009995	0.006105 0.007411	0.002409 0.007227	0.004432 0.005378	0.001632 0.004896	0.000830 0.002489	0.000118 0.000353	0.003259 0.009777	0.001203 0.003610	
4 32 2 2.380000	0.887356 0.000314	0.212599 0.000558	0.012099 0.009922	0.002153 0.006459	0.003810 0.007062	0.001433 0.004299	0.000333 0.008352	0.000399 0.000766	0.000661 0.004082	0.002567 0.007702	0.005126 0.006457	
4 32 2 2.390000	0.884791 0.000225	0.217144 0.000398	0.013957 0.009656	0.008227 0.005877	0.002928 0.004657	0.003183 0.006249	0.002092 0.004290	0.002424 0.005846	0.000000 0.000000	0.003057 0.003578	0.001105 0.003316	
4 32 2 2.400000	0.882446 0.000743	0.221290 0.001311	0.015525 0.007545	0.004331 0.007582	0.001173 0.003519	0.002592 0.007777	0.000496 0.001489	0.002243 0.003626	0.001538 0.003362	0.002194 0.006582	0.003217 0.005910	
4 32 2 2.410000	0.880465 0.000582	0.224781 0.001024	0.014589 0.005686	0.000201 0.000603	0.000000 0.000000	0.002962 0.008886	0.003851 0.006744	0.000060 0.000180	0.000000 0.000000	0.003774 0.004540	0.002961 0.004608	
4 32 2 2.420000	0.877742 0.000155	0.229569 0.000273	0.017532 0.003849	0.002995 0.008985	-0.000172 0.000515	0.002658 0.007975	0.000000 0.000000	0.000000 0.000000	0.001103 0.003308	0.000947 0.002842	0.000995 0.002985	
4 32 2 2.430000	0.875529 0.000170	0.233450 0.000297	0.015404 0.004206	0.000000 0.000000	0.000000 0.000000	0.003290 0.005603	0.000982 0.002947	0.000369 0.001553	0.001586 0.002526	0.003304 0.009913	0.001292 0.003877	
4 32 2 2.440000	0.872924 0.000114	0.238004 0.000200	0.015258 0.003903	0.000429 0.001286	0.000000 0.000000	0.002298 0.008468	-0.000021 0.000064	0.000930 0.002790	-0.000067 0.000200	0.000000 0.000000	0.004447 0.007790	
4 32 2 2.450000	0.870558 0.000488	0.242128 0.000849	0.015371 0.005213	0.004622 0.009274	0.000093 0.000961	0.002669 0.007292	0.002806 0.008197	0.000000 0.000000	0.003194 0.002207	0.000000 0.000000	0.001722 0.005167	
4 32 2 2.460000	0.867716 0.000257	0.247069 0.000446	0.018198 0.003560	0.008217 0.007051	0.001135 0.002553	0.001397 0.008602	0.001485 0.004454	0.002028 0.004918	0.000951 0.002852	0.000000 0.000000	0.000000 0.000000	
4 32 2 2.470000	0.865587 0.000322	0.250758 0.000557	0.023425 0.007230	0.000000 0.000000	0.002972 0.008915	0.000000 0.000000	0.000445 0.000942	0.000739 0.002216	0.004897 0.007435	0.000000 0.000000	0.000000 0.000000	
4 32 2 2.480000	0.862859 0.000726	0.255474 0.001253	0.019562 0.002692	0.003659 0.001174	0.002772 0.009370	0.001667 0.005002	0.002057 0.002441	0.000428 0.001283	0.000945 0.002835	0.000000 0.000000	0.003227 0.009680	
4 32 2 2.490000	0.860155 0.000475	0.260133 0.000817	0.020083 0.002479	0.004120 0.006841	0.003609 0.007290	0.003166 0.004160	0.002029 0.006088	0.000788 0.002365	0.003825 0.007953	0.004204 0.005664	0.001593 0.004780	
4 32 2 2.500000	0.857377 0.000054	0.264905 0.000092	0.020413 0.008607	0.003190 0.007862	0.001499 0.004498	0.002681 0.008043	0.001374 0.004121	0.002626 0.004921	0.000000 0.000000	0.000687 0.002062	0.005189 0.007921	
4 32 2 2.510000	0.854741 0.000493	0.269418 0.000843	0.023251 0.000787	0.005614 0.009481	0.000130 0.000390	0.000000 0.000000	0.000004 0.000011	0.005357 0.008103	0.000000 0.000000	0.000363 0.001090	0.002936 0.008808	
4 32 2 2.520000	0.852060 0.000551	0.273994 0.000940	0.020779 0.005223	0.005405 0.008804	0.000089 0.000266	0.000985 0.002954	0.000073 0.000220	0.000827 0.000629	0.002174 0.006522	0.001481 0.004444	0.000000 0.000000	
4 32 2 2.530000	0.849378 0.000289	0.278557 0.000491	0.020680 0.009832	0.002284 0.005482	0.001699 0.004549	0.002419 0.004804	0.003632 0.003167	0.000000 0.000000	0.002449 0.005732	0.000644 0.001932	0.000000 0.000000	
4 32 2 2.540000	0.846422 0.000217	0.283569 0.000368	0.014540 0.008651	0.002167 0.004635	0.002738 0.007959	0.003418 0.009567	0.000547 0.001641	0.002374 0.007123	0.000308 0.000925	0.004516 0.009523	0.002518 0.007554	
4 32 2 2.550000	0.843555 0.000561	0.288415 0.000947	0.022040 0.002865	0.002094 0.006282	0.000000 0.000000	0.002116 0.006348	0.001972 0.005917	0.001382 0.004147	0.000000 0.000000	0.003872 0.006262	0.001675 0.006727	
4 32 2 2.560000	0.840374 0.000413	0.293772 0.000694	0.022962 0.009909	0.003959 0.009852	0.000000 0.000000	0.002724 0.008172	0.001355 0.004066	0.003207 0.009622	0.000000 0.000000	0.000000 0.000000	0.003940 0.008281	
