4 24 100 0.000000	0.998255 0.005002	0.003482 0.009981	0.000876 0.002476	0.000155 0.000465	0.000000 0.000000	0.000071 0.000212	0.000000 0.000000	0.000155 0.000465	0.000768 0.002305	0.000320 0.000749	0.000000 0.000000	
4 24 100 0.010000	0.974004 0.004875	0.051312 0.009502	0.000000 0.000000	0.000000 0.000000	0.000000 0.000000	0.000000 0.000000	0.000000 0.000000	0.000000 0.000000	0.001906 0.005719	0.000000 0.000000	0.000000 0.000000	
4 24 100 0.020000	0.983898 0.004285	0.031941 0.008432	0.000000 0.000000	0.002200 0.005942	0.000000 0.000000	0.000998 0.002995	0.000000 0.000000	0.000000 0.000000	0.000000 0.000000	0.000000 0.000000	0.003279 0.009836	
4 24 100 0.030000	0.993525 0.005022	0.012902 0.009988	0.000000 0.000000	0.000966 0.001814	0.000647 0.001942	0.000484 0.001452	0.001098 0.003295	0.000961 0.002883	0.002639 0.004487	0.000594 0.001781	0.002330 0.006991	
4 24 100 0.040000	0.996333 0.004968	0.007315 0.009906	0.001435 0.004305	0.000554 0.001083	0.000000 0.000000	0.000000 0.000000	0.000000 0.000000	0.000175 0.000524	0.000475 0.001424	0.000000 0.000000	0.000541 0.001054	
4 24 100 0.050000	0.998328 0.005010	0.003332 0.009995	0.000000 0.000000	0.000000 0.000000	0.000000 0.000000	0.000000 0.000000	0.001102 0.003305	0.001981 0.005942	0.001641 0.004923	0.001948 0.005845	0.000000 0.000000	
4 24 100 0.060000	0.996046 0.004995	0.007888 0.009957	0.000502 0.001506	0.000000 0.000000	0.000000 0.000000	0.000000 0.000000	0.000250 0.000751	0.000803 0.002408	0.000000 0.000000	0.000328 0.000985	0.000770 0.001586	
4 24 100 0.070000	0.995772 0.004997	0.008435 0.009952	0.000000 0.000000	0.000000 0.000000	0.000000 0.000000	0.000265 0.000796	0.000271 0.000812	0.000000 0.000000	0.000000 0.000000	0.001231 0.003693	0.000258 0.000775	
4 24 100 0.080000	0.986992 0.004752	0.025843 0.009375	0.001270 0.002255	0.000000 0.000000	0.001049 0.003147	0.000000 0.000000	0.000000 0.000000	0.000000 0.000000	0.000465 0.001395	0.000000 0.000000	0.000000 0.000000	
4 24 100 0.090000	0.996824 0.005010	0.006338 0.009993	0.000000 0.000000	0.000275 0.000825	0.000000 0.000000	0.000181 0.000543	0.000000 0.000000	0.000000 0.000000	0.000000 0.000000	0.000049 0.000148	0.000145 0.000434	
4 24 100 0.100000	0.998247 0.004967	0.003477 0.009969	0.000859 0.002391	0.000370 0.001109	0.000000 0.000000	0.000000 0.000000	0.000000 0.000000	0.000000 0.000000	0.000000 0.000000	0.000000 0.000000	0.000000 0.000000	
4 24 100 0.110000	0.997067 0.004973	0.005853 0.009912	0.000166 0.000498	0.000000 0.000000	0.000913 0.002739	0.000000 0.000000	0.000000 0.000000	0.000275 0.000824	0.001606 0.002863	0.000659 0.001977	0.000000 0.000000	
4 24 100 0.120000	0.997886 0.004965	0.004220 0.009903	0.001294 0.003422	0.000553 0.001658	0.000400 0.001201	0.000869 0.002606	0.000000 0.000000	0.000000 0.000000	0.000398 0.001194	0.000000 0.000000	0.000000 0.000000	
4 24 100 0.130000	0.995305 0.004947	0.009363 0.009856	0.000267 0.000800	0.000000 0.000000	0.000000 0.000000	0.000000 0.000000	0.000000 0.000000	0.000000 0.000000	0.000000 0.000000	0.000794 0.001663	0.000625 0.001875	
4 24 100 0.140000	0.996368 0.004995	0.007246 0.009951	0.000000 0.000000	0.000043 0.000130	0.000000 0.000000	0.000000 0.000000	0.000697 0.001551	0.000000 0.000000	0.000000 0.000000	0.000000 0.000000	0.000000 0.000000	
4 24 100 0.150000	0.998319 0.004945	0.003354 0.009867	0.000047 0.000142	0.000000 0.000000	0.000000 0.000000	0.000000 0.000000	0.000590 0.001770	0.000000 0.000000	0.001398 0.004193	0.002117 0.006351	0.001362 0.004086	
4 24 100 0.160000	0.972887 0.005046	0.053486 0.009813	0.000000 0.000000	0.002204 0.004957	0.004520 0.007172	0.001084 0.003251	0.000000 0.000000	0.002182 0.006545	0.000000 0.000000	0.000000 0.000000	0.002140 0.004563	
4 24 100 0.170000	0.993782 0.004941	0.012393 0.009824	0.000701 0.002103	0.001277 0.002344	0.000000 0.000000	0.000176 0.000529	0.000000 0.000000	0.000442 0.001325	0.000419 0.001256	0.000000 0.000000	0.000368 0.001105	
4 24 100 0.180000	0.997192 0.005011	0.005604 0.009991	0.001339 0.002915	0.000131 0.000393	0.000000 0.000000	0.000000 0.000000	0.000000 0.000000	0.000000 0.000000	0.000316 0.000947	0.001392 0.002762	0.002063 0.003594	
4 24 100 0.190000	0.995426 0.004730	0.009123 0.009416	0.000389 0.001167	0.000690 0.002069	0.000000 0.000000	0.000760 0.002279	0.000382 0.001146	0.000889 0.002666	0.001045 0.003136	0.000000 0.000000	0.000000 0.000000	
4 24 100 0.200000	0.998327 0.004897	0.003321 0.009823	0.000000 0.000000	0.000000 0.000000	0.000000 0.000000	0.000000 0.000000	0.000000 0.000000	0.000000 0.000000	0.000172 0.000515	0.000000 0.000000	0.000000 0.000000	
4 24 100 0.210000	0.964506 0.001900	0.069727 0.003665	0.006018 0.009329	0.000000 0.000000	0.000000 0.000000	0.000000 0.000000	0.003278 0.007629	0.003496 0.007449	0.001324 0.003973	0.002703 0.008109	0.003545 0.007726	
4 24 100 0.220000	0.998060 0.004945	0.003872 0.009864	0.000000 0.000000	0.000000 0.000000	0.000000 0.000000	0.000000 0.000000	0.000841 0.002213	0.000000 0.000000	0.000000 0.000000	0.000000 0.000000	0.000000 0.000000	
4 24 100 0.230000	0.989423 0.005016	0.021037 0.009917	0.002219 0.003660	0.000000 0.000000	0.000000 0.000000	0.001815 0.005445	0.001358 0.002844	0.000653 0.001960	0.000499 0.000796	0.002597 0.007790	0.002351 0.007053	
4 24 100 0.240000	0.995927 0.005003	0.008124 0.009971	0.000594 0.000967	0.000000 0.000000	0.000000 0.000000	0.000800 0.001654	0.000000 0.000000	0.002086 0.006259	0.000184 0.000552	0.000969 0.002907	0.000448 0.001344	
4 24 100 0.250000	0.997467 0.004914	0.005055 0.009799	0.000377 0.001131	0.000000 0.000000	0.000000 0.000000	0.000000 0.000000	0.000000 0.000000	0.000000 0.000000	0.000000 0.000000	0.000249 0.000746	0.000166 0.000497	
4 24 100 0.260000	0.992441 0.004914	0.015056 0.009751	0.001266 0.002003	0.000000 0.000000	0.002081 0.003325	0.000676 0.002028	0.001356 0.002339	0.001801 0.005403	0.001898 0.005695	0.000880 0.002641	0.001744 0.003289	
4 24 100 0.270000	0.997899 0.004972	0.004193 0.009916	0.000400 0.001201	0.000145 0.000436	0.000850 0.001079	0.000000 0.000000	0.000000 0.000000	0.000000 0.000000	0.001203 0.003609	0.000583 0.001749	0.000000 0.000000	
4 24 100 0.280000	0.997684 0.005004	0.004621 0.009977	0.000000 0.000000	0.000000 0.000000	0.000000 0.000000	0.000000 0.000000	0.000000 0.000000	0.000183 0.000549	0.000815 0.002126	0.000419 0.001256	0.000000 0.000000	
4 24 100 0.290000	0.998299 0.004914	0.003393 0.009806	0.000000 0.000000	0.000000 0.000000	0.000000 0.000000	0.000000 0.000000	0.000000 0.000000	0.000000 0.000000	0.000000 0.000000	0.000000 0.000000	0.000000 0.000000	
4 24 100 0.300000	0.992895 0.004946	0.014155 0.009823	0.001667 0.003186	0.001601 0.002894	0.000768 0.002305	0.000918 0.002753	0.000000 0.000000	0.000000 0.000000	0.000000 0.000000	0.000000 0.000000	0.000000 0.000000	
4 24 100 0.310000	0.995694 0.004996	0.008589 0.009946	0.000662 0.001985	0.000881 0.002642	0.001343 0.004029	0.000000 0.000000	0.002047 0.004216	0.000396 0.001187	0.000852 0.002556	0.000876 0.002627	0.000118 0.000355	
4 24 100 0.320000	0.996961 0.005010	0.006065 0.009992	0.000944 0.001866	0.000999 0.002997	0.001765 0.003440	0.000000 0.000000	0.000193 0.000580	0.000455 0.001364	0.000274 0.000823	0.000329 0.000986	0.000042 0.000125	
4 24 100 0.330000	0.997134 0.004994	0.005720 0.009961	0.000213 0.000638	0.000255 0.000766	0.000255 0.000766	0.000000 0.000000	0.000550 0.001650	0.000727 0.001443	0.000173 0.000518	0.000000 0.000000	0.000226 0.000678	
4 24 100 0.340000	0.995862 0.004926	0.008255 0.009809	0.000568 0.001703	0.000000 0.000000	0.000000 0.000000	0.000266 0.000799	0.000314 0.000943	0.000000 0.000000	0.000000 0.000000	0.000162 0.000485	0.000000 0.000000	
4 24 100 0.350000	0.988576 0.004906	0.022713 0.009693	0.003671 0.003505	0.001858 0.003713	0.001820 0.004296	0.001285 0.002824	0.001867 0.003581	0.001055 0.002434	0.002264 0.004992	0.000000 0.000000	0.001313 0.003938	
4 24 100 0.360000	0.996527 0.004993	0.006929 0.009954	0.000871 0.001600	0.000000 0.000000	0.000000 0.000000	0.000425 0.001275	0.000118 0.000355	0.000202 0.000606	0.000000 0.000000	0.001438 0.002501	0.000217 0.000650	
4 24 100 0.370000	0.992401 0.004931	0.015135 0.009780	0.002087 0.003993	0.000584 0.001752	0.002270 0.002847	0.000309 0.000928	0.000000 0.000000	0.001328 0.003554	0.000893 0.002218	0.000963 0.002890	0.000619 0.001546	
4 24 100 0.380000	0.997042 0.004978	0.005904 0.009928	0.000189 0.000568	0.000693 0.002079	0.000146 0.000438	0.000871 0.002612	0.000921 0.002764	0.000114 0.000341	0.000048 0.000144	0.000000 0.000000	0.000168 0.000503	
4 24 100 0.390000	0.985011 0.004983	0.029750 0.009815	0.003100 0.005353	0.004773 0.008746	0.002594 0.004493	0.002254 0.005467	0.002442 0.002103	0.002364 0.002455	0.003186 0.009558	0.001159 0.003478	0.001459 0.003657	
4 24 100 0.400000	0.980254 0.004116	0.039099 0.008072	0.001953 0.005860	0.001922 0.003428	0.003782 0.009975	0.000364 0.001091	0.002599 0.007798	0.002434 0.005244	0.001725 0.005176	0.001415 0.004245	0.000722 0.002165	
4 24 100 0.410000	0.063280 0.009275	0.995981 0.001167	0.102827 0.004955	0.032962 0.007029	0.027126 0.004093	0.020700 0.007376	0.019662 0.000432	0.013097 0.004557	0.012143 0.007840	0.011301 0.008050	0.007373 0.003252	
4 24 100 0.420000	0.042064 0.009191	0.998216 0.000765	0.087189 0.005009	0.026162 0.003072	0.019765 0.004790	0.012863 0.002533	0.009748 0.006347	0.010758 0.001044	0.007812 0.007610	0.004445 0.001221	0.004782 0.006027	
4 24 100 0.430000	0.995792 0.004978	0.008393 0.009911	0.001256 0.001532	0.001135 0.002646	0.001485 0.003907	0.001332 0.002596	0.000413 0.001238	0.000656 0.001597	0.000693 0.002078	0.000000 0.000000	0.000297 0.000890	
