4 32 5 0.000000	1.000000 0.000001	0.000000 0.000000	0.000000 0.000000	0.000000 0.000000	0.000000 0.000000	0.000000 0.000000	0.000000 0.000000	0.000000 0.000000	0.000000 0.000000	0.000000 0.000000	0.000000 0.000000	
4 32 5 0.010000	1.000000 0.000000	0.000000 0.000000	0.000000 0.000000	0.000000 0.000000	0.000000 0.000000	0.000000 0.000000	0.000000 0.000000	0.000000 0.000000	0.000000 0.000000	0.000000 0.000000	0.000000 0.000000	
4 32 5 0.020000	1.000000 0.000000	0.000000 0.000000	0.000000 0.000000	0.000000 0.000000	0.000000 0.000000	0.000000 0.000000	0.000000 0.000000	0.000000 0.000000	0.000000 0.000000	0.000000 0.000000	0.000000 0.000000	
4 32 5 0.030000	0.999982 0.000053	0.000035 0.000105	0.000035 0.000105	0.000000 0.000000	0.000000 0.000000	0.000035 0.000105	0.000035 0.000105	0.000000 0.000000	0.000035 0.000105	0.000035 0.000105	0.000000 0.000000	
4 32 5 0.040000	1.000000 0.000000	0.000000 0.000000	0.000000 0.000000	0.000000 0.000000	0.000000 0.000000	0.000000 0.000000	0.000000 0.000000	0.000000 0.000000	0.000000 0.000000	0.000000 0.000000	0.000000 0.000000	
4 32 5 0.050000	0.999991 0.000027	0.000000 0.000000	0.000000 0.000000	0.000000 0.000000	0.000000 0.000000	0.000000 0.000000	0.000000 0.000000	0.000000 0.000000	0.000000 0.000000	0.000000 0.000000	0.000000 0.000000	
4 32 5 0.060000	0.999660 0.001021	0.000680 0.002041	0.000000 0.000000	0.000000 0.000000	0.000000 0.000000	0.000000 0.000000	0.000000 0.000000	0.000000 0.000000	0.000000 0.000000	0.000000 0.000000	0.000000 0.000000	
4 32 5 0.070000	1.000000 0.000000	0.000000 0.000000	0.000000 0.000000	0.000000 0.000000	0.000000 0.000000	0.000000 0.000000	0.000000 0.000000	0.000000 0.000000	0.000000 0.000000	0.000000 0.000000	0.000000 0.000000	
4 32 5 0.080000	0.999688 0.000917	0.000614 0.001843	0.000000 0.000000	0.000000 0.000000	0.000000 0.000000	0.000000 0.000000	0.000000 0.000000	0.000093 0.000280	0.000000 0.000000	0.000000 0.000000	0.000000 0.000000	
4 32 5 0.090000	0.999957 0.000128	0.000085 0.000255	0.000085 0.000255	0.000000 0.000000	0.000085 0.000255	0.000085 0.000255	0.000000 0.000000	0.000085 0.000255	0.000085 0.000255	0.000000 0.000000	0.000085 0.000255	
4 32 5 0.100000	0.999999 0.000003	0.000000 0.000000	0.000000 0.000000	0.000000 0.000000	0.000000 0.000000	0.000000 0.000000	0.000000 0.000000	0.000000 0.000000	0.000000 0.000000	0.000000 0.000000	0.000000 0.000000	
4 32 5 0.110000	0.999972 0.000085	0.000057 0.000170	0.000057 0.000170	0.000057 0.000170	0.000057 0.000170	0.000000 0.000000	0.000057 0.000170	0.000057 0.000170	0.000057 0.000170	0.000057 0.000170	0.000057 0.000170	
4 32 5 0.120000	0.999982 0.000055	0.000036 0.000109	0.000036 0.000109	0.000036 0.000109	0.000036 0.000109	0.000036 0.000109	0.000036 0.000109	0.000000 0.000000	0.000000 0.000000	0.000000 0.000000	0.000036 0.000109	
4 32 5 0.130000	1.000000 0.000001	0.000000 0.000000	0.000000 0.000000	0.000000 0.000000	0.000000 0.000000	0.000000 0.000000	0.000000 0.000000	0.000000 0.000000	0.000000 0.000000	0.000000 0.000000	0.000000 0.000000	
4 32 5 0.140000	0.998349 0.004952	0.003293 0.009880	0.000000 0.000000	0.000000 0.000000	0.000000 0.000000	0.000000 0.000000	0.000000 0.000000	0.000000 0.000000	0.000000 0.000000	0.000000 0.000000	0.000000 0.000000	
4 32 5 0.150000	0.999460 0.001513	0.001079 0.003023	0.000071 0.000214	0.000071 0.000214	0.000071 0.000214	0.000071 0.000214	0.000071 0.000214	0.000071 0.000214	0.000071 0.000214	0.000071 0.000214	0.000071 0.000214	
4 32 5 0.160000	0.998736 0.003793	0.002524 0.007572	0.000000 0.000000	0.000000 0.000000	0.000000 0.000000	0.000000 0.000000	0.000000 0.000000	0.000000 0.000000	0.000000 0.000000	0.000000 0.000000	0.000000 0.000000	
4 32 5 0.170000	1.000000 0.000001	0.000000 0.000000	0.000000 0.000000	0.000000 0.000000	0.000000 0.000000	0.000000 0.000000	0.000000 0.000000	0.000000 0.000000	0.000000 0.000000	0.000000 0.000000	0.000000 0.000000	
4 32 5 0.180000	0.999999 0.000001	0.000000 0.000000	0.000000 0.000000	0.000000 0.000000	0.000000 0.000000	0.000000 0.000000	0.000000 0.000000	0.000000 0.000000	0.000000 0.000000	0.000000 0.000000	0.000000 0.000000	
4 32 5 0.190000	1.000000 0.000000	0.000000 0.000000	0.000000 0.000000	0.000000 0.000000	0.000000 0.000000	0.000000 0.000000	0.000000 0.000000	0.000000 0.000000	0.000000 0.000000	0.000000 0.000000	0.000000 0.000000	
4 32 5 0.200000	0.998980 0.003060	0.002037 0.006111	0.000000 0.000000	0.000000 0.000000	0.000000 0.000000	0.000000 0.000000	0.000000 0.000000	0.000000 0.000000	0.000000 0.000000	0.000000 0.000000	0.000000 0.000000	
4 32 5 0.210000	0.999957 0.000130	0.000087 0.000261	0.000087 0.000261	0.000000 0.000000	0.000087 0.000261	0.000000 0.000000	0.000087 0.000261	0.000087 0.000261	0.000087 0.000261	0.000087 0.000261	0.000087 0.000261	
4 32 5 0.220000	0.999861 0.000337	0.000278 0.000673	0.000054 0.000162	0.000000 0.000000	0.000000 0.000000	0.000000 0.000000	0.000174 0.000361	0.000174 0.000361	0.000054 0.000162	0.000000 0.000000	0.000000 0.000000	
4 32 5 0.230000	0.999997 0.000007	0.000000 0.000000	0.000000 0.000000	0.000000 0.000000	0.000000 0.000000	0.000000 0.000000	0.000000 0.000000	0.000000 0.000000	0.000000 0.000000	0.000000 0.000000	0.000000 0.000000	
4 32 5 0.240000	0.999893 0.000320	0.000213 0.000640	0.000000 0.000000	0.000000 0.000000	0.000109 0.000328	0.000000 0.000000	0.000109 0.000328	0.000109 0.000328	0.000000 0.000000	0.000213 0.000640	0.000000 0.000000	
4 32 5 0.250000	0.999924 0.000200	0.000136 0.000407	0.000000 0.000000	0.000000 0.000000	0.000000 0.000000	0.000000 0.000000	0.000000 0.000000	0.000136 0.000407	0.000000 0.000000	0.000136 0.000407	0.000000 0.000000	
4 32 5 0.260000	0.999998 0.000003	0.000000 0.000000	0.000000 0.000000	0.000000 0.000000	0.000000 0.000000	0.000000 0.000000	0.000000 0.000000	0.000000 0.000000	0.000000 0.000000	0.000000 0.000000	0.000000 0.000000	
4 32 5 0.270000	0.999369 0.001851	0.001233 0.003699	0.000000 0.000000	0.000000 0.000000	0.000000 0.000000	0.000000 0.000000	0.000000 0.000000	0.000000 0.000000	0.000000 0.000000	0.000000 0.000000	0.000000 0.000000	
4 32 5 0.280000	0.999791 0.000619	0.000413 0.001238	0.000000 0.000000	0.000204 0.000613	0.000000 0.000000	0.000000 0.000000	0.000000 0.000000	0.000000 0.000000	0.000000 0.000000	0.000204 0.000613	0.000000 0.000000	
4 32 5 0.290000	0.999999 0.000003	0.000000 0.000000	0.000000 0.000000	0.000000 0.000000	0.000000 0.000000	0.000000 0.000000	0.000000 0.000000	0.000000 0.000000	0.000000 0.000000	0.000000 0.000000	0.000000 0.000000	
4 32 5 0.300000	0.998649 0.004048	0.002693 0.008079	0.000000 0.000000	0.000000 0.000000	0.000000 0.000000	0.000000 0.000000	0.000000 0.000000	0.000000 0.000000	0.000000 0.000000	0.000000 0.000000	0.000000 0.000000	
4 32 5 0.310000	0.999990 0.000029	0.000000 0.000000	0.000000 0.000000	0.000000 0.000000	0.000000 0.000000	0.000000 0.000000	0.000000 0.000000	0.000000 0.000000	0.000000 0.000000	0.000000 0.000000	0.000000 0.000000	
4 32 5 0.320000	0.999991 0.000017	0.000000 0.000000	0.000000 0.000000	0.000000 0.000000	0.000000 0.000000	0.000000 0.000000	0.000000 0.000000	0.000000 0.000000	0.000000 0.000000	0.000000 0.000000	0.000000 0.000000	
4 32 5 0.330000	0.999969 0.000038	0.000036 0.000107	0.000036 0.000107	0.000036 0.000107	0.000036 0.000107	0.000036 0.000107	0.000036 0.000107	0.000000 0.000000	0.000036 0.000107	0.000036 0.000107	0.000036 0.000107	
4 32 5 0.340000	0.999993 0.000014	0.000000 0.000000	0.000000 0.000000	0.000000 0.000000	0.000000 0.000000	0.000000 0.000000	0.000000 0.000000	0.000000 0.000000	0.000000 0.000000	0.000000 0.000000	0.000000 0.000000	
4 32 5 0.350000	0.999969 0.000069	0.000046 0.000138	0.000000 0.000000	0.000000 0.000000	0.000046 0.000138	0.000000 0.000000	0.000000 0.000000	0.000000 0.000000	0.000000 0.000000	0.000000 0.000000	0.000046 0.000138	
4 32 5 0.360000	0.998551 0.004158	0.002892 0.008299	0.000089 0.000157	0.000089 0.000157	0.000052 0.000157	0.000089 0.000157	0.000052 0.000157	0.000000 0.000000	0.000089 0.000157	0.000089 0.000157	0.000037 0.000110	
4 32 5 0.370000	0.998435 0.004689	0.003119 0.009356	0.000000 0.000000	0.000000 0.000000	0.002056 0.006169	0.000000 0.000000	0.000000 0.000000	0.000000 0.000000	0.000000 0.000000	0.002140 0.006419	0.001931 0.005794	
4 32 5 0.380000	0.999111 0.002668	0.001776 0.005329	0.001151 0.003454	0.000000 0.000000	0.001047 0.003142	0.001360 0.004079	0.001082 0.003246	0.001290 0.003871	0.001151 0.003454	0.000000 0.000000	0.000000 0.000000	
4 32 5 0.390000	1.000000 0.000000	0.000000 0.000000	0.000000 0.000000	0.000000 0.000000	0.000000 0.000000	0.000000 0.000000	0.000000 0.000000	0.000000 0.000000	0.000000 0.000000	0.000000 0.000000	0.000000 0.000000	
4 32 5 0.400000	0.999993 0.000011	0.000000 0.000000	0.000000 0.000000	0.000000 0.000000	0.000000 0.000000	0.000000 0.000000	0.000000 0.000000	0.000000 0.000000	0.000000 0.000000	0.000000 0.000000	0.000000 0.000000	
4 32 5 0.410000	0.999971 0.000084	0.000056 0.000168	0.000056 0.000168	0.000056 0.000168	0.000000 0.000000	0.000056 0.000168	0.000056 0.000168	0.000056 0.000168	0.000056 0.000168	0.000056 0.000168	0.000056 0.000168	
4 32 5 0.420000	0.999988 0.000018	0.000000 0.000000	0.000000 0.000000	0.000000 0.000000	0.000000 0.000000	0.000000 0.000000	0.000000 0.000000	0.000000 0.000000	0.000000 0.000000	0.000000 0.000000	0.000000 0.000000	
4 32 5 0.430000	0.999489 0.001467	0.001019 0.002935	0.000666 0.001998	0.000000 0.000000	0.000666 0.001998	0.000666 0.001998	0.000811 0.002310	0.000000 0.000000	0.000041 0.000123	0.000811 0.002310	0.000770 0.002310	
4 32 5 0.440000	0.999976 0.000072	0.000048 0.000145	0.000048 0.000145	0.000048 0.000145	0.000048 0.000145	0.000000 0.000000	0.000048 0.000145	0.000048 0.000145	0.000048 0.000145	0.000048 0.000145	0.000048 0.000145	
4 32 5 0.450000	0.999778 0.000665	0.000443 0.001330	0.000000 0.000000	0.000443 0.001330	0.000000 0.000000	0.000000 0.000000	0.000000 0.000000	0.000000 0.000000	0.000339 0.001017	0.000000 0.000000	0.000131 0.000392	
4 32 5 0.460000	0.999948 0.000133	0.000089 0.000266	0.000089 0.000266	0.000000 0.000000	0.000089 0.000266	0.000000 0.000000	0.000000 0.000000	0.000000 0.000000	0.000000 0.000000	0.000089 0.000266	0.000000 0.000000	
4 32 5 0.470000	0.999986 0.000042	0.000000 0.000000	0.000000 0.000000	0.000000 0.000000	0.000000 0.000000	0.000000 0.000000	0.000000 0.000000	0.000000 0.000000	0.000000 0.000000	0.000000 0.000000	0.000000 0.000000	
4 32 5 0.480000	0.999929 0.000138	0.000107 0.000322	0.000000 0.000000	0.000000 0.000000	0.000000 0.000000	0.000000 0.000000	0.000000 0.000000	0.000000 0.000000	0.000000 0.000000	0.000107 0.000322	0.000107 0.000322	
4 32 5 0.490000	0.999149 0.001426	0.001675 0.002929	0.000386 0.001159	0.000000 0.000000	0.000000 0.000000	0.000282 0.000847	0.000595 0.001784	0.000491 0.001472	0.000491 0.001472	0.000000 0.000000	0.000595 0.001784	
4 32 5 0.500000	0.998993 0.002827	0.002011 0.005648	0.001698 0.004710	0.000320 0.000960	0.000000 0.000000	0.000000 0.000000	0.000737 0.002210	0.000112 0.000335	0.000737 0.002210	0.000737 0.002210	0.000841 0.002523	
4 32 5 0.510000	0.999751 0.000423	0.000498 0.000846	0.000159 0.000348	0.000043 0.000128	0.000131 0.000393	0.000247 0.000393	0.000351 0.000661	0.000174 0.000393	0.000043 0.000128	0.000043 0.000128	0.000043 0.000128	
4 32 5 0.520000	0.999933 0.000090	0.000120 0.000221	0.000046 0.000138	0.000046 0.000138	0.000046 0.000138	0.000046 0.000138	0.000046 0.000138	0.000046 0.000138	0.000046 0.000138	0.000000 0.000000	0.000046 0.000138	
4 32 5 0.530000	0.999928 0.000092	0.000127 0.000237	0.000000 0.000000	0.000048 0.000143	0.000000 0.000000	0.000048 0.000143	0.000127 0.000237	0.000048 0.000143	0.000048 0.000143	0.000127 0.000237	0.000048 0.000143	
4 32 5 0.540000	0.999721 0.000591	0.000557 0.001182	0.000349 0.000557	0.000435 0.001304	0.000371 0.000992	0.000349 0.000557	0.000453 0.000870	0.000475 0.001304	0.000371 0.000992	0.000331 0.000992	0.000000 0.000000	
4 32 5 0.550000	0.999711 0.000753	0.000577 0.001506	0.000075 0.000224	0.000000 0.000000	0.000075 0.000224	0.000000 0.000000	0.000000 0.000000	0.000000 0.000000	0.000085 0.000256	0.000000 0.000000	0.000075 0.000224	
4 32 5 0.560000	0.999100 0.001353	0.001796 0.002710	0.000684 0.002053	0.000268 0.000803	0.000754 0.002053	0.000476 0.001428	0.000789 0.002366	0.000268 0.000803	0.000580 0.001741	0.000000 0.000000	0.000372 0.001116	
4 32 5 0.570000	0.999724 0.000658	0.000548 0.001326	0.000000 0.000000	0.000000 0.000000	0.000000 0.000000	0.000000 0.000000	0.000000 0.000000	0.000000 0.000000	0.000000 0.000000	0.000106 0.000317	0.000000 0.000000	
4 32 5 0.580000	0.998725 0.003096	0.002546 0.006181	0.000325 0.000975	0.000117 0.000350	0.000221 0.000662	0.000221 0.000662	0.000080 0.000240	0.000000 0.000000	0.000301 0.000662	0.000080 0.000240	0.000117 0.000350	
4 32 5 0.590000	0.999991 0.000005	0.000000 0.000000	0.000000 0.000000	0.000000 0.000000	0.000000 0.000000	0.000000 0.000000	0.000000 0.000000	0.000000 0.000000	0.000000 0.000000	0.000000 0.000000	0.000000 0.000000	
4 32 5 0.600000	0.999362 0.001466	0.001275 0.002930	0.000858 0.001680	0.000000 0.000000	0.000846 0.002538	0.000858 0.002109	0.000000 0.000000	0.001170 0.002618	0.000962 0.002422	0.000116 0.000232	0.000780 0.001913	
4 32 5 0.610000	0.999629 0.000923	0.000733 0.001869	0.000213 0.000331	0.000519 0.001556	0.000206 0.000619	0.000110 0.000331	0.000110 0.000331	0.000110 0.000331	0.000110 0.000331	0.000110 0.000331	0.000310 0.000931	
4 32 5 0.620000	0.999032 0.002007	0.001935 0.004010	0.001310 0.002447	0.000380 0.000794	0.001091 0.003105	0.000306 0.000917	0.000779 0.002167	0.000894 0.000885	0.000779 0.001855	0.000306 0.000917	0.000618 0.001855	
4 32 5 0.630000	0.999543 0.001152	0.000904 0.002330	0.000000 0.000000	0.000256 0.000767	0.000152 0.000455	0.000000 0.000000	0.000000 0.000000	0.000128 0.000383	0.000175 0.000383	0.000000 0.000000	0.000000 0.000000	
4 32 5 0.640000	0.998261 0.004384	0.003472 0.008749	0.002088 0.006056	0.002248 0.005892	0.002189 0.005713	0.002986 0.008958	0.003327 0.008958	0.002059 0.005967	0.002986 0.008958	0.000486 0.001248	0.002445 0.005847	
4 32 5 0.650000	0.999899 0.000229	0.000169 0.000507	0.000000 0.000000	0.000000 0.000000	0.000000 0.000000	0.000000 0.000000	0.000000 0.000000	0.000000 0.000000	0.000000 0.000000	0.000000 0.000000	0.000000 0.000000	
4 32 5 0.660000	0.999608 0.000561	0.000765 0.001180	0.000000 0.000000	0.000268 0.000803	0.000453 0.000803	0.000268 0.000803	0.000557 0.001116	0.000244 0.000491	0.000289 0.000867	0.000372 0.001116	0.000557 0.000867	
4 32 5 0.670000	0.998690 0.003788	0.002588 0.007638	0.000000 0.000000	0.000042 0.000126	0.000042 0.000126	0.000042 0.000126	0.000042 0.000126	0.000042 0.000126	0.000042 0.000126	0.000042 0.000126	0.000042 0.000126	
4 32 5 0.680000	0.999151 0.001732	0.001667 0.003553	0.000482 0.001446	0.000000 0.000000	0.000000 0.000000	0.000378 0.001134	0.000937 0.001991	0.000625 0.001134	0.000000 0.000000	0.000065 0.000196	0.000378 0.001134	
4 32 5 0.690000	0.998405 0.002528	0.003185 0.005046	0.002769 0.004421	0.001002 0.001720	0.001002 0.002535	0.000689 0.001285	0.001262 0.003785	0.000685 0.001127	0.001835 0.004097	0.000741 0.002222	0.001210 0.001910	
4 32 5 0.700000	0.999338 0.001329	0.001323 0.002657	0.000135 0.000405	0.000912 0.002330	0.000355 0.000767	0.000256 0.000767	0.000563 0.001392	0.000182 0.000405	0.000251 0.000455	0.000147 0.000298	0.000703 0.001392	
4 32 5 0.710000	0.999740 0.000524	0.000520 0.001048	0.000041 0.000124	0.000041 0.000124	0.000041 0.000124	0.000328 0.000860	0.000088 0.000264	0.000088 0.000264	0.000391 0.001172	0.000129 0.000264	0.000129 0.000264	
4 32 5 0.720000	0.998947 0.002448	0.002103 0.004890	0.000217 0.000414	0.000496 0.001487	0.001340 0.003674	0.000738 0.001487	0.000391 0.001174	0.000000 0.000000	0.000000 0.000000	0.000195 0.000347	0.000358 0.000726	
4 32 5 0.730000	0.998851 0.001899	0.002296 0.003793	0.000562 0.001686	0.000145 0.000436	0.000145 0.000436	0.000914 0.001998	0.000562 0.001686	0.000172 0.000393	0.000000 0.000000	0.000000 0.000000	0.001291 0.003873	
4 32 5 0.740000	0.999400 0.001508	0.001199 0.003013	0.000194 0.000583	0.000109 0.000196	0.000429 0.000700	0.000000 0.000000	0.000563 0.001583	0.000065 0.000195	0.000065 0.000196	0.000000 0.000000	0.000115 0.000195	
4 32 5 0.750000	0.998542 0.003728	0.002910 0.007440	0.000212 0.000341	0.000212 0.000341	0.000114 0.000341	0.000203 0.000608	0.000203 0.000608	0.000203 0.000608	0.000000 0.000000	0.000212 0.000341	0.000316 0.000608	
4 32 5 0.760000	0.999572 0.000897	0.000856 0.001792	0.000140 0.000232	0.000078 0.000235	0.000182 0.000314	0.000182 0.000314	0.000105 0.000314	0.000105 0.000314	0.000078 0.000232	0.000000 0.000000	0.000161 0.000314	
4 32 5 0.770000	0.998406 0.002751	0.003184 0.005492	0.000296 0.000529	0.000072 0.000217	0.000801 0.002404	0.000593 0.001779	0.001025 0.002717	0.000906 0.002717	0.000817 0.002092	0.000000 0.000000	0.000281 0.000842	
4 32 5 0.780000	0.999371 0.000897	0.001257 0.001793	0.000482 0.000915	0.000378 0.000915	0.000177 0.000531	0.000177 0.000531	0.000305 0.000915	0.000482 0.000915	0.000378 0.000602	0.000073 0.000219	0.000177 0.000531	
4 32 5 0.790000	0.998728 0.002849	0.002542 0.005688	0.000127 0.000382	0.000075 0.000226	0.000840 0.001001	0.001086 0.003258	0.000127 0.000382	0.001049 0.001626	0.000849 0.002320	0.000000 0.000000	0.001265 0.003570	
4 32 5 0.800000	0.999105 0.001191	0.001788 0.002381	0.000167 0.000501	0.000000 0.000000	0.000790 0.001751	0.000375 0.001126	0.001000 0.003001	0.000479 0.001438	0.000063 0.000188	0.000102 0.000307	0.000165 0.000307	
4 32 5 0.810000	0.998721 0.002833	0.002554 0.005657	0.000312 0.000935	0.000000 0.000000	0.000300 0.000591	0.000196 0.000310	0.000208 0.000623	0.000000 0.000000	0.000000 0.000000	0.000000 0.000000	0.000197 0.000591	
4 32 5 0.820000	0.999491 0.000617	0.001019 0.001233	0.000075 0.000224	0.000128 0.000383	0.000237 0.000433	0.000000 0.000000	0.000406 0.000782	0.000093 0.000278	0.000000 0.000000	0.000145 0.000435	0.000150 0.000278	
4 32 5 0.830000	0.998023 0.002401	0.003949 0.004794	0.000544 0.001633	0.001065 0.003196	0.000593 0.001567	0.000753 0.002258	0.002421 0.005071	0.000070 0.000211	0.000210 0.000630	0.001274 0.003821	0.001658 0.001735	
4 32 5 0.840000	0.998662 0.002913	0.002672 0.005816	0.000198 0.000593	0.001105 0.001676	0.000045 0.000134	0.000906 0.002718	0.000526 0.000416	0.000238 0.000714	0.000396 0.000625	0.000922 0.001581	0.000101 0.000302	
4 32 5 0.850000	0.996888 0.000634	0.006215 0.001265	0.002331 0.004449	0.000887 0.001949	0.000650 0.001949	0.000134 0.000401	0.001066 0.003199	0.001498 0.003199	0.001185 0.003199	0.001379 0.004136	0.000545 0.001636	
4 32 5 0.860000	0.998999 0.001121	0.002001 0.002240	0.000538 0.001614	0.000150 0.000451	0.000584 0.001301	0.000254 0.000763	0.000000 0.000000	0.000150 0.000451	0.000000 0.000000	0.000647 0.000764	0.000272 0.000815	
4 32 5 0.870000	0.998262 0.002306	0.003472 0.004604	0.000000 0.000000	0.000294 0.000712	0.000000 0.000000	0.000369 0.001108	0.000369 0.001108	0.000919 0.001420	0.000000 0.000000	0.000000 0.000000	0.000630 0.001409	
4 32 5 0.880000	0.997758 0.004798	0.004475 0.009566	0.001547 0.004082	0.000000 0.000000	0.000510 0.000870	0.000000 0.000000	0.001998 0.005020	0.000718 0.001180	0.000301 0.000868	0.000000 0.000000	0.000000 0.000000	
4 32 5 0.890000	0.998949 0.000976	0.002101 0.001950	0.000273 0.000818	0.000000 0.000000	0.000481 0.001443	0.000000 0.000000	0.000273 0.000818	0.000000 0.000000	0.000000 0.000000	0.000064 0.000193	0.000377 0.001130	
4 32 5 0.900000	0.997891 0.004166	0.004211 0.008308	0.000018 0.000055	0.000000 0.000000	0.000404 0.001213	0.000154 0.000463	0.000000 0.000000	0.000138 0.000415	0.000488 0.001463	0.000000 0.000000	0.000610 0.001118	
4 32 5 0.910000	0.996818 0.002835	0.006351 0.005655	0.001935 0.003592	0.000842 0.002525	0.000000 0.000000	0.001093 0.003279	0.000372 0.000963	0.000946 0.002838	0.000738 0.002213	0.000572 0.001717	0.001571 0.004713	
4 32 5 0.920000	0.997812 0.003261	0.004370 0.006506	0.000880 0.002639	0.000000 0.000000	-0.000162 0.000486	0.000000 0.000000	0.000359 0.001076	0.000000 0.000000	0.000880 0.002639	0.000000 0.000000	0.000000 0.000000	
4 32 5 0.930000	0.995016 0.004828	0.009938 0.009602	0.000000 0.000000	0.004109 0.009715	0.002234 0.005548	0.002058 0.006173	0.003970 0.007319	0.002266 0.006798	0.002856 0.008569	0.001537 0.004611	0.002856 0.008569	
4 32 5 0.940000	0.997680 0.001375	0.004635 0.002744	0.000000 0.000000	0.000000 0.000000	0.000000 0.000000	0.000356 0.001069	0.000000 0.000000	0.000000 0.000000	0.000183 0.000549	0.000000 0.000000	0.000495 0.001486	
4 32 5 0.950000	0.995036 0.003861	0.009900 0.007686	0.000660 0.001981	0.001285 0.003856	0.001447 0.002293	0.000683 0.002048	0.003218 0.006199	0.000348 0.001043	0.002014 0.006043	0.000578 0.001735	0.002280 0.005887	
4 32 5 0.960000	0.998086 0.001367	0.003824 0.002728	0.000000 0.000000	0.000615 0.001845	0.000681 0.001677	0.000105 0.000624	0.000490 0.001470	0.001733 0.002126	0.000087 0.000261	0.000399 0.001198	0.000000 0.000000	
4 32 5 0.970000	0.994914 0.004358	0.010141 0.008666	0.001336 0.002828	0.002373 0.007119	0.000000 0.000000	0.001151 0.003453	0.002269 0.006807	0.000915 0.002744	0.001019 0.003057	0.000000 0.000000	0.004149 0.009619	
4 32 5 0.980000	0.996619 0.004562	0.006746 0.009090	0.000621 0.001862	0.000725 0.002175	0.000623 0.001654	0.001123 0.001800	0.000621 0.001862	0.000000 0.000000	0.000107 0.000320	0.000162 0.000486	0.000329 0.000987	
4 32 5 0.990000	0.997289 0.003431	0.005413 0.006839	0.000947 0.001454	0.000167 0.000502	0.000790 0.002370	0.000770 0.001495	0.000000 0.000000	0.000000 0.000000	0.000324 0.000971	0.001260 0.001908	0.001173 0.002027	
4 32 5 1.000000	0.995951 0.003897	0.008079 0.007762	0.000443 0.001328	0.001434 0.002578	0.000000 0.000000	0.000852 0.002556	0.000000 0.000000	0.000577 0.001730	0.000305 0.000915	0.000000 0.000000	0.000000 0.000000	
4 32 5 1.010000	0.997950 0.000305	0.004096 0.000608	0.000082 0.000245	0.000582 0.001745	0.000936 0.002808	0.000394 0.001183	0.000142 0.000426	0.000000 0.000000	0.000519 0.001558	0.000229 0.000687	0.000151 0.000538	
4 32 5 1.020000	0.996008 0.003212	0.007966 0.006398	0.001452 0.002206	0.000509 0.001526	0.000248 0.000745	0.000769 0.002307	0.000457 0.001370	0.000000 0.000000	0.000300 0.000901	0.000404 0.001213	0.000613 0.001838	
4 32 5 1.030000	0.995757 0.004385	0.008464 0.008727	0.000000 0.000000	0.000000 0.000000	0.000000 0.000000	0.000000 0.000000	0.000000 0.000000	0.000424 0.001271	0.000000 0.000000	0.000000 0.000000	0.000215 0.000646	
4 32 5 1.040000	0.995936 0.002182	0.008110 0.004347	0.000000 0.000000	0.000608 0.001825	0.000000 0.000000	0.000712 0.002137	0.001129 0.003387	0.000000 0.000000	0.000087 0.000262	0.000000 0.000000	0.000000 0.000000	
4 32 5 1.050000	0.994933 0.004938	0.010104 0.009820	0.000000 0.000000	0.001733 0.003967	0.002260 0.006780	0.003093 0.009280	0.002260 0.006780	0.002253 0.004905	0.000000 0.000000	0.002483 0.001799	0.000802 0.002405	
4 32 5 1.060000	0.995869 0.003177	0.008243 0.006326	0.000000 0.000000	0.001195 0.001922	0.000000 0.000000	0.001773 0.004226	0.001681 0.004018	0.000818 0.002455	0.002063 0.001416	0.003191 0.004384	0.001200 0.002351	
4 32 5 1.070000	0.996882 0.000539	0.006227 0.001075	0.000406 0.001218	0.000007 0.000020	0.000000 0.000000	0.000970 0.002911	0.000410 0.001230	0.000984 0.002190	0.000035 0.000105	0.000000 0.000000	0.000305 0.000730	
4 32 5 1.080000	0.995306 0.004500	0.009362 0.008950	0.000724 0.002172	0.001290 0.003430	0.001216 0.003648	0.000393 0.001179	0.000702 0.002106	0.000000 0.000000	0.001057 0.003172	0.000140 0.000419	0.000000 0.000000	
4 32 5 1.090000	0.995132 0.002964	0.009710 0.005897	0.001473 0.002244	0.000000 0.000000	0.000155 0.000465	0.001248 0.003770	0.000294 0.000882	0.000000 0.000000	0.000028 0.000083	0.000000 0.000000	-0.000015 0.000046	
4 32 5 1.100000	0.994356 0.002792	0.011256 0.005551	0.000000 0.000000	0.001880 0.005760	0.000511 0.001533	0.000000 0.000000	0.001033 0.002502	0.000988 0.001711	0.000744 0.002232	0.000000 0.000000	0.000327 0.000982	
4 32 5 1.110000	0.993871 0.005019	0.012215 0.009971	0.000949 0.001512	0.000608 0.001825	0.001726 0.004533	0.001317 0.002867	0.000261 0.000783	0.000000 0.000000	0.001539 0.003700	0.000000 0.000000	0.000000 0.000000	
4 32 5 1.120000	0.991914 0.004900	0.016103 0.009715	0.001764 0.005293	0.000000 0.000000	0.001556 0.004668	0.000514 0.001543	0.000671 0.002012	0.001504 0.004512	0.001816 0.005449	0.001556 0.004668	0.000000 0.000000	
4 32 5 1.130000	0.995093 0.000773	0.009791 0.001538	0.002195 0.003520	0.000730 0.001467	0.000984 0.002206	0.000000 0.000000	0.000561 0.001682	0.000931 0.002128	0.000355 0.001065	0.000000 0.000000	0.001113 0.002593	
4 32 5 1.140000	0.995035 0.000250	0.009905 0.000498	0.000036 0.000108	0.000286 0.000858	0.000338 0.001013	0.001465 0.003669	0.000136 0.000409	0.000478 0.001247	0.000170 0.000510	0.000000 0.000000	0.000736 0.002207	
4 32 5 1.150000	0.994849 0.000259	0.010276 0.000515	0.000000 0.000000	0.000444 0.001331	0.000311 0.000933	0.000305 0.000914	0.000624 0.001872	0.000987 0.002961	0.000158 0.000473	0.000397 0.000963	0.000255 0.000764	
4 32 5 1.160000	0.993325 0.002415	0.013304 0.004797	0.000699 0.002096	0.001103 0.003309	0.001692 0.005075	0.000546 0.001638	0.000240 0.000721	0.000000 0.000000	0.001142 0.002784	0.000642 0.001221	0.000000 0.000000	
4 32 5 1.170000	0.988327 0.004280	0.023205 0.008463	0.002267 0.006801	0.000465 0.001394	0.001590 0.004770	0.001225 0.003676	0.001225 0.003676	0.003257 0.009770	0.000000 0.000000	0.000000 0.000000	0.002163 0.006489	
4 32 5 1.180000	0.993479 0.000616	0.012999 0.001223	0.000000 0.000000	0.001186 0.003559	0.001038 0.003115	0.000590 0.001771	0.001352 0.003412	0.000900 0.001814	0.000000 0.000000	0.000000 0.000000	0.001791 0.005226	
4 32 5 1.190000	0.991195 0.004527	0.017530 0.008973	0.000548 0.001645	0.001485 0.003207	0.001221 0.003663	0.000804 0.002413	0.001380 0.003728	0.002276 0.004228	0.002894 0.005707	0.000992 0.002976	0.001173 0.003520	
4 32 5 1.200000	0.991572 0.003648	0.016782 0.007231	0.002656 0.006847	0.000002 0.000007	0.000000 0.000000	0.000000 0.000000	0.001105 0.002507	0.000000 0.000000	0.000937 0.002811	0.000237 0.000710	0.004366 0.009374	
4 32 5 1.210000	0.991893 0.001008	0.016148 0.001999	0.001105 0.003316	0.000017 0.000051	0.000000 0.000000	0.002287 0.005170	0.000316 0.000949	0.001898 0.004348	0.001219 0.003656	0.000415 0.001245	0.000000 0.000000	
4 32 5 1.220000	0.990318 0.004662	0.019266 0.009229	0.006303 0.003630	0.000839 0.002164	0.002805 0.008414	0.001049 0.001773	0.001899 0.004716	0.000591 0.001773	0.001555 0.004664	0.002722 0.007164	0.005004 0.000847	
4 32 5 1.230000	0.988657 0.004267	0.022554 0.008442	0.000783 0.002348	0.000314 0.000942	0.000000 0.000000	0.000748 0.002244	0.000679 0.002036	0.000000 0.000000	0.001822 0.003431	0.000731 0.002192	0.001474 0.004421	
4 32 5 1.240000	0.987575 0.003208	0.024694 0.006335	0.000141 0.000422	0.002505 0.004530	0.003944 0.005005	0.001144 0.001821	0.000974 0.002922	0.002342 0.004110	0.002516 0.007547	0.004962 0.009110	0.002215 0.002088	
4 32 5 1.250000	0.971451 0.002393	0.056282 0.004650	0.000000 0.000000	0.000000 0.000000	0.000000 0.000000	0.000000 0.000000	0.000000 0.000000	0.000000 0.000000	0.000000 0.000000	0.000000 0.000000	0.000000 0.000000	
4 32 5 1.260000	0.989055 0.002145	0.021768 0.004241	0.002662 0.007386	0.000722 0.000804	0.000000 0.000000	0.003722 0.005569	0.001375 0.004060	0.003126 0.005491	0.003270 0.001611	0.002268 0.004618	0.002759 0.004708	
4 32 5 1.270000	0.988592 0.003408	0.022683 0.006735	0.000000 0.000000	0.000246 0.000737	0.000000 0.000000	0.000432 0.001295	0.001137 0.003412	0.000707 0.002120	0.000000 0.000000	0.000967 0.002901	0.001783 0.005349	
4 32 5 1.280000	0.986110 0.004666	0.027583 0.009207	0.000000 0.000000	0.001238 0.003715	0.004870 0.004898	0.002894 0.004651	0.002481 0.004797	0.002646 0.004164	0.003063 0.005337	0.002316 0.005943	0.002091 0.003494	
4 32 5 1.290000	0.987505 0.001729	0.024832 0.003413	0.002207 0.004523	0.001577 0.004730	0.002380 0.005250	0.001816 0.002879	0.000000 0.000000	0.000000 0.000000	0.001388 0.004165	0.000000 0.000000	0.000000 0.000000	
4 32 5 1.300000	0.984935 0.003923	0.029900 0.007725	0.005656 0.004928	0.002339 0.005397	0.004752 0.008546	0.004093 0.007601	0.003271 0.006022	0.001192 0.003577	0.002132 0.006397	0.002026 0.004493	0.001965 0.002999	
4 32 5 1.310000	0.986706 0.001586	0.026410 0.003129	0.001522 0.004261	-0.000063 0.000188	0.001457 0.004371	0.000496 0.001488	0.000000 0.000000	0.000000 0.000000	0.000682 0.002046	-0.000067 0.000200	0.000000 0.000000	
4 32 5 1.320000	0.985067 0.004804	0.029637 0.009458	0.002618 0.005558	0.001947 0.007391	0.001376 0.004129	0.002101 0.006303	0.002930 0.006496	0.002438 0.007313	0.002991 0.008972	0.002782 0.008347	0.001853 0.005558	
4 32 5 1.330000	0.984935 0.003177	0.029901 0.006254	0.002673 0.006652	0.000948 0.002845	0.003597 0.006808	0.002056 0.006169	0.002788 0.008634	0.000189 0.000568	0.000000 0.000000	0.001469 0.004408	0.001811 0.003527	
4 32 5 1.340000	0.984173 0.001076	0.031403 0.002119	0.000000 0.000000	0.000415 0.000742	0.001052 0.002572	0.000000 0.000000	0.001278 0.003833	0.000000 0.000000	0.000515 0.001545	0.001929 0.005786	0.000000 0.000000	
4 32 5 1.350000	0.982517 0.004652	0.034657 0.009137	0.000000 0.000000	0.001082 0.003247	0.000564 0.001693	0.002626 0.007782	0.000000 0.000000	0.001904 0.005713	0.002466 0.007399	0.000000 0.000000	0.000000 0.000000	
4 32 5 1.360000	0.982334 0.002182	0.035018 0.004288	0.002844 0.005288	0.001548 0.003782	0.000601 0.001802	0.000317 0.000951	0.001832 0.005107	0.000910 0.002731	0.004001 0.006452	0.000000 0.000000	0.000996 0.002989	
4 32 5 1.370000	0.981276 0.004975	0.037093 0.009756	0.003728 0.008268	0.001298 0.003893	0.003650 0.001683	0.000180 0.000541	0.002797 0.007226	0.001295 0.003884	0.004123 0.007608	0.004040 0.009241	0.002298 0.006895	
4 32 5 1.380000	0.978743 0.003125	0.042061 0.006115	0.000000 0.000000	0.000000 0.000000	0.000271 0.000812	0.000000 0.000000	0.002532 0.007596	0.003845 0.007049	0.003498 0.005721	0.000000 0.000000	0.000000 0.000000	
4 32 5 1.390000	0.974501 0.004935	0.050344 0.009616	0.000266 0.000798	0.000000 0.000000	0.002029 0.007097	0.002909 0.008728	0.002759 0.004718	0.001577 0.004730	0.001156 0.003468	0.000000 0.000000	0.003026 0.009078	
4 32 5 1.400000	0.978609 0.003203	0.042323 0.006268	0.000000 0.000000	0.001022 0.003065	0.001689 0.005066	0.000000 0.000000	0.000000 0.000000	0.003651 0.006662	0.001609 0.004826	0.001567 0.004701	0.000963 0.002889	
4 32 5 1.410000	0.978180 0.003692	0.043161 0.007218	0.001540 0.004620	0.000000 0.000000	0.001404 0.004211	0.003181 0.006768	0.000101 0.000304	0.001369 0.004107	0.000967 0.002901	0.001373 0.004120	0.002720 0.008160	
4 32 5 1.420000	0.977006 0.002674	0.045458 0.005224	0.001888 0.005663	0.000388 0.001163	0.000846 0.002538	0.003073 0.006850	0.000988 0.002964	0.002961 0.008882	0.000751 0.002254	0.001701 0.005104	0.000000 0.000000	
4 32 5 1.430000	0.976677 0.000779	0.046103 0.001521	0.002493 0.007480	0.000735 0.002205	0.000564 0.001693	0.000000 0.000000	0.003328 0.005138	0.003911 0.009388	0.001718 0.005153	0.000063 0.000188	0.000108 0.000324	
4 32 5 1.440000	0.973694 0.002964	0.051918 0.005774	0.000000 0.000000	0.002857 0.008570	0.001105 0.003315	0.000000 0.000000	0.000000 0.000000	0.000000 0.000000	0.000284 0.000852	0.000888 0.002665	0.000000 0.000000	
4 32 5 1.450000	0.973794 0.002085	0.051724 0.004062	0.000929 0.002787	0.002968 0.007567	0.002905 0.008715	0.000000 0.000000	0.001253 0.003758	0.000000 0.000000	0.001878 0.005633	0.000948 0.002844	0.000836 0.001693	
4 32 5 1.460000	0.972693 0.001829	0.053868 0.003557	0.000384 0.001151	0.000596 0.001787	0.000531 0.001592	0.000109 0.000328	0.003779 0.007725	0.003807 0.006899	0.000000 0.000000	0.000000 0.000000	0.000000 0.000000	
4 32 5 1.470000	0.971089 0.004934	0.056981 0.009576	0.003839 0.008375	0.000955 0.002417	0.000000 0.000000	0.001720 0.005160	0.000812 0.002436	0.002164 0.006493	0.000105 0.000316	0.000000 0.000000	0.001073 0.003219	
4 32 5 1.480000	0.970654 0.001838	0.057830 0.003569	0.003273 0.007220	0.002545 0.003205	0.000000 0.000000	0.000000 0.000000	0.000619 0.001858	0.001729 0.002813	0.001604 0.003348	0.000000 0.000000	0.001722 0.005167	
4 32 5 1.490000	0.967889 0.003840	0.063188 0.007437	0.000468 0.001404	0.002290 0.005395	0.000000 0.000000	0.000273 0.000820	0.003155 0.007180	0.000519 0.001557	0.003900 0.006108	0.000780 0.002340	0.001095 0.003286	
4 32 5 1.500000	0.968004 0.003454	0.062965 0.006684	0.004214 0.008841	0.000000 0.000000	0.000000 0.000000	0.002313 0.006940	0.001340 0.002421	0.000000 0.000000	0.002244 0.003410	0.000525 0.001574	0.000000 0.000000	
4 32 5 1.510000	0.967785 0.000404	0.063393 0.000782	0.000476 0.001428	0.000084 0.000253	0.001103 0.003308	0.003416 0.009635	0.002720 0.003212	0.000832 0.002496	0.000098 0.000222	0.000236 0.000707	0.001347 0.002823	
4 32 5 1.520000	0.965036 0.002589	0.068704 0.004995	0.000000 0.000000	0.000000 0.000000	0.000353 0.001058	0.002198 0.006595	0.000000 0.000000	0.001096 0.003287	0.000000 0.000000	0.000345 0.001034	0.002469 0.007408	
4 32 5 1.530000	0.960735 0.003158	0.076986 0.006067	0.003934 0.009182	0.000000 0.000000	0.000000 0.000000	0.000000 0.000000	0.000000 0.000000	0.000000 0.000000	0.000000 0.000000	0.000000 0.000000	0.000000 0.000000	
4 32 5 1.540000	0.963213 0.000693	0.072220 0.001336	0.000338 0.001014	0.003022 0.009065	-0.000119 0.000357	0.001921 0.005762	0.005075 0.008392	0.001154 0.001868	0.002729 0.004577	0.001248 0.003743	0.005815 0.009462	
4 32 5 1.550000	0.961129 0.001495	0.076231 0.002875	0.001355 0.004065	0.000000 0.000000	0.000000 0.000000	0.000843 0.002529	0.000000 0.000000	0.001131 0.002264	0.000000 0.000000	-0.000130 0.000390	0.000856 0.002568	
4 32 5 1.560000	0.959284 0.001902	0.079773 0.003650	0.005413 0.009447	0.003265 0.005159	0.000000 0.000000	0.001566 0.004697	0.000000 0.000000	0.000000 0.000000	0.000000 0.000000	0.000000 0.000000	0.004414 0.007793	
4 32 5 1.570000	0.956536 0.001825	0.085038 0.003492	0.003315 0.008717	0.001806 0.005419	0.000000 0.000000	0.000093 0.000280	0.001338 0.004015	0.001254 0.003763	0.003266 0.006992	0.000000 0.000000	0.000345 0.001036	
4 32 5 1.580000	0.955311 0.005192	0.087375 0.009912	0.007443 0.005559	0.006928 0.005085	0.000000 0.000000	0.001875 0.005626	0.000921 0.002764	0.000907 0.002720	0.003058 0.009174	0.001887 0.005660	0.000000 0.000000	
4 32 5 1.590000	0.954390 0.003619	0.089138 0.006904	0.002161 0.004457	0.000000 0.000000	0.001462 0.003322	0.004060 0.009135	0.000797 0.002390	0.000809 0.002426	0.001394 0.004181	0.000000 0.000000	0.001240 0.003721	
4 32 5 1.600000	0.949296 0.003599	0.098835 0.006831	0.002576 0.007727	0.000000 0.000000	0.000000 0.000000	0.000000 0.000000	0.000000 0.000000	0.000000 0.000000	0.002849 0.008548	0.000000 0.000000	0.000000 0.000000	
4 32 5 1.610000	0.950320 0.002147	0.096891 0.004080	0.002321 0.004335	0.001263 0.003789	0.000000 0.000000	0.002424 0.007273	0.001963 0.005888	0.001200 0.003601	0.000588 0.001765	0.000000 0.000000	0.000237 0.000711	
4 32 5 1.620000	0.947985 0.003692	0.101323 0.006998	0.002681 0.008044	0.000000 0.000000	0.000401 0.001202	0.000000 0.000000	0.000178 0.000534	0.000000 0.000000	0.000439 0.001316	0.001853 0.003357	0.000000 0.000000	
4 32 5 1.630000	0.947836 0.000514	0.101607 0.000975	0.003068 0.009205	0.000000 0.000000	0.002257 0.003739	0.005051 0.009750	0.000000 0.000000	0.002254 0.006762	0.001668 0.004433	0.000917 0.001539	0.000381 0.001142	
4 32 5 1.640000	0.945670 0.000495	0.105708 0.000937	0.002238 0.004303	0.002191 0.006573	0.002073 0.005877	0.002255 0.006765	0.002328 0.006297	0.001014 0.001868	0.004014 0.009545	0.003121 0.004251	0.002943 0.006167	
4 32 5 1.650000	0.941269 0.003943	0.114010 0.007423	0.002704 0.005259	0.001208 0.003108	0.000000 0.000000	0.001006 0.003018	0.001150 0.001975	0.000000 0.000000	0.002415 0.007245	0.000000 0.000000	0.000137 0.000412	
4 32 5 1.660000	0.938299 0.005080	0.119591 0.009529	0.002175 0.004690	0.000000 0.000000	0.000000 0.000000	0.000000 0.000000	0.002175 0.006525	0.000404 0.001212	0.000000 0.000000	0.004924 0.009893	0.001375 0.004125	
4 32 5 1.670000	0.938277 0.001857	0.119635 0.003484	0.004343 0.008879	0.000708 0.002125	0.000000 0.000000	0.000535 0.001605	0.002037 0.006112	0.002348 0.007044	0.000501 0.001502	0.000000 0.000000	0.000863 0.002590	
4 32 5 1.680000	0.934268 0.002660	0.127142 0.004972	0.002699 0.008098	0.000000 0.000000	0.000000 0.000000	0.000190 0.000571	0.000798 0.002394	0.000000 0.000000	0.000000 0.000000	0.000000 0.000000	0.000000 0.000000	
4 32 5 1.690000	0.932432 0.001284	0.130570 0.002395	0.002319 0.006958	0.001573 0.004718	0.000000 0.000000	0.001937 0.005812	0.000000 0.000000	0.002996 0.008989	0.000198 0.000595	0.000000 0.000000	0.003025 0.005395	
4 32 5 1.700000	0.931461 0.000188	0.132381 0.000349	0.005803 0.009803	0.002003 0.006171	0.000000 0.000000	0.000391 0.001172	0.000543 0.001629	0.002335 0.004094	0.000000 0.000000	0.000476 0.001429	0.002927 0.005226	
4 32 5 1.710000	0.926683 0.005102	0.141253 0.009450	0.004966 0.007803	0.000000 0.000000	0.000000 0.000000	0.001624 0.003763	0.000037 0.000112	0.001823 0.005007	0.000000 0.000000	0.000000 0.000000	0.000000 0.000000	
4 32 5 1.720000	0.925975 0.000918	0.142571 0.001700	0.003745 0.009399	0.000862 0.001738	0.002227 0.004590	0.000278 0.000834	0.001573 0.004720	0.000217 0.000651	0.001387 0.004028	0.000000 0.000000	0.001995 0.003835	
4 32 5 1.730000	0.922450 0.001392	0.149085 0.002568	0.009077 0.009758	0.000000 0.000000	0.000000 0.000000	0.001364 0.004093	0.000646 0.001938	0.000000 0.000000	0.002546 0.007639	0.003392 0.009432	0.001515 0.004544	
4 32 5 1.740000	0.920083 0.000863	0.153447 0.001587	0.003934 0.009338	0.000843 0.002529	0.000861 0.002584	0.000000 0.000000	0.000628 0.001883	0.000000 0.000000	0.000000 0.000000	0.000428 0.001283	0.001001 0.001790	
4 32 5 1.750000	0.914463 0.005262	0.163752 0.009617	0.005266 0.006846	0.002857 0.005163	0.000000 0.000000	0.000000 0.000000	0.000000 0.000000	0.000000 0.000000	0.000000 0.000000	0.000748 0.002245	0.004370 0.008619	
4 32 5 1.760000	0.913122 0.001323	0.166208 0.002416	0.005924 0.006424	0.000000 0.000000	0.000000 0.000000	0.000000 0.000000	0.002553 0.007658	0.000000 0.000000	0.000333 0.000999	0.001836 0.005509	0.001392 0.004176	
4 32 5 1.770000	0.904068 0.003389	0.182660 0.006128	0.013128 0.009785	0.002478 0.007433	0.000000 0.000000	0.001019 0.003058	0.002096 0.006289	0.000000 0.000000	0.002362 0.007086	0.000811 0.002432	0.002041 0.006123	
4 32 5 1.780000	0.905243 0.002737	0.180534 0.004954	0.013653 0.003708	0.000000 0.000000	0.000000 0.000000	0.003311 0.009933	0.000000 0.000000	0.001276 0.003829	0.000000 0.000000	0.000000 0.000000	0.000000 0.000000	
4 32 5 1.790000	0.900875 0.002358	0.188424 0.004247	0.007535 0.001362	0.002254 0.006763	0.002983 0.008950	0.000000 0.000000	0.000000 0.000000	0.003081 0.009244	0.000000 0.000000	0.000000 0.000000	0.000000 0.000000	
4 32 5 1.800000	0.898969 0.000884	0.191855 0.001589	0.006069 0.009547	0.000000 0.000000	0.000000 0.000000	0.001813 0.005439	0.000000 0.000000	0.000000 0.000000	0.000000 0.000000	0.000000 0.000000	0.000000 0.000000	
4 32 5 1.810000	0.893272 0.005422	0.202060 0.009680	0.009236 0.005385	0.002132 0.006395	0.000993 0.002980	0.000000 0.000000	0.000000 0.000000	0.000000 0.000000	0.000000 0.000000	0.000000 0.000000	0.000000 0.000000	
4 32 5 1.820000	0.891304 0.000466	0.205577 0.000830	0.008472 0.009483	0.000455 0.001364	0.000000 0.000000	0.000175 0.000526	0.000000 0.000000	0.002531 0.007593	0.000000 0.000000	0.000667 0.001112	0.000000 0.000000	
4 32 5 1.830000	0.885841 0.004288	0.215281 0.007591	0.011408 0.006355	0.000664 0.001992	0.003203 0.007796	0.000000 0.000000	0.000000 0.000000	0.000000 0.000000	0.000587 0.001761	0.000000 0.000000	0.000702 0.002105	
4 32 5 1.840000	0.882460 0.000473	0.221263 0.000834	0.010009 0.003704	0.000000 0.000000	0.002229 0.005791	0.000000 0.000000	0.001104 0.003312	0.000000 0.000000	0.000000 0.000000	0.000000 0.000000	0.003280 0.009841	
4 32 5 1.850000	0.875064 0.004462	0.234260 0.007807	0.014725 0.009587	0.000000 0.000000	0.001334 0.004001	0.001378 0.004133	0.000104 0.000313	0.000000 0.000000	0.002256 0.004155	0.000000 0.000000	0.000000 0.000000	
4 32 5 1.860000	0.870167 0.004921	0.242805 0.008561	0.018847 0.009720	0.002167 0.005149	0.000294 0.000882	0.000000 0.000000	0.002749 0.008246	0.000000 0.000000	0.000000 0.000000	0.000959 0.002877	0.002439 0.007316	
4 32 5 1.870000	0.861001 0.004746	0.258673 0.008174	0.014442 0.009772	0.000856 0.002569	0.000000 0.000000	0.000000 0.000000	0.000829 0.002486	0.002313 0.004788	0.000000 0.000000	0.000000 0.000000	0.000000 0.000000	
4 32 5 1.880000	0.860938 0.002490	0.258784 0.004287	0.015182 0.009951	0.000000 0.000000	0.000901 0.002704	0.000000 0.000000	0.000000 0.000000	0.001348 0.004043	0.000000 0.000000	0.002322 0.006967	0.001549 0.004648	
4 32 5 1.890000	0.851065 0.005309	0.275682 0.009027	0.020545 0.005393	0.000668 0.001347	0.002729 0.004640	0.003767 0.006002	0.001283 0.003850	0.000000 0.000000	0.001141 0.003423	0.003198 0.006082	0.004942 0.007843	
4 32 5 1.900000	0.003560 0.001481	0.999987 0.000011	0.148170 0.008825	0.026816 0.007372	0.008572 0.007392	0.001014 0.003043	0.000956 0.002567	0.002002 0.003091	-0.000051 0.000152	0.000780 0.002341	0.000414 0.001242	
4 32 5 1.910000	0.003265 0.001314	0.999989 0.000009	0.145906 0.009451	0.029920 0.003655	0.005973 0.007913	0.001304 0.004228	0.000803 0.002408	0.000888 0.002665	0.002206 0.002366	0.000805 0.001582	0.001623 0.002376	
4 32 5 1.920000	0.002116 0.001800	0.999995 0.000007	0.146419 0.008537	0.022912 0.002090	0.010203 0.004056	0.004129 0.007075	0.004199 0.007186	0.001699 0.006151	0.000000 0.000000	0.007113 0.009799	0.001076 0.003228	
4 32 5 1.930000	0.002675 0.000328	0.999993 0.000002	0.138066 0.007189	0.026798 0.004063	0.004923 0.008022	0.002365 0.007095	0.000740 0.002219	0.002225 0.002759	0.004280 0.008994	0.003086 0.006140	0.001236 0.003708	
4 32 5 1.940000	0.002547 0.000869	0.999993 0.000004	0.137891 0.009152	0.026641 0.003492	0.005461 0.005621	0.000296 0.000888	0.001024 0.002181	0.000924 0.002771	0.004744 0.009394	0.001764 0.000864	0.000415 0.001244	
4 32 5 1.950000	0.001959 0.001604	0.999996 0.000007	0.144527 0.009850	0.021350 0.002194	0.003824 0.004764	0.002964 0.003751	0.001195 0.003585	0.002499 0.007498	0.001298 0.002966	0.002498 0.005778	0.001388 0.004165	
4 32 5 1.960000	0.002774 0.001471	0.999992 0.000007	0.140929 0.007180	0.025461 0.002891	0.002104 0.004268	0.004400 0.007631	0.003444 0.009755	0.000000 0.000000	0.000907 0.002720	0.000476 0.001427	0.002265 0.001045	
4 32 5 1.970000	0.002048 0.001118	0.999996 0.000005	0.141179 0.007043	0.024910 0.007751	0.002102 0.006306	0.000000 0.000000	0.000871 0.001623	0.001798 0.003527	0.002328 0.008777	0.001405 0.004216	0.002799 0.004963	
4 32 5 1.980000	0.001969 0.000598	0.999996 0.000002	0.133670 0.001080	0.022458 0.002784	0.003662 0.003177	0.001913 0.005739	0.002293 0.006372	0.000000 0.000000	0.000000 0.000000	0.001811 0.005434	0.006059 0.007185	
4 32 5 1.990000	0.002206 0.001342	0.999995 0.000006	0.133756 0.009789	0.021731 0.006247	0.009407 0.003649	0.000727 0.001323	0.000000 0.000000	0.001377 0.006010	0.000000 0.000000	0.002382 0.005229	-0.000263 0.000789	
4 32 5 2.000000	0.002597 0.000723	0.999993 0.000004	0.134397 0.004986	0.021318 0.007041	0.001982 0.003560	0.000103 0.000308	0.000936 0.002808	0.000868 0.002605	0.001377 0.002153	0.001560 0.004679	0.001316 0.003947	
4 32 5 2.010000	0.002218 0.000212	0.999995 0.000001	0.133755 0.009630	0.021861 0.006109	0.003687 0.003481	0.000000 0.000000	0.002759 0.008276	0.000186 0.000558	0.002121 0.006140	0.001582 0.004439	0.003226 0.005777	
4 32 5 2.020000	0.002232 0.001408	0.999995 0.000007	0.129057 0.001321	0.023953 0.003282	0.007841 0.008811	0.002528 0.005710	0.002291 0.006872	0.003961 0.009268	0.003552 0.006791	0.003239 0.008358	0.000073 0.000220	
4 32 5 2.030000	0.002020 0.000921	0.999996 0.000004	0.127034 0.003169	0.022615 0.006566	0.007608 0.007621	0.003650 0.005534	0.000938 0.002570	0.001273 0.002237	0.000000 0.000000	0.000397 0.001192	0.000787 0.001739	
4 32 5 2.040000	0.002608 0.001468	0.999993 0.000008	0.127597 0.004679	0.023430 0.006258	0.000728 0.002183	0.004784 0.001250	0.002286 0.005300	0.001871 0.005612	0.003119 0.009058	0.000000 0.000000	0.005830 0.009371	
4 32 5 2.050000	0.002809 0.000225	0.999992 0.000001	0.124534 0.003438	0.019659 0.005251	0.000021 0.000548	0.000000 0.000000	0.000000 0.000000	0.004635 0.008664	0.000976 0.002929	0.000623 0.001868	0.002459 0.004125	
4 32 5 2.060000	0.002041 0.000917	0.999996 0.000004	0.125219 0.004641	0.020903 0.008440	0.002567 0.007702	0.002374 0.007121	0.001473 0.003018	0.003768 0.009953	0.002499 0.007496	0.000665 0.001994	0.000970 0.002910	
4 32 5 2.070000	0.001957 0.000746	0.999996 0.000003	0.127444 0.007575	0.017730 0.009764	0.002275 0.003612	0.004842 0.007809	0.002014 0.003591	-0.000240 0.000720	0.001739 0.005218	0.000698 0.002094	0.002975 0.006482	
4 32 5 2.080000	0.002145 0.001203	0.999995 0.000005	0.127933 0.007061	0.017058 0.005251	0.006023 0.005725	0.001934 0.005497	0.000000 0.000000	0.002206 0.006617	0.000705 0.002114	0.002770 0.008310	0.001224 0.003673	
4 32 5 2.090000	0.001958 0.000564	0.999996 0.000002	0.128121 0.008748	0.016543 0.002308	0.002273 0.005884	0.001592 0.004528	0.004078 0.008682	0.002067 0.004716	0.004279 0.009132	0.000118 0.000354	0.002505 0.004778	
4 32 5 2.100000	0.002164 0.000573	0.999995 0.000002	0.118456 0.005832	0.017229 0.002845	0.002352 0.006591	0.000585 0.002923	0.005264 0.009348	0.000981 0.003856	0.002581 0.008843	0.000445 0.001334	0.000000 0.000000	
4 32 5 2.110000	0.002041 0.000119	0.999996 0.000000	0.118341 0.009687	0.014764 0.006042	0.001509 0.004527	0.004634 0.004931	0.001957 0.005871	0.002335 0.007004	0.001451 0.002370	0.002137 0.005516	0.003175 0.006315	
4 32 5 2.120000	0.001821 0.000903	0.999997 0.000003	0.127309 0.008561	0.019684 0.006873	0.004059 0.002499	0.002945 0.006184	0.001822 0.005467	0.004216 0.008746	0.001248 0.003748	0.000000 0.000000	0.001727 0.003436	
4 32 5 2.130000	0.001897 0.000584	0.999996 0.000002	0.126679 0.006228	0.018073 0.008968	0.003740 0.005616	-0.000106 0.000317	0.000000 0.000000	0.001183 0.003550	0.003176 0.005566	0.000792 0.002376	0.000583 0.001750	
4 32 5 2.140000	0.001443 0.001098	0.999998 0.000003	0.121709 0.007994	0.019581 0.004776	0.000743 0.002228	0.000787 0.001784	0.001220 0.003659	-0.000035 0.000106	0.000519 0.002607	0.001804 0.002811	0.001502 0.004195	
4 32 5 2.150000	0.001261 0.000753	0.999998 0.000002	0.120276 0.003889	0.014130 0.008609	0.003055 0.009165	0.000000 0.000000	0.002682 0.005624	0.000879 0.002636	0.004340 0.007221	0.000572 0.001716	0.002765 0.006666	
4 32 5 2.160000	0.002045 0.000815	0.999996 0.000003	0.121579 0.005748	0.016267 0.009063	0.002239 0.006716	0.003093 0.009279	0.000000 0.000000	0.002693 0.007910	0.001939 0.005817	0.000000 0.000000	0.002614 0.004564	
4 32 5 2.170000	0.001547 0.000496	0.999998 0.000002	0.119998 0.004584	0.018261 0.004166	0.003464 0.007705	0.001770 0.005310	0.006602 0.006959	0.000831 0.001560	0.002061 0.005561	0.002048 0.006144	0.000000 0.000000	
4 32 5 2.180000	0.002059 0.000727	0.999996 0.000003	0.115287 0.008002	0.015454 0.001061	0.002924 0.002839	0.001919 0.005758	0.003157 0.005619	0.001852 0.005557	0.000000 0.000000	0.001838 0.005515	0.000000 0.000000	
4 32 5 2.190000	0.001746 0.001070	0.999997 0.000004	0.116797 0.008121	0.016812 0.002147	0.000000 0.000000	0.001661 0.001545	0.003513 0.005992	-0.000006 0.002381	0.002866 0.005479	0.000735 0.001498	0.000549 0.001646	
4 32 5 2.200000	0.001867 0.001105	0.999996 0.000004	0.117288 0.009691	0.013087 0.009475	0.001420 0.002921	0.002984 0.007290	0.003296 0.005307	0.000000 0.000000	0.000000 0.000000	0.000000 0.000000	-0.000071 0.000213	
4 32 5 2.210000	0.001561 0.000681	0.999997 0.000002	0.116300 0.004218	0.013227 0.007502	0.004460 0.008280	0.002212 0.005311	-0.001285 0.003856	0.000859 0.002577	0.002185 0.005315	0.002134 0.006403	-0.000869 0.002607	
4 32 5 2.220000	0.002268 0.000994	0.999995 0.000005	0.111713 0.006402	0.017495 0.002027	0.000000 0.000000	0.003678 0.005621	0.000000 0.000000	0.002237 0.004839	0.002446 0.007339	0.000985 0.002336	0.000936 0.002809	
4 32 5 2.230000	0.002099 0.000912	0.999995 0.000004	0.111280 0.009582	0.011315 0.004170	0.005294 0.007186	0.000450 0.001349	0.001623 0.004870	0.000000 0.000000	0.001350 0.003120	0.002297 0.004785	0.002282 0.005414	
4 32 5 2.240000	0.001344 0.000779	0.999998 0.000002	0.112776 0.008228	0.014651 0.006877	0.003964 0.008645	-0.000591 0.001774	0.000000 0.000000	0.001332 0.005873	0.000000 0.000000	0.000000 0.000000	0.001101 0.003726	
4 32 5 2.250000	0.001626 0.000105	0.999997 0.000000	0.117646 0.009599	0.010682 0.005446	0.002727 0.004997	0.002067 0.003122	0.000000 0.000000	0.001383 0.004149	0.001887 0.005247	0.001729 0.007396	0.002395 0.007185	
4 32 5 2.260000	0.001884 0.001166	0.999996 0.000004	0.110663 0.004504	0.013121 0.002754	0.005456 0.008557	0.001067 0.003202	0.000854 0.002561	0.000000 0.000000	0.000571 0.001714	0.000269 0.001684	0.000000 0.000000	
4 32 5 2.270000	0.001763 0.001057	0.999997 0.000004	0.108504 0.003580	0.013425 0.005082	0.000555 0.001664	0.002654 0.004998	0.002093 0.001198	0.002034 0.003536	0.000000 0.000000	0.000000 0.000000	0.002416 0.003286	
4 32 5 2.280000	0.001581 0.000735	0.999997 0.000002	0.107107 0.009920	0.015180 0.006096	0.004124 0.009920	0.004779 0.005760	0.001145 0.003434	0.000395 0.001184	0.000897 0.002691	0.001993 0.005980	0.002930 0.004996	
4 32 5 2.290000	0.001800 0.000148	0.999997 0.000001	0.106258 0.010000	0.011756 0.006631	0.002637 0.006698	-0.000194 0.000583	0.000891 0.002229	0.000121 0.001976	0.000907 0.002720	0.000572 0.001716	0.000051 0.000153	
4 32 5 2.300000	0.001706 0.000624	0.999997 0.000002	0.111108 0.009373	0.016282 0.008544	0.004755 0.007496	0.007185 0.007187	0.002498 0.004058	0.000832 0.005208	0.002915 0.007081	0.000000 0.000000	0.002187 0.006560	
4 32 5 2.310000	0.001616 0.000553	0.999997 0.000002	0.104928 0.007398	0.012775 0.006042	0.000770 0.002310	0.001909 0.005727	0.000000 0.000000	0.000000 0.000000	0.000000 0.000000	0.002624 0.005373	0.005018 0.006938	
4 32 5 2.320000	0.001779 0.001150	0.999997 0.000005	0.103940 0.003790	0.012482 0.003888	0.002777 0.008331	0.000449 0.001348	0.000163 0.000489	0.003940 0.002188	-0.000105 0.000314	0.000000 0.000000	0.001215 0.003644	
4 32 5 2.330000	0.001864 0.001177	0.999996 0.000005	0.109580 0.005526	0.010869 0.009605	0.002708 0.008123	0.000210 0.000355	0.000000 0.000000	0.000000 0.000000	0.000571 0.001712	0.003321 0.003585	0.001411 0.004234	
4 32 5 2.340000	0.001443 0.000448	0.999998 0.000001	0.104331 0.008936	0.014456 0.009439	0.003749 0.008748	0.002749 0.008248	0.000429 0.000728	0.000833 0.002498	0.001187 0.003561	0.000000 0.000000	0.001215 0.003644	
4 32 5 2.350000	0.001932 0.000635	0.999996 0.000003	0.110074 0.003203	0.010361 0.009846	0.002967 0.004841	-0.000114 0.002520	0.000073 0.000218	0.002364 0.007188	0.002803 0.000805	0.004689 0.007732	0.000000 0.000000	
4 32 5 2.360000	0.002041 0.001383	0.999996 0.000006	0.101141 0.005230	0.007417 0.005239	0.002204 0.006382	0.000907 0.002721	0.000000 0.000000	0.000000 0.000000	0.002121 0.006144	0.003746 0.000150	0.000000 0.000000	
4 32 5 2.370000	0.001597 0.000715	0.999997 0.000002	0.102539 0.008065	0.009935 0.007248	0.004201 0.001798	0.001926 0.005085	0.001411 0.002498	0.001749 0.005248	0.003090 0.009269	0.001726 0.005177	0.002812 0.008436	
4 32 5 2.380000	0.001209 0.000032	0.999999 0.000000	0.097863 0.006823	0.010519 0.009010	0.000351 0.001053	0.002812 0.008436	0.001631 0.004894	0.000000 0.000000	0.002442 0.004999	0.001919 0.005758	-0.000251 0.000752	
4 32 5 2.390000	0.001515 0.000621	0.999998 0.000002	0.102379 0.005892	0.012468 0.005534	0.002781 0.004909	0.000922 0.002765	0.000000 0.000000	0.000041 0.000124	0.001993 0.005979	0.000138 0.000414	0.000758 0.001872	
4 32 5 2.400000	0.001461 0.000542	0.999998 0.000002	0.098664 0.005687	0.012123 0.006062	0.004869 0.008671	0.002186 0.008751	0.004624 0.009435	0.002552 0.007655	0.001962 0.003202	0.000000 0.000000	0.001478 0.004435	
4 32 5 2.410000	0.001413 0.000600	0.999998 0.000002	0.095852 0.006937	0.011706 0.004438	0.001095 0.001803	0.000000 0.000000	0.000000 0.000000	0.000494 0.001483	0.001400 0.004200	0.004402 0.008654	0.002146 0.002097	
4 32 5 2.420000	0.001604 0.000165	0.999997 0.000001	0.097715 0.009034	0.008728 0.007160	0.001230 0.003690	0.000000 0.000000	0.003062 0.009185	0.008078 0.009645	0.000613 0.001838	0.001066 0.001872	0.001755 0.005265	
4 32 5 2.430000	0.001615 0.000069	0.999997 0.000000	0.098354 0.009792	0.012034 0.005833	0.002826 0.008479	0.000775 0.002324	0.002238 0.007656	0.000000 0.000000	0.000000 0.000000	0.000000 0.000000	0.000259 0.000466	
4 32 5 2.440000	0.001165 0.000119	0.999999 0.000000	0.102531 0.005457	0.013204 0.002116	0.001627 0.004113	0.002136 0.003228	0.002893 0.005737	0.001209 0.002018	0.004322 0.009478	0.001354 0.004061	0.000897 0.002691	
4 32 5 2.450000	0.001298 0.001053	0.999998 0.000003	0.099180 0.009512	0.011308 0.004869	0.001658 0.003541	0.002022 0.004818	0.001037 0.001687	0.005430 0.005896	0.000134 0.000401	0.000243 0.000728	0.002270 0.006249	
4 32 5 2.460000	0.001778 0.000662	0.999997 0.000002	0.096930 0.007429	0.008550 0.003126	0.000890 0.002670	0.000103 0.000309	0.001283 0.003850	0.000000 0.000000	0.001471 0.003434	0.000767 0.002301	0.001734 0.003329	
4 32 5 2.470000	0.001681 0.000641	0.999997 0.000002	0.101310 0.008752	0.008935 0.003623	0.002003 0.003166	0.001499 0.004497	0.002818 0.006405	0.003046 0.009137	0.000000 0.000000	0.002617 0.004103	0.002703 0.005066	
4 32 5 2.480000	0.001383 0.000689	0.999998 0.000002	0.099700 0.004734	0.009001 0.004061	0.002142 0.004373	0.004374 0.008123	0.004592 0.007843	0.000728 0.002185	0.001576 0.004729	0.000034 0.000101	0.000173 0.000518	
4 32 5 2.490000	0.001925 0.000698	0.999996 0.000003	0.094059 0.007249	0.007434 0.009253	0.003279 0.006890	0.000000 0.000000	0.003049 0.009146	0.000000 0.000000	0.000000 0.000000	0.002405 0.004233	0.000000 0.000000	
4 32 5 2.500000	0.000938 0.000283	0.999999 0.000001	0.099409 0.004688	0.013437 0.009791	0.002656 0.004062	0.002916 0.007604	0.000055 0.003084	0.004617 0.009062	0.002257 0.006770	0.001632 0.004895	0.004652 0.007291	
