4 48 10 0.000000	0.999017 0.002943	0.001959 0.005878	0.000000 0.000000	0.000000 0.000000	0.000000 0.000000	0.000642 0.001927	0.000000 0.000000	0.000000 0.000000	0.000000 0.000000	0.000000 0.000000	0.000000 0.000000	
4 48 10 0.010000	0.999172 0.002485	0.001655 0.004965	0.000000 0.000000	0.000000 0.000000	0.000000 0.000000	0.000000 0.000000	0.000000 0.000000	0.000000 0.000000	0.000000 0.000000	0.000000 0.000000	0.000000 0.000000	
4 48 10 0.020000	0.998361 0.004569	0.003271 0.009116	0.000096 0.000287	0.000094 0.000282	0.000149 0.000448	0.000149 0.000448	0.000575 0.001277	0.000000 0.000000	0.000149 0.000448	0.000149 0.000448	0.000100 0.000301	
4 48 10 0.030000	0.999344 0.001965	0.001309 0.003927	0.000000 0.000000	0.000000 0.000000	0.000000 0.000000	0.000000 0.000000	0.000000 0.000000	0.000000 0.000000	0.000000 0.000000	0.000000 0.000000	0.000000 0.000000	
4 48 10 0.040000	0.999907 0.000254	0.000170 0.000511	0.000152 0.000455	0.000000 0.000000	0.000139 0.000418	0.000090 0.000270	0.000149 0.000447	0.000000 0.000000	0.000000 0.000000	0.000000 0.000000	0.000152 0.000455	
4 48 10 0.050000	0.997025 0.004639	0.005904 0.009354	0.000000 0.000000	0.000000 0.000000	0.000000 0.000000	0.000000 0.000000	0.000000 0.000000	0.000000 0.000000	0.000000 0.000000	0.000000 0.000000	0.000000 0.000000	
4 48 10 0.060000	0.996800 0.004992	0.006386 0.009958	0.001064 0.003191	0.000906 0.002181	0.000000 0.000000	0.000000 0.000000	0.000271 0.000814	0.001688 0.004251	0.000000 0.000000	0.000318 0.000953	0.001316 0.003948	
4 48 10 0.070000	0.997715 0.000470	0.004565 0.000938	0.001675 0.005026	0.000000 0.000000	0.002473 0.005125	0.001811 0.005125	0.001708 0.005125	0.000000 0.000000	0.002662 0.005125	0.000000 0.000000	0.001677 0.005032	
4 48 10 0.080000	0.999925 0.000225	0.000150 0.000451	0.000000 0.000000	0.000000 0.000000	0.000000 0.000000	0.000000 0.000000	0.000000 0.000000	0.000000 0.000000	0.000000 0.000000	0.000000 0.000000	0.000000 0.000000	
4 48 10 0.090000	0.999253 0.002063	0.001492 0.004122	0.000000 0.000000	0.000092 0.000276	0.000000 0.000000	0.000079 0.000236	0.000000 0.000000	0.000000 0.000000	0.000000 0.000000	0.000000 0.000000	0.000092 0.000276	
4 48 10 0.100000	0.998531 0.004406	0.002931 0.008793	0.002931 0.008793	0.002931 0.008793	0.000000 0.000000	0.002931 0.008793	0.002931 0.008793	0.000000 0.000000	0.002931 0.008793	0.000000 0.000000	0.002931 0.008793	
4 48 10 0.110000	0.997581 0.003573	0.004830 0.007133	0.001019 0.003056	0.001545 0.002723	0.001000 0.003001	0.001642 0.003704	0.000000 0.000000	0.000000 0.000000	0.001445 0.004334	0.000685 0.002056	0.002272 0.004501	
4 48 10 0.120000	0.999092 0.002695	0.001795 0.005385	0.000000 0.000000	0.000000 0.000000	0.000000 0.000000	0.000344 0.001033	0.000324 0.000973	0.000000 0.000000	0.000000 0.000000	0.000000 0.000000	0.000390 0.001169	
4 48 10 0.130000	0.995967 0.004838	0.008046 0.009642	0.000379 0.001136	0.001175 0.002779	0.001019 0.003056	0.000834 0.002501	0.000371 0.001112	0.000533 0.001599	0.000247 0.000741	0.001204 0.003612	0.001297 0.003890	
4 48 10 0.140000	0.998849 0.002272	0.002297 0.004547	0.000000 0.000000	0.000000 0.000000	0.000000 0.000000	0.000000 0.000000	0.000000 0.000000	0.000000 0.000000	0.000000 0.000000	0.000000 0.000000	0.000000 0.000000	
4 48 10 0.150000	0.998525 0.004423	0.002943 0.008828	0.001615 0.004846	0.000917 0.002751	0.001847 0.005541	0.001424 0.004272	0.001662 0.004985	0.001538 0.004615	0.001831 0.005494	0.001662 0.004987	0.001831 0.005494	
4 48 10 0.160000	0.997546 0.002843	0.004900 0.005670	0.000000 0.000000	0.000000 0.000000	0.000000 0.000000	0.000000 0.000000	0.000000 0.000000	0.000000 0.000000	0.000000 0.000000	0.000323 0.000968	0.000000 0.000000	
4 48 10 0.170000	0.998607 0.004180	0.002781 0.008343	0.002157 0.006470	0.000000 0.000000	0.002781 0.008343	0.000000 0.000000	0.000000 0.000000	0.002781 0.008343	0.000000 0.000000	0.000000 0.000000	0.000000 0.000000	
4 48 10 0.180000	0.998564 0.004164	0.002866 0.008312	0.002866 0.008312	0.002717 0.008151	0.002824 0.008312	0.002866 0.008312	0.002771 0.008312	0.002866 0.008312	0.002866 0.008312	0.002771 0.008312	0.002829 0.008312	
4 48 10 0.190000	0.998794 0.003394	0.002409 0.006776	0.000000 0.000000	0.000052 0.000157	0.000000 0.000000	0.000000 0.000000	0.000000 0.000000	0.001394 0.004183	0.000000 0.000000	0.000000 0.000000	0.000000 0.000000	
4 48 10 0.200000	0.998213 0.004779	0.003566 0.009536	0.003179 0.009536	0.000000 0.000000	0.003406 0.009536	0.000218 0.000653	0.003179 0.009536	0.000268 0.000803	0.003179 0.009536	0.000000 0.000000	0.003461 0.009536	
4 48 10 0.210000	0.999229 0.002080	0.001541 0.004156	0.000000 0.000000	0.000000 0.000000	0.000000 0.000000	0.000000 0.000000	0.000000 0.000000	0.000000 0.000000	0.000087 0.000260	0.000000 0.000000	0.000000 0.000000	
4 48 10 0.220000	0.999753 0.000704	0.000476 0.001428	0.000476 0.001428	0.000000 0.000000	0.000000 0.000000	0.000000 0.000000	0.000476 0.001428	0.000000 0.000000	0.000476 0.001428	0.000000 0.000000	0.000476 0.001428	
4 48 10 0.230000	0.998565 0.004305	0.002864 0.008591	0.000606 0.001817	0.001242 0.003725	0.001278 0.003833	0.001269 0.003806	0.001077 0.003230	0.000000 0.000000	0.000000 0.000000	0.000641 0.001924	0.001215 0.003645	
4 48 10 0.240000	0.995996 0.002451	0.007992 0.004885	0.000000 0.000000	0.001586 0.002633	0.000775 0.002324	0.000000 0.000000	0.002540 0.004462	0.000259 0.000776	0.000391 0.001173	0.001459 0.004376	0.000616 0.001847	
4 48 10 0.250000	0.997352 0.003966	0.005286 0.007913	0.003005 0.005928	0.002791 0.005563	0.000465 0.000773	0.001021 0.002532	0.000171 0.000512	0.002761 0.004657	0.000000 0.000000	0.000690 0.002069	0.002683 0.004425	
4 48 10 0.260000	0.998471 0.004582	0.003048 0.009145	0.000000 0.000000	0.000000 0.000000	0.000000 0.000000	0.000000 0.000000	0.000000 0.000000	0.000000 0.000000	0.000000 0.000000	0.000000 0.000000	0.000000 0.000000	
